0.0	0.01	0.01	0.01	0.007	0.01	0.0	0.0	0.0	0.0	0.0	0.0	0.0	0.0	0.0	0.0	100.0
0.003392640784523745	0.01	0.01	0.01	0.007	0.01	0.0111242595577948	0.0033778772775436353	0.003686947734256191	0.0040491823381604885	0.0029663652902909175	0.0008138103481942526	0.0011740767636738167	0.0019547644837822464	0.004319501169474005	0.00040920049834200983	99.93092808157628
0.005452077108800145	0.01	0.01	0.01	0.007	0.01	0.017803301831689686	0.005378925793397335	0.005801952322890244	0.006320415519329364	0.004681954042457074	0.002094737182740632	0.0030120799174885413	0.004975934614660411	0.01092980758306548	0.0010436346682120795	99.88902259529688
0.008548359516996142	0.01	0.01	0.01	0.007	0.01	0.02774136383968488	0.008318921947495467	0.008816814471494246	0.009490630146276323	0.0071527250789223465	0.005123988617525799	0.00733160413696975	0.01197233312415567	0.02606778576503546	0.0025191409483552064	99.82605239515001
0.011410600648946377	0.01	0.01	0.01	0.007	0.01	0.03681871249659832	0.010965232544035074	0.01143702256417973	0.012179387019719963	0.009334059303178502	0.009087936969719806	0.012944535659540773	0.020916538481349764	0.045184871743011855	0.004416230849793438	99.76787728556772
0.014734703826369652	0.01	0.01	0.01	0.007	0.01	0.04723039891678625	0.013954751340437138	0.014291427198713439	0.0150353531545745	0.011762412950056957	0.01507374622748248	0.021358553657373533	0.034099326553075765	0.07301196053923956	0.007232826125196971	99.70035736884205
0.01812192251236827	0.01	0.01	0.01	0.007	0.01	0.057697442839027425	0.016910989116525714	0.01700484611748876	0.017676704044261873	0.014141930898601728	0.02267774953080289	0.031963592507498216	0.05041899649854693	0.10701428224787346	0.010752935534665515	99.63160244093078
0.021771027737912417	0.01	0.01	0.01	0.007	0.01	0.06881521519544954	0.01999718044603174	0.01972280278833975	0.020247441030102484	0.016622640837128996	0.03254082129438973	0.04560711018442899	0.07102887286598028	0.14939189117592602	0.015251904850491084	99.55758470422153
0.025560789641529313	0.01	0.01	0.01	0.007	0.01	0.08018996435579293	0.02309749639946212	0.022336376725784025	0.02264536909620253	0.019133398145137277	0.04458713808932949	0.06212841369349985	0.09551142327234835	0.19906124958668758	0.02067632687184663	99.48077212344901
0.029546207373160924	0.01	0.01	0.01	0.007	0.01	0.09196625335725625	0.026246499739269947	0.024872411639380382	0.024899352507727113	0.021725951152992338	0.0592010431798272	0.08199381658339003	0.12437676582961264	0.25683916353076086	0.027187758405020343	99.40005783480368
0.03369082788958058	0.01	0.01	0.01	0.007	0.01	0.10401422285017982	0.029404411101761133	0.02729694208153265	0.02698378365528535	0.024388283715940606	0.07647414776614894	0.10525896077194326	0.15751002390868227	0.3222726151825386	0.034821734257084264	99.31618877059948
0.038008927250666895	0.01	0.01	0.01	0.007	0.01	0.11635451596529131	0.03257235858771829	0.029611152097149533	0.028905726178234337	0.02712957824456636	0.09667626753830263	0.13221242476074868	0.19512066342231565	0.3955609775759291	0.043697673726974334	99.22888451908238
0.042490533364886535	0.01	0.01	0.01	0.007	0.01	0.12893727098822372	0.035733433898731765	0.03180393656265354	0.030662501460654062	0.029916935009122073	0.11997488293782778	0.16299546052444774	0.23719572054895172	0.47647007156512483	0.05388790543322006	99.13835561146045
0.04714742693648411	0.01	0.01	0.01	0.007	0.01	0.1417739155086604	0.03888666420386418	0.033876886988580476	0.032262412730892545	0.03268594270257628	0.14664675537917413	0.1978840857485506	0.2838956547337079	0.5651079297133577	0.06549716159862376	99.04437337845863
0.05197835139899882	0.01	0.01	0.01	0.007	0.01	0.15483843054462668	0.04202189597193775	0.03582620733762794	0.03370972631974484	0.035305456318792235	0.1769079258115738	0.2370628702871837	0.3352432486931157	0.6613250548458729	0.0785654637093923	98.94697312298008
0.056917176247357294	0.01	0.01	0.01	0.007	0.01	0.1679347096940273	0.045090174409313205	0.03762741967219841	0.03499477251817141	0.03757143613737104	0.21051145217994519	0.2801163446492833	0.3904918084600637	0.7635696637297344	0.09287268528857068	98.84749641439349
0.061927292594197735	0.01	0.01	0.01	0.007	0.01	0.18095667826922862	0.04806733499507753	0.03927584466524357	0.03612400924757312	0.03932219568073694	0.24728973523485465	0.3267443680004653	0.4490950616362927	0.8707345401206766	0.10817050998517347	98.74668595298726
0.06710257005032931	0.01	0.01	0.01	0.007	0.01	0.19413501561967658	0.05100575373043118	0.04080827128771403	0.037131068170771026	0.04050380743543551	0.2880562955909295	0.3778821278705507	0.512053952354243	0.9845495163967384	0.12455619505809357	98.64266017288358
0.0725568301133512	0.01	0.01	0.01	0.007	0.01	0.2077298260656256	0.053958872770282294	0.04225510919374136	0.03804158618088221	0.041111172438762486	0.3339974854064196	0.43488324720821436	0.5807862177957466	1.1074152362309384	0.14218938303357426	98.53314530197311
0.07832543156551793	0.01	0.01	0.01	0.007	0.01	0.22178705649470082	0.05692937222843955	0.04361758768103075	0.03886072999082862	0.041180108052227514	0.3858239673392134	0.4984574491679775	0.6558371493652195	1.240103868861238	0.16096632011558776	98.41745113580178
0.08425428605404389	0.01	0.01	0.01	0.007	0.01	0.23589866891931188	0.05982684697381498	0.044858264507367136	0.03957197334905825	0.04081395317343166	0.44246380733023943	0.5671274538871253	0.7351998591013329	1.378927275218448	0.18016528723378095	98.29868451544249
0.09037773836936758	0.01	0.01	0.01	0.007	0.01	0.25012421005353724	0.0626624589717327	0.04598941777643057	0.04018943524792802	0.04014106766080552	0.5044509483054492	0.6413931936479453	0.8192449516052318	1.5244573804144077	0.19971311514459544	98.17617017248794
0.09675628508168964	0.01	0.01	0.01	0.007	0.01	0.2645742153334804	0.06545565787213305	0.047024724744966266	0.04072662694445211	0.03926338893890726	0.5726790346061701	0.7221510337356154	0.9087484681382682	1.6779469764319037	0.21965498300676267	98.04871442137623
0.10344926681387118	0.01	0.01	0.01	0.007	0.01	0.2793429129648255	0.06822021076670583	0.04797365937982908	0.041193618634273364	0.038257573079029425	0.6481618224977899	0.8103891540943635	1.0045233281541768	1.8406785204676916	0.24005234418931126	97.91515354794608
0.11050164579626648	0.01	0.01	0.01	0.007	0.01	0.294480121337967	0.07095963238441762	0.04884101870184451	0.04159740846841496	0.03718280590239494	0.7318715459528399	0.9069926184002784	1.1072094576931155	2.0136159751708735	0.2609354262793506	97.77461761915045
0.11794667516681871	0.01	0.01	0.01	0.007	0.01	0.31000066957368355	0.07367012651728051	0.04962915626413079	0.04194350247259166	0.036085351197038706	0.8247324580284346	1.0127384128242645	1.2172857788232598	2.197443076710883	0.2823117203338048	97.62647603061215
0.12580729725729425	0.01	0.01	0.01	0.007	0.01	0.3258905936730205	0.07634269847020178	0.05033944875127127	0.04223682493404158	0.03500136788408801	0.9276045740348572	1.1282806390194837	1.3350725954827038	2.3925824931495967	0.30417230236037185	97.47030854729624
0.1341026177038546	0.01	0.01	0.01	0.007	0.01	0.3421228670890096	0.07896659103237581	0.050973671932785264	0.04248235856219905	0.03395798689829256	1.0413412973417078	1.2542191471073012	1.4608178854027665	2.5993499463230045	0.32651182909008664	97.30577579223251
0.14285172883270295	0.01	0.01	0.01	0.007	0.01	0.35866589619518413	0.08153103414054083	0.05153448102955537	0.04268525587664922	0.03297450537448114	1.1668307626056544	1.3911456439511174	1.5947526922757822	2.818049755882662	0.3493384660476986	97.1325433009988
0.15207624363239614	0.01	0.01	0.01	0.007	0.01	0.3754882841961493	0.08402612227472078	0.05202546770490218	0.0428507413570424	0.03206366321246796	1.3050311204950273	1.5396797441131613	1.7371311452630627	3.0490405991310188	0.3726786934119442	96.95023179751284
0.16180081074190486	0.01	0.01	0.01	0.007	0.01	0.39255913233050865	0.08644288034084914	0.052450968231270725	0.04298393499001054	0.031233002087504076	1.456982852837113	1.7004777494860865	1.8882409387930061	3.292750712602831	0.3965761854935748	96.75840785969142
0.1720532526128521	0.01	0.01	0.01	0.007	0.01	0.40984752899370713	0.08877320478411937	0.05281585604334759	0.04308970552356765	0.03048602308838142	1.623816344793636	1.8742356207572621	2.048407767532022	3.549682594015696	0.421089847287135	96.55658220760158
0.18286438255455364	0.01	0.01	0.01	0.007	0.01	0.4273215052577119	0.09100975339951424	0.05312534838386039	0.043172562797299564	0.029823135716232477	1.8067538274750021	2.061685851279195	2.2179942572859153	3.82040856693699	0.4462913391249261	96.34421443693351
0.19426795103878788	0.01	0.01	0.01	0.007	0.01	0.44494731059937925	0.09314591005827443	0.053384848096350614	0.043236590278818446	0.029242396290892776	2.007112111068991	2.2635954097932354	2.39740039137464	4.105568635528927	0.4722631999688456	96.12071529486829
0.20630067128771826	0.01	0.01	0.01	0.007	0.01	0.462688891340445	0.09517579564137953	0.05359980876328939	0.04328540811758623	0.028740092895189338	2.226305585257436	2.480764245302455	2.587064768920025	4.405869502865791	0.49909735160472707	95.88544751947286
0.21900243909744416	0.01	0.01	0.01	0.007	0.01	0.48050770649902624	0.09709432847819593	0.05377561947701771	0.043322160786714366	0.028311215024741005	2.4658518693296325	2.714026726967762	2.7874685564385158	4.72208767766211	0.5268941652250654	95.63772303974173
0.2324167185817709	0.01	0.01	0.01	0.007	0.01	0.4983627636246348	0.09889730540939468	0.0539175041484787	0.04334952387185253	0.02794984431454278	2.7273802301895786	2.9642559250659266	2.9991416879412793	5.055075932994578	0.5557619549171972	95.37679717141218
0.2465910922974975	0.01	0.01	0.01	0.007	0.01	0.5162108066003541	0.10058148549640239	0.054030434828774454	0.043369726173279916	0.027649487784243275	3.0126432450341922	3.2323709652043764	3.222671226276336	5.405773003559596	0.5858168588423635	95.10185992862823
0.261577920646244	0.01	0.01	0.01	0.007	0.01	0.5340065293261502	0.10214465744256675	0.05411906006071397	0.043384583667470285	0.027403366195785966	3.32353098058047	3.519346537097784	3.4587109180295785	5.775215053712948	0.6171829786857373	94.81202562177872
0.2774350437235065	0.01	0.01	0.01	0.007	0.01	0.5517027130058578	0.10358568063897788	0.05418765037598409	0.04339554203465513	0.0272046621838969	3.662086344585863	3.8262232070031406	3.707990783159898	6.164547171421302	0.6499926454961519	94.50632212938444
0.29422642423488077	0.01	0.01	0.01	0.007	0.01	0.5692501942255087	0.10490449585788006	0.05424006253981671	0.043403724411541646	0.027046728898448145	4.0305190823469665	4.15411634446146	3.971325062024736	6.575032331167811	0.6843866191849746	94.18368187692792
0.31202260785338026	0.01	0.01	0.01	0.007	0.01	0.586597613383275	0.10610210884557739	0.054279722839311484	0.043409981126336684	0.026923258373911824	4.431214838387859	4.504220912753142	4.249616548423043	7.00805479998745	0.7205139883202419	93.8429369378952
0.3309008834532752	0.01	0.01	0.01	0.007	0.01	0.6036909703997404	0.10718055644312939	0.054309627846307836	0.04341493849943971	0.02682840929158043	4.8667352765917675	4.877809463877182	4.543855509747233	7.465115217901606	0.7585315492502462	93.48282048868512
0.35094498902102206	0.01	0.01	0.01	0.007	0.01	0.6204730465301197	0.10814286418944336	0.054332358914836544	0.043419044330662654	0.026756895729619794	5.339803963416664	5.276220052772026	4.85511091328439	7.947813837087831	0.7986023684574459	93.10197746030518
0.3722442519656036	0.01	0.01	0.01	0.007	0.01	0.6368828522033892	0.10899300540199287	0.05435010489612767	0.043422608410749575	0.026704039937719762	5.853273375574909	5.700831841400243	5.1845124481592	8.457819639537306	0.8408933225583052	92.69898628931051
0.3948921165113942	0.01	0.01	0.01	0.007	0.01	0.6528553330863365	0.10973586702597886	0.05436468623115948	0.043425837123571655	0.026665793561027783	6.410070011893432	6.15302777262189	5.533222906732217	8.996824788964936	0.8855715432659556	92.272392333956
0.41898418184111075	0.01	0.01	0.01	0.007	0.01	0.6683216471583442	0.11037722133726384	0.05437757356448771	0.04342886187387677	0.026638732315761922	7.013119432472723	6.634147491354653	5.902403158487678	9.566488098206806	0.9328000380542723	91.82075020362655
0.4446160877801731	0.01	0.01	0.01	0.007	0.01	0.6832103164279792	0.1109236924786679	0.05438989623059219	0.04343176159973133	0.026620029163176382	7.665259815759873	7.145438242542231	6.293175138251226	10.168376192109779	0.9827331710658852	91.3426682727087
0.4718818766093446	0.01	0.01	0.01	0.007	0.01	0.6974494707839597	0.11138269874131461	0.05440244130951173	0.043434579991941884	0.026607410532424273	8.369162114460979	7.688017271827514	6.706592482289661	10.803917516758922	1.0355132336697128	90.83684342488272
0.5008734870435494	0.01	0.01	0.01	0.007	0.01	0.7109700800247697	0.11176234489053327	0.05441565168557204	0.04343733821627445	0.02659909970224027	9.127277833347845	8.262859232258469	7.1436284428573344	11.474384130244793	1.0912693336002866	90.30207405805889
0.5316816773487684	0.01	0.01	0.01	0.007	0.01	0.7237096601662355	0.11207124452051945	0.05442963830980322	0.04344004395850475	0.02659375115380458	9.941827123915745	8.870813913009892	7.605184886176942	12.180906881431785	1.1501190765231615	89.73724659601348
0.5643974780703902	0.01	0.01	0.01	0.007	0.01	0.7356155019942556	0.11231826911358594	0.05444422203289764	0.043442697506821774	0.026590379914441364	10.814807065935856	9.512635040703604	8.092108214835857	12.924501705888918	1.2121712002365241	89.14131294268228
0.5991113018917821	0.01	0.01	0.01	0.007	0.01	0.7466463516178424	0.11251224715009396	0.05445901070256421	0.043445295429394945	0.026588290312613932	11.747943531597606	10.188962816391854	8.605169755621894	13.706041716007197	1.2775236949574114	88.51331121680256
0.635906340834001	0.01	0.01	0.01	0.007	0.01	0.7567723646916507	0.11266166640513113	0.05447350218432325	0.043447832393312756	0.02658700866353976	12.742492658546766	10.900196857489108	9.1449635053766	14.526103888624965	1.3462513511105687	87.85248801881194
0.6748472160911209	0.01	0.01	0.01	0.007	0.01	0.7659748911133808	0.11277443867732775	0.054487193300899094	0.04345030191755346	0.02658622387066251	13.798916578137838	11.646284963432874	9.711740529422697	15.384721539649483	1.418385148221204	87.15849928170385
0.7159735538358823	0.01	0.01	0.01	0.007	0.01	0.7742484338487988	0.11285774997883727	0.05449967306420014	0.04345269710077139	0.026585738569159544	14.916702515992146	12.42661847506351	10.305324320980583	16.281262411064155	1.4939018166375124	86.43151351356653
0.7593094668946385	0.01	0.01	0.01	0.007	0.01	0.7816046003960642	0.1129179646160768	0.05451068162220621	0.04345501189735816	0.026585431561302466	16.094633845039603	13.240234956393781	10.925260483951158	17.214661024006116	1.5727430399072029	85.67202953242193
0.8048850271076657	0.01	0.01	0.01	0.007	0.01	0.7880742781438581	0.11296054753215501	0.05452012369546118	0.04345724239309294	0.02658523058521573	17.331404041805015	14.08623270399204	11.571130843600795	18.183893135898614	1.654855380272884	84.88049344306171
0.8527533920244496	0.01	0.01	0.01	0.007	0.01	0.7937053255607502	0.11299002040166368	0.05452804169243537	0.04345938721537086	0.026585093546861473	18.626111535445627	14.964077384763309	12.242790272718047	19.188325315157076	1.740220236054907	84.05700994590863
0.9029956793622418	0.01	0.01	0.01	0.007	0.01	0.7985573899324945	0.11300998585840305	0.054534569125753815	0.04346144708533125	0.026584996216837894	19.97840641577652	15.873661315258639	12.940418479500206	20.227781379604355	1.8288602321788192	83.20127958707953
0.9557182060898306	0.01	0.01	0.01	0.007	0.01	0.80269675586032	0.11302321858129274	0.054539884966471795	0.04346342409935323	0.02658492459099507	21.38841363743357	16.815215830082074	13.664460765314647	21.302441837432685	1.920831528919501	82.31267137235778
1.0110485171766936	0.01	0.01	0.01	0.007	0.01	0.806192517500959	0.11303179326283046	0.054544179376997466	0.04346532114249555	0.02658487039126956	22.85661197744056	17.78920269489488	14.415552421806698	22.412720309935672	2.016214104115079	81.39031491361116
1.0691333267839565	0.01	0.01	0.01	0.007	0.01	0.8091140083623637	0.11303722016081812	0.05454763244686915	0.04346714152337094	0.02658482852926121	24.38375630898782	18.796241645149035	15.194470192098176	23.559181484668294	2.115105517341189	80.43315897001752
1.1301388446707048	0.01	0.01	0.01	0.007	0.01	0.8115290488004981	0.11304057077242778	0.05455040344004937	0.04346888877498621	0.02658479571889275	25.970855601657696	19.837079342758297	16.00211525716566	24.74250595743798	2.217618704389121	79.43999092397917
1.194252605814025	0.01	0.01	0.01	0.007	0.01	0.8135026636448501	0.11304258600486351	0.05455262712996151	0.043470566539084265	0.02658476972820703	27.61918107012558	20.91258071440405	16.83951361055434	25.963479798187915	2.3238819906324544	78.40943452380758
1.26168580545703	0.01	0.01	0.01	0.007	0.01	0.8150961074757122	0.11304376484569963	0.0545544142849081	0.043472178480444955	0.02658474897357997	29.330276242854776	22.023723101730816	17.707819069548087	27.22298634895244	2.434039439651029	77.33994400611007
1.3326748744856804	0.01	0.01	0.01	0.007	0.01	0.8163661355997773	0.11304443428513504	0.054555854201421214	0.04347372819638305	0.026584732293453674	31.105935884396867	23.171571370096466	18.60830204228435	28.521975452411155	2.548249389419491	76.22981539782673
1.407481082356769	0.01	0.01	0.01	0.007	0.01	0.8173645088517587	0.11304480256109721	0.0545570179759755	0.043475219108061784	0.026584718815825095	32.948125689623886	24.357216038385932	19.54230973334713	29.861390078953658	2.666679359654677	75.07723276025979
1.4863858696143435	0.01	0.01	0.01	0.007	0.01	0.8181377144588711	0.11304499835204619	0.05455796177947593	0.04347665431384612	0.026584707875807825	34.858793253152804	25.581643347922444	20.51117244136423	31.242015887359887	2.789494122030965	73.88038092952523
1.5696778380837413	0.01	0.01	0.01	0.007	0.01	0.818726881097144	0.11304509867250322	0.054558729786156855	0.043478036377631306	0.026584698961214206	36.83948847070417	26.845486741757767	21.516013866431436	32.66419813392113	2.9168316147526445	72.63767737245804
1.6576242274357325	0.01	0.01	0.01	0.007	0.01	0.819167860941122	0.11304514806641042	0.0545593566356285	0.04347936701280037	0.02658469167487501	38.89065781544669	28.148577346571624	22.55739545005878	34.12733598195271	3.0487578680396776	71.3482110354097
1.7504162065790914	0.01	0.01	0.01	0.007	0.01	0.8194914520445123	0.11304517136397683	0.05455986943287868	0.04348064662756675	0.02658468570758225	41.01043074530998	29.48918592650929	23.63470013939654	35.62903873324792	3.1851890219123975	70.01250793861982
1.8480802545649064	0.01	0.01	0.01	0.007	0.01	0.8197237406726823	0.11304518186183006	0.054560289370415994	0.04348187379425456	0.026584680817812345	43.19283308664293	30.86292822928743	24.745218475054234	37.163921180799726	3.3257758492527603	68.63367391324294
1.9503734438557463	0.01	0.01	0.01	0.007	0.01	0.819886536029491	0.11304518637363735	0.05456063310987082	0.04348304498537024	0.026584676815280872	45.42595573910623	32.26168125146664	25.88320092489061	38.722436301509184	3.4697843262117636	67.21859202264082
2.0567362483482294	0.01	0.01	0.01	0.007	0.01	0.8199978274887963	0.1130451882248979	0.05456091404183599	0.0434841552502894	0.02658467354632396	47.69170837085565	33.67353186223615	27.03970563656147	40.290884043428754	3.616077196767733	65.77814444747948
2.1663881641995606	0.01	0.01	0.01	0.007	0.01	0.8200721452899159	0.11304518895339359	0.054561143347900555	0.04348520006737443	0.02658467088175139	49.96868933598257	35.084673077196626	28.204033519073885	41.85358754873825	3.76329639345244	64.32546035749753
2.278532101293022	0.01	0.01	0.01	0.007	0.01	0.8201208037232632	0.11304518923041819	0.05456133062896594	0.04348617727365286	0.026584668709864374	52.23691735741666	36.48239879782232	29.366130408081553	43.39624888309971	3.910167292907775	62.8729399427366
2.3924956626669833	0.01	0.01	0.01	0.007	0.01	0.8201521831035297	0.1130451893330573	0.054561484052486404	0.04348708750888287	0.026584666935129907	54.48064035835468	37.856826340126055	30.518029981171676	44.90784212841493	4.055681013525679	61.43044878439611
2.5077724878645826	0.01	0.01	0.01	0.007	0.01	0.8201721976616619	0.11304518937037296	0.054561610380062506	0.043487933568864316	0.026584665478175975	56.688765778738855	39.20110709758226	31.65409270926127	46.380806843776334	4.199124158369668	60.00500130284992
2.6240025345063254	0.01	0.01	0.01	0.007	0.01	0.8201848637844241	0.11304518938375693	0.05456171506565287	0.04348871948499849	0.026584664274840103	58.854023930023374	40.51085376652134	32.770597014234184	47.81037522635995	4.340026657735944	58.60125250705534
2.740939597008269	0.01	0.01	0.01	0.007	0.01	0.820192835125771	0.11304518938851094	0.054561802435739375	0.04348944981619943	0.026584663274162118	60.97197000255195	41.78348169767384	33.86524354751041	49.19381402383644	4.47809874264985	57.22210261572335
2.858422275116748	0.01	0.01	0.01	0.007	0.01	0.8201978320346782	0.1130451893901876	0.054561875893956946	0.04349012920169338	0.02658466243603142	63.04015829166976	43.01767002709293	34.93674310849072	50.52980832792931	4.613178604082803	55.869201649072636
2.976348051910485	0.01	0.01	0.01	0.007	0.01	0.8202009553345996	0.11304518939077585	0.05456193810968418	0.043490762092320404	0.026584661728991196	65.0574697196436	44.21292903016899	35.9844790422385	51.81797091847782	4.745189565429664	54.54336490560547
3.0946513966780005	0.01	0.01	0.01	0.007	0.01	0.8202029031941894	0.1130451893909813	0.05456199117754473	0.04349135260605705	0.026584661128368645	67.02359312047291	45.369271470711524	37.008245193653984	53.05847286852997	4.87410688369433	53.244897181041914
3.2132872188631647	0.01	0.01	0.01	0.007	0.01	0.8202041157689729	0.11304518939105272	0.05456203674657881	0.043491904469932036	0.026584660614753473	68.93866312438556	46.48698649510125	38.00806193520623	54.251791555795805	4.999934470639286	51.973821525549155
3.332220142288477	0.01	0.01	0.01	0.007	0.01	0.820204869426786	0.11304518939107763	0.05456207612210076	0.04349242101793028	0.02658466017279724	70.80303990431575	47.56650383720473	38.98406375935029	55.398560403997095	5.122690684456665	50.73001960704327
3.4514188118631015	0.01	0.01	0.01	0.007	0.01	0.8202053371930409	0.11304518939108622	0.05456211034450346	0.04349290521981212	0.026584659790281996	72.61719690546339	48.608325178084584	39.93644184243019	56.49949324329149	5.242401075159107	49.51330363103178
3.570853768076966	0.01	0.01	0.01	0.007	0.01	0.8202056271499867	0.11304518939108915	0.05456214024943763	0.04349335972260801	0.02658465945740909	74.38167729642855	49.61299729096348	40.86542188030444	57.555354490031604	5.359095583524579	48.32344401751879
3.6904972389410413	0.01	0.01	0.01	0.007	0.01	0.820205806683276	0.11304518939109023	0.0545621665134052	0.043493786893098504	0.02658465916626017	76.09708378917232	50.58110499721743	41.77125918442574	58.566950753542166	5.472807915270534	47.16017526296123
3.810323752123219	0.01	0.01	0.01	0.007	0.01	0.8202059177333509	0.11304518939109055	0.054562189688268675	0.04349418885605818	0.026584658910388824	77.76408065275938	51.513271063330926	42.65424016484224	59.535129772522275	5.583575717475806	46.02319362498729
3.9303106430878616	0.01	0.01	0.01	0.007	0.01	0.8202059863623979	0.11304518939109065	0.05456221022742018	0.04349456752595061	0.026584658684510543	79.38339320702745	52.410154504035646	43.514682517848094	60.46077759723212	5.6914405907801875	44.91215640851824
4.050438306111773	0.01	0.01	0.01	0.007	0.01	0.8202060287423898	0.11304518939109066	0.05456222850579821	0.043494924632972304	0.026584658484265535	80.95580321977907	53.27244652128796	44.35293325848923	61.34481328983638	5.796447830398942	43.82668399534056
4.170690002959452	0.01	0.01	0.01	0.007	0.01	0.8202060548953063	0.11304518939109068	0.05456224483531649	0.04349526174421799	0.026584658306036204	82.48213868107439	54.100863414465394	45.16936373572765	62.18818057856224	5.89864578941532	42.766365792501006
4.291051506653245	0.01	0.01	0.01	0.007	0.01	0.8202060710248553	0.11304518939109072	0.05456225947690297	0.043495580281644096	0.02658465814680424	83.9632625298651	54.89613914364552	45.96436401749385	62.99183933154458	5.998085164918698	41.730767069782495
4.411510676487487	0.01	0.01	0.01	0.007	0.01	0.8202060809674108	0.11304518939109068	0.054562272649976214	0.0434958815376184	0.02658465800403818	85.40006183525061	55.6590184103744	46.73833743461198	63.756757760723104	6.094818306214419	40.71943568037854
4.532056997044719	0.01	0.01	0.01	0.007	0.01	0.8202060870933597	0.11304518939109072	0.05456228453995972	0.0434961666885094	0.026584657875605103	86.79343789348725	56.39025050925154	47.491695529297616	64.48390561209104	6.188898575931314	39.731908348559735
4.652681273850789	0.01	0.01	0.01	0.007	0.01	0.8202060908662177	0.11304518939109068	0.054562295304297286	0.04349643680693073	0.026584657759698416	88.14429935746301	57.090585033255785	48.224854561165	65.17424939587868	6.280379907806234	38.767715004896736
4.773375382929822	0.01	0.01	0.01	0.007	0.01	0.8202060931889994	0.11304518939109072	0.05456230507728332	0.04349669287258536	0.0265846576547821	89.45355682329843	57.760768523796024	48.9382327450133	65.82874869152877	6.36931645733703	37.82638222319178
4.8941321388728465	0.01	0.01	0.01	0.007	0.01	0.820206094618565	0.11304518939109068	0.05456231397397085	0.043496935781972265	0.026584657559543808	90.72211934870367	58.40154225709204	49.63224849518768	66.44835367536918	6.455762379137279	36.90743537908156
5.014945177974747	0.01	0.01	0.01	0.007	0.01	0.8202060954981392	0.11304518939109072	0.054562322093341144	0.04349716635692368	0.0265846574728578	91.95089154116408	59.01364041692168	50.307318951269544	67.03400309897232	6.539771640128327	36.01040046887292
5.135808848643651	0.01	0.01	0.01	0.007	0.01	0.8202060960391752	0.11304518939109068	0.0545623295208877	0.043497385352124385	0.026584657393754513	93.14077107643641	59.59778856890898	50.96385871314872	67.58662262464881	6.621397859495189	35.13480567928019
5.25671813326695	0.01	0.01	0.01	0.007	0.01	0.8202060963718945	0.11304518939109072	0.054562336330735116	0.04349759346177976	0.026584657321396015	94.2926468319271	60.15470251303883	51.60227889159036	68.10712357930419	6.700694188489395	34.28018256204033
5.377668585676311	0.01	0.01	0.01	0.007	0.01	0.8202060965764622	0.11304518939109068	0.05456234258738577	0.04349779132552063	0.02658465725505488	95.40739740021252	60.685087379975926	52.22298635084211	68.59640198446677	6.7777132145702925	33.446066971469214
5.498656260268658	0.01	0.01	0.01	0.007	0.01	0.8202060967022138	0.11304518939109072	0.054562348347162525	0.043497979533619946	0.026584657194098044	96.48588972288918	61.18963683700924	52.82638300188887	69.05533773001241	6.852506872255927	32.631999951485355
5.619677616793338	0.01	0.01	0.01	0.007	0.01	0.8202060967795024	0.11304518939109068	0.05456235365940725	0.04349815863160234	0.026584657137972697	97.52897771227332	61.66903234287169	53.41286507158428	69.48479383668747	6.925126351435677	31.837528673849608
5.740729505069553	0.01	0.01	0.01	0.007	0.01	0.8202060968269975	0.11304518939109072	0.05456235856748503	0.04349832912442075	0.026584657086193897	98.53750174871068	62.12394285550374	53.98282284788912	69.88561616575096	6.995622065058046	31.062206748942096
5.861809109475433	0.01	0.01	0.01	0.007	0.01	0.82020609685618	0.11304518939109068	0.05456236310962311	0.043498491480137305	0.02658465703833574	99.51228793032865	62.555024453872505	54.53664027716705	70.25863307480853	7.064043598725591	30.305594746277542
5.982913893291182	0.01	0.01	0.01	0.007	0.01	0.8202060968741082	0.11304518939109072	0.05456236731961674	0.04349864613321308	0.02658465699402265	100.45414745284776	62.96292005461565	55.074694623265785	70.60465518705499	7.130439668236685	29.567260643617935
6.104041575016328	0.01	0.01	0.01	0.007	0.01	0.820206096885121	0.11304518939109068	0.05456237122742712	0.04349879348747636	0.026584656952922458	101.36387634649253	63.348259314853095	55.59735632029367	70.9244753452951	7.194858101295329	28.846780021345133
6.225190104614322	0.01	0.01	0.01	0.007	0.01	0.8202060968918853	0.11304518939109072	0.05456237485968739	0.043498933918779716	0.026584656914741177	102.24225527457996	63.7116585801852	56.10498885465553	71.21886862016477	7.257345822984694	28.143736223046613
6.34635763969571	0.01	0.01	0.01	0.007	0.01	0.8202060968960396	0.11304518939109068	0.05456237824013285	0.0434990677773845	0.02658465687921684	103.09004938917987	64.05372087419688	56.59794867420426	71.48859236784311	7.317948844727907	27.457720484768892
6.467542489541959	0.01	0.01	0.01	0.007	0.01	0.8202060968985907	0.11304518939109072	0.0545623813899678	0.04349919539009099	0.0265846568461166	103.90800802664945	64.37503584354644	57.07658499752913	71.73438627078612	7.376712241144458	26.788332210450456
6.588743147372847	0.01	0.01	0.01	0.007	0.01	0.8202060969001572	0.11304518939109068	0.0545623843281814	0.04349931706220132	0.026584656815232213	104.69686506170571	64.6761799815728	57.54124000186705	71.95697260950362	7.4336801735626326	26.135178725025234
6.7099582423246735	0.01	0.01	0.01	0.007	0.01	0.8202060969011193	0.11304518939109072	0.05456238707181755	0.043499433079250464	0.026584656786377416	105.45733873079135	64.95771664737893	57.99224869919066	72.15705638155646	7.488895875279736	25.49787546492411
6.8311865315309035	0.01	0.01	0.01	0.007	0.01	0.8202060969017099	0.11304518939109068	0.054562389636207166	0.04349954370859094	0.026584656759384935	106.19013176922377	65.22019622147249	58.429938991333316	72.33532553690647	7.542401658920179	24.876045923108464
6.952426884154686	0.01	0.01	0.01	0.007	0.01	0.8202060969020724	0.11304518939109072	0.054562392035169646	0.0434996492008234	0.0265846567341045	106.89593151862455	65.46415625720901	58.85463170511737	72.49245121664244	7.59423892140508	24.26932162488209
7.073678281464301	0.01	0.01	0.01	0.007	0.01	0.820206096902295	0.11304518939109068	0.0545623942811874	0.0434997497910993	0.026584656710400528	107.57541014764954	65.69012167823955	59.266640693234834	72.62908802810111	7.644448157007946	23.677342012329923
7.194939784772946	0.01	0.01	0.01	0.007	0.01	0.8202060969024316	0.11304518939109072	0.054562396385557134	0.04349984570029441	0.026584656688150844	108.22922470541815	65.89860492473834	59.666272832079976	72.7458742934426	7.693068957892238	23.09975447851488
7.316210543518804	0.01	0.01	0.01	0.007	0.01	0.8202060969025156	0.11304518939109068	0.05456239835852158	0.04349993713608825	0.026584656667244806	108.8580174205539	66.09010618831657	60.05382816595243	72.84343235889455	7.740140032550417	22.53621419410181
7.43748980334193	0.01	0.01	0.01	0.007	0.01	0.820206096902567	0.11304518939109072	0.054562400209385034	0.04350002429394305	0.026584656647582177	109.46241598998101	66.26511363967616	60.429600046331956	72.9223688953324	7.785699223610089	21.986383939721087
7.558776825794412	0.01	0.01	0.01	0.007	0.01	0.8202060969025986	0.11304518939109068	0.054562401946613194	0.04350010735798577	0.02658465662907181	110.04303344362529	66.42410353937434	60.793875005254215	72.98327515282932	7.829783493457064	21.449934329754967
7.680070984759414	0.01	0.01	0.01	0.007	0.01	0.8202060969026179	0.11304518939109072	0.05456240357792371	0.043500186501838664	0.02658465661163093	110.60046889576113	66.56754060712917	61.14693317915565	73.02672733358804	7.872428976617893	20.926543231549037
7.801371678114334	0.01	0.01	0.01	0.007	0.01	0.8202060969026298	0.11304518939109068	0.05456240511036135	0.04350026188935391	0.026584656595184383	111.13530738621729	66.69587813105366	61.4890481654553	73.05328685125696	7.913670963401661	20.415896016177374
7.922678351847506	0.01	0.01	0.01	0.007	0.01	0.8202060969026372	0.11304518939109072	0.0545624065503684	0.04350033367530209	0.026584656579663003	111.648120282969	66.80955823912298	61.82048722810726	73.06350066259154	7.953543925853794	19.917685298734128
8.043990524178747	0.01	0.01	0.01	0.007	0.01	0.8202060969026417	0.11304518939109068	0.0545624079038453	0.043500402005997335	0.026584656565004194	112.13946565399763	66.90901214940143	62.14151148834474	73.05790157452749	7.9920815418091395	19.43161069585182
8.165307745403666	0.01	0.01	0.01	0.007	0.01	0.8202060969026445	0.11304518939109072	0.054562409176203086	0.043500467019871314	0.0265846565511502	112.60988836692599	66.99466035901358	62.45237593963608	73.03700854389248	8.029316697794437	18.95737884738074
8.286629605939043	0.01	0.01	0.01	0.007	0.01	0.820206096902646	0.11304518939109068	0.05456241037241194	0.043500528848001783	0.026584656538048177	113.05992040123529	67.06691288336647	62.75332959870094	73.0013269859437	8.065281508331953	18.494703234992254
8.407955704191426	0.01	0.01	0.01	0.007	0.01	0.820206096902647	0.11304518939109072	0.05456241149704229	0.043500587614602466	0.02658465652564986	113.4900810085407	67.1261694686495	63.044615555553186	72.95134909064038	8.100007323163064	18.04330415549535
8.529285694775956	0.01	0.01	0.01	0.007	0.01	0.8202060969026477	0.11304518939109068	0.05456241255430397	0.043500643437467214	0.02658465651391057	113.90087716461456	67.17281984716386	63.32647121990205	72.88755410874734	8.133524757909479	17.60290839114672
8.650619240311341	0.01	0.01	0.01	0.007	0.01	0.8202060969026482	0.11304518939109072	0.05456241354807828	0.043500696428388	0.026584656502789298	114.29280366654945	67.2072439361571	63.59912832984131	72.8104086662993	8.165863696337821	17.173249245923103
8.771956051603764	0.01	0.01	0.01	0.007	0.01	0.8202060969026486	0.11304518939109068	0.05456241448194942	0.04350074669353119	0.026584656492248178	114.66634353537697	67.22981207379118	63.862813168990584	72.7203670350461	8.197053317439416	16.754066257289015
8.893295855509171	0.01	0.01	0.01	0.007	0.01	0.8202060969026487	0.11304518939109072	0.05456241535923019	0.04350079433379373	0.026584656482252507	115.02196817064133	67.2408852243142	64.11774661419209	72.61787143661897	8.227122102344783	16.345105172113893
9.014638402973045	0.01	0.01	0.01	0.007	0.01	0.8202060969026487	0.11304518939109068	0.054562416182986205	0.04350083944512859	0.026584656472769808	115.3601376377002	67.24081519559952	64.36414427504529	72.50335232116016	8.256097852143222	15.946117778464034
9.135983452961014	0.01	0.01	0.01	0.007	0.01	0.8202060969026487	0.11304518939109072	0.054562416956057735	0.04350088211885005	0.026584656463770416	115.68130088063319	67.2299448510823	64.60221658109123	72.37722866151792	8.284007699508132	15.55686182059162
9.257330796570937	0.01	0.01	0.01	0.007	0.01	0.8202060969026487	0.11304518939109068	0.05456241768107946	0.043500922441908466	0.02658465645522666	115.98589604127051	67.20860831694011	64.8321689478464	72.23990820331318	8.310878129563772	15.177100784965772
9.378680216852395	0.01	0.01	0.01	0.007	0.01	0.8202060969026487	0.11304518939109072	0.054562418360497064	0.0435009604971595	0.026584656447112852	116.27435060478898	67.17713119192305	65.05420181522894	72.09178777735052	8.336734985773782	14.80660389421674
9.500031553102547	0.01	0.01	0.01	0.007	0.01	0.8202060969026487	0.11304518939109068	0.054562418996584025	0.04350099636358959	0.026584656439405163	116.54708179983797	67.1358307329644	65.2685108803067	71.93325348645517	8.361603498493464	14.445145778356107
9.621384636574138	0.01	0.01	0.01	0.007	0.01	0.8202060969026487	0.11304518939109072	0.054562419591455254	0.04350103011655515	0.026584656432081594	116.80449667940039	67.08501606460446	65.47528708821929	71.764681037996	8.385508285282219	14.092506546212855
9.742739290475756	0.01	0.01	0.01	0.007	0.01	0.8202060969026487	0.11304518939109068	0.054562420147079904	0.04350106182799407	0.026584656425121277	117.04699236992514	67.02498838032905	65.67471674846064	71.58643600587894	8.408473365901076	13.748471651486343
9.86409538623251	0.01	0.01	0.01	0.007	0.01	0.8202060969026487	0.11304518939109072	0.0545624206652938	0.04350109156660216	0.02658465641850541	117.27495641663762	66.9560411048964	65.86698173577207	71.39887399691207	8.430522186950338	13.412831608440127
9.985452795265067	0.01	0.01	0.01	0.007	0.01	0.8202060969026487	0.11304518939109068	0.054562421147809056	0.04350111939802838	0.026584656412215975	117.48876690586415	66.87846009857442	66.05225951246686	71.20234095926044	8.451677625854328	13.085382011795936
10.106811388990055	0.01	0.01	0.01	0.007	0.01	0.8202060969026487	0.11304518939109072	0.05456242159622456	0.04350114538504471	0.02658465640623618	117.68879269323469	66.79252384234057	66.230723234829	70.99717342396369	8.471962004586457	12.765923414216388
10.228171054895276	0.01	0.01	0.01	0.007	0.01	0.8202060969026487	0.11304518939109068	0.05456242201203427	0.04350116958769807	0.026584656400550626	117.87539365026647	66.69850360565606	66.40254187929109	70.78369871179957	8.49139710558476	12.454261165946729
10.349531680465656	0.01	0.01	0.01	0.007	0.01	0.8202060969026487	0.11304518939109072	0.05456242239663544	0.04350119206346379	0.02658465639514462	118.0489208510942	66.596663631777	66.56788031808439	70.56223518791768	8.510004181875578	12.150205342847238
10.4708931853336	0.01	0.01	0.01	0.007	0.01	0.8202060969026487	0.11304518939109068	0.05456242275133558	0.04350121286737085	0.0265846563900046	118.20971682606054	66.48726128029796	66.72689945969118	70.33309242495389	8.527803974473663	11.85357055460893
10.592255456979583	0.01	0.01	0.01	0.007	0.01	0.8202060969026487	0.11304518939109072	0.054562423077359506	0.04350123205215602	0.026584656385117672	118.35811567766065	66.37054724970945	66.87975625817273	70.09657154001818	8.544816715026993	11.564175994237932
10.713618423070029	0.01	0.01	0.01	0.007	0.01	0.8202060969026487	0.11304518939109068	0.05456242337585507	0.04350124966835584	0.026584656380472013	118.49444337745915	66.24676567569007	67.02660390164391	69.85296527141715	8.56106214851338	11.281845153385898
10.834982011270162	0.01	0.01	0.01	0.007	0.01	0.8202060969026487	0.11304518939109072	0.05456242364789904	0.04350126576443548	0.02658465637605635	118.61901790522766	66.11615432465993	67.16759184912927	69.60255826043658	8.57655953889696	11.006405817575633
10.956346133168806	0.01	0.01	0.01	0.007	0.01	0.8202060969026487	0.11304518939109068	0.05456242389450181	0.04350128038690249	0.02658465637186007	118.73214942864955	65.97894476958467	67.30286590344983	69.34562729041582	8.591327678884873	10.737689997224097
11.077710748579827	0.01	0.01	0.01	0.007	0.01	0.8202060969026487	0.11304518939109072	0.05456242411661259	0.04350129358037756	0.0265846563678733	118.83414055099858	65.83536246979007	67.43256837038285	69.08244134936731	8.605384909038348	10.475533684548223
11.19907576909031	0.01	0.01	0.01	0.007	0.01	0.8202060969026487	0.11304518939109068	0.05456242431512292	0.04350130538773178	0.026584656364086915	118.92528640597895	65.68562702971938	67.5568380373004	68.8132620289515	8.618749117148246	10.219776967927146
11.320441162550647	0.01	0.01	0.01	0.007	0.01	0.8202060969026487	0.11304518939109072	0.05456242449087156	0.043501315850126426	0.02658465636049175	119.0058749243295	65.52995222060085	67.67581036814525	68.53834348717464	8.631437761085236	9.970263710292803
11.441806864659927	0.01	0.01	0.01	0.007	0.01	0.8202060969026487	0.11304518939109068	0.05456242464464732	0.04350132500713646	0.02658465635707981	119.0761869382729	65.36854622923407	67.78961749237881	68.25793282713778	8.643467869320071	9.726841644002553
11.563172827192309	0.01	0.01	0.01	0.007	0.01	0.8202060969026487	0.11304518939109072	0.05456242477719275	0.04350133289680599	0.02658465635384337	119.13649638911785	65.20161173746823	67.89838833425219	67.97227017086355	8.654856056539998	9.489362177226916
11.684539001921666	0.01	0.01	0.01	0.007	0.01	0.8202060969026487	0.11304518939109068	0.054562424889207255	0.0435013395557293	0.026584656350774984	119.18707048246074	65.02934607766393	68.00224867432073	67.68158887133859	8.665618531937367	9.257680338048772
11.805905348659419	0.01	0.01	0.01	0.007	0.01	0.8202060969026487	0.11304518939109072	0.05456242498134962	0.04350134501911551	0.026584656347867573	119.22816985451215	64.85194135349438	68.10132123228169	67.38611566522029	8.675771109721447	9.03165467166798
11.927271851330216	0.01	0.01	0.01	0.007	0.01	0.8202060969026487	0.11304518939109068	0.05456242505424112	0.04350134932084435	0.026584656345114727	119.26004873264574	64.66958454334355	68.1957257522273	67.0860707995073	8.685329219771617	8.811147127481984
12.048638453669641	0.01	0.01	0.01	0.007	0.01	0.8202060969026487	0.11304518939109072	0.05456242510846771	0.0435013524935626	0.026584656342510317	119.28295507302488	64.4824577224757	68.28557902460675	66.78166835389248	8.694307911859687	8.596023093060264
12.17000511548876	0.01	0.01	0.01	0.007	0.01	0.8202060969026487	0.11304518939109068	0.054562425144581934	0.043501354568711764	0.026584656340048432	119.29713073234821	64.29073810428275	68.37099500336893	66.47311626403139	8.702721869542374	8.38615120735471
12.291371820711994	0.01	0.01	0.01	0.007	0.01	0.8202060969026487	0.11304518939109072	0.05456242516310532	0.043501355576578075	0.026584656337723438	119.30281161080723	64.0945981443914	68.45208487756474	66.16061645407709	8.710585419230886	8.181403270974137
12.41273853718815	0.01	0.01	0.01	0.007	0.01	0.8202060969026487	0.11304518939109068	0.05456242516453062	0.04350135554636591	0.026584656335530227	119.30022779129898	63.89420572096793	68.52895711010825	65.84436509069401	8.717912536054438	7.981654238502203
12.534105248841623	0.01	0.01	0.01	0.007	0.01	0.8202060969026487	0.11304518939109072	0.05456242514932282	0.04350135450622909	0.026584656333463807	119.28960368284567	63.68972419753365	68.6017175254363	65.52455264911248	8.724716854479889	7.786782088054672
12.655471915483435	0.01	0.01	0.01	0.007	0.01	0.8202060969026487	0.11304518939109068	0.05456242511792128	0.043501352483339924	0.026584656331519435	119.27115816114632	63.48131260189441	68.67046934925638	65.20136416351329	8.731011674294948	7.5966678123197795
12.776838537113603	0.01	0.01	0.01	0.007	0.01	0.8202060969026487	0.11304518939109072	0.05456242507074181	0.04350134950389522	0.02658465632969268	119.24510469544649	63.269125625723014	68.73531330876432	64.8749791980243	8.736809972170459	7.411195244348762
12.898205081581	0.01	0.01	0.01	0.007	0.01	0.8202060969026487	0.11304518939109068	0.05456242500817642	0.04350134559320094	0.02658465632797932	119.21165149005587	63.0533138546916	68.79634765247177	64.54557217686161	8.74212440575328	7.230251100878191
13.019571524772346	0.01	0.01	0.01	0.007	0.01	0.8202060969026487	0.11304518939109072	0.05456242493059645	0.04350134077568711	0.026584656326375033	119.17100160808361	62.83402380401546	68.8536682335817	64.21331241246051	8.746967323567636	7.053724849562123
13.140937842574422	0.01	0.01	0.01	0.007	0.01	0.8202060969026487	0.11304518939109068	0.05456242483835303	0.04350133507495023	0.02658465632487643	119.1233530978341	62.611398033496236	68.90736856379557	63.878364258034175	8.75135077212654	6.881508654366571
13.262304043025116	0.01	0.01	0.01	0.007	0.01	0.8202060969026487	0.11304518939109072	0.05456242473177798	0.043501328513768464	0.02658465632347952	119.0688990998743	62.385575186173504	68.95753988321287	63.54088714586063	8.755286504277512	6.713497265896391
13.383670118086794	0.01	0.01	0.01	0.007	0.01	0.8202060969026487	0.11304518939109068	0.05456242461118553	0.043501321114164104	0.026584656322181127	119.0078279833476	62.15669017236061	69.00427119361441	63.20103584456776	8.758785984509043	6.549588026978229
13.505036035608628	0.01	0.01	0.01	0.007	0.01	0.8202060969026487	0.11304518939109072	0.05456242447687243	0.043501312897441725	0.0265846563209777	118.94032347182633	61.924874281431315	69.0476493124421	62.858960605409145	8.761860396075312	6.389680817687643
13.626401795590823	0.01	0.01	0.01	0.007	0.01	0.8202060969026487	0.11304518939109068	0.05456242432912007	0.04350130388418221	0.02658465631986635	118.8665647276985	61.690255167094	69.08775894696089	62.51480712314186	8.764520649391558	6.23367791893526
13.747767365882728	0.01	0.01	0.01	0.007	0.01	0.8202060969026487	0.11304518939109072	0.05456242416819441	0.04350129409431311	0.026584656318843734	118.7867264988655	61.45295705978416	69.12468272300858	62.16871683306055	8.766777387078285	6.08148403761966
13.869132746484642	0.01	0.01	0.01	0.007	0.01	0.8202060969026487	0.11304518939109068	0.054562423994347034	0.04350128354709375	0.026584656317907355	118.70097918800022	61.21310072980937	69.15850125676937	61.820826841662175	8.768640991887745	5.93300616579801
13.990497929359172	0.01	0.01	0.01	0.007	0.01	0.8202060969026487	0.11304518939109072	0.05456242380781588	0.043501272261167546	0.026584656317054377	118.60948898170057	60.9708036499281	69.18929319027495	61.471270150509696	8.770121592116864	5.788153576194851
14.111862914506643	0.01	0.01	0.01	0.007	0.01	0.8202060969026487	0.11304518939109068	0.05456242360882621	0.043501260254575916	0.02658465631628211	118.51241794237436	60.726180046874916	69.21713524403215	61.12017571769752	8.771229068064814	5.646837747093408
14.233227693889718	0.01	0.01	0.01	0.007	0.01	0.8202060969026487	0.11304518939109072	0.05456242339759095	0.043501247544792065	0.026584656315588297	118.4099241210545	60.479341014682426	69.24210225990555	60.76766860899396	8.771973057894517	5.508972327446842
14.354592267508746	0.01	0.01	0.01	0.007	0.01	0.8202060969026487	0.11304518939109068	0.05456242317431194	0.04350123414873336	0.02658465631497034	118.30216164280436	60.23039456152721	69.26426725063172	60.41387005358214	8.77236296369055	5.3744730653918085
14.475956627326443	0.01	0.01	0.01	0.007	0.01	0.8202060969026487	0.11304518939109072	0.0545624229391792	0.04350122008279309	0.02658465631442618	118.18928081613358	59.979445719705545	69.28370144120872	60.058897590424614	8.772407957126097	5.2432577750419265
14.59732075726796	0.01	0.01	0.01	0.007	0.01	0.8202060969026487	0.11304518939109068	0.054562422692373186	0.0435012053628609	0.026584656313953462	118.0714282281808	59.72659662166695	69.30047431340004	59.702865165826786	8.772116985201148	5.115246285195933
14.71868465733373	0.01	0.01	0.01	0.007	0.01	0.8202060969026487	0.11304518939109072	0.054562422434063965	0.04350119000432587	0.02658465631355025	117.94874681262587	59.471946523326295	69.31465365167033	59.34588315744845	8.771498775679921	4.990360364842523
14.840048319486607	0.01	0.01	0.01	0.007	0.01	0.8202060969026487	0.11304518939109068	0.054562422164412414	0.04350117402211105	0.02658465631321456	117.8213759612576	59.215591925689694	69.32630558090803	58.98805853724221	8.770561842445668	4.868523701342493
14.961411743727057	0.01	0.01	0.01	0.007	0.01	0.8202060969026487	0.11304518939109072	0.05456242188357047	0.043501157430680504	0.026584656312944464	117.68945159456669	58.957626611090575	69.33549460880495	58.629494914266445	8.76931449064311	4.74966183725025
15.082774930055546	0.01	0.01	0.01	0.007	0.01	0.8202060969026487	0.11304518939109068	0.05456242159168111	0.043501140244061286	0.02658465631273821	117.5531062541443	58.69814172813985	69.34228366418711	58.2702926460995	8.767764821785597	4.633702133379619
15.204137878472542	0.01	0.01	0.01	0.007	0.01	0.8202060969026487	0.11304518939109072	0.054562421288879885	0.04350112247585966	0.026584656312594216	117.41246918536815	58.437225858310036	69.3467341355783	57.9105489245082	8.765920738729482	4.520573724398307
15.32550058897851	0.01	0.01	0.01	0.007	0.01	0.8202060969026487	0.11304518939109068	0.05456242097529404	0.043501104139276374	0.02658465631251039	117.2676664180687	58.1749650808782	69.34890590882186	57.550357858970095	8.763789950526986	4.41020747550692
15.446863037461412	0.01	0.01	0.01	0.007	0.01	0.8202060969026487	0.11304518939109072	0.05456242065104379	0.04350108524713906	0.02658465631248549	117.11882087519106	57.91144308874494	69.3488574040099	57.18981062976592	8.761379977666618	4.302535961305118
15.568225248034265	0.01	0.01	0.01	0.007	0.01	0.8202060969026487	0.11304518939109068	0.054562420316241964	0.04350106581186376	0.02658465631251805	116.96605236120391	57.646741093236884	69.34664561145905	56.82899535246488	8.758698155280284	4.197493360141959
15.689587220697538	0.01	0.01	0.01	0.007	0.01	0.8202060969026487	0.11304518939109072	0.05456241997099494	0.04350104584552048	0.02658465631260637	116.8094777237567	57.38093804084155	69.34232612559184	56.467997370082024	8.755751638949995	4.095015479380694
15.810948947414241	0.01	0.01	0.01	0.007	0.01	0.8202060969026487	0.11304518939109068	0.054562419615402626	0.04350102535983494	0.026584656312749252	116.64921090912127	57.114110637705714	69.33595318016023	56.10689928092523	8.752547408929189	3.9950397004972964
15.932310420147438	0.01	0.01	0.01	0.007	0.01	0.8202060969026487	0.11304518939109072	0.05456241924955858	0.04350100436619442	0.026584656312945164	116.48536302367474	56.84633338949446	69.32757968152615	55.74578098823232	8.749092274276197	3.8975049336193277
16.0	0.01	0.01	0.01	0.007	0.01	0.8202060969026487	0.1130451893910907	0.054562419041112815	0.04350100163332031	0.026584656313077	116.3924609643179	56.69659415253093	69.32205942652953	55.54438621753637	8.747058632181904	3.844142942136501
