0.0	0.01	0.01	0.01	0.007	0.01	0.0	0.0	0.0	0.0	0.0	0.0	0.0	0.0	0.0	0.0	100.0
0.0034702076124526835	0.01	0.01	0.01	0.007	0.01	0.011891214336964268	0.0031721683616113567	0.003860046934686485	0.004121234251192434	0.004907064452525828	0.000714709045164434	0.0010767521082212788	0.002290031188292884	0.0037806845043492684	0.0004976332381667244	99.93113896999678
0.00554680653648227	0.01	0.01	0.01	0.007	0.01	0.018937196583155985	0.005025461735934153	0.006028594464305625	0.0063886968182674305	0.007708623504058288	0.0018205915589324354	0.002733355264213275	0.005758568890596455	0.009455694528310705	0.0012562930640580812	99.88995467997994
0.008683187650777292	0.01	0.01	0.01	0.007	0.01	0.029480981515619988	0.007762336152706279	0.009116001825245027	0.009554901455666572	0.011758240630398844	0.004441580379403056	0.006633832218283977	0.013780606095772387	0.022448730059944685	0.003024031225328492	99.82778436175835
0.011569090816582034	0.01	0.01	0.01	0.007	0.01	0.039079454888894964	0.01021600284918609	0.011769017010660847	0.012214979621288573	0.015300881884364754	0.007852173092238266	0.011672247242970182	0.023940050738817695	0.03872276374014457	0.005281358914475284	99.77061327778284
0.014923525933580596	0.01	0.01	0.01	0.007	0.01	0.05011325884979821	0.012992250268991125	0.014642022647303311	0.015029334113447545	0.0192108385278904	0.013003527394633611	0.019224073188364943	0.03885929909321779	0.06235439385205655	0.008624942444155376	99.70420150340134
0.018335918386654604	0.01	0.01	0.01	0.007	0.01	0.06120356324717206	0.015735164704727238	0.0173485702400817	0.017614408768905944	0.022973936620169094	0.019535298040054747	0.02872110561253327	0.05721904959929284	0.09109711330780118	0.012777821640865748	99.6366876368979
0.022012136634938513	0.01	0.01	0.01	0.007	0.01	0.07300178209193002	0.01860110952469923	0.020039019593301947	0.020116977404959244	0.026803775292963624	0.02800779390594741	0.04093470674434836	0.08030946745406876	0.126820911776392	0.018051675370903193	99.56400515561177
0.02582771781509747	0.01	0.01	0.01	0.007	0.01	0.08508535110236251	0.021481049922655787	0.022603830970366105	0.022436830536408055	0.030552570819632873	0.0383519314829152	0.05571302300519986	0.10761151077162835	0.16855751129744245	0.02435195196446627	99.48862340349733
0.029840607816307013	0.01	0.01	0.01	0.007	0.01	0.09761824840844871	0.024409284237678904	0.025071960150420805	0.0246049071109796	0.034268206991257766	0.050906985253984106	0.07348374424130374	0.13967717348151729	0.216992415378033	0.03183221375033957	99.40940513526486
0.034014958079779875	0.01	0.01	0.01	0.007	0.01	0.11046714765195051	0.02734957533239724	0.027411575258394466	0.026598193760867674	0.03790849030344149	0.06575940210743224	0.09430432419606367	0.17635327621127503	0.2717331409252848	0.04048679049002035	99.32706642296857
0.038368663484026795	0.01	0.01	0.01	0.007	0.01	0.12366660116935994	0.030305372933921444	0.02962661235252612	0.028426186069021146	0.041481298741164414	0.0831622657443788	0.11845849331729127	0.2178754654611947	0.3329773453850254	0.0504041039131459	99.24126260230545
0.04289373096007295	0.01	0.01	0.01	0.007	0.01	0.13717087459978108	0.03326200588176492	0.031708149481092573	0.030087981773964195	0.04496640038180409	0.10328101853592783	0.14609703879987287	0.26422700773286545	0.4005502617886161	0.06161538786770285	99.15216009321047
0.04759829684502672	0.01	0.01	0.01	0.007	0.01	0.15098248334055123	0.03621587343582118	0.03365703858652875	0.031591172045872556	0.048342258323531166	0.12635038429973897	0.17745620580146698	0.31552134641657725	0.47447520873642285	0.07418230708781981	99.05960792610348
0.052485001286948316	0.01	0.01	0.01	0.007	0.01	0.16508641859551573	0.039159676785063886	0.03547259561848777	0.03294226731206332	0.05155424249720633	0.15258979763664693	0.21273956625020168	0.371800389679493	0.5546776608600783	0.08814197928550524	98.96356404864044
0.05756002896939752	0.01	0.01	0.01	0.007	0.01	0.17947693372812262	0.04208826326255091	0.037156560847339815	0.03414969423207606	0.05450651615537839	0.1822452744194001	0.2521745189382639	0.433130006118546	0.6411255588935243	0.10351783964203347	98.86391741438084
0.06279176750512827	0.01	0.01	0.01	0.007	0.01	0.1940426334121419	0.04497591878675159	0.03870088328962811	0.035215207687917825	0.057040663375221914	0.21532613986645355	0.2956661836702856	0.4990791867591397	0.7331053900947938	0.12017079969061148	98.76129883837119
0.06813132789325195	0.01	0.01	0.01	0.007	0.01	0.20863191775459905	0.04779162928716943	0.04009881507878663	0.03614240370650211	0.05899624928087218	0.25165756488233526	0.34288337810142144	0.5689077551534827	0.8295149180912906	0.1378313026978948	98.6566752079103
0.07365604017557893	0.01	0.01	0.01	0.007	0.01	0.22343852138815953	0.05057151688607571	0.04137743741182162	0.03695678601130638	0.06031144667094323	0.2919179358156902	0.394597581811141	0.6435149302778196	0.9315319519107848	0.1565966230118479	98.54854036535734
0.07945314785868739	0.01	0.01	0.01	0.007	0.01	0.23866577710235448	0.05334935976224115	0.04255735094311542	0.03767724365652289	0.060984267154910995	0.33701303887686107	0.45182854269890543	0.7240562776338598	1.0406432692049217	0.1765886050715287	98.43520137598642
0.08549488085821817	0.01	0.01	0.01	0.007	0.01	0.2542052863988051	0.05610021062803558	0.04363246761903412	0.03830538056502631	0.06108047441251738	0.38704014325792124	0.5145352603167616	0.810133527989783	1.15621526181639	0.19752547462533843	98.3172184418707
0.09172816939349732	0.01	0.01	0.01	0.007	0.01	0.26989163303623653	0.0587918290853347	0.04459743109089321	0.038843959042806214	0.06073957899217282	0.44181058325083017	0.5823220517915083	0.9009140411054815	1.2770716051597513	0.2190498731017681	98.195643019196
0.09819469463214624	0.01	0.01	0.01	0.007	0.01	0.285801872569557	0.06143522639817592	0.045464144351445586	0.03930536317357556	0.06010606049814577	0.5019290264789281	0.6557721304258235	0.9969085295430903	1.403851374297162	0.24116731145310025	98.06967737317278
0.10496155830471342	0.01	0.01	0.01	0.007	0.01	0.3020642053110553	0.06404783978329662	0.04624465952694694	0.03970092506892297	0.05929049345675302	0.5683371941719265	0.7358381604079203	1.0990477230154323	1.5377324754544368	0.2639996097886792	97.93803425714883
0.112086164390661	0.01	0.01	0.01	0.007	0.01	0.3187688938494729	0.06663851186772878	0.04694661383525976	0.04003878144599622	0.05837279406870993	0.6420100604232589	0.8234557023069179	1.2081573882249759	1.6797348374412067	0.28765325913700707	97.7996225568838
0.1196057083568544	0.01	0.01	0.01	0.007	0.01	0.3359468122424084	0.06920534111688233	0.047574079618337844	0.04032481717524283	0.05741149755202244	0.7238166434141521	0.9193774939688405	1.3247707161780398	1.8304882978088821	0.31218011716119287	97.65375046018201
0.12754402539632362	0.01	0.01	0.01	0.007	0.01	0.35359017062474346	0.07174025518752188	0.04812994801810696	0.040564114389801335	0.05644919676964623	0.814547461896822	1.0242133040982748	1.4492099336226312	1.9903528549367797	0.3376003260152959	97.4999906393094
0.13592184034641963	0.01	0.01	0.01	0.007	0.01	0.37167836674550886	0.07423362559651722	0.04861746994632213	0.04076170557031655	0.05551567591329405	0.9150030500402597	1.1385367993895297	1.5817360652513948	2.159619241517845	0.3639352413675748	97.33798061188034
0.14476322484171777	0.01	0.01	0.01	0.007	0.01	0.3901923474040265	0.07667652527240272	0.049040682569325	0.04092268227274939	0.05463067569917204	1.026066432913025	1.2629659430663982	1.7226502509742385	2.3386398906069408	0.3912259191718143	97.16729803475043
0.15409724735285957	0.01	0.01	0.01	0.007	0.01	0.4091169074613526	0.07906099706122474	0.0494042431841732	0.04105203730762479	0.05380657519984489	1.1487326350018465	1.3981889839206258	1.872322724419125	2.527864070123763	0.4195355189291137	96.98742986160785
0.1639581181769651	0.01	0.01	0.01	0.007	0.01	0.42843940408809583	0.08137981632661512	0.04971318564097966	0.04115450904476991	0.05305052810506789	1.2841227013964576	1.5449707708509226	2.0311975527742794	2.7278415794860784	0.4489473037224442	96.7977708986215
0.17438491393468986	0.01	0.01	0.01	0.007	0.01	0.44814760401464077	0.0836262001699178	0.04997271906397662	0.0412344762393363	0.05236600828021798	1.4334918487360615	1.7041515375339407	2.1997896236360357	2.9392167663713322	0.4795618926614161	96.59763062539693
0.1854213943478494	0.01	0.01	0.01	0.007	0.01	0.4682278046031999	0.0857936216518639	0.05018808328980941	0.041295899322718196	0.05175386651253744	1.5982375497627483	1.8766450326004676	2.3786822109618977	3.1627234834331617	0.511495259572594	96.38623837330191
0.19711579627182166	0.01	0.01	0.01	0.007	0.01	0.4886630158629107	0.08787569757888046	0.05036444026138051	0.04134229269814995	0.05121305178797896	1.7799058156042804	2.063434370324821	2.5685234989919192	3.3991788613265217	0.5448769961312784	96.16274909474937
0.20952058108025431	0.01	0.01	0.01	0.007	0.01	0.5094312079076282	0.08986614752697351	0.05050678993831597	0.04137671880376506	0.05074110594816235	1.9801948609606588	2.2655651915858765	2.770021833928013	3.649475560460878	0.5798486670267341	95.92625018513587
0.22269203044883842	0.01	0.01	0.01	0.007	0.01	0.5305035206532791	0.09175881080025552	0.05061990194287051	0.0414017975151876	0.050334512774905464	2.2009538064867464	2.4841343850667394	2.983938119597841	3.9145705010716783	0.6165618813182616	95.67577134726713
0.23668966689476367	0.01	0.01	0.01	0.007	0.01	0.5518425218725979	0.09354772664209332	0.050708258871584144	0.04141972700825788	0.04998895408114707	2.4441749723142046	2.720273876666734	3.21107507454792	4.195469725417436	0.6551759651995505	95.41029789933646
0.25157548653822365	0.01	0.01	0.01	0.007	0.01	0.5734006353068141	0.09522727958352686	0.05077600882348148	0.04143231323991797	0.049699510332033785	2.711978408931787	2.9751293241336008	3.4522632488700973	4.493209285577357	0.6958551649262065	95.128787691858
0.2674131082116669	0.01	0.01	0.01	0.007	0.01	0.5951190251454468	0.09679241531364846	0.05082692663784737	0.04144100594123007	0.04946083096634013	3.0065895155597775	3.2498357828986104	3.708345584849732	4.808834395633892	0.7387656374847338	94.83018957615403
0.2842669767326115	0.01	0.01	0.01	0.007	0.01	0.6169271955564742	0.09823891562957122	0.05086438421010936	0.041446939244802666	0.04926729317679765	3.330311890634664	3.545493384282814	3.9801628137615515	5.143379715100487	0.7840725763044871	94.51346076144705
0.30220184620061535	0.01	0.01	0.01	0.007	0.01	0.6387435675851085	0.0995637090558499	0.05089133157558029	0.04145097521691063	0.04911316005331848	3.68550017838586	3.863147935321382	4.268543329462856	5.497855290503541	0.8319380584574531	94.1775788066635
0.3212827121843253	0.01	0.01	0.01	0.007	0.01	0.6604770720935567	0.10076517231168065	0.05091029098144373	0.041453748479947865	0.04899274217191263	4.074537756735874	4.203780534189838	4.574300150722868	5.873241398821363	0.882520047109736	93.82154517763544
0.3415752976176287	0.01	0.01	0.01	0.007	0.01	0.6820296074069119	0.10184337223461012	0.05092336616168801	0.041455710015954154	0.04890055824577916	4.499823637088982	4.568309006048776	4.898236453751601	6.2704941198679816	0.9359728197413214	93.4443786126018
0.36314698615089086	0.01	0.01	0.01	0.007	0.01	0.7032989356952447	0.10280020004291311	0.050932267678934696	0.04145716819317574	0.04883148431989889	4.96376876495044	4.957599743519617	5.241157723794401	6.690559210969832	0.9924485423764432	93.0451005524726
0.38606808075986726	0.01	0.01	0.01	0.007	0.01	0.7241816474466298	0.10363937732564354	0.050938352968692514	0.041458325267017114	0.04878087749015755	5.468800865685297	5.372487640637305	5.603888354091485	7.134391548217783	1.052099677340199	92.62271518355456
0.41041315584972604	0.01	0.01	0.01	0.007	0.01	0.7445758255023366	0.10436633415665314	0.05094267685716404	0.04145930808585632	0.048744662691926594	6.017373659243612	5.813799342041227	5.98728885085346	7.6029753186176965	1.1150816223856264	92.17618862258163
0.4362623398694642	0.01	0.01	0.01	0.007	0.01	0.7643832475103085	0.10498798298261493	0.050946045982404826	0.04146019244964322	0.048719376502537756	6.611976640443508	6.282375980873816	6.392270997679535	8.097341607359242	1.1815551539027112	91.70443040278582
0.4637023709822068	0.01	0.01	0.01	0.007	0.01	0.7835110779317489	0.10551242070389957	0.05094906915806452	0.041461021304558386	0.04870216881684171	7.2551409649028535	6.7790916449383	6.819808495097842	8.618580255017541	1.2516882530674271	91.20628021758918
0.49282724653564275	0.01	0.01	0.01	0.007	0.01	0.8018730779438847	0.10594859248005513	0.05095219581852309	0.04146181753254565	0.048690768850411965	7.949435907102939	7.304863572427761	7.270940320005255	9.167842611890931	1.3256568394862236	90.680503144197
0.5237382425829348	0.01	0.01	0.01	0.007	0.01	0.8193904168446071	0.10630594722402521	0.05095573692730581	0.04146259240812269	0.048683425212862716	8.697448942452718	7.860649598230697	7.746763455420304	9.746331223392902	1.4036438417932453	90.12579718677662
0.5565430621414404	0.01	0.01	0.01	0.007	0.01	0.8359922306861354	0.10659410903905976	0.05095986804636709	0.04146335085397058	0.048678830743606176	9.501741993576312	8.447428536440908	8.248411538550249	10.355272508871074	1.4858360281628482	89.54081702843898
0.5913540958367104	0.01	0.01	0.01	0.007	0.01	0.85161620837321	0.10682258290998833	0.05096462261665769	0.04146409450916264	0.04867604192998406	10.36478233131462	9.066163778063002	8.777019660642996	10.99587307636523	1.5724186320274975	88.92421357084258
0.6282858471370101	0.01	0.01	0.01	0.007	0.01	0.8662094143943858	0.1070005032656767	0.05096989154892566	0.04146482340986438	0.048674400780128246	11.288849561139282	9.717752035052214	9.33367681981927	11.669261804581655	1.6635680108931963	88.27468745932137
0.6674505306592793	0.01	0.01	0.01	0.007	0.01	0.8797290884245386	0.1071364248471004	0.05097544601765293	0.041465536833808284	0.048673464547530104	12.27589514252483	10.402941281672245	9.919352287781816	12.376401250432153	1.7594400600201947	87.59107280903444
0.7089483677615631	0.01	0.01	0.01	0.007	0.01	0.8921427159294637	0.10723815546387527	0.05098098906296143	0.04146623363267075	0.04867294625521512	13.327268196336565	11.122160749175084	10.534746874452969	13.117909569135433	1.8601463099168767	86.87250886193402
0.7528513869936669	0.01	0.01	0.01	0.007	0.01	0.9034281167229818	0.10731264461124802	0.050986224148802765	0.04146691229509636	0.048672666981842465	14.443280244718872	11.875250583872187	11.180057679019882	13.89378037821698	1.9657157992325547	86.11871370888358
0.7991937938390791	0.01	0.01	0.01	0.007	0.01	0.9135769402875881	0.10736593968862422	0.050990918378791675	0.04146757107789937	0.04867251955427415	15.622951256414412	12.661322881415245	11.854853736045103	14.703238961934936	2.07607499060779	85.33013015181564
0.8479885059713091	0.01	0.01	0.01	0.007	0.01	0.9226020572309543	0.10740318213523338	0.05099493961783357	0.041468208434104356	0.04867244239548017	16.864449293217472	13.47907449495538	12.558339144547444	15.545063880310659	2.191090909740478	84.5076200764749
0.8992610676471078	0.01	0.01	0.01	0.007	0.01	0.9305418132821489	0.10742860850317475	0.05099825783369112	0.04146882346518977	0.048672401627825074	18.165993270323092	14.32736851779	13.289851871565467	16.418185331980418	2.3106526162288583	83.65188306484758
0.953069608868483	0.01	0.01	0.01	0.007	0.01	0.9374561551938403	0.10744557568444273	0.05100091879808458	0.041469416000132896	0.04867237938320849	19.526394345576104	15.205544768517298	14.049136521803185	17.32200567456066	2.434715566831135	82.76313790861785
1.0095040362423662	0.01	0.01	0.01	0.007	0.01	0.9434188621062806	0.10745664231905915	0.05100300956829731	0.04146998638540622	0.048672366567626885	20.94504878455077	16.11336739006419	14.836308098770408	18.256347910521292	2.5632954516695428	81.8411644967344
1.0686785279183577	0.01	0.01	0.01	0.007	0.01	0.9485109899705393	0.10746369405322936	0.05100463030689201	0.041470535257924	0.04867235866340317	22.421745141341713	17.05086382251778	15.651721800508632	19.22129317269571	2.69644673962644	80.88545526967788
1.130727165149883	0.01	0.01	0.01	0.007	0.01	0.9528166286448851	0.10746808038054216	0.05100587678989962	0.041471063409838096	0.048672353444256494	23.95654142019176	18.01822007538048	16.49589024676692	20.217076197226287	2.8342490392023056	79.89531098552101
1.1958042978954133	0.01	0.01	0.01	0.007	0.01	0.9564201576782819	0.10747074103223239	0.05100683202329057	0.04147157172792584	0.04867234979757707	25.54975240844019	19.015752486653756	17.36946645108996	21.244059190605363	2.97680423204995	78.86985921958495
1.2640879596893901	0.01	0.01	0.01	0.007	0.01	0.9594042297817593	0.107472312971525	0.05100756381075513	0.041472061166924964	0.048672347143838376	27.20200091987413	20.04392264605599	18.273264727743523	22.302749704599865	3.124239804310066	77.808027992185
1.3357843081584428	0.01	0.01	0.01	0.007	0.01	0.9618481459367353	0.10747321627529573	0.05100812551839631	0.04147253272978335	0.048672345160155395	28.914278693753538	21.10335971180982	19.208289113927947	23.393825722937983	3.2767133886155944	76.70851007788379
1.4111322362971843	0.01	0.01	0.01	0.007	0.01	0.9638265721947338	0.10747372031251778	0.05100855818997891	0.04147298744707834	0.04867234365149684	30.687993409156892	22.19487500145537	20.175756464638418	24.518152452453624	3.4344164100799572	75.56973301844236
1.4904078425854177	0.01	0.01	0.01	0.007	0.01	0.9654086035976303	0.1074739928787162	0.05100889296449793	0.041473426354722044	0.048672342490798645	32.52499280624393	23.319463086796446	21.17710936026304	25.676784946508977	3.597576038055599	74.38984051965919
1.5739285118834232	0.01	0.01	0.01	0.007	0.01	0.9666571631469022	0.10747413539361132	0.05100915329752263	0.04147385046999223	0.04867234159034195	34.427559384146214	24.478285159601153	22.21401519085849	26.870952269073	3.766454848477792	73.16668948968882
1.662055674513	0.01	0.01	0.01	0.007	0.01	0.9676286959207457	0.10747420724788335	0.0510093568073189	0.041474260762817225	0.048672340887197525	36.39835495742308	25.672621889732273	23.288339922923445	28.10201008733491	3.9413463254848633	71.89787628929962
1.755193227953335	0.01	0.01	0.01	0.007	0.01	0.968373103862642	0.10747424207184174	0.051009516726476564	0.04147465811214345	0.04867234033514297	38.440252706064406	26.90375842535767	24.40206218795717	29.371323204869782	4.122560619622227	70.58083296661263
1.8537724892058756	0.01	0.01	0.01	0.007	0.01	0.9689338623819289	0.10747425823569046	0.051009643004560075	0.04147504321968811	0.04867233989975129	40.55587668386466	28.172695481988697	25.55702865952785	30.679968575198178	4.310384493144156	69.21311140449707
1.9581961395258203	0.01	0.01	0.01	0.007	0.01	0.9693482600289234	0.1074742653907527	0.05100974312194215	0.04147541640684571	0.048672339555208964	42.74632604695821	29.479381873827876	26.754262872294476	32.02794411502826	4.504968793155761	67.79319909083225
2.068657629799329	0.01	0.01	0.01	0.007	0.01	0.9696477029207583	0.10747426839670662	0.05100982266380716	0.04147577709906457	0.04867233928222788	45.007551596482244	30.82058315445131	27.991981887383503	33.41196832686824	4.706006512260564	66.32287871522925
2.1846324673513404	0.01	0.01	0.01	0.007	0.01	0.9698580939377387	0.10747426958911552	0.051009885695977426	0.041476122655281236	0.04867233906673692	47.32086909936602	32.18438665796158	29.260371637942892	34.81980212621626	4.911886325872412	64.81347529105949
2.304005790640163	0.01	0.01	0.01	0.007	0.01	0.9700007047006106	0.10747427003481885	0.05100993510495765	0.04147644718756988	0.048672338898716416	49.6382289462273	33.54188139370057	30.5334069981336	36.22163843983203	5.1183711109867085	63.29570913788333
2.423441716269486	0.01	0.01	0.01	0.007	0.01	0.9700940542728913	0.10747427019400871	0.05100997330511846	0.041476744700641506	0.04867233876968336	51.893459233977666	34.85429191641306	31.774860173529632	37.57743643835299	5.319582171258868	61.81271705679256
2.5409180507973126	0.01	0.01	0.01	0.007	0.01	0.970154312278707	0.1074742702502834	0.05101000284517855	0.0414770150689679	0.04867233867057103	54.05124517850038	36.101613755964095	32.965211914667684	38.86649627105038	5.512363545902576	60.38795631575812
2.6564491694198753	0.01	0.01	0.01	0.007	0.01	0.9701934743677524	0.10747427027051071	0.051010026067645604	0.041477262389165416	0.04867233859311999	56.11615125015351	37.28720986650818	34.10681539571109	40.092247590086814	5.697107611804736	59.01882043119435
2.77092162046449	0.01	0.01	0.01	0.007	0.01	0.9702192575155181	0.10747427027793548	0.051010044732133025	0.041477490885205075	0.04867233853123017	58.107494970565924	38.4227656293309	35.21020495212775	41.266733019837645	5.875528439295548	57.69284887026126
2.885196833455168	0.01	0.01	0.01	0.007	0.01	0.9702363998244017	0.10747427028069777	0.05101006003099245	0.041477703678196046	0.04867233848080731	60.04237932266911	39.518425734074725	36.2847627075969	42.400418411417945	6.04914906836301	56.398875924144555
2.9997834014768743	0.01	0.01	0.01	0.007	0.01	0.9702478462990382	0.10747427028172989	0.05101007275395923	0.041477902870283356	0.048672338439142614	61.93053787969772	40.57994409865626	37.33584011886561	43.49923960981456	6.2188375232102455	55.13051760333338
3.1148306110926876	0.01	0.01	0.01	0.007	0.01	0.9702554890034502	0.10747427028211481	0.05101008343999992	0.041478089834303386	0.0486723384043816	63.775094830435265	41.60924904516493	38.3651403243459	44.565179053704384	6.384870933440353	53.8857560056466
3.230261947778809	0.01	0.01	0.01	0.007	0.01	0.9702605808097072	0.10747427028225773	0.05101009247924666	0.04147826553011082	0.04867233837517782	65.57543802507632	42.60616281405587	39.372285560721195	45.598039414850525	6.547190427310123	52.66508330398222
3.345920453035143	0.01	0.01	0.01	0.007	0.01	0.9702639647524339	0.10747427028231053	0.05101010017088079	0.04147843074845587	0.04867233835049823	67.32988281475694	43.569940036261464	40.35628760230429	46.5970337276927	6.705639255576547	51.469741457495246
3.4616683661997585	0.01	0.01	0.01	0.007	0.01	0.9702662096905086	0.10747427028233002	0.051010106753221124	0.04147858623679588	0.04867233832952255	69.0372802128153	44.500166558683	41.316445108433776	47.56171617806073	6.86010756815665	50.30063760892254
3.577427651753385	0.01	0.01	0.01	0.007	0.01	0.9702676977179038	0.10747427028233716	0.05101011241915418	0.041478732727749525	0.04867233831158943	70.69753636179203	45.3970292583886	42.25264034299461	48.49226276487468	7.010579913785283	49.157978270550366
3.693176729582968	0.01	0.01	0.01	0.007	0.01	0.9702686838486189	0.10747427028233981	0.05101011732508987	0.041478870922063996	0.04867233829616534	72.31143684311122	46.261199389913585	43.16524748486365	49.389351621898165	7.157120108099972	48.04137360896753
3.808927312987107	0.01	0.01	0.01	0.007	0.01	0.9702693374445261	0.10747427028234086	0.051010121597479016	0.04147900146630795	0.04867233828282132	73.88022144039716	47.09358745767373	44.05489812513272	50.25390962718658	7.299833258823185	46.95011816331845
3.9247005181595975	0.01	0.01	0.01	0.007	0.01	0.9702697707018146	0.10747427028234119	0.05101012533837086	0.041479124941821245	0.04867233827121254	75.40520971601455	47.89513590238432	44.92227195632092	51.086897603365465	7.438832027924184	45.88344444635108
4.04051189174384	0.01	0.01	0.01	0.007	0.01	0.9702700579085575	0.10747427028234131	0.05101012863030274	0.041479241865606704	0.04867233826106157	76.88759630621719	48.666710384584626	45.767980822560034	51.88919739720264	7.574218026918075	44.84066506822689
4.156366442926223	0.01	0.01	0.01	0.007	0.01	0.9702702482790412	0.10747427028234137	0.051010131540436834	0.041479352698037375	0.04867233825214333	78.32840229672176	49.4090773618231	46.59254007848883	52.66158837770027	7.706077282932799	43.821209037961815
4.272260655817788	0.01	0.01	0.01	0.007	0.01	0.9702703744406608	0.10747427028234138	0.0510101341238923	0.041479457852444994	0.04867233824427408	79.72851941309655	50.122930513534364	47.39639268533853	53.404774697591215	7.834484158415417	42.82459326192255
4.388186979072888	0.01	0.01	0.01	0.007	0.01	0.9702704580338278	0.10747427028234138	0.051010136426311435	0.04147955770340374	0.04867233823730178	81.08877738482782	50.808927620253	48.1799470501954	54.119423526856494	7.959507441973355	41.850376535842734
4.504137840194741	0.01	0.01	0.01	0.007	0.01	0.9702705134124058	0.10747427028234138	0.05101013848579455	0.04147965259274547	0.04867233823110067	82.40999591432526	51.467717732249724	48.943606648575184	54.80619329355696	8.081215092543063	40.89812305833227
4.6201077594221145	0.01	0.01	0.01	0.007	0.01	0.9702705500948571	0.10747427028234138	0.051010140334354144	0.041479742833585055	0.048672338225565485	83.69300758325606	52.09995237012158	49.68778335074786	55.46574537142639	8.199676358950528	39.967385728393715
4.736093705217723	0.01	0.01	0.01	0.007	0.01	0.9702705743909424	0.10747427028234138	0.05101014199902686	0.04147982871316101	0.04867233822060733	84.9386581148641	52.70628493180712	50.41289783303064	56.09874350380071	8.314961831585148	39.05770535893832
4.852094342870791	0.01	0.01	0.01	0.007	0.01	0.9702705904820331	0.10747427028234138	0.0510101435027455	0.041479910495146585	0.048672338216151564	86.14779485600216	53.28736440351357	51.11937312002076	56.70584727775172	8.427142402457118	38.1686185162647
4.968109097917812	0.01	0.01	0.01	0.007	0.01	0.9702706011384267	0.10747427028234138	0.05101014486503949	0.0414799884218051	0.04867233821213494	87.32125506710521	53.84382935798823	51.80762788374834	57.28770587364601	8.53628819360883	37.299665801520355
5.084137434113708	0.01	0.01	0.01	0.007	0.01	0.9702706081952882	0.10747427028234138	0.05101014610260593	0.04148006271605464	0.048672338208503384	88.45985814289693	54.37630420290175	52.47807191353204	57.844954142485086	8.64246783694308	36.450397532797716
5.2001785306465775	0.01	0.01	0.01	0.007	0.01	0.9702706128682205	0.10747427028234138	0.051010147229778376	0.04148013358340548	0.04867233820521086	89.5644029113134	54.88539806077597	53.13110448533512	58.37821142069112	8.745748218080875	35.62037584978932
5.316231289719394	0.01	0.01	0.01	0.007	0.01	0.9702706159623918	0.10747427028234138	0.05101014825891175	0.04148020121370899	0.04867233820221772	90.6356684827137	55.37170537447749	53.76711479778673	58.88808214676851	8.84619454878899	34.80917422582258
5.432294544028888	0.01	0.01	0.01	0.007	0.01	0.9702706180110887	0.10747427028234138	0.05101014920069841	0.041480265782688444	0.04867233819949004	91.67441681232421	55.8358072571972	54.38648343638867	59.37515726095853	8.943870601199446	34.016375656985566
5.548367133654461	0.01	0.01	0.01	0.007	0.01	0.9702706193674998	0.10747427028234138	0.05101015006442689	0.041480327453271265	0.04867233819699819	92.6813937764871	56.278272101606355	54.98958297846905	59.84001483269478	9.03883880509188	33.241571922841516
5.664448090614078	0.01	0.01	0.01	0.007	0.01	0.9702706202655231	0.10747427028234138	0.05101015085819518	0.04148038637674935	0.04867233819471659	93.65733100560443	56.69965647795802	55.57677906672672	60.28322099467791	9.131160418146179	32.484362228946196
5.780536631253881	0.01	0.01	0.01	0.007	0.01	0.9702706208600462	0.10747427028234138	0.05101015158908702	0.04148044269380784	0.048672338192623094	94.60294588551405	57.10050518806718	56.148430399945006	60.70532999281423	9.220895524932908	31.74435322549157
5.896632079419715	0.01	0.01	0.01	0.007	0.01	0.970270621253629	0.10747427028234138	0.051010152263318446	0.04148049653545445	0.04867233819069794	95.51894104517842	57.481351114821244	56.704888408427145	61.106884019975645	9.308102986657653	31.021159438924624
6.012733889562656	0.01	0.01	0.01	0.007	0.01	0.9702706215141789	0.10747427028234138	0.05101015288636008	0.0414805480238447	0.048672338188924524	96.40600471999849	57.84271545867919	57.24649745304665	61.48841345624974	9.392840473398252	30.314403031679255
6.128841562185974	0.01	0.01	0.01	0.007	0.01	0.9702706216866572	0.10747427028234138	0.05101015346304053	0.041480597273038024	0.04867233818728749	97.26481030153215	58.18510764511686	57.773594526638746	61.8504367616736	9.47516441852668	29.623714212230386
6.244954620790047	0.01	0.01	0.01	0.007	0.01	0.9702706218008313	0.10747427028234138	0.05101015399763379	0.041480644389675095	0.048672338185773906	98.0960164443376	58.50902548185454	58.28650928709462	62.19346063115582	9.555130025468365	28.948731221153434
6.361072611882421	0.01	0.01	0.01	0.007	0.01	0.9702706218764086	0.10747427028234138	0.051010154493932584	0.04148068947358542	0.04867233818437197	98.90026735896795	58.81495539392904	58.78556420321315	62.51798023153505	9.63279129215082	28.289100171045288
6.477195135750116	0.01	0.01	0.01	0.007	0.01	0.9702706219264359	0.10747427028234138	0.05101015495531165	0.041480732618327895	0.04867233818307119	99.67819330291142	59.10337272909018	59.27107482505673	62.824479513694406	9.708201054742133	27.64447472021356
6.593321815707822	0.01	0.01	0.01	0.007	0.01	0.9702706219595498	0.10747427028234138	0.051010155384781125	0.041480773911690444	0.04867233818186242	100.43041063462152	59.37474189333824	59.74334978440027	63.113431344848394	9.781410989326506	27.014516101928518
6.709452298104799	0.01	0.01	0.01	0.007	0.01	0.9702706219814684	0.10747427028234138	0.051010155785032464	0.041480813436137895	0.04867233818073763	101.15752209406264	59.62951657585228	60.20269093437684	63.385297735491626	9.852471635312426	26.398892971166838
6.825586283096988	0.01	0.01	0.01	0.007	0.01	0.9702706219959764	0.10747427028234138	0.051010156158476934	0.04148085126920961	0.048672338179689405	101.86011726150205	59.8681400312528	60.649393603476874	63.64053012801549	9.921432436444233	25.797281096374633
6.941723486197312	0.01	0.01	0.01	0.007	0.01	0.9702706220055789	0.10747427028234138	0.05101015650728088	0.041480887483896736	0.04867233817871137	102.53877257655537	60.091045205205546	61.08374657254971	63.87956951843447	9.988341738922273	25.209363421711256
7.0578636459713	0.01	0.01	0.01	0.007	0.01	0.9702706220119346	0.10747427028234138	0.05101015683339325	0.041480922148976015	0.048672338177797314	103.19405165655901	60.298654967463406	61.5060322397659	64.10284669262772	10.0532468186599	24.634829878618547
7.174006524041147	0.01	0.01	0.01	0.007	0.01	0.9702706220161414	0.10747427028234138	0.051010157138571974	0.0414809553293151	0.048672338176942345	103.82650555966258	60.49138232265487	61.91652675156469	64.31078243913544	10.116193903233889	24.073377242122604
7.290151889704966	0.01	0.01	0.01	0.007	0.01	0.9702706220189257	0.10747427028234138	0.0510101574244051	0.04148098708615662	0.04867233817614149	104.43667296398209	60.66963059471884	62.31550007922742	64.5037877336639	10.177228185493334	23.524709061479818
7.406299566092646	0.01	0.01	0.01	0.007	0.01	0.9702706220207685	0.10747427028234138	0.051010157692330714	0.04148101747735804	0.04867233817539044	105.02508066539605	60.83379370204636	62.703216304524446	64.68226402210057	10.23639386911854	22.98853530266504
7.5224493917086654	0.01	0.01	0.01	0.007	0.01	0.9702706220219882	0.10747427028234138	0.05101015794365274	0.041481046557636556	0.04867233817468557	105.59224361423064	60.984256291327156	63.07993360620097	64.8466033512196	10.29373416830068	22.46457239998591
7.6386011819710795	0.01	0.01	0.01	0.007	0.01	0.9702706220227956	0.10747427028234138	0.051010158179555745	0.041481074378796674	0.048672338174023146	106.13866499024344	61.12139389543158	63.44590426636848	64.99718852428072	10.349291310721796	21.952543285574603
7.754754790752206	0.01	0.01	0.01	0.007	0.01	0.9702706220233299	0.10747427028234138	0.051010158401118076	0.04148110098990667	0.04867233817340016	106.66483675690026	61.245573214203034	63.80137499667257	65.13439339138014	10.40310658914104	21.45217697280014
7.870910071917682	0.01	0.01	0.01	0.007	0.01	0.9702706220236834	0.10747427028234138	0.0510101586093222	0.0414811264374917	0.04867233817281347	107.1712397187528	61.35715225939834	64.14658693576676	65.2585829918999	10.455220362886493	20.963208595598765
7.987066887019879	0.01	0.01	0.01	0.007	0.01	0.9702706220239173	0.10747427028234138	0.05101015880506543	0.04148115076569785	0.04867233817226085	107.65834380319954	61.456480557998006	64.48177579606744	65.37011376089485	10.505672082059355	20.485379240027022
8.103225120684693	0.01	0.01	0.01	0.007	0.01	0.9702706220240722	0.10747427028234138	0.05101015898916808	0.041481174016439186	0.04867233817173957	108.12660835970107	61.5438993518685	64.8071720251239	65.46933373240226	10.554500313817492	20.01843575256368
8.219384672919965	0.01	0.01	0.01	0.007	0.01	0.9702706220241746	0.10747427028234138	0.051010159162381476	0.04148119622954157	0.048672338171247574	108.57648235198558	61.61974177045243	65.12300089517102	65.55658271320759	10.601742757765496	19.562130649121936
8.33554542834401	0.01	0.01	0.01	0.007	0.01	0.9702706220242424	0.10747427028234138	0.05101015932539439	0.04148121744288584	0.04867233817078283	109.00840446921445	61.68433299288191	65.42948253436758	65.63219244401519	10.64743625268973	19.116222109759324
8.45170730234435	0.01	0.01	0.01	0.007	0.01	0.9702706220242874	0.10747427028234138	0.051010159478839454	0.04148123769250982	0.04867233817034359	109.42280352900299	61.73799045568673	65.72683216413806	65.69648681370812	10.691616814068984	18.680473674559558
8.56787021030612	0.01	0.01	0.01	0.007	0.01	0.970270622024317	0.10747427028234138	0.05101015962329861	0.04148125701273188	0.04867233816992811	109.82009857662972	61.78102400580688	66.01526012439281	65.74978201129973	10.734319639803637	18.254654244969974
8.68403406761226	0.01	0.01	0.01	0.007	0.01	0.9702706220243367	0.10747427028234138	0.051010159759307123	0.041481275436255294	0.04867233816953482	110.20069910570683	61.813736074324666	66.29497198370879	65.79238670174445	10.77557912866993	17.838537962785434
8.800198789643694	0.01	0.01	0.01	0.007	0.01	0.9702706220243498	0.10747427028234138	0.05101015988735869	0.041481292994263765	0.048672338169162305	110.565005273899	61.836421846284374	66.5661686470382	65.82460219779718	10.815428898360187	17.43190409184763
8.916364322553086	0.01	0.01	0.01	0.007	0.01	0.9702706220243584	0.10747427028234138	0.05101016000790905	0.041481309716497314	0.04867233816880931	110.9134082040241	61.849369428851816	66.8290465295542	65.84672263255727	10.853901813130514	17.03453679834124
9.03253058941168	0.01	0.01	0.01	0.007	0.01	0.9702706220243641	0.10747427028234138	0.051010160121379294	0.04148132563135909	0.04867233816847465	111.24629001910546	61.852860001757094	67.08379753269318	65.85903510740398	10.891029982374478	16.646225227553437
9.14869754406322	0.01	0.01	0.01	0.007	0.01	0.9702706220243679	0.10747427028234138	0.05101016022815874	0.041481340765967475	0.04867233816815703	111.56402420357698	61.84716798087328	67.33060926566756	65.86181986170676	10.926844795151041	16.266763210234902
9.264865132657132	0.01	0.01	0.01	0.007	0.01	0.9702706220243704	0.10747427028234138	0.051010160328608285	0.04148135514624585	0.048672338167855815	111.86697568323753	61.832561168047775	67.56966505588298	65.85535042146377	10.961376923771999	15.895949287154119
9.381033301341985	0.01	0.01	0.01	0.007	0.01	0.970270622024372	0.10747427028234138	0.05101016042306217	0.04148136879698567	0.048672338167569634	112.1555010423163	61.80930090446585	67.80114406322407	65.8398937551511	10.994656342575132	15.53358657637355
9.497202011652735	0.01	0.01	0.01	0.007	0.01	0.9702706220243731	0.10747427028234138	0.05101016051183077	0.04148138174190178	0.048672338167297845	112.42994874800969	61.7776422146495	68.02522140367427	65.81571042052045	11.02671234790516	15.179482623177769
9.613371209736584	0.01	0.01	0.01	0.007	0.01	0.9702706220243738	0.10747427028234138	0.05101016059520225	0.041481394003705006	0.04867233816703963	112.69065925905274	61.737833958110286	68.24206818037169	65.78305471598165	11.057573564769863	14.833449394605804
9.729540849433718	0.01	0.01	0.01	0.007	0.01	0.9702706220243743	0.10747427028234138	0.05101016067344456	0.04148140560414592	0.04867233816679406	112.93796526340965	61.69011896664417	68.45185161964847	65.74217482119889	11.087267968534794	14.49530310855643
9.845710892277479	0.01	0.01	0.01	0.007	0.01	0.9702706220243748	0.10747427028234138	0.051010160746807226	0.04148141656406564	0.048672338166560546	113.17219185056697	61.63473418067041	68.6547351569382	65.6933129350513	11.115822899317237	14.164864139475467
9.961881292107137	0.01	0.01	0.01	0.007	0.01	0.9702706220243749	0.10747427028234138	0.05101016081552249	0.04148142690345073	0.048672338166338584	113.39365665164875	61.57191079145217	68.8508784953089	65.63670541864313	11.143265072510635	13.84195696833666
10.078052033536373	0.01	0.01	0.01	0.007	0.01	0.970270622024375	0.10747427028234138	0.05101016087980715	0.041481436641458314	0.048672338166127406	113.60267007976167	61.50187435199107	69.04043775374573	65.57258290986968	11.169620601831632	13.526409984209115
10.194223108872464	0.01	0.01	0.01	0.007	0.01	0.9702706220243751	0.10747427028234138	0.05101016093986307	0.04148144579646932	0.048672338165926365	113.79953544123671	61.424844913629954	69.22356550539581	65.50117046017007	11.194915006813755	13.218055463711496
10.310394464260138	0.01	0.01	0.01	0.007	0.01	0.9702706220243752	0.10747427028234138	0.05101016099587905	0.04148145438615568	0.048672338165734984	113.98454901078878	61.34103719158566	69.40041077590791	65.42268769916987	11.21917321501635	12.91672962249419
10.426566076618792	0.01	0.01	0.01	0.007	0.01	0.9702706220243752	0.10747427028234138	0.051010161048031494	0.04148146242747762	0.048672338165552984	114.15800032392212	61.25066064039078	69.57111924574029	65.33734891550942	11.242419592342157	12.622272321986229
10.542737938255218	0.01	0.01	0.01	0.007	0.01	0.9702706220243752	0.10747427028234138	0.051010161096485	0.04148146993672549	0.04867233816537952	114.32017229531799	61.15391957975113	69.73583329772768	65.2453631832469	11.264677951730297	12.33452703146266
10.658909995313435	0.01	0.01	0.01	0.007	0.01	0.9702706220243752	0.10747427028234138	0.05101016114139429	0.04148147692958548	0.04867233816521449	114.47134128554885	61.05101336535238	69.89469200607851	65.14693453169242	11.285971554134854	12.05334089671479
10.775082240099975	0.01	0.01	0.01	0.007	0.01	0.9702706220243752	0.10747427028234138	0.05101016118290371	0.04148148342112068	0.048672338165057415	114.61177737761162	60.94213642793267	70.0478313410064	65.04226198973838	11.306323138562867	11.778564430391736
10.891254657227528	0.01	0.01	0.01	0.007	0.01	0.9702706220243752	0.10747427028234138	0.05101016122114861	0.041481489425828647	0.048672338164907715	114.74174444217287	60.82747842929312	70.19538416236038	64.93153974101492	11.32575492348388	11.510051568570299
11.007427223614899	0.01	0.01	0.01	0.007	0.01	0.9702706220243752	0.10747427028234138	0.051010161256256174	0.04148149495766835	0.04867233816476536	114.86150028232757	60.70722437512928	70.33748029202958	64.81495723823434	11.344288618951543	11.247659591187706
11.123599931568455	0.01	0.01	0.01	0.007	0.01	0.9702706220243752	0.10747427028234138	0.05101016128834548	0.04148150003007351	0.04867233816462971	114.97129679573288	60.58155469964996	70.47424661126769	64.69269928994206	11.361945441857547	10.99124899401765
11.239772758006874	0.01	0.01	0.01	0.007	0.01	0.9702706220243752	0.10747427028234138	0.05101016131752822	0.04148150465599315	0.04867233816450069	115.07138007774365	60.45064540327977	70.60580709039313	64.56494619861192	11.378746122300937	10.740683484215241
11.35594569523644	0.01	0.01	0.01	0.007	0.01	0.9702706220243752	0.10747427028234138	0.05101016134390983	0.04148150884789764	0.04867233816437784	115.16199058236833	60.31466812284815	70.73228289086987	64.43187383307844	11.39471091929464	10.495829840065495
11.472118720175729	0.01	0.01	0.01	0.007	0.01	0.9702706220243752	0.10747427028234138	0.05101016136758877	0.041481512617817094	0.048672338164260934	115.24336322455287	60.173790267329146	70.85379239477132	64.29365376475126	11.409859627086837	10.256557906720285
11.588291832824808	0.01	0.01	0.01	0.007	0.01	0.9702706220243752	0.10747427028234138	0.05101016138865789	0.04148151597734003	0.048672338164149745	115.31572753462454	60.028175070823714	70.97045130874274	64.15045332280448	11.424211590847968	10.022740446952517
11.70446501010219	0.01	0.01	0.01	0.007	0.01	0.9702706220243752	0.10747427028234138	0.05101016140720441	0.04148151893765865	0.048672338164044066	115.37930774902013	59.877981745070144	71.08237267717037	64.0024357468903	11.437785710943714	9.794253168738372
11.820638244314058	0.01	0.01	0.01	0.007	0.01	0.9702706220243752	0.10747427028234138	0.05101016142331085	0.04148152150956527	0.04867233816394356	115.43432295604288	59.72336552635934	71.18966698168951	63.84976023612861	11.450600457881146	9.5709745809459
11.93681151237887	0.01	0.01	0.01	0.007	0.01	0.9702706220243752	0.10747427028234138	0.05101016143705429	0.041481523703486546	0.048672338163847896	115.48098719649174	59.5644778074458	71.29244217019651	63.69258208164934	11.462673878537776	9.352785989433816
12.052984829684355	0.01	0.01	0.01	0.007	0.01	0.9702706220243752	0.10747427028234138	0.05101016144850775	0.04148152552946967	0.048672338163757295	115.51950959996088	59.40146615386277	71.39080376174365	63.531052684878375	11.474023611347704	9.139571333026113
12.169158173148952	0.01	0.01	0.01	0.007	0.01	0.9702706220243752	0.10747427028234138	0.05101016145773976	0.04148152699724102	0.048672338163671086	115.55009446627979	59.23447449721342	71.48485483457543	63.36531975085859	11.484666887701962	8.93121726639408
12.285331542772667	0.01	0.01	0.01	0.007	0.01	0.9702706220243752	0.10747427028234138	0.051010161464815136	0.04148152811618575	0.04867233816358948	115.57294139844599	59.06364313624374	71.57469613454847	63.19552729132273	11.494620547387207	8.727612985205855
12.401504930861645	0.01	0.01	0.01	0.007	0.01	0.9702706220243752	0.10747427028234138	0.05101016146979478	0.041481528895379316	0.048672338163512	115.58824539919304	58.889108863844	71.66042610237132	63.02181575240307	11.50390104450656	8.528650224079517
12.517678322028166	0.01	0.01	0.01	0.007	0.01	0.9702706220243752	0.10747427028234138	0.05101016147273611	0.04148152934360096	0.04867233816343859	115.59619697837462	58.711005050450964	71.74214092734368	62.844322099198806	11.5125244564751	8.3342231975173
12.63385171627223	0.01	0.01	0.01	0.007	0.01	0.9702706220243752	0.10747427028234138	0.05101016147369357	0.04148152946933204	0.04867233816336899	115.59698225722875	58.529461689031905	71.81993461488118	62.663179861958795	11.520506494322962	8.144228504938983
12.750025098206121	0.01	0.01	0.01	0.007	0.01	0.9702706220243752	0.10747427028234138	0.05101016147271827	0.04148152928078655	0.04867233816330335	115.59078306637593	58.3446055206753	71.89389901485819	62.4785192625592	11.527862508783555	7.958565127281479
12.866198475523698	0.01	0.01	0.01	0.007	0.01	0.9702706220243752	0.10747427028234138	0.051010161469858366	0.041481528785899044	0.04867233816324138	115.57777704282559	58.156560050591864	71.96412389562522	62.29046723163223	11.534607501021622	7.777134311102693
12.982371832837243	0.01	0.01	0.01	0.007	0.01	0.9702706220243752	0.10747427028234138	0.051010161465159465	0.041481527992363106	0.04867233816318265	115.55813772808041	57.96544569645404	72.03069696237962	62.099147557835295	11.540756127709624	7.5998395898990605
13.098545170146764	0.01	0.01	0.01	0.007	0.01	0.9702706220243752	0.10747427028234138	0.05101016145866469	0.041481526907618665	0.04867233816312753	115.53203465844965	57.77137979984237	72.0937039277279	61.90468090031635	11.546322711182203	7.426586672045697
13.214718479758409	0.01	0.01	0.01	0.007	0.01	0.9702706220243752	0.10747427028234138	0.051010161450414405	0.041481525538875005	0.048672338163075556	115.49963345919117	57.574476735198594	72.15322854346742	61.707184898642026	11.551321245755389	7.257283426607638
13.330891769366035	0.01	0.01	0.01	0.007	0.01	0.9702706220243752	0.10747427028234138	0.05101016144044678	0.04148152389310649	0.048672338163026796	115.46109592760544	57.37484794069271	72.20935265713541	61.50677420450215	11.555765406209614	7.091839800577483
13.447065015888102	0.01	0.01	0.01	0.007	0.01	0.9702706220243752	0.10747427028234138	0.05101016142879819	0.04148152197708938	0.04867233816298107	115.4165801351874	57.17260206562763	72.26215623305143	61.303560630341465	11.559668553284302	6.9301678370182955
13.563238219324624	0.01	0.01	0.01	0.007	0.01	0.9702706220243752	0.10747427028234138	0.05101016141550265	0.04148151979737695	0.04867233816293815	115.36624049599591	56.967844945010505	72.31171742145668	61.09765312450914	11.56304374295774	6.772181550983523
13.67941138736946	0.01	0.01	0.01	0.007	0.01	0.9702706220243752	0.10747427028234138	0.051010161400592384	0.04148151736031729	0.04867233816289821	115.31022785195479	56.76067968980241	72.35811259095273	60.889157862406314	11.565903732544532	6.617796907702932
13.795584512328778	0.01	0.01	0.01	0.007	0.01	0.9702706220243752	0.10747427028234138	0.05101016138409759	0.04148151467207465	0.048672338162861005	115.24868956528961	56.55120679171696	72.40141635987823	60.67817835241843	11.568260986926864	6.466931808673366
13.911757594202598	0.01	0.01	0.01	0.007	0.01	0.9702706220243752	0.10747427028234138	0.051010161366046976	0.04148151173862281	0.04867233816282631	115.18176958793683	56.33952414468565	72.4417016458027	60.46481545800301	11.570127685865879	6.319506016727894
14.027930632990934	0.01	0.01	0.01	0.007	0.01	0.9702706220243752	0.10747427028234138	0.051010161346467436	0.041481508565756754	0.04867233816279434	115.10960854248977	56.12572711914557	72.47903970099323	60.24916747288768	11.57151573026852	6.175441123943275
14.144103628693804	0.01	0.01	0.01	0.007	0.01	0.9702706220243752	0.10747427028234138	0.05101016132538454	0.04148150515909884	0.04867233816276472	115.0323437982277	55.90990862145008	72.51350015038403	60.031330181303964	11.572436748546876	6.034660509936285
14.260276573617395	0.01	0.01	0.01	0.007	0.01	0.9702706220243752	0.10747427028234138	0.05101016130282191	0.04148150152411034	0.04867233816273751	114.95010955101904	55.69215916639579	72.54515102667582	59.81139693147102	11.572902102816569	5.897089310117149
14.376449467761729	0.01	0.01	0.01	0.007	0.01	0.9702706220243752	0.10747427028234138	0.0510101612788026	0.04148149766608799	0.048672338162712776	114.86303688565546	55.47256690532293	72.5740588111415	59.589458664218306	11.572922895088618	5.762654357237157
14.492622311126828	0.01	0.01	0.01	0.007	0.01	0.9702706220243752	0.10747427028234138	0.05101016125334744	0.04148149359017401	0.04867233816269024	114.77125385140661	55.25121769561093	72.6002884664889	59.365603983372765	11.572509973096192	5.631284152123175
14.60879508063127	0.01	0.01	0.01	0.007	0.01	0.9702706220243752	0.10747427028234138	0.05101016122647664	0.041481489301376455	0.04867233816266993	114.67488555094401	55.02819519928017	72.62390346704917	59.139919255663976	11.571673936301142	5.502908850860872
14.72496779935653	0.01	0.01	0.01	0.007	0.01	0.9702706220243752	0.10747427028234138	0.051010161198208864	0.04148148480453106	0.048672338162651825	114.57405415105738	54.8035808030789	72.64496584692282	58.912488529982745	11.570425141100525	5.3774601508437785
14.841140467302635	0.01	0.01	0.01	0.007	0.01	0.9702706220243752	0.10747427028234138	0.051010161168561864	0.04148148010434951	0.04867233816263563	114.4688790040712	54.57745380228439	72.66353621769458	58.68339372342125	11.568773706656682	5.254871332435061
14.957313069081994	0.01	0.01	0.01	0.007	0.01	0.9702706220243752	0.10747427028234138	0.051010161137551795	0.04148147520541944	0.04867233816262144	114.35947670953269	54.3498914376073	72.67967380423973	58.45271465883243	11.566729520565678	5.135077212762165
15.073485612388447	0.01	0.01	0.01	0.007	0.01	0.9702706220243752	0.10747427028234138	0.051010161105194594	0.04148147011218533	0.048672338162609366	114.24596114185985	54.12096886936123	72.69343648202155	58.2205290386914	11.564302243529765	5.018014070931954
15.189658097222024	0.01	0.01	0.01	0.007	0.01	0.9702706220243752	0.10747427028234138	0.05101016107150464	0.041481464828971866	0.04867233816259917	114.12844353970377	53.89075928545219	72.70488080286592	57.98691255454758	11.56150131493658	4.90361964680129
15.30583051588896	0.01	0.01	0.01	0.007	0.01	0.9702706220243752	0.10747427028234138	0.051010161036495416	0.041481459359988405	0.048672338162590784	114.00703256766303	53.65933394888794	72.71406202588938	57.75193893525468	11.55833595803429	4.791833106966617
15.422002868389296	0.01	0.01	0.01	0.007	0.01	0.9702706220243752	0.10747427028234138	0.05101016100017961	0.04148145370932285	0.04867233816258429	113.8818343596847	53.42676221325415	72.7210341484649	57.515679962654346	11.554815184492988	4.682594997265881
15.538175162416849	0.01	0.01	0.01	0.007	0.01	0.9702706220243752	0.10747427028234138	0.05101016096256904	0.04148144788094623	0.04867233816257946	113.75295257544163	53.19311156725029	72.72584993427351	57.27820551671181	11.550947799107732	4.5758472120085445
15.65434740566543	0.01	0.01	0.01	0.007	0.01	0.9702706220243752	0.10747427028234138	0.05101016092367476	0.04148144187872052	0.04867233816257648	113.62048846438688	52.95844769383003	72.72856094064082	57.03958363551216	11.546742404689883	4.4715329706982025
15.770519582747509	0.01	0.01	0.01	0.007	0.01	0.9702706220243752	0.10747427028234138	0.051010160883506996	0.041481435706418164	0.04867233816257505	113.48454094821875	52.72283456002539	72.7292175461348	56.79988060653245	11.542207407610714	4.3695968078180325
15.886691693663124	0.01	0.01	0.01	0.007	0.01	0.9702706220243752	0.10747427028234138	0.05101016084207501	0.04148142936769966	0.04867233816257537	113.34520663136553	52.486334381274474	72.72786897865969	56.55916093028871	11.537351020961376	4.269984508397702
16.0	0.01	0.01	0.01	0.007	0.01	0.9702706220243752	0.10747427028234138	0.05101016080045561	0.04148142461579198	0.04867233816257706	113.20613458725235	52.254867463393545	72.72466798053878	56.32345582915562	11.532312412902314	4.1750157542981805
