0.0	0.01	0.01	0.01	0.007	0.01	0.0	0.0	0.0	0.0	0.0	0.0	0.0	0.0	0.0	0.0	100.0
0.0033772353712662726	0.01	0.01	0.01	0.007	0.01	0.011104454020265716	0.0026678491465530777	0.003173713678585579	0.003907506899763647	0.005634823177679478	0.0006732888472269477	0.0009005805315215191	0.0018882938986634773	0.004470701297634519	0.000500579848654135	99.91996001570136
0.005268872815534603	0.01	0.01	0.01	0.007	0.01	0.017259629004087604	0.004132095560444322	0.004861146420205397	0.0059042431459878225	0.008662911648523546	0.0016338298439239484	0.00218036108418815	0.004538064909074635	0.010641563923457251	0.0012060266818803879	99.87515647916065
0.008184196387280383	0.01	0.01	0.01	0.007	0.01	0.026655926156133696	0.006347361499020627	0.007341566466696899	0.008736096108234958	0.013157381565104497	0.003923851470034407	0.0052179694738887315	0.010738950597650305	0.02482142196536153	0.0028647961800954587	99.80614621645766
0.010810379108261894	0.01	0.01	0.01	0.007	0.01	0.035027918926725195	0.008300760320593497	0.00945710957009525	0.011053146834991916	0.01703430177742819	0.006817653649360039	0.009037563832805557	0.01841503814061329	0.042029086136508076	0.004929073940457428	99.74402119460191
0.013871459501031306	0.01	0.01	0.01	0.007	0.01	0.04467705376097289	0.010528313640023556	0.011788605461291003	0.01350053593713093	0.021357454553269213	0.0111710906050953	0.014754408780384922	0.02972041698634565	0.06686863953881292	0.007985959651270209	99.67165703064533
0.01696200222587737	0.01	0.01	0.01	0.007	0.01	0.054301109556665776	0.012724636288335138	0.014004009808635112	0.01572145867531171	0.02551901287884057	0.01662220842311904	0.02187358106179118	0.04356039411484203	0.09664680556437781	0.011749986482248941	99.59864963538253
0.02028979389552002	0.01	0.01	0.01	0.007	0.01	0.06453310325766766	0.015031812391354284	0.01624324661468687	0.017861123663944396	0.02978433754996119	0.023660091364204303	0.031012852913393993	0.06101755648774604	0.13342201114824132	0.016526500413839566	99.5200975369292
0.023734068538338492	0.01	0.01	0.01	0.007	0.01	0.07498218794064745	0.017358258538005385	0.018411187161673382	0.019830362329433075	0.033977334757963315	0.03220023491779067	0.04203697048061666	0.0816942139787293	0.17605431103782568	0.022219855880110967	99.43886111587231
0.02735461513043673	0.01	0.01	0.01	0.007	0.01	0.08581345640138657	0.01973811449633384	0.020536774672156238	0.02166179462027153	0.038157421550458995	0.04253204913914188	0.05529168173515169	0.10609368064121677	0.22529144054048864	0.028982811458213013	99.35353864515866
0.031117935513705272	0.01	0.01	0.01	0.007	0.01	0.0969084395818931	0.022142449783914626	0.022591073935113053	0.023336726836449224	0.04227189337724087	0.054717678443615005	0.07082474279733432	0.13414371280247975	0.2806885997498495	0.03681158463223206	99.26492913745291
0.03504371785355895	0.01	0.01	0.01	0.007	0.01	0.10830751180153471	0.024577382055477853	0.024577629293065416	0.024865937252953642	0.04633102842139987	0.06897244599920281	0.08887536650565389	0.16610769026264824	0.34247630476749713	0.04579752021452499	99.17257858834263
0.0391260716525807	0.01	0.01	0.01	0.007	0.01	0.11997473209970466	0.027032511390037692	0.026486607085194055	0.026250027375228795	0.050316493056270686	0.08543582729962507	0.10958058309420461	0.20204724475956345	0.4104860757565496	0.05597777715619534	99.07663595943816
0.043375282170899414	0.01	0.01	0.01	0.007	0.01	0.13192012311599463	0.02950727700622679	0.02831694053038685	0.027496957966836755	0.05422337949089866	0.10431376094882822	0.13315553223214507	0.24214463493950245	0.4847842695995535	0.06742516247110186	98.9768704833394
0.04779511062988164	0.01	0.01	0.01	0.007	0.01	0.14413369528183245	0.031996872574703177	0.030064832471288945	0.028613000355899712	0.05803168542608	0.12579665926549	0.15978912691450506	0.2865181017494752	0.5653186283185726	0.08019479092967342	98.87320572761517
0.052394834970074314	0.01	0.01	0.01	0.007	0.01	0.15661939437791728	0.03449932869836125	0.03172911932526614	0.02960637358806277	0.061709127255098944	0.15011186457952305	0.18970895841464913	0.33533238166643853	0.65212682737023	0.0943523489965894	98.76543690024003
0.05718312909064863	0.01	0.01	0.01	0.007	0.01	0.16937757700547867	0.03701185402449784	0.03330850275110399	0.03048518586467491	0.06519333946461107	0.17749903715097204	0.22314952489699025	0.38874312769438235	0.7452340415923268	0.10995196119096323	98.65337477916798
0.0621667175727182	0.01	0.01	0.01	0.007	0.01	0.1824016561574291	0.039530253828519636	0.03480135377586189	0.03125734275075252	0.06838034442707902	0.20820025025833322	0.2603395656542182	0.44687761095167294	0.8446239030606064	0.12701974906175986	98.53687714728677
0.06732547970404942	0.01	0.01	0.01	0.007	0.01	0.19561548204063553	0.04203729182186015	0.036199652522675124	0.031927791878145956	0.07111598744057555	0.24228539885940983	0.3012929240624663	0.5095208135395004	0.9497230089069566	0.14544726044304598	98.4164295175099
0.07263914580827284	0.01	0.01	0.01	0.007	0.01	0.20894675605101481	0.044517511615745645	0.03749866800115564	0.03250374165814842	0.07325350523116873	0.2797854077741456	0.34597521635045864	0.5763990241686239	1.05991569359535	0.16506490574899182	98.29251909058567
0.078174956551421	0.01	0.01	0.01	0.007	0.01	0.2225401815802661	0.046995661959085215	0.038714735885170756	0.03300093137199633	0.07472718753880948	0.32136888947419007	0.39510201906167886	0.6483442692099723	1.176417199775057	0.18598409100849267	98.16359435411722
0.08398724049349292	0.01	0.01	0.01	0.007	0.01	0.23649538549052757	0.0494862981748224	0.03985643017619418	0.03342977890688538	0.07552956110680267	0.36771916318608894	0.44937969334274086	0.7261005369416933	1.3002387568004519	0.20825132572997435	98.02841274979487
0.0900437672283569	0.01	0.01	0.01	0.007	0.01	0.25069925955154515	0.05196561893920302	0.04091476124657694	0.033793587927220904	0.07572861472265655	0.4188681451132421	0.5087342750828728	0.8092607535441105	1.4305571273592703	0.2315698323864896	97.88774862139783
0.09633628867160166	0.01	0.01	0.01	0.007	0.01	0.2651001284022546	0.05442188792648824	0.04188831765922236	0.034098769851821635	0.07546161666722655	0.4750035670503432	0.573269873923487	0.8976897476304648	1.5670373974738847	0.25574410520256285	97.74181725552802
0.10289665059418289	0.01	0.01	0.01	0.007	0.01	0.2797367035111379	0.05685901834725881	0.04278254696313776	0.034353436719846205	0.07487123288858068	0.5366793478157207	0.6434990249943582	0.9918030814859435	1.7102170614447338	0.2807604055462032	97.58990597463277
0.10978796956219301	0.01	0.01	0.01	0.007	0.01	0.29470757294278493	0.05928983565602595	0.043605265043633754	0.034565361853643645	0.07407131397290229	0.6048224021794141	0.7203300757576516	1.092492315073478	1.8613363333935027	0.30674920833686525	97.43058533767204
0.11706866108935064	0.01	0.01	0.01	0.007	0.01	0.3100866805324793	0.06172157806975319	0.04436117802583866	0.034740549743101055	0.07314606495431152	0.6804283426312355	0.8047074939108256	1.2006163527152522	2.021549724848345	0.333838475448013	97.26254533324126
0.12478433573333951	0.01	0.01	0.01	0.007	0.01	0.32590781400342667	0.06415398190078705	0.04505221387798557	0.034883766905356085	0.07215757778723408	0.7644620377781525	0.897497368149704	1.3168609051233282	2.1917347001686167	0.36211869865934565	97.08478212071073
0.13296834280128164	0.01	0.01	0.01	0.007	0.01	0.3421692274372439	0.0665807834970891	0.04567891219277337	0.03499914660747352	0.07115188852834047	0.8578327549933219	0.9994610462805648	1.441724660687441	2.372494614212896	0.39164430176213905	96.89658394666192
0.14165028110823025	0.01	0.01	0.01	0.007	0.01	0.35885348537331874	0.06899333091177946	0.04624195854597835	0.03509058259393232	0.07016233054397412	0.961465482312813	1.1113343515038985	1.5756348923265742	2.564343150749327	0.42246471045614103	96.69733419708379
0.15086073438459074	0.01	0.01	0.01	0.007	0.01	0.375937371919239	0.07138232380641625	0.046742748487316244	0.0351617835720903	0.06921233674718308	1.0763490737584474	1.2338773400988297	1.7190159895072448	2.7678086050393245	0.4546402443150615	96.4864029467789
0.16063339008966265	0.01	0.01	0.01	0.007	0.01	0.39339543633934937	0.07373844480552862	0.04718347850235659	0.03521621441740971	0.06831784220242486	1.2035637739728606	1.3678989982098784	1.8723220677080201	2.9834806481571516	0.48824794422349704	96.26309961508457
0.17100488170366981	0.01	0.01	0.01	0.007	0.01	0.41119889783286545	0.07605230080951542	0.04756703153424506	0.0352570233224179	0.067489266244303	1.3442833668545844	1.514253682432615	2.03603517260138	3.212006150315731	0.5233794327526206	96.02667824382297
0.18201441879167396	0.01	0.01	0.01	0.007	0.01	0.42931433300285043	0.07831437358687912	0.04789686391862333	0.03528699702965582	0.06673292260492956	1.4997728749949983	1.6738330287864254	2.2106598862323636	3.4540796629418704	0.5601384127944612	95.77634772511514
0.19370334308815826	0.01	0.01	0.01	0.007	0.01	0.4477024929419364	0.08051502980214886	0.04817689882622174	0.03530854087625836	0.06605199517642478	1.6713828228970464	1.8475548869097642	2.3967165681912923	3.710431758622763	0.598638209478572	95.51128376003483
0.20611508345106352	0.01	0.01	0.01	0.007	0.01	0.4663180104956871	0.08264467190994616	0.04841142828038818	0.03532367944357466	0.06544719521481693	1.8605468946938635	2.0363565245859836	2.59474091491163	3.981825695170041	0.639000789179415	95.23063182487363
0.21929543550642663	0.01	0.01	0.01	0.007	0.01	0.4851097152886491	0.08469396640353301	0.04860500600743984	0.03533407255996933	0.06491723503895355	2.068783179146739	2.241192093250099	2.8052888023574916	4.269060681283514	0.6813568162772606	94.93350298884388
0.23329318269422147	0.01	0.01	0.01	0.007	0.01	0.5040214267034752	0.08665411112896454	0.04876232805454026	0.035341043506172176	0.06445920380570838	2.2977003976066843	2.463035458306083	3.028946596140603	4.572981957640714	0.7258466760040766	94.61896238459025
0.24816084568855476	0.01	0.01	0.01	0.007	0.01	0.5229927955840304	0.0885170792713107	0.048888103470702264	0.03534561631017204	0.06406890294416263	2.5490066052783105	2.7028856190520303	3.266343291490017	4.894492889519807	0.7726217158319244	94.28601531789145
0.2639553434836367	0.01	0.01	0.01	0.007	0.01	0.5419598903272681	0.09027580738986359	0.048986925236160675	0.03534855886457774	0.06374116400064744	2.8245167769975534	2.961771225368949	3.5181607272500215	5.234564302708038	0.8218450325253986	93.93359598985226
0.28073833051598907	0.01	0.01	0.01	0.007	0.01	0.5608553388158073	0.0919243184900024	0.04906315306211799	0.035350428267704403	0.06347015149177575	3.1261543360952633	3.2407498899223244	3.785137891314454	5.59423604566649	0.8736911298720377	93.5605640972035
0.29857605925443725	0.01	0.01	0.01	0.007	0.01	0.5796080699890634	0.09345779821464874	0.049120817650024205	0.035351614938817305	0.06324964299710198	3.455942286420271	3.540899131079948	4.068066856773316	5.974607776885528	0.92834406900415	93.16571251939327
0.31753867602939795	0.01	0.01	0.01	0.007	0.01	0.5981428400092142	0.09487265067422351	0.04916355143043867	0.03535238272050046	0.06307327871398269	3.815980252160753	3.8632968504929583	4.3677790074955505	6.376817384503438	0.9859939190557261	92.74778786008442
0.337699061972739	0.01	0.01	0.01	0.007	0.01	0.6163799422763125	0.09616656641592286	0.049194546796268654	0.035352903186906606	0.06293477534441876	4.208407698827999	4.208993080006655	4.685123600561834	6.802009893836356	1.0468319310055407	92.30552099555953
0.3591313618088218	0.01	0.01	0.01	0.007	0.01	0.634235427124394	0.09733861252901402	0.04921653947301357	0.03535328340505656	0.06282810477410769	4.635355123338997	4.578975855981557	5.020941251378482	7.251300344900105	1.1110449266464721	91.83766411024394
0.38190962992404687	0.01	0.01	0.01	0.007	0.01	0.6516222401016735	0.09838934594139613	0.049231813589718836	0.03535358725926091	0.06274763874640758	5.09889194439674	4.974139521519585	5.376039373879	7.7257400115924755	1.1788102306651311	91.34302453004955
0.40610696612644903	0.01	0.01	0.01	0.007	0.01	0.6684523669398958	0.09932091887500541	0.049242224329985	0.03535385102065201	0.06268826178690856	5.600980532692166	5.395263100876491	5.751175476408941	8.226293739938722	1.250292250528474	90.82048723821097
0.4317955081583379	0.01	0.01	0.01	0.007	0.01	0.6846398464775187	0.10013713539598512	0.04924923428646894	0.03535409415079667	0.06264545205526686	6.143446987778415	5.843006091937066	6.147053835549192	8.753835611149798	1.3256417432871797	90.26901845994904
0.4590472831135115	0.01	0.01	0.01	0.007	0.01	0.7001041410899619	0.10084341389497857	0.04925395957094918	0.03535432641124499	0.062615328352194	6.727972080780393	6.317922020139191	6.564335139391617	9.309162159739127	1.4049976836194782	89.68765094336186
0.48793562682430125	0.01	0.01	0.01	0.007	0.01	0.7147732695091223	0.10144663335811485	0.0492572215887953	0.035354552286065946	0.06259466130723289	7.356098561386024	6.820484131114167	7.003654126937642	9.893016284746912	1.488490779160523	89.07545791968367
0.5185366418566568	0.01	0.01	0.01	0.007	0.01	0.7285862178083538	0.10195487146059436	0.04925960024087949	0.03535477357106456	0.06258084959784178	8.029244160841959	7.351112860378521	7.465636797528077	10.506110447145012	1.57624701413255	88.43152754987567
0.5509301423969952	0.01	0.01	0.01	0.007	0.01	0.7414944290744729	0.10237706867350362	0.04926148469959979	0.03535499079321212	0.0625718663605644	8.74870744514189	7.910194307938587	7.9509088361305915	11.149137955264205	1.6683896050319753	87.75494958190811
0.5851998002174854	0.01	0.01	0.01	0.007	0.01	0.753462497006535	0.10272266444600173	0.049263118964146875	0.035355203935270925	0.06256618469199285	9.515658718587328	8.498084057226245	8.460091360788102	11.822767193935091	1.765038592316506	87.04481973501578
0.6214322941026118	0.01	0.01	0.01	0.007	0.01	0.7644682787171794	0.10300124408043193	0.04926464081361986	0.03535541277686348	0.06256269279628097	10.331110385169856	9.11509292470913	8.993781754896702	12.527615960398856	1.8663076069235898	86.30026501528171
0.659715715785502	0.01	0.01	0.01	0.007	0.01	0.7745027413156055	0.10322222484778687	0.049266114043769946	0.03535561704123428	0.06256060845960426	11.195872141670236	9.761459604917357	9.552524232111956	13.264212250571795	1.9722986644136027	85.52048355622448
0.7001375831406235	0.01	0.01	0.01	0.007	0.01	0.7835697083178709	0.10339459422177412	0.049267554549233615	0.035355816452376045	0.06255940020186422	12.110499739863693	10.437317026603013	10.136776066037305	14.032949509519092	2.083096092081725	84.70479076581024
0.7427832758482386	0.01	0.01	0.01	0.007	0.01	0.7916856009019112	0.10352670493717893	0.049268950916452794	0.035356010757363616	0.06255871953341112	13.07525722178168	11.14266670559759	10.746881742596567	14.834052589656794	2.198761902481879	83.8526547003068
0.7877356108283149	0.01	0.01	0.01	0.007	0.01	0.7988790570610016	0.10362612475540203	0.04927027996943831	0.03535619973850643	0.06255834614363967	14.090110091236516	11.877372626257257	11.383064966708611	15.667567370007344	2.3193344903293727	82.96370677373207
0.8350763319266344	0.01	0.01	0.01	0.007	0.01	0.8051902577789402	0.10369953858925225	0.049271517558857225	0.03535638322515373	0.06255814587066509	15.154766729337156	12.64118570232347	12.045448231022984	16.53338643731561	2.444832489826018	82.0377141521635
0.8848895346248893	0.01	0.01	0.01	0.007	0.01	0.8106697295565465	0.10375270022718647	0.049272644973493235	0.035356561105309325	0.06255804006656655	16.268766100178784	13.433796201048882	12.734098021931025	17.43130775512258	2.575263425786959	81.07451636473249
0.9372666204743222	0.01	0.01	0.01	0.007	0.01	0.8153765500833858	0.10379043164532743	0.049273651668251144	0.03535673333453163	0.06255798435059298	17.431598220617495	14.254904340495992	13.44908756328783	18.361115141991803	2.710635624699121	80.07393726881652
0.9923118005430581	0.01	0.01	0.01	0.007	0.01	0.8193760457244428	0.1038166654811422	0.049274535307320226	0.03535689993882747	0.0625579545914279	18.642830265767852	15.10429084981278	14.190561530174778	19.322659789594347	2.8509704410216754	79.03569397571322
1.0501475831503349	0.01	0.01	0.01	0.007	0.01	0.822737257011388	0.10383452284478722	0.049275300240049794	0.03535706101144154	0.06255793811364391	19.90222124585192	15.981877298819942	14.95879386018245	20.31593103883466	2.996313125665784	77.9593150399819
1.1109197218774467	0.01	0.01	0.01	0.007	0.01	0.8255304523177838	0.10384641491307961	0.049275955378569214	0.0353572167043007	0.06255792845338859	21.209810575703763	16.88776776100139	15.754231105008808	21.341106542454046	3.146740913650469	76.84407843358082
1.1748018544067493	0.01	0.01	0.01	0.007	0.01	0.8278249369806281	0.10385415579687307	0.04927651214922772	0.035357367216938065	0.06255792238263265	22.565983786079425	17.822275477925782	16.577524259059736	22.398585631973344	3.302368892441397	75.68896516681231
1.2419999426846784	0.01	0.01	0.01	0.007	0.01	0.8296872759127945	0.10385907534798328	0.049276982858653076	0.03535751278449072	0.0625579183000122	23.971516538249816	18.785936002519374	17.4295501766626	23.489007277382115	3.463353863142867	74.49262697273036
1.3127569975692341	0.01	0.01	0.01	0.007	0.01	0.831179971385028	0.1038621236200329	0.0492773795688604	0.03535765366646855	0.06255791539926332	25.427606002934702	19.779513150593043	18.31142811477149	24.613259606922615	3.629897239297645	73.2533602457485
1.3873583357615313	0.01	0.01	0.01	0.007	0.01	0.832360564536536	0.1038639619879482	0.04927771342792952	0.035357790136610945	0.06255791325684591	26.93589284220911	20.803999581121552	19.224533185644983	25.772482942385157	3.8022473139099686	71.969083646522
1.4661376554222376	0.01	0.01	0.01	0.007	0.01	0.8332811036041795	0.10386503886451613	0.0492779943461409	0.03535792247367072	0.06255791163436902	28.498476884055044	21.86061345373808	20.170508358807673	26.96806795898651	3.9807011941763966	70.63731694768646
1.5494838562140216	0.01	0.01	0.01	0.007	0.01	0.8339879090499129	0.10386565006466622	0.049278230902669265	0.0353580509516422	0.06255791038609206	30.11792132847881	22.95078686992386	21.15127167940949	28.201644132325264	4.165605761950564	69.25516564971365
1.6378474042691669	0.01	0.01	0.01	0.007	0.01	0.8345215673500131	0.10386598519199089	0.04927843038781202	0.035358175825029	0.0625579094157964	31.797218846691532	24.076127470269714	22.169002399838384	29.475037442913024	4.357354574568648	67.81933419377275
1.7317410794898114	0.01	0.01	0.01	0.007	0.01	0.8349170916960433	0.10386616209013898	0.049278598909952245	0.03535829729574562	0.06255790865618613	33.53962409390304	25.23828933857353	23.226047860730397	30.79012514382433	4.556369756083424	66.32624993398582
1.8317107041158307	0.01	0.01	0.01	0.007	0.01	0.8352041821115962	0.10386625160022872	0.0492787415062834	0.03535841541143924	0.06255790805850914	35.347933672436	26.438477795608087	24.324495635152495	32.148275965773536	4.763020891856281	64.77266019587051
1.9381490083194666	0.01	0.01	0.01	0.007	0.01	0.8354074732989715	0.10386629477252488	0.049278862151603584	0.03535852968759822	0.0625579075871756	37.22111844849945	27.675221764374495	25.464130944823715	33.547829531008446	4.9772408066579805	63.15852152107118
2.0502733928247445	0.01	0.01	0.01	0.007	0.01	0.8355465042742659	0.10386631442845744	0.04927896330143627	0.03535863771878129	0.06255790721806244	39.13745980724579	28.933386062458684	26.6321367760953	34.971661520750644	5.196593478670357	61.50163902116521
2.1629944830416097	0.01	0.01	0.01	0.007	0.01	0.8356360595673067	0.10386632274300407	0.04927904490866398	0.035358733726719306	0.06255790693900262	41.00652790759019	30.153330051229887	27.77360566122137	36.35227784869424	5.4107558916114105	59.879750613126134
2.2697695943169376	0.01	0.01	0.01	0.007	0.01	0.8356909408393974	0.10386632611423469	0.04927910806674391	0.03535881754680505	0.0625579067353997	42.72516129936424	31.26852441103525	28.82536045332541	37.614380811491735	5.607895266157215	58.38288120971176
2.370585034316872	0.01	0.01	0.01	0.007	0.01	0.835725265539634	0.10386632754078191	0.049279157808456486	0.03535889552921496	0.06255790658311396	44.30269791539932	32.286354563477445	29.792726642646137	38.76632037032628	5.789046581056428	57.0039200314878
2.468483762194255	0.01	0.01	0.01	0.007	0.01	0.8357477458163108	0.10386632818420627	0.04927919876738397	0.035358968969444585	0.06255790646339116	45.793592165455905	33.242918177071296	30.70880135361368	39.84894436000964	5.9604346266710735	55.696031258705176
2.5661406511801914	0.01	0.01	0.01	0.007	0.01	0.8357629701831021	0.10386632848635664	0.04927923377840697	0.035359037383305515	0.06255790636536945	47.241478592385874	34.166649986628585	31.600266517974717	40.89443135862812	6.127063190832048	54.4212708154327
2.664959091000498	0.01	0.01	0.01	0.007	0.01	0.8357734119286805	0.10386632862987569	0.049279264332191715	0.035359101224804276	0.06255790628326666	48.66752603617697	35.07114954479279	32.480139821015726	41.91817153793034	6.291367317513693	53.16104449375049
2.7652081150332157	0.01	0.01	0.01	0.007	0.01	0.835780555260873	0.1038663286975507	0.049279291190415186	0.035359161075644165	0.06255790621388818	50.07500395211941	35.958448043393275	33.35046739796057	42.922462453212475	6.453726922110889	51.91239032852498
2.866463269450362	0.01	0.01	0.01	0.007	0.01	0.8357853970367736	0.10386632872901966	0.049279314802533565	0.03535921727600609	0.06255790615516739	51.45746223602253	36.82445150174533	34.207282769341724	43.90266880829741	6.613400341011452	50.68097349805996
2.9681078460304393	0.01	0.01	0.01	0.007	0.01	0.8357886494331549	0.10386632874348083	0.04927933553433272	0.03535927008666104	0.06255790610545035	52.80661463040006	37.66402986047243	35.04543974488723	44.8529821940923	6.769429484756342	49.47419904197141
3.0696747139556892	0.01	0.01	0.01	0.007	0.01	0.8357908226754751	0.10386632875008632	0.049279353748026354	0.03535931980798911	0.06255790606325942	54.117012060130804	38.47394369776002	35.86150903577536	45.76973384746492	6.9211796532823335	48.297049152583746
3.17096465797592	0.01	0.01	0.01	0.007	0.01	0.8357922729586659	0.10386632875310146	0.04927936980164593	0.03535936674441494	0.06255790602727732	55.387185410300226	39.253490832082605	36.654511215506076	46.65212679320587	7.068474070735518	47.15100311913844
3.2719949948494005	0.01	0.01	0.01	0.007	0.01	0.8357932419750227	0.10386632875448079	0.04927938402388815	0.035359411142045036	0.062557905996383	56.61851909167348	40.00373966543371	37.425240593733726	47.501368272510746	7.211466046770594	46.034985158149
3.372884178351878	0.01	0.01	0.01	0.007	0.01	0.8357938907112888	0.10386632875511358	0.049279396695567496	0.03535945318241567	0.06255790596966623	57.81351950614581	40.72642280953465	38.17520010767677	48.31941750661978	7.350439817493745	44.94688643831936
3.4737529696435874	0.01	0.01	0.01	0.007	0.01	0.8357943256924735	0.10386632875540441	0.04927940804546219	0.03535949301150606	0.06255790594640825	58.974529380643	41.423141446045584	38.90580123627677	49.108085082744324	7.485661724391831	43.88471856946357
3.5746741173717225	0.01	0.01	0.01	0.007	0.01	0.8357946175444135	0.10386632875553818	0.049279418256554734	0.03535953076431181	0.06255790592604582	60.10318002267581	42.09504233544134	39.618017405453905	49.86866730583052	7.617316227434368	42.847119570758274
3.675666325864641	0.01	0.01	0.01	0.007	0.01	0.8357948133521993	0.10386632875559966	0.04927942747626801	0.035359566574057553	0.06255790590813344	61.20041236447998	42.742845647665106	40.312391782275235	50.60197766501771	7.745507802939721	41.833348480008716
3.7767129702083224	0.01	0.01	0.01	0.007	0.01	0.835794944667942	0.10386632875562792	0.04927943582614911	0.035359600571687376	0.06255790589231049	62.26676060979378	43.36702645219112	40.98921168277335	51.30855225572303	7.870293565249404	40.84303626900295
3.877785810028546	0.01	0.01	0.01	0.007	0.01	0.8357950326939939	0.10386632875564089	0.04927944340901247	0.03535963288184013	0.0625579058782801	63.30264649815993	43.96799474805975	41.648692490306104	51.988853565914205	7.99171741298392	39.87591985310097
3.978861905812955	0.01	0.01	0.01	0.007	0.01	0.8357950916842706	0.10386632875564683	0.04927945031345167	0.03535966361883316	0.06255790586579388	64.30856133678162	44.54620258355788	42.29109298192372	52.6433917370877	8.109831310332865	38.93167359452132
4.079930146123288	0.01	0.01	0.01	0.007	0.01	0.8357951312123049	0.10386632875564959	0.049279456616459966	0.035359692884674214	0.06255790585464212	65.28511889294295	45.10217218287861	42.91674994983558	53.27275640633972	8.22470158407558	38.00985751233746
4.1809897619447804	0.01	0.01	0.01	0.007	0.01	0.8357951576997958	0.10386632875565083	0.04927946238502854	0.035359720769593435	0.06255790584464747	66.23302393241781	45.63647478702089	43.52605925890662	53.87759275443832	8.33640534654552	37.109943882603126
4.282045438470716	0.01	0.01	0.01	0.007	0.01	0.8357951754501751	0.10386632875565138	0.04927946767735209	0.03535974735418455	0.06255790583566007	67.153013935906	46.14969541639801	44.11943928396249	54.45856161493734	8.445023719010658	36.23137026371943
4.383102583386056	0.01	0.01	0.01	0.007	0.01	0.835795187346152	0.10386632875565163	0.049279472543927984	0.03535977271188631	0.0625579058275528	68.04581102603287	46.64240510440043	44.69730027177994	55.01630803971174	8.550636193321541	35.37358445824479
4.484164650389653	0.01	0.01	0.01	0.007	0.01	0.835795195318792	0.10386632875565176	0.049279477028624216	0.03535979691083113	0.06255790582021796	68.91209913225023	47.11514850483244	45.26002949380509	55.55144726826469	8.653317923786894	34.53606662039288
4.585232570158032	0.01	0.01	0.01	0.007	0.01	0.8357952006619616	0.10386632875565184	0.04927948116967708	0.0353598200148205	0.06255790581356323	69.75252252580111	47.568443840565365	45.80799002101945	56.06456466809657	8.753139525764546	33.71833136981779
4.6863054995630495	0.01	0.01	0.01	0.007	0.01	0.8357952042427836	0.10386632875565185	0.04927948500056882	0.03535984208363271	0.06255790580750972	70.5676954645819	48.00278886298739	46.34152673225993	56.556222479726365	8.850168192822448	32.91991912328489
4.787381912539365	0.01	0.01	0.01	0.007	0.01	0.8357952066424598	0.10386632875565185	0.04927948855075886	0.035359863173049705	0.06255790580198942	71.35821314075652	48.41866717812218	46.86097329762896	57.02696697676571	8.944468981371067	32.14038583695356
4.888460477021536	0.01	0.01	0.01	0.007	0.01	0.8357952082505552	0.10386632875565185	0.04927949184627771	0.0353598833348638	0.06255790579694323	72.12465932489587	48.81655246516268	47.36665713154165	57.477333239968594	9.036105715418044	31.37929564577807
4.98954042989339	0.01	0.01	0.01	0.007	0.01	0.8357952093281729	0.10386632875565185	0.04927949491020352	0.03535990261703696	0.06255790579232018	72.8676091052754	49.19690989648782	47.85890120647667	57.907846763185994	9.12514131466958	30.6362181241935
5.09062154356339	0.01	0.01	0.01	0.007	0.01	0.8357952100503011	0.10386632875565185	0.04927949776305182	0.035359921064007926	0.06255790578807549	73.58762827194361	49.56019575869088	48.33802367543717	58.31902302287257	9.211637723728792	29.910728820527698
5.191703898378828	0.01	0.01	0.01	0.007	0.01	0.8357952105342085	0.10386632875565185	0.049279500423101905	0.03535993871706864	0.06255790578417021	74.28527146780424	49.90685648968573	48.80433665958195	58.71136638673627	9.295655691713492	29.202411070504034
5.292787621552203	0.01	0.01	0.01	0.007	0.01	0.8357952108584797	0.10386632875565185	0.04927950290667517	0.03535995561474227	0.06255790578057036	74.96108044771502	50.23732785434274	49.258145075274264	59.08536917939983	9.377254561570687	28.510857785548946
5.393872793438404	0.01	0.01	0.01	0.007	0.01	0.8357952110757761	0.10386632875565185	0.04927950522837947	0.03535997179306045	0.06255790577724543	75.61558374702463	50.55203488290985	49.69974637881506	59.44151161158914	9.456492226671235	27.835671873148623
5.494959360499835	0.01	0.01	0.01	0.007	0.01	0.8357952112213871	0.10386632875565185	0.04927950740131815	0.035359987285816755	0.06255790577416916	76.24929650168424	50.85139190966056	50.129430402523205	59.78026182289711	9.533425104657129	27.17646652920212
5.5960471955531235	0.01	0.01	0.01	0.007	0.01	0.8357952113189608	0.10386632875565185	0.04927950943727345	0.03536000212472573	0.06255790577131823	76.86272124020745	51.13580308248806	50.54747984483345	60.1020764575786	9.60810822877806	26.532864532364606
5.697136151325474	0.01	0.01	0.01	0.007	0.01	0.8357952113843445	0.10386632875565185	0.049279511346864265	0.03536001633956352	0.06255790576867164	77.45634855021562	51.40566279009478	50.954170684245824	60.40740114706276	9.680595324899516	25.90449764596159
5.798226087234393	0.01	0.01	0.01	0.007	0.01	0.8357952114281575	0.10386632875565185	0.04927951313968166	0.03536002995830596	0.06255790576621097	78.03065752283015	51.66135596917782	51.34977244842253	60.69667085665211	9.750938862124196	25.29100623611502
5.899316876083559	0.01	0.01	0.01	0.007	0.01	0.835795211457516	0.10386632875565185	0.04927951482440568	0.0353600430072617	0.06255790576391985	78.58611605120055	51.90325833690673	51.73454838654105	60.97031014769635	9.81919008592395	24.692039036077226
6.000408450929301	0.01	0.01	0.01	0.007	0.01	0.8357952114771888	0.10386632875565185	0.04927951640890868	0.03536005551117073	0.0625579057617835	79.12318132589583	52.1317367015664	52.1087557809114	61.22873352818166	9.885399075752828	24.10725269082887
6.101500764911809	0.01	0.01	0.01	0.007	0.01	0.8357952114903712	0.10386632875565185	0.04927951790034254	0.03536006749333882	0.06255790575978869	79.64229983646516	52.34714905311218	52.47264591840771	61.47234555436107	9.949614742173093	23.53631182930439
6.202593764475098	0.01	0.01	0.01	0.007	0.01	0.8357952114992043	0.10386632875565185	0.049279519305216395	0.035360078975755986	0.0625579057579237	80.1439074774436	52.54984470783508	52.82646413066583	61.70154099367584	10.011884836456916	22.978889033380465
6.303687409452539	0.01	0.01	0.01	0.007	0.01	0.8357952115051231	0.10386632875565185	0.049279520629465	0.03536008997917937	0.06255790575617795	80.62842989722947	52.74016455395519	53.1704500043252	61.91670510185411	10.072255990213165	22.43466454035119
6.404781646286256	0.01	0.01	0.01	0.007	0.01	0.8357952115090891	0.10386632875565185	0.0492795218785081	0.035360100523234586	0.06255790575454184	81.0962826079985	52.9184411980072	53.504837423630384	62.11821378785005	10.130773725442943	21.903326208646202
6.5058764348080205	0.01	0.01	0.01	0.007	0.01	0.8357952115117466	0.10386632875565185	0.04927952305730347	0.035360110626480104	0.06255790575300689	81.5478713512873	53.08499921074359	53.829854794763534	62.30643389132046	10.187482496475289	21.384569195882523
6.606971728153649	0.01	0.01	0.01	0.007	0.01	0.8357952115135274	0.10386632875565185	0.04927952417039352	0.03536012030649069	0.06255790575156511	81.9835922339299	53.24015528060509	54.14572510789412	62.481723355620915	10.24242570336665	20.87809589296843
6.70806747945828	0.01	0.01	0.01	0.007	0.01	0.8357952115147208	0.10386632875565185	0.04927952522194608	0.03536012957991978	0.0625579057502094	82.40383198686871	53.3842184130884	54.452666087277336	62.644431452707124	10.295645720693912	20.383615718143815
6.80916365524716	0.01	0.01	0.01	0.007	0.01	0.8357952115155202	0.10386632875565185	0.04927952621579152	0.035360138462553356	0.06255790574893356	82.808968238686	53.51749012967561	54.75089035420148	62.79489900752577	10.34718392842328	19.90084488829238
6.91026021534974	0.01	0.01	0.01	0.007	0.01	0.835795211516056	0.10386632875565185	0.049279527155454514	0.03536014696937716	0.06255790574773157	83.19936964550845	53.64026461531069	55.040605485794536	62.933458564305404	10.397080724668225	19.42950635733115
7.011357132985841	0.01	0.01	0.01	0.007	0.01	0.835795211516415	0.10386632875565185	0.04927952804418302	0.03536015511461693	0.0625579057465982	83.57539618009172	53.75282891700422	55.3220141913678	63.0604346105923	10.445375558735375	18.96932956403941
7.112454388070437	0.01	0.01	0.01	0.007	0.01	0.8357952115166556	0.10386632875565185	0.049279528884974395	0.03536016291178994	0.06255790574552872	83.93739930501077	53.855463100494994	55.59531440488349	63.17614375392444	10.492106949572376	18.52005031430329
7.213551953822855	0.01	0.01	0.01	0.007	0.01	0.8357952115168168	0.10386632875565185	0.049279529680597775	0.035360170373756834	0.06255790574451855	84.28572212443082	53.948440401396155	55.86069936087448	63.28089489232474	10.537312501415215	18.081410691006184
7.314649790071257	0.01	0.01	0.01	0.007	0.01	0.8357952115169248	0.10386632875565185	0.04927953043361476	0.03536017751276666	0.06255790574356376	84.62069956368484	54.032027385276265	56.11835769076308	63.37498939491257	10.581028922968267	17.65315893104871
7.415747890120885	0.01	0.01	0.01	0.007	0.01	0.8357952115169971	0.10386632875565185	0.04927953114639826	0.03536018434046636	0.06255790574266062	84.94265871618171	54.10648414430521	56.368473649901816	63.4587213236356	10.623292068624647	17.235049083230912
7.516846233885939	0.01	0.01	0.01	0.007	0.01	0.8357952115170456	0.10386632875565185	0.04927953182114835	0.035360190867963895	0.06255790574180553	85.25191886932362	54.17206440855812	56.61122709976759	63.532377558886566	10.664136938001814	16.82684107117895
7.617944801280478	0.01	0.01	0.01	0.007	0.01	0.8357952115170781	0.10386632875565185	0.04927953245990769	0.03536019710585255	0.06255790574099564	85.54879173490212	54.229015709989696	56.84679364659898	63.596237984464956	10.703597702081606	16.428300497135027
7.719043572218431	0.01	0.01	0.01	0.007	0.01	0.8357952115171	0.10386632875565185	0.04927953306457456	0.03536020306424112	0.062557905740228	85.83358162813259	54.27757952989152	57.07534474193304	63.6505756539221	10.741707722789245	16.039198507788242
7.820142526613609	0.01	0.01	0.01	0.007	0.01	0.8357952115171146	0.10386632875565185	0.049279533636915084	0.03536020875278189	0.06255790573949987	86.10658564246467	54.3179914428653	57.29704778077027	63.695656952977934	10.77849957211043	15.659311663270866
7.9212416510752615	0.01	0.01	0.01	0.007	0.01	0.8357952115171244	0.10386632875565185	0.04927953417857435	0.03536021418069214	0.0625579057388089	86.36809383721287	54.35048125928853	57.51206621144615	63.73174176019965	10.814005053066909	15.288421784975595
8.022340932212568	0.01	0.01	0.01	0.007	0.01	0.8357952115171311	0.10386632875565185	0.04927953469108574	0.03536021935678338	0.06255790573815295	86.61838938433706	54.37527315865954	57.72055961348874	63.75908359745652	10.848255215304068	14.926315857229909
8.123440363330213	0.01	0.01	0.01	0.007	0.01	0.8357952115171353	0.10386632875565185	0.04927953517588042	0.03536022428947839	0.06255790573752971	86.85774874684543	54.392585824650084	57.92268380227896	63.77792978223202	10.881280375053606	14.572785882078286
8.224539924341707	0.01	0.01	0.01	0.007	0.01	0.8357952115171383	0.10386632875565185	0.04927953563429518	0.03536022898684638	0.0625579057369374	87.08644178996967	54.402632572420664	58.118590878021706	63.78852157139035	10.913110125929881	14.227628830579905
8.325639615247221	0.01	0.01	0.01	0.007	0.01	0.8357952115171403	0.10386632875565185	0.04927953606758003	0.0353602334566004	0.0625579057363742	87.3047320140321	54.40562148108238	58.30842937889827	63.79109431038009	10.943773366659313	13.890646410690302
8.426739409264586	0.01	0.01	0.01	0.007	0.01	0.8357952115171416	0.10386632875565185	0.04927953647690445	0.035360237706146	0.06255790573583843	87.51287660177043	54.401755515050084	58.492344276395464	63.785877570496844	10.973298303098892	13.561645112292494
8.52783930639391	0.01	0.01	0.01	0.007	0.01	0.8357952115171424	0.10386632875565185	0.049279536863363956	0.03536024174256411	0.06255790573532853	87.71112668211707	54.39123264758029	58.67047715906717	63.773095287835154	11.001712480681073	13.240435917650537
8.628939306635294	0.01	0.01	0.01	0.007	0.01	0.835795211517143	0.10386632875565185	0.04927953722798555	0.03536024557264418	0.06255790573484313	87.89972741309533	54.37424597642563	58.842966261179825	63.75296589396106	11.029042791668886	12.92683428536933
8.730039396597643	0.01	0.01	0.01	0.007	0.01	0.8357952115171433	0.10386632875565185	0.049279537571732715	0.035360249202908145	0.06255790573438096	88.07891810014702	54.35098384376308	59.00994652038764	63.72570245135686	11.055315487213873	12.620660084459951
8.831139562889826	0.01	0.01	0.01	0.007	0.01	0.8357952115171436	0.10386632875565185	0.0492795378955101	0.035360252639615515	0.06255790573394053	88.24893236215495	54.32162994956214	59.17154967985812	63.69151278121715	11.080556196409892	12.32173744697868
8.9322398055119	0.01	0.01	0.01	0.007	0.01	0.8357952115171438	0.10386632875565185	0.04927953820016794	0.03536025588876822	0.06255790573352096	88.40999828672513	54.28636345727551	59.32790438418783	63.65059958254133	11.104789944149678	12.029894629013342
9.033340104377084	0.01	0.01	0.01	0.007	0.01	0.835795211517144	0.10386632875565185	0.049279538486505535	0.03536025895614475	0.06255790573312109	88.56233850680783	54.24535911272935	59.479136200569684	63.60316056663552	11.128041157307456	11.744964009994263
9.134440459485408	0.01	0.01	0.01	0.007	0.01	0.8357952115171441	0.10386632875565185	0.04927953875527544	0.03536026184728558	0.06255790573273984	88.70617039306813	54.198787335768216	59.62536775301056	63.54938856006637	11.150333688407017	11.466781880524696
9.235540864141283	0.01	0.01	0.01	0.007	0.01	0.8357952115171441	0.10386632875565185	0.04927953900718606	0.03536026456752211	0.06255790573237638	88.84170613599635	54.14681433239088	59.76671875096856	63.48947163147546	11.171690822845923	11.195188426206373
9.336641318344737	0.01	0.01	0.01	0.007	0.01	0.8357952115171441	0.10386632875565185	0.0492795392429054	0.03536026712197746	0.06255790573202964	88.96915288743413	54.089602189375356	59.903306077500645	63.423593198181585	11.192135295242212	10.930027599007712
9.437741815400168	0.01	0.01	0.01	0.007	0.01	0.8357952115171441	0.10386632875565185	0.049279539463063085	0.035360269515585296	0.06255790573169899	89.088712862166	54.02730897954086	60.035243837672645	63.351932145116876	11.211689299678955	10.671147063649059
9.538842348611967	0.01	0.01	0.01	0.007	0.01	0.8357952115171441	0.10386632875565185	0.04927953966825367	0.03536027175309484	0.06255790573138355	89.20058346438715	53.96008885485033	60.1626434339227	63.274662929795845	11.23037450397046	10.41839809152829
9.639942924675776	0.01	0.01	0.01	0.007	0.01	0.8357952115171441	0.10386632875565185	0.04927953985903831	0.03536027383907028	0.06255790573108261	89.30495741494312	53.88809213029263	60.28561364602553	63.191955676763186	11.248212064426239	10.171635443064913
9.741043530200349	0.01	0.01	0.01	0.007	0.01	0.8357952115171441	0.10386632875565185	0.049279540035947395	0.03536027577792148	0.06255790573079555	89.40202282680688	53.81146539849484	60.40426065213146	63.10397630739355	11.265222631973748	9.930717367007315
9.842144158490065	0.01	0.01	0.01	0.007	0.01	0.8357952115171441	0.10386632875565185	0.04927954019948241	0.03536027757389379	0.06255790573052163	89.4919633437831	53.730351601563854	60.51868812378057	63.010886620579704	11.28142636903796	9.695505451714395
9.943244816240561	0.01	0.01	0.01	0.007	0.01	0.8357952115171441	0.10386632875565185	0.04927954035011775	0.03536027923107033	0.06255790573026043	89.57495824939336	53.64489011099116	60.628997291189194	62.912844382769066	11.296842961859012	9.46586453259883
10.044345490060577	0.01	0.01	0.01	0.007	0.01	0.8357952115171441	0.10386632875565185	0.0492795404883026	0.03536028075340207	0.06255790573001102	89.65118254180857	53.55521684043264	60.73528696420048	62.81000345574562	11.311491626582871	9.241662691477808
10.14544617325448	0.01	0.01	0.01	0.007	0.01	0.8357952115171441	0.10386632875565185	0.04927954061446225	0.03536028214469573	0.0625579057297732	89.72080705917945	53.46146430763373	60.83765361961435	62.702513866093376	11.325391124656354	9.022771118169096
10.246546872517907	0.01	0.01	0.01	0.007	0.01	0.8357952115171441	0.10386632875565185	0.04927954072899983	0.035360283408615856	0.06255790572954648	89.7839985800533	53.36376170761268	60.93619146167599	62.59052188764235	11.338559774213287	8.809064024352141
10.34764758785086	0.01	0.01	0.01	0.007	0.01	0.8357952115171441	0.10386632875565185	0.049279540832297485	0.03536028454870374	0.06255790572933018	89.8409199048994	53.26223500994303	61.03099245525334	62.47417015157171	11.351015457737	8.600418615653501
10.448748312557703	0.01	0.01	0.01	0.007	0.01	0.8357952115171441	0.10386632875565185	0.04927954092471794	0.035360285568383346	0.06255790572912398	89.89172995235782	53.157007037471644	61.122146379960306	62.35359773525013	11.362775632595332	8.396715019394804
10.549849046638437	0.01	0.01	0.01	0.007	0.01	0.8357952115171441	0.10386632875565185	0.049279541006605386	0.035360286470957014	0.06255790572892732	89.93658385865442	53.04819752843213	61.20974089430922	62.22894023208849	11.373857342738129	8.197836188102439
10.650949783397428	0.01	0.01	0.01	0.007	0.01	0.8357952115171441	0.10386632875565185	0.049279541078286464	0.035360287259619747	0.06255790572874005	89.97563306054731	52.93592322413219	61.293861573997894	62.10032985073043	11.38427722694676	8.003667859282793
10.752050529530312	0.01	0.01	0.01	0.007	0.01	0.8357952115171441	0.10386632875565185	0.049279541140071915	0.03536028793745039	0.06255790572856151	90.00902539087252	52.820297918792264	61.37459197792997	61.96789547091247	11.39405153050587	7.814098451041922
10.85315127834145	0.01	0.01	0.01	0.007	0.01	0.8357952115171441	0.10386632875565185	0.04927954119225675	0.03536028850743395	0.06255790572839147	90.0369051537169	52.701432559606076	61.45201367395587	61.83176275688374	11.403196111795447	7.629019049432963
10.954252016439568	0.01	0.01	0.01	0.007	0.01	0.8357952115171441	0.10386632875565185	0.04927954123512154	0.03536028897246163	0.0625579057282298	90.05941321285306	52.57943530933539	61.52620629274706	61.692054227932374	11.411726452381098	7.44832333110451
11.055352750520305	0.01	0.01	0.01	0.007	0.01	0.8357952115171441	0.10386632875565185	0.04927954126893351	0.03536028933531647	0.06255790572807582	90.07668707878973	52.45441158074765	61.59724759297389	61.54888929670368	11.419657668139976	7.271907454686627
11.156453500670573	0.01	0.01	0.01	0.007	0.01	0.8357952115171441	0.10386632875565185	0.04927954129394659	0.035360289598681684	0.06255790572792934	90.08886098256094	52.3264641076383	61.66521349849297	61.40238434944771	11.427004516906566	7.099670016635956
11.25755424010782	0.01	0.01	0.01	0.007	0.01	0.8357952115171441	0.10386632875565185	0.04927954131040291	0.03536028976518498	0.0625579057277902	90.09606594744884	52.195693085718005	61.73017810223942	61.25265290628028	11.433781402737214	6.931512094624226
11.358654975527687	0.01	0.01	0.01	0.007	0.01	0.8357952115171441	0.10386632875565185	0.049279541318532655	0.035360289837348055	0.06255790572765796	90.09842987617975	52.06219613423194	61.79221376384635	61.09980557620123	11.440002390235636	6.767337052441063
11.459755700234535	0.01	0.01	0.01	0.007	0.01	0.8357952115171441	0.10386632875565185	0.049279541318555685	0.035360289817621376	0.06255790572753259	90.0960776191333	51.92606841602107	61.85139111960423	60.943950193563055	11.44568120922284	6.607050564505699
11.560856420924	0.01	0.01	0.01	0.007	0.01	0.8357952115171441	0.10386632875565185	0.04927954131068123	0.03536028970836902	0.06255790572741365	90.08913104731798	51.78740266161663	61.90777913952574	60.78519184468057	11.450831264297523	6.450560518153624
11.66195713090045	0.01	0.01	0.01	0.007	0.01	0.8357952115171441	0.10386632875565185	0.049279541295108954	0.035360289511889936	0.06255790572730069	90.07770912359236	51.64628926331928	61.96144515131643	60.623632974592425	11.455465641052532	6.297777003188938
11.763057836859518	0.01	0.01	0.01	0.007	0.01	0.8357952115171441	0.10386632875565185	0.04927954127202924	0.035360289230402624	0.06255790572719414	90.06192796978728	51.50281629513218	62.01245489404147	60.45937340895507	11.459597114981175	6.148612218744973
11.864158532105572	0.01	0.01	0.01	0.007	0.01	0.8357952115171441	0.10386632875565185	0.04927954124162384	0.03536028886606616	0.06255790572709319	90.04190093702472	51.357069605436344	62.06087254170041	60.292510459241655	11.46323815760895	6.002980463325726
11.96525921663861	0.01	0.01	0.01	0.007	0.01	0.8357952115171441	0.10386632875565185	0.04927954120406613	0.035360288420968666	0.06255790572699778	90.01773866900614	51.20913284285714	62.10676075069967	60.12313895147443	11.466400944583084	5.860798055330305
12.066359890458637	0.01	0.01	0.01	0.007	0.01	0.8357952115171441	0.10386632875565185	0.04927954115952172	0.03536028789713506	0.06255790572690782	89.98954916678277	51.059087518239586	62.150180692241484	59.95135129631903	11.46909736236557	5.721983295207921
12.16746055356565	0.01	0.01	0.01	0.007	0.01	0.8357952115171441	0.10386632875565185	0.04927954110814874	0.03536028729652868	0.06255790572682324	89.9574378513967	50.907013056105434	62.19119208750305	59.77723754715755	11.47133901508387	5.586456418511616
12.268561205959655	0.01	0.01	0.01	0.007	0.01	0.8357952115171441	0.10386632875565185	0.04927954105009833	0.03536028662105409	0.06255790572674358	89.9215076250381	50.75298684488706	62.22985324198237	59.600885456781654	11.473137231219344	5.454139550063942
12.369661847640648	0.01	0.01	0.01	0.007	0.01	0.8357952115171441	0.10386632875565185	0.049279540985514875	0.035360285872558996	0.06255790572666876	89.88185893075375	50.597084285967256	62.266221079030636	59.422380532738664	11.474503070137253	5.324956659208273
12.470762478608634	0.01	0.01	0.01	0.007	0.01	0.8357952115171441	0.10386632875565185	0.04927954091453641	0.03536028505283617	0.06255790572659871	89.83858981074127	50.43937884155319	62.30035117259032	59.24180609136232	11.475447328462105	5.198833516120021
12.571863098863613	0.01	0.01	0.01	0.007	0.01	0.8357952115171441	0.10386632875565185	0.0492795408372949	0.035360284163625764	0.0625579057265333	89.79179596326247	50.279942081412216	62.332297779157884	59.059243310519555	11.475980546301976	5.075697649152655
12.672963715101215	0.01	0.01	0.01	0.007	0.01	0.8357952115171441	0.10386632875565185	0.04927954075391644	0.03536028320661213	0.06255790572647225	89.74157079477071	50.11884371777376	62.36211387089465	58.87477126882504	11.476113013321145	4.955478295327249
12.774064313930182	0.01	0.01	0.01	0.007	0.01	0.8357952115171441	0.10386632875565185	0.04927954066452186	0.035360282183444454	0.06255790572641547	89.68800548769313	49.95615169265629	62.38985115833636	58.68846704490603	11.475854774664601	4.838106391328566
12.875164888654895	0.01	0.01	0.01	0.007	0.01	0.8357952115171441	0.10386632875565185	0.049279540569226725	0.035360281095719925	0.06255790572636294	89.63118904116503	49.79193217917636	62.41556012870762	58.500405718189164	11.475215636911576	4.723514501043778
12.976265452666606	0.01	0.01	0.01	0.007	0.01	0.8357952115171441	0.10386632875565185	0.049279540468141446	0.03536027994497593	0.06255790572631424	89.5712083134399	49.626249601396204	62.43929007726388	58.310660390924696	11.474205173438685	4.611636763141752
13.077366005965317	0.01	0.01	0.01	0.007	0.01	0.8357952115171441	0.10386632875565185	0.04927954036137172	0.035360278732715016	0.06255790572626961	89.50814809068436	49.459166729912816	62.46108912681461	58.11930229696762	11.472832730093598	4.502408891616468
13.178466541855405	0.01	0.01	0.01	0.007	0.01	0.8357952115171441	0.10386632875565185	0.04927954024901888	0.03536027746040176	0.06255790572622888	89.44209113386322	49.290744712061205	62.48100425795715	57.92640083570234	11.47110743070275	4.395768130091709
13.279567067032497	0.01	0.01	0.01	0.007	0.01	0.8357952115171441	0.10386632875565185	0.04927954013117991	0.035360276129449954	0.06255790572619166	89.37311821382477	49.12104307797771	62.49908134011515	57.73202357833019	11.469038182001889	4.291653194490769
13.380667574800972	0.01	0.01	0.01	0.007	0.01	0.8357952115171441	0.10386632875565185	0.04927954000794758	0.035360274741243085	0.06255790572615808	89.30130817576931	48.950119823757674	62.51536515264131	57.53623636247245	11.466633679229988	4.190004266084769
13.481768065160832	0.01	0.01	0.01	0.007	0.01	0.8357952115171441	0.10386632875565185	0.04927953987941072	0.0353602732971215	0.06255790572612795	89.22673797188689	48.77803141557627	62.529899414468126	57.33910329626426	11.463902410790478	4.090762936019135
13.5828685448077	0.01	0.01	0.01	0.007	0.01	0.8357952115171441	0.10386632875565185	0.04927953974565452	0.03536027179838332	0.0625579057261013	89.14948270521306	48.60483282603115	62.54272680867174	57.14068679936554	11.46085266303936	3.9938721725574085
13.68396900704596	0.01	0.01	0.01	0.007	0.01	0.8357952115171441	0.10386632875565185	0.04927953960676054	0.03536027024630052	0.0625579057260778	89.0696156886209	48.43057760438814	62.55388900442734	56.94104768282961	11.457492525663405	3.8992763076337575
13.785069458571229	0.01	0.01	0.01	0.007	0.01	0.8357952115171441	0.10386632875565185	0.0492795394628069	0.03536026864210042	0.06255790572605748	88.98720846705253	48.25531786571766	62.56342668438683	56.740245136068175	11.453829895541944	3.8069209791851826
13.886169892687894	0.01	0.01	0.01	0.007	0.01	0.8357952115171441	0.10386632875565185	0.04927953931386832	0.035360266986986195	0.06255790572604036	88.90233088034026	48.07910437122539	62.57137956512082	56.53833681830631	11.44987248219364	3.716753124985112
13.987270316091573	0.01	0.01	0.01	0.007	0.01	0.8357952115171441	0.10386632875565185	0.04927953916001668	0.03536026528211928	0.06255790572602614	88.81505108207443	47.90198651519557	62.57778642250228	56.33537884305705	11.445627811257316	3.6287209276750603
14.088370728782266	0.01	0.01	0.01	0.007	0.01	0.8357952115171441	0.10386632875565185	0.049279539001320406	0.03536026352863394	0.06255790572601494	88.72543559579047	47.72401239241912	62.582685112178716	56.13142585482517	11.44110322957488	3.5427738032628024
14.189471124064362	0.01	0.01	0.01	0.007	0.01	0.8357952115171441	0.10386632875565185	0.04927953883784546	0.03536026172763867	0.06255790572600663	88.63354935453594	47.545228830278994	62.58611259185904	55.92653106533496	11.436305909526828	3.458862371356744
14.290571501937862	0.01	0.01	0.01	0.007	0.01	0.8357952115171441	0.10386632875565185	0.049279538669654926	0.0353602598802075	0.0625579057260011	88.53945572684803	47.36568139620171	62.58810494321836	55.72074626153755	11.431242852572241	3.376938415415957
14.391671869098381	0.01	0.01	0.01	0.007	0.01	0.8357952115171441	0.10386632875565185	0.04927953849680905	0.035360257987381565	0.06255790572599827	88.4432165529792	47.185414427694845	62.58869739217846	55.51412183950912	11.425920893202681	3.296954855709996
14.49277221885031	0.01	0.01	0.01	0.007	0.01	0.8357952115171441	0.10386632875565185	0.04927953831936572	0.03536025605018328	0.06255790572599805	88.34489220004683	47.004471097721556	62.587924329018385	55.306706878870095	11.420346703939202	3.2188657382180783
14.593872551193654	0.01	0.01	0.01	0.007	0.01	0.8357952115171441	0.10386632875565185	0.049279538137380494	0.035360254069603705	0.06255790572600049	88.24454157849608	46.82289340787038	62.58581932850926	55.09854913445801	11.414526798170753	3.1426261920131724
14.694972872824021	0.01	0.01	0.01	0.007	0.01	0.8357952115171441	0.10386632875565185	0.04927953795090634	0.035360252046602966	0.06255790572600543	88.14222217582088	46.64072221632271	62.58241516878875	54.889695067890614	11.408467533834237	3.068192404098081
14.796073177045805	0.01	0.01	0.01	0.007	0.01	0.8357952115171441	0.10386632875565185	0.04927953775999408	0.03536024998212526	0.0625579057260128	88.03799011042227	46.4579973015459	62.57774385086221	54.680189920104105	11.402175118284694	2.9955216090749146
14.89717346385901	0.01	0.01	0.01	0.007	0.01	0.8357952115171441	0.10386632875565185	0.04927953756469243	0.03536024787708596	0.06255790572602263	87.9319001443892	46.27475735304989	62.5718366165539	54.47007770028696	11.395655610716632	2.9245720494861884
14.998273739959245	0.01	0.01	0.01	0.007	0.01	0.8357952115171441	0.10386632875565185	0.049279537365048136	0.035360245732371516	0.06255790572603472	87.82400571488864	46.091039997428	62.56472396607298	54.259401215269556	11.388914925589251	2.8553029523969817
15.09937400534651	0.01	0.01	0.01	0.007	0.01	0.8357952115171441	0.10386632875565185	0.049279537161105676	0.03536024354885049	0.06255790572604923	87.71435897948714	45.90688184823048	62.55643567635817	54.04820212625847	11.381958836909966	2.7876745153558624
15.200474266716412	0.01	0.01	0.01	0.007	0.01	0.8357952115171441	0.10386632875565185	0.04927953695290776	0.03536024132736416	0.06255790572606602	87.60301083239611	45.722318506628035	62.547000817286275	53.83652094915289	11.374792980681402	2.7216478743324695
15.301574517373346	0.01	0.01	0.01	0.007	0.01	0.8357952115171441	0.10386632875565185	0.049279536740495344	0.035360239068741445	0.06255790572608491	87.49001095633704	45.537384622459655	62.53644777024502	53.6243971241238	11.367422859577303	2.657185094554477
15.402674743926108	0.01	0.01	0.01	0.007	0.01	0.8357952115171441	0.10386632875565185	0.04927953652390753	0.03536023677379505	0.0625579057261059	87.37540784506385	45.35211390599241	62.52480424439389	53.411869028683334	11.359853845749514	2.5942491435653934
15.503774953070304	0.01	0.01	0.01	0.007	0.01	0.8357952115171441	0.10386632875565185	0.049279536303181715	0.035360234443303405	0.06255790572612906	87.25924880126237	45.16653910203537	62.512097289438316	53.1989739475684	11.35209118191202	2.532803853393779
15.604875151501536	0.01	0.01	0.01	0.007	0.01	0.8357952115171441	0.10386632875565185	0.049279536078353676	0.035360232078024655	0.0625579057261543	87.1415799862632	44.98069204927703	62.498353312981315	52.9857481403884	11.344139985779933	2.4728139130245568
15.705975339219808	0.01	0.01	0.01	0.007	0.01	0.8357952115171441	0.10386632875565185	0.049279535849457545	0.03536022967870254	0.06255790572618153	87.02244645507787	44.794603714781715	62.48359809675399	52.772226880800595	11.336005253578127	2.414244851920078
15.807075516225119	0.01	0.01	0.01	0.007	0.01	0.8357952115171441	0.10386632875565185	0.04927953561652601	0.03536022724606224	0.06255790572621062	86.90189217528838	44.60830420334586	62.46785681072277	52.558444466852976	11.327691862436861	2.357063015994583
15.90817568251747	0.01	0.01	0.01	0.007	0.01	0.8357952115171441	0.10386632875565185	0.049279535379590206	0.03536022478081071	0.06255790572624183	86.77996005284777	44.42182277859792	62.45115402758048	52.34443424480774	11.319204573213677	2.3012355482760456
16.0	0.01	0.01	0.01	0.007	0.01	0.8357952115171441	0.10386632875565188	0.04927953516095057	0.035360227366246534	0.06255790572627168	86.66805625623296	44.25231710536959	62.43517065300446	52.149889081330954	11.311349193071877	2.2516769073491725
