0.0	0.01	0.01	0.01	0.007	0.01	0.0	0.0	0.0	0.0	0.0	0.0	0.0	0.0	0.0	0.0	100.0
0.0034328235556733825	0.01	0.01	0.01	0.007	0.01	0.010659394865798366	0.004345888220205178	0.004186670458455433	0.0042350608332248	0.003764753808890637	0.0007229094739041938	0.001323883677846086	0.001974128446279172	0.004067059978058336	0.0005074667196305296	99.92870895444449
0.0055081080782776815	0.01	0.01	0.01	0.007	0.01	0.01699468463716502	0.006915056826510311	0.006585047013029302	0.0065954096258682695	0.005924167068944422	0.0018522685628609484	0.0033875146427141574	0.005013135591623616	0.01025447382160291	0.001289089116881145	99.88563520656535
0.00863156558979914	0.01	0.01	0.01	0.007	0.01	0.02637799387014108	0.010701215686588068	0.01001664843786346	0.009886987243633849	0.009019724300853026	0.004516006515029962	0.008242364329828888	0.012060901759800319	0.02441348026430818	0.0031031545970541434	99.8208410120321
0.011515391384381924	0.01	0.01	0.01	0.007	0.01	0.03488216374623152	0.01411273609440699	0.01300464640685169	0.012668840652093661	0.011724528978893218	0.007984711005336098	0.014546227585590564	0.02106783384987365	0.04224576497605599	0.005424164718683792	99.7610551476169
0.01486568932178128	0.01	0.01	0.01	0.007	0.01	0.04457358770028907	0.01797715033552304	0.016271382310339495	0.015617773205615883	0.014698778308244446	0.01320522798183233	0.024005362295842464	0.034361854755397624	0.06817580479782759	0.008855649524337485	99.69164360619915
0.01827833922915833	0.01	0.01	0.01	0.007	0.01	0.05424135572914318	0.021806973527067286	0.019386575908017636	0.018337169978470583	0.017562030497519657	0.019809569084877802	0.03593351153966163	0.05083437727507797	0.0998076132661462	0.01311808503455665	99.62098990677539
0.02195544008413	0.01	0.01	0.01	0.007	0.01	0.06443273738004687	0.025816612764283854	0.022519050718982015	0.020977277907749947	0.020482871833390315	0.028344282676593887	0.05129665801382564	0.07166973782368029	0.13918860879699757	0.01852837974864994	99.54491719836244
0.025774164045532545	0.01	0.01	0.01	0.007	0.01	0.07477447873745371	0.029855990584506505	0.0255429253841164	0.02343291344998034	0.023362012739768304	0.03872641023993612	0.06992000327082155	0.09645659234947686	0.1852893670624926	0.024996146581371448	99.46597604780219
0.029790630148509342	0.01	0.01	0.01	0.007	0.01	0.08539174230869463	0.033971650836899146	0.028489512533011258	0.02573467512510817	0.02624837932179125	0.051271821331152184	0.09234243321132332	0.12573078922918074	0.23886189611650055	0.03268453902662863	99.38301469383225
0.03396739748512528	0.01	0.01	0.01	0.007	0.01	0.09615692784235998	0.03811168453915241	0.03131847537145282	0.027856639035091762	0.029120379513726674	0.0660371769057153	0.11863383948851716	0.15938639350930175	0.2994618867798555	0.0415974618940366	99.29681566029288
0.03831651920103682	0.01	0.01	0.01	0.007	0.01	0.10707508934796951	0.042276037280096115	0.03402924503921237	0.0298058570562636	0.031983546875103255	0.08322129207001608	0.14911431436096745	0.19762980474265412	0.3672211864070208	0.05182788952066639	99.20713907651418
0.04282151585806331	0.01	0.01	0.01	0.007	0.01	0.11807955307769763	0.046437485088259706	0.03660496713752262	0.031578491606392936	0.03479716282150838	0.1029098221819455	0.1838990120543214	0.24039514827747088	0.4417927303759108	0.06339711074315008	99.11433382759135
0.04749253198844013	0.01	0.01	0.01	0.007	0.01	0.12917080661893096	0.050594661864589455	0.039047088159603914	0.03318451395526355	0.037484174807874214	0.12529054819340862	0.22328016702012868	0.28782657007986834	0.5232105758486668	0.07636830404617227	99.01820016555637
0.0523184579878056	0.01	0.01	0.01	0.007	0.01	0.14029873539280838	0.054727415451000024	0.04134709066767644	0.034627592578179135	0.03988158456760095	0.1504491966788355	0.2673663343649103	0.33983603958835834	0.6111205059948405	0.0906999979042963	98.91897625209538
0.05713103180302037	0.01	0.01	0.01	0.007	0.01	0.1510704427141466	0.05869071327125306	0.04343497488859841	0.0358765046487361	0.04173232190150342	0.1775312336355492	0.3146264371496424	0.3944611756183562	0.7020951574705254	0.10576242614560175	98.82012588537215
0.06199551180890736	0.01	0.01	0.01	0.007	0.01	0.16163778452024988	0.0625425601336198	0.045355357969274764	0.03697148342413178	0.04295642950686413	0.20686092084541854	0.36559886374457085	0.4522124411516215	0.7969361667287451	0.12154368958567868	98.72030974971966
0.06707592621238592	0.01	0.01	0.01	0.007	0.01	0.1723404657370447	0.06640636458992262	0.04717568784592329	0.037959594971696035	0.043565008804508934	0.23952069617382185	0.42212252815460044	0.5149890805858456	0.898638862174615	0.1383613937757114	98.61617040629346
0.07245957551041127	0.01	0.01	0.01	0.007	0.01	0.1833213867529104	0.07033067013014314	0.04891763792485934	0.038857502652773324	0.04361557064018138	0.2763120694629051	0.4855218276593658	0.5839839166036651	1.0089253363435096	0.15629349519675695	98.50593517823991
0.07799818654225173	0.01	0.01	0.01	0.007	0.01	0.1942437321532867	0.07419298821658617	0.05052871846522	0.039644308313231624	0.043241654411503926	0.3164201506602961	0.5543298434800825	0.657341722143966	1.1246601328105281	0.17464519319934171	98.39265555768392
0.08369567156614685	0.01	0.01	0.01	0.007	0.01	0.20509624818319133	0.07798909773367545	0.05201406803307475	0.04033054606885153	0.042602164094818824	0.35997723133375475	0.6287190347068043	0.7350461875014291	1.2457236403153247	0.19327533955595627	98.27626245924239
0.08967012174961064	0.01	0.01	0.01	0.007	0.01	0.21607350627977776	0.08178570604994444	0.05340413866966436	0.04093682752678172	0.04180384186773417	0.4080569798370404	0.7104551062320378	0.8186951979891803	1.374481708591496	0.21245633634927336	98.154359165848
0.09598197317446333	0.01	0.01	0.01	0.007	0.01	0.22723900363275595	0.08560177078014637	0.054706986893008965	0.041471683974898164	0.04092177113262918	0.4614169237942027	0.8007364050838213	0.909193391847599	1.512154027115693	0.23228851100519138	98.02573576007325
0.10267754111313333	0.01	0.01	0.01	0.007	0.01	0.23861704672875883	0.0894418322070593	0.05592450340342259	0.04194051760862057	0.04000843632600623	0.5207763696112095	0.9006722165891365	1.0072810068359486	1.6596762057629566	0.2528393489231467	97.88947717620823
0.1097642594404361	0.01	0.01	0.01	0.007	0.01	0.2501580948991121	0.09328529923898632	0.05705119408568497	0.042345968107764066	0.0391043026487257	0.5865518920672341	1.010841421751814	1.1131281866558118	1.817120064775227	0.27406968514536695	97.74546477949232
0.11724812690361436	0.01	0.01	0.01	0.007	0.01	0.2618097913696656	0.09711128280383448	0.05808353407323344	0.04269184645752721	0.03823680795804979	0.6591450890381756	1.131783403559955	1.2268511226587837	1.9844992426540309	0.29595267862736585	97.59361173977936
0.12513745426958475	0.01	0.01	0.01	0.007	0.01	0.2735233795896087	0.10090078925945378	0.059020403209532835	0.04298299884617241	0.03742336646524415	0.7389751664496524	1.2640526238878933	1.3485702051511972	2.1618585517029962	0.3184820839265503	97.43378705082898
0.1334493757448207	0.01	0.01	0.01	0.007	0.01	0.2852623012788885	0.1046394131679872	0.05986331439888493	0.04322505694556182	0.036673664295582296	0.8265506353408103	1.4083357616785996	1.478517310990032	2.3494278899593803	0.3416870201635477	97.26568444108229
0.14220572305393242	0.01	0.01	0.01	0.007	0.01	0.29699409120118986	0.10831455850287719	0.06061525012505277	0.04342382118624609	0.035992445584464274	0.9224384207812119	1.5653972093615773	1.6169801950487073	2.5475356405607013	0.36561626039308837	97.08890733329838
0.15143333438679502	0.01	0.01	0.01	0.007	0.01	0.3086895610899323	0.11191511793895888	0.06128030383223824	0.043585006875633256	0.03538105999506468	1.0272735104322872	1.7360920861858775	1.7643116206359255	2.756618416184353	0.3903365222472706	96.90296381155704
0.16116259236197442	0.01	0.01	0.01	0.007	0.01	0.32031986599937495	0.11543053529020363	0.06186327921649177	0.04371404208108486	0.03483862962336215	1.1417475106836377	1.9213446571548163	1.9209089309950096	2.9771890005442483	0.41592660324320885	96.70729739047214
0.17142757200188802	0.01	0.01	0.01	0.007	0.01	0.3318560469955763	0.11885068980792272	0.062369519955196843	0.043815970882921065	0.034362725758494035	1.2666127816389567	2.1221524585200147	2.087217799362319	3.2098394427266768	0.44247646093522386	96.50128530344318
0.1822656605297474	0.01	0.01	0.01	0.007	0.01	0.34326808272276604	0.12216565595251179	0.06280474164062015	0.04389538609059893	0.033949859128072864	1.4026793299570213	2.3395787393683065	2.2637269036987657	3.4552313260824095	0.47008516338208367	96.28424753763154
0.19371766885394504	0.01	0.01	0.01	0.007	0.01	0.3545246944052846	0.12536571228505689	0.06317491850455403	0.04395639685065213	0.03359580189121436	1.5508163090668663	2.5747525392449457	2.450970055293803	3.7140964720084138	0.4988603118210778	96.05544611021675
0.20582779252712766	0.01	0.01	0.01	0.007	0.01	0.3655931112399329	0.12844135183111732	0.06348617307379406	0.04400261481985701	0.03329583224730412	1.711950703083412	2.8288644590267285	2.6495255953962826	3.987233603557975	0.528917159467186	95.81408753767981
0.21864374883705395	0.01	0.01	0.01	0.007	0.01	0.3764391476423781	0.13138339126422197	0.06374467805008585	0.044037157854277316	0.033044920214319054	1.8870672382326228	3.1031647087354406	2.8600184126028507	4.275508392370289	0.5603782184359477	95.5593219794128
0.2322168539422276	0.01	0.01	0.01	0.007	0.01	0.3870273435191417	0.13418310041951872	0.06395655836131567	0.04406266664330116	0.032837883337190184	2.0772065428858935	3.398958792923099	3.083120746015955	4.579851549833757	0.5933727245378788	95.29024381277513
0.24660209037810604	0.01	0.01	0.01	0.007	0.01	0.3973212389405045	0.13683236729638204	0.06412779654192824	0.04408133263309566	0.032669520427806305	2.283462074820479	3.7176018359588445	3.319552565656572	4.901256114398036	0.6280360797436124	95.00589264804391
0.2618579903773982	0.01	0.01	0.01	0.007	0.01	0.4072836824674152	0.13932386666720264	0.06426414153663709	0.04409493484521667	0.03253473038724735	2.5069731811773055	4.060487685226132	3.57007863031466	5.240770068952413	0.6645088522673597	94.70525823784372
0.27804619993903995	0.01	0.01	0.01	0.007	0.01	0.41687717085840476	0.14165122914384826	0.06437102503238881	0.04410488343549437	0.03242861668720922	2.7489118951475735	4.429029512194404	3.8355000007769893	5.599481435288535	0.7029350361316447	94.38729186943813
0.29523052170924424	0.01	0.01	0.01	0.007	0.01	0.42606422512599396	0.1438092090259644	0.06445348913361972	0.044112267496953024	0.03234657657546964	3.0104599101807734	4.8246270621921274	4.116636776738705	5.978491674254666	0.7434591287998975	94.05092804074194
0.31347530750199054	0.01	0.01	0.01	0.007	0.01	0.4348078931650361	0.14579386753666113	0.0645161289589389	0.04411790452696836	0.032284373022581234	3.292773175163136	5.248617457540012	4.414300153576327	6.378875060612263	0.7862217754610171	93.6951186474318
0.3328432474701365	0.01	0.01	0.01	0.007	0.01	0.44307253514183886	0.14760279574142413	0.06456305213738874	0.044122389065301054	0.03223818807757554	3.5969345424471997	5.702211016208685	4.729254908057527	6.80162576884897	0.8313541508430546	93.31887834387288
0.35339296707733586	0.01	0.01	0.01	0.007	0.01	0.45082508252741943	0.14923539697664073	0.06459785547707844	0.04412613837812936	0.03220465737445902	3.923901363474926	6.186422886789895	5.06217938757711	7.2476023779008525	0.8789720914526352	92.92133264853813
0.3751772511932623	0.01	0.01	0.01	0.007	0.01	0.4580368650846625	0.15069321462475804	0.06462361774613316	0.04412943360829461	0.03218088655844541	4.2744626337527585	6.7020218210075315	5.4136364969504545	7.717487972365156	0.9291718988809397	92.5017527110179
0.39824282242324704	0.01	0.01	0.01	0.007	0.01	0.4646858272279744	0.15198023085365084	0.06464290723180774	0.044132455393786456	0.03216445065626656	4.649223191775406	7.249520281504194	5.784070415977986	8.211785437730239	0.9820299089034504	92.05955915291979
0.42263216451244673	0.01	0.01	0.01	0.007	0.01	0.47075864186369953	0.15310301696328082	0.06465780339761676	0.0441353134550187	0.03215337688984209	5.048625646945003	7.829218825566088	6.173836128118861	8.730857052182744	1.0376068322790042	91.59428648369476
0.4483869416610881	0.01	0.01	0.01	0.007	0.01	0.4762520941958252	0.15407062893327142	0.06466993213454587	0.04413807003500272	0.0321461113776515	5.473004171366805	8.441293379359522	6.583253408841419	9.274996732284873	1.0959556734690974	91.1055179911457
0.47555192059316526	0.01	0.01	0.01	0.007	0.01	0.4811733543874962	0.15489423018417256	0.06468051289417459	0.04414075745486907	0.032141471536834984	5.922651608572674	9.085896792320368	7.012666877375099	9.844509981667787	1.1571305943554395	90.59281303287594
0.504178415183948	0.01	0.01	0.01	0.007	0.01	0.4855391956903426	0.1555865221969735	0.06469041382011241	0.044143390445297054	0.03213858855646881	6.397881577107643	9.763248131952484	7.462496166756578	10.439780082330628	1.2211944258474536	90.05564580275066
0.5343267832680724	0.01	0.01	0.01	0.007	0.01	0.48937450816492006	0.15616110454541696	0.06470020965634196	0.04414597422485122	0.03213684623663495	6.899075296988444	10.473696014725443	7.933268946062315	11.061310820961284	1.2882237574769644	89.49336434275634
0.5660681269988213	0.01	0.01	0.01	0.007	0.01	0.4927105256326131	0.1566318702057957	0.06471023782904883	0.04414850942705917	0.03213582243014464	7.42671374752269	11.2177582048562	8.425639580005612	11.709749477597827	1.3583119679800058	88.90516658106937
0.5994854834014443	0.01	0.01	0.01	0.007	0.01	0.495583054184246	0.1570124944523545	0.0647206499294643	0.04415099488315882	0.03213523761878657	7.9813988149668615	11.996143789386936	8.940398237393715	12.385896472602708	1.4315708575653505	88.29008773356749
0.634674845236548	0.01	0.01	0.01	0.007	0.01	0.49803086135972285	0.15731603815522593	0.06473145773527958	0.04415342906316688	0.03213491285896447	8.563868535444804	12.809765873926617	9.478475874852947	13.090708815789084	1.5081316412835066	87.64699263910367
0.6717461633909276	0.01	0.01	0.01	0.007	0.01	0.5000942778766465	0.1575546618529768	0.0647425739592068	0.04415581073370329	0.032134737390440475	9.175008660020499	13.659748342363008	10.040947376023626	13.825300285637402	1.5881456238034553	86.9745703318371
0.7108244555902723	0.01	0.01	0.01	0.007	0.01	0.5018140209390863	0.15773943803808627	0.064753848116169	0.04415813919402073	0.032134644950540935	9.815862397236323	14.54742950583804	10.629034575025264	14.590940494162947	1.6717848028105167	86.27132879675098
0.752050924613402	0.01	0.01	0.01	0.007	0.01	0.5032302197335069	0.15788024528164651	0.064765097502908	0.04416041429475042	0.032134597246850985	10.487636530733946	15.474360274690747	11.244107446046844	15.389050468813064	1.75924216066302	85.5355919636871
0.7955840988875151	0.01	0.01	0.01	0.007	0.01	0.5043816291919178	0.15798572941003522	0.06477613291662167	0.044162636359495605	0.032134572918764044	11.191703943639018	16.44229702075245	11.887683415974417	16.221194598285354	1.8507316438077293	84.76549898331396
0.8416008479648192	0.01	0.01	0.01	0.007	0.01	0.5053050101475426	0.15806331729027118	0.06478677855089361	0.044164806064883155	0.03213456047067728	11.929600001262795	17.45318570726529	12.561422371295198	17.089065723824362	1.9464874910948586	83.95900867021375
0.8902972682437391	0.01	0.01	0.01	0.007	0.01	0.5060346601486548	0.1581192708491199	0.06479688576249722	0.04416692431288007	0.03213455393372391	12.703012662252748	18.509137206697503	13.267117132936914	17.99446307917562	2.046762886034419	83.11390935412562
0.9418891723310336	0.01	0.01	0.01	0.007	0.01	0.5066020739169756	0.1581587699331159	0.06480634082177923	0.04416899210151785	0.03213455031325002	13.51376212144324	19.612388165914695	14.0066754408883	18.939258052226034	2.1518273780741524	82.2278388423499
0.9966117066735768	0.01	0.01	0.01	0.007	0.01	0.5070357172801282	0.15818601457128129	0.0648150673102875	0.04417101039028089	0.032134548150921795	14.36376297907919	20.76523810832203	14.78208691932405	19.92533968694393	2.2619621534765617	81.2983222940036
1.0547171304617504	0.01	0.01	0.01	0.007	0.01	0.5073609015360792	0.15820433874603032	0.06482302426298248	0.04417297994537138	0.0321345467503508	15.254955323579601	21.9699448071971	15.595362419859786	20.95452457421434	2.377451374743999	80.3228431401404
1.116469064240576	0.01	0.01	0.01	0.007	0.01	0.507599748923545	0.15821632914662256	0.06483020139086491	0.04417490114318219	0.03213454577898008	16.189182196958292	23.228548541281466	16.44842488167805	22.02840625869947	2.4985666365861197	79.29897221397766
1.1821309710961005	0.01	0.01	0.01	0.007	0.01	0.5077712426847225	0.1582239434953655	0.06483661277181901	0.04417677371989323	0.03213454507284584	17.167986608497056	24.54259114010556	17.34292666742148	23.14811566776747	2.625540996016926	78.22458550390235
1.251946846148117	0.01	0.01	0.01	0.007	0.01	0.5078913538891867	0.15822862386955577	0.0648422902727845	0.044178596486049826	0.03213454454512374	18.192309999413595	25.91270893959043	18.279975936957715	24.313975857345394	2.758530116814124	77.09819214798108
1.3261144178347535	0.01	0.01	0.01	0.007	0.01	0.5079732332678456	0.15823140127726204	0.06484727772703847	0.04418036708871299	0.03213454414495376	19.262113577867556	27.33813297981466	19.25979039437527	25.525080991867867	2.897563146964487	75.91935163233498
1.404756373958593	0.01	0.01	0.01	0.007	0.01	0.508027451866709	0.15823298872415353	0.0648516265181538	0.04418208197680102	0.03213454383933617	20.37601906850741	28.816229627221965	20.281365564652745	26.778914259227957	3.0424957074537486	74.68907639590408
1.487900145610299	0.01	0.01	0.01	0.007	0.01	0.5080622735424909	0.1582338611639808	0.06485539263925483	0.044183736713956576	0.032134543605110734	21.53112428404862	30.342289118835037	21.342299667064882	28.07118117921103	3.192985143527579	73.41004920404676
1.5754745009675901	0.01	0.01	0.01	0.007	0.01	0.5080839487272291	0.15823432189118838	0.06485863465100958	0.044185326604187544	0.03213454342521526	22.723093394915924	31.90968904280622	22.438867944616494	29.395964162218586	3.34850118546948	72.0865424883573
1.6673190877096118	0.01	0.01	0.01	0.007	0.01	0.5080970267928563	0.1582345557587119	0.06486141173860352	0.04418684735154879	0.03213454328676841	23.94643844713301	33.5103132933729	23.56627202250916	30.7460939815721	3.5083614296218495	70.72412752555108
1.7631951396365582	0.01	0.01	0.01	0.007	0.01	0.5081046821374828	0.15823467000624186	0.06486378161461237	0.04418829548071135	0.0321345431799569	25.19481041008379	35.13498086746402	24.718898666123362	32.1135282471334	3.6717681346397706	69.329371943102
1.8627903489534823	0.01	0.01	0.01	0.007	0.01	0.5081090356886291	0.15823472382274742	0.06486579862058801	0.04418966847642108	0.032134543097296464	26.461204100943426	36.77375831002083	25.890499845241923	33.48963011331417	3.837833847515598	67.90963176999263
1.9657223040732874	0.01	0.01	0.01	0.007	0.01	0.5081114456459814	0.15823474832967688	0.06486751245852948	0.04419096479699752	0.03213454303308687	27.738138558918852	38.416236941354455	27.074350492358892	34.865415918826315	4.005603862877596	66.4728700297782
2.0715533229876293	0.01	0.01	0.01	0.007	0.01	0.5081127473621777	0.1582347591529547	0.06486896768606278	0.04419218394497975	0.03213454298298941	29.017965033391388	40.05196813271171	28.26352551242867	36.231932853436504	4.174095571566738	65.02732956059477
2.1798141797431794	0.01	0.01	0.01	0.007	0.01	0.5081134354056743	0.15823476380616014	0.06487020364641077	0.04419332652232068	0.03213454294370157	30.293244724835247	41.67097375837351	29.45124451885953	37.580694371534314	4.342347371694296	63.58112070215143
2.2900382914800756	0.01	0.01	0.01	0.007	0.01	0.5081137924399599	0.15823476576167808	0.06487125469208975	0.04419439427261665	0.0321345429127092	31.557191673649246	43.26431878244282	30.631281926504084	38.90416004944118	4.509476785474043	62.14172502823627
2.40180223176211	0.01	0.01	0.01	0.007	0.01	0.5081139749421509	0.15823476656841678	0.06487215054847865	0.04419539006662182	0.032134542888095904	32.80411204331866	44.8246528785321	31.7983800196166	40.196180406904155	4.67473892703831	60.71548960620538
2.51475011040645	0.01	0.01	0.01	0.007	0.01	0.5081140671301606	0.1582347668964223	0.06487291662733995	0.04419631768216432	0.032134542868402866	34.029588600038004	46.346407494602836	32.94842989490782	41.45214742721401	4.837552031801394	59.30739904670567
2.628603876135072	0.01	0.01	0.01	0.007	0.01	0.5081141132758356	0.158234767028303	0.06487357439369827	0.044197181502333975	0.03213454285252059	35.23047122765903	47.82573825268966	34.07847388313695	42.66893015373738	4.997497676232642	57.9210627991207
2.7431594464418585	0.01	0.01	0.01	0.007	0.01	0.5081141362162475	0.15823476708088102	0.0648741417772309	0.04419798619330311	0.03213454283960515	36.404706793739216	49.260266456522565	35.18655764205049	43.844644176102555	5.154299713223438	56.558885933975546
2.858274145275381	0.01	0.01	0.01	0.007	0.01	0.5081141475612669	0.15823476710170783	0.06487463362042067	0.044198736429403404	0.03213454282901482	37.55109436931296	50.6487357490646	36.27151029073348	44.97835403342997	5.30779304305459	55.222329592024856
2.973850740388433	0.01	0.01	0.01	0.007	0.01	0.5081141531491885	0.15823476710991602	0.06487506213455757	0.04419943669516192	0.03213454282025974	38.66903459954569	51.99067305689354	37.33271618115726	46.069783363110666	5.457891232920622	53.912184154463965
3.0898221692272343	0.01	0.01	0.01	0.007	0.01	0.5081141558925222	0.15823476711313772	0.0648754373344712	0.04420009116668461	0.032134542812964906	39.75831697443972	53.286107617140615	38.369919466099056	47.11907695283957	5.604558809939052	52.62880469667285
3.206139506597043	0.01	0.01	0.01	0.007	0.01	0.5081141572356549	0.15823476711439796	0.0648757674313792	0.044200703659573515	0.03213454280684115	40.81896501388705	54.535370018963036	39.383080966739364	48.12663172520658	5.747790980215932	51.37228423429808
3.322763779982522	0.01	0.01	0.01	0.007	0.01	0.5081141578916931	0.1582347671148894	0.06487605917193325	0.04420127762265136	0.032134542801664306	41.851136849165165	55.738964834179825	40.372285807292826	49.09299016537436	5.887600547576543	50.14256591205452
3.4396613349390335	0.01	0.01	0.01	0.007	0.01	0.5081141582114564	0.15823476711508042	0.06487631812115999	0.04420181615894476	0.03213454279725894	42.855070228523054	56.89750047900544	41.337692216828394	50.01878172024967	6.024010665178281	48.93950526967482
3.55680173084317	0.01	0.01	0.01	0.007	0.01	0.5081141583670229	0.1582347671151547	0.06487654889248204	0.04420232205884523	0.032134542793487014	43.831056266428455	58.01165524008606	42.27950719412105	50.904694220564174	6.157051390521167	47.76289972866157
3.6741571072338797	0.01	0.01	0.01	0.007	0.01	0.5081141584425807	0.15823476711518336	0.06487675533155399	0.044202797835842175	0.03213454279023863	44.779428541130805	59.08216219293291	43.19797663103612	51.75146084870164	6.28675828605775	46.61250033479014
3.7917022623505243	0.01	0.01	0.01	0.007	0.01	0.5081141584792247	0.15823476711519446	0.06487694066198038	0.044203245760033025	0.03213454278742584	45.70055893724467	60.109802215501055	44.09338185150162	52.559853702758	6.413171926562327	45.48801557285579
3.9094148118766427	0.01	0.01	0.01	0.007	0.01	0.5081141584969732	0.15823476711519874	0.06487710760037872	0.04420366788709778	0.032134542784977835	46.59485424737534	61.095397960287976	44.96603687041428	53.330678169502505	6.536337507916031	44.38911429567297
4.0272752101245946	0.01	0.01	0.01	0.007	0.01	0.5081141585055599	0.1582347671152004	0.06487725844753962	0.044204066082781164	0.03213454278283695	47.4627518283649	62.03980688377881	45.81628471482855	54.064766610212864	6.656304323370283	43.3154298485225
4.14526653937366	0.01	0.01	0.01	0.007	0.01	0.50811415850971	0.158234767115201	0.06487739516105313	0.04420444204346687	0.03213454278095615	48.30471387822075	62.9439129779224	46.644492349197414	54.76297112682007	6.773125043053323	42.266565996258976
4.263374215619056	0.01	0.01	0.01	0.007	0.01	0.5081141585117137	0.15823476711520124	0.06487751941372052	0.04420479731397356	0.03213454277929661	49.12122169330839	63.808618798645625	47.45104550313169	55.42615669048333	6.886854980339305	41.24210304286055
4.381585627025657	0.01	0.01	0.01	0.007	0.01	0.5081141585126805	0.15823476711520137	0.06487763264083124	0.0442051333030657	0.03213454277782643	49.91277010607362	64.63483803685793	48.23634358836725	56.05519483186235	6.997551371564591	40.241603916191586
4.499889799844433	0.01	0.01	0.01	0.007	0.01	0.5081141585131466	0.15823476711520149	0.06487773607871539	0.044205451297237006	0.032134542776519094	50.67986276525429	65.42348932691758	49.00079535861566	56.65095842174429	7.105272761300315	39.26461938810562
4.618277092734226	0.01	0.01	0.01	0.007	0.01	0.5081141585133714	0.15823476711520146	0.06487783079633205	0.0442057524729781	0.032134542775352146	51.4230081779932	66.17549115721924	49.74481524495861	57.21431741708956	7.21007848358239	38.31069250478215
4.736738983024951	0.01	0.01	0.01	0.007	0.01	0.5081141585134796	0.15823476711520146	0.06487791772131421	0.04420603790782269	0.03213454277430697	52.14271681151984	66.89175812437217	50.468820680159475	57.74613572779736	7.312028283102488	37.379361812248504
4.855267914268014	0.01	0.01	0.01	0.007	0.01	0.5081141585135318	0.15823476711520146	0.06487799766150884	0.044206308590227845	0.03213454277336787	52.83949891437247	67.57319810568418	51.17323009335737	58.24726885187239	7.411182031276547	36.47016376632578
4.973857174123182	0.01	0.01	0.01	0.007	0.01	0.5081141585135569	0.15823476711520146	0.06487807132284423	0.0442065654283611	0.03213454277252143	53.51386277603602	68.22071001711399	51.85846130659854	58.7185620094191	7.5075994992405635	35.58263465999158
5.0925008185887926	0.01	0.01	0.01	0.007	0.01	0.5081141585135687	0.15823476711520146	0.06487813932422173	0.04420680925794882	0.032134542771756223	54.1663134528643	68.83518214511264	52.52493037183392	59.16084875025366	7.601340193113261	34.716312009181586
5.211193540601039	0.01	0.01	0.01	0.007	0.01	0.5081141585135744	0.15823476711520146	0.06487820220992449	0.04420704084915185	0.03213454277106261	54.79735135320603	69.41749045156445	53.173050236067766	59.574949589734565	7.692463165330448	33.87073618620894
5.329930608854622	0.01	0.01	0.01	0.007	0.01	0.5081141585135772	0.15823476711520146	0.06487826046006444	0.04420726091277796	0.03213454277043212	55.40747137544822	69.96849750330587	53.803229943240034	59.961671140333344	7.781026901723876	33.045451379869974
5.448707798397136	0.01	0.01	0.01	0.007	0.01	0.5081141585135786	0.15823476711520146	0.06487831449937191	0.04420747010579598	0.03213454276985775	55.997162116815645	70.48905154154397	54.4158738887835	60.32180537668911	7.867089216178907	32.24000650409756
5.56752134452842	0.01	0.01	0.01	0.007	0.01	0.5081141585135793	0.15823476711520146	0.06487836470463072	0.04420766903627702	0.03213454276933302	56.56690530317156	70.9799858181001	55.0113812842352	60.65612911898171	7.950707174971645	31.453955847207673
5.686367872856268	0.01	0.01	0.01	0.007	0.01	0.5081141585135798	0.15823476711520146	0.06487841141097574	0.04420785826778037	0.032134542768852685	57.117175190457054	71.44211796741993	55.59014557571561	60.965403569519005	8.031937014772346	30.686859796110955
5.805244352761842	0.01	0.01	0.01	0.007	0.01	0.5081141585135798	0.15823476711520146	0.06487845491725963	0.04420803832330429	0.032134542768412086	57.648438165902284	71.87624961029813	56.15255405458086	61.25037403533781	8.110834087782234	29.938285321133403
5.9241480664669455	0.01	0.01	0.01	0.007	0.01	0.5081141585135798	0.15823476711520146	0.06487849549064005	0.04420820968884148	0.03213454276800698	58.16115248300432	72.28316611352207	56.698987596641125	61.51176977633051	8.187452825020507	29.207806300787233
6.043076538601	0.01	0.01	0.01	0.007	0.01	0.5081141585135798	0.15823476711520146	0.06487853337049658	0.044208372816537035	0.03213454276763386	58.655767883546446	72.66363630229013	57.22982026896019	61.750303844552086	8.261846681150322	28.495004033753514
6.162027568071663	0.01	0.01	0.01	0.007	0.01	0.5081141585135798	0.15823476711520146	0.06487856877182666	0.04420852812761059	0.03213454276728957	59.13272570192296	73.01841258602238	57.74541944202875	61.96667320461924	8.334068150240695	27.799467082612072
6.2809991417057836	0.01	0.01	0.01	0.007	0.01	0.5081141585135798	0.15823476711520146	0.0648786018881359	0.0442086760148947	0.032134542766971266	59.592458505950496	73.34823074946087	58.246145398330064	62.161558655679556	8.404168711000793	27.120791799008533
6.399989466005996	0.01	0.01	0.01	0.007	0.01	0.5081141585135798	0.15823476711520146	0.06487863289396971	0.04420881684520986	0.032134542766676606	60.03539025496652	73.65381016147686	58.73235149041521	62.335625025519164	8.472198849072987	26.458582115729264
6.518996896423813	0.01	0.01	0.01	0.007	0.01	0.5081141585135798	0.15823476711520146	0.06487866194707828	0.044208950961441146	0.032134542766403235	60.46193607942854	73.93585372654586	59.20438388264581	62.489521220442064	8.538208021072732	25.812449906494116
6.638019937512049	0.01	0.01	0.01	0.007	0.01	0.5081141585135798	0.15823476711520146	0.0648786891903185	0.04420907868446443	0.03213454276614909	60.872502365698324	74.19504807881572	59.66258161821333	62.62388043123955	8.602244664230529	25.18201491091299
6.757057243058084	0.01	0.01	0.01	0.007	0.01	0.5081141585135798	0.15823476711520146	0.0648787147533073	0.044209200314887065	0.03213454276591296	61.26748684537432	74.43206378341932	60.10727669000251	62.739320345605414	8.664356206577208	24.566904655178842
6.8761075925440664	0.01	0.01	0.01	0.007	0.01	0.5081141585135798	0.15823476711520146	0.0648787387538624	0.04420931613461424	0.03213454276569272	61.64727861482289	74.6475555036436	60.538794030534525	62.83644334882953	8.724589065844404	23.966754486624204
6.995169875466639	0.01	0.01	0.01	0.007	0.01	0.5081141585135798	0.15823476711520146	0.06487876129926355	0.044209426408278095	0.03213454276548746	62.01225819966404	74.84216221077513	60.95745154760501	62.91583675514392	8.782988654790644	23.38120754916943
7.114243075638091	0.01	0.01	0.01	0.007	0.01	0.5081141585135798	0.15823476711520146	0.06487878248736076	0.0442095313845381	0.03213454276529563	62.36279763297098	75.0165074132944	61.363560171803336	62.9780730553772	8.839599388217849	22.80991474533305
7.233326263359122	0.01	0.01	0.01	0.007	0.01	0.5081141585135798	0.15823476711520146	0.06487880240755024	0.04420963129727059	0.03213454276511631	62.699260567738015	75.17119941287477	61.7574239405351	63.02371018140629	8.894464695103473	22.252534649534255
7.352418587581331	0.01	0.01	0.01	0.007	0.01	0.5081141585135798	0.15823476711520146	0.06487882114163455	0.04420972636665165	0.03213454276494842	63.02200239520946	75.30683156810201	62.139340087166225	63.053291776779474	8.947627031459843	21.708733415606826
7.47151927594916	0.01	0.01	0.01	0.007	0.01	0.5081141585135798	0.15823476711520146	0.06487883876458315	0.04420981680014927	0.032134542764791	63.33137038847707	75.42398257198117	62.50959915888864	63.06734747292401	8.999127897200335	21.178184644424533
7.590627634836618	0.01	0.01	0.01	0.007	0.01	0.5081141585135798	0.15823476711520146	0.06487885534520635	0.044209902793429186	0.032134542764643344	63.62770384556939	75.52321672803777	62.868485134189456	63.06639316369841	9.049007852946637	20.660569251994364
7.709743017822645	0.01	0.01	0.01	0.007	0.01	0.5081141585135798	0.15823476711520146	0.06487887094674787	0.044209984531179136	0.03213454276450464	63.91133415843431	75.6050842053777	63.21627544913702	63.050931284070586	9.097306524174456	20.15557547026051
7.8288648414916695	0.01	0.01	0.01	0.007	0.01	0.5081141585135798	0.15823476711520146	0.06487888562741823	0.04421006218787402	0.03213454276437436	64.18258500599134	75.67012134085712	63.553241171869	63.02145109423074	9.144062625974755	19.66289863586416
7.947992546006011	0.01	0.01	0.01	0.007	0.01	0.5081141585135798	0.15823476711520146	0.06487889944086361	0.04421013592847227	0.03213454276425173	64.4417724182328	75.71885090558384	63.879647018162785	62.97842897207501	9.189313965751968	19.18224121037586
8.067125626679251	0.01	0.01	0.01	0.007	0.01	0.5081141585135798	0.15823476711520146	0.06487891243659187	0.0442102059090619	0.0321345427641362	64.68920500593266	75.75178241426742	64.19575157139967	62.9223286907786	9.233097474294409	18.713312502819672
8.18626364188293	0.01	0.01	0.01	0.007	0.01	0.5081141585135798	0.15823476711520146	0.06487892466034935	0.044210272277449184	0.032134542764027385	64.92518412358689	75.7694124030264	64.50180742440962	62.85360168603392	9.275449225961552	18.255828502788585
8.305406173607713	0.01	0.01	0.01	0.007	0.01	0.5081141585135798	0.15823476711520146	0.06487893615445527	0.04421033517370253	0.032134542763924724	65.15000393897799	75.77222469952942	64.79806120014347	62.772687349330546	9.316404442103739	17.809511894832955
8.424552827471313	0.01	0.01	0.01	0.007	0.01	0.5081141585135798	0.15823476711520146	0.06487894695810398	0.044210394730656494	0.03213454276382783	65.36395159155133	75.76069071180953	65.08475368318135	62.6800133082433	9.355997509856488	17.37409191052746
8.543703256399409	0.01	0.01	0.01	0.007	0.01	0.5081141585135798	0.15823476711520146	0.06487895710764026	0.04421045107437276	0.03213454276373639	65.56730738714934	75.73526970512326	65.36212000293682	62.57599567949558	9.394262008049427	16.949304100000592
8.66285713696012	0.01	0.01	0.01	0.007	0.01	0.5081141585135798	0.15823476711520146	0.06487896663680028	0.04421050432457059	0.03213454276364996	65.76034490293692	75.69640907561926	65.6303896988534	62.46103935162989	9.431230716798654	16.534890281118223
8.782014161477663	0.01	0.01	0.01	0.007	0.01	0.5081141585135798	0.15823476711520146	0.06487897557693384	0.04421055459502365	0.03213454276356818	65.94333112558684	75.64454462740764	65.88978682804948	62.33553825854753	9.46693563297924	16.13059842586334
8.90117405382003	0.01	0.01	0.01	0.007	0.01	0.5081141585135798	0.15823476711520146	0.06487898395720244	0.044210601993925264	0.032134542763490856	66.116526623836	75.58010083512879	66.14053012290229	62.1998756237755	9.501407992562408	15.736182468179937
9.020336553619899	0.01	0.01	0.01	0.007	0.01	0.5081141585135798	0.15823476711520146	0.06487899180475973	0.044210646624229924	0.032134542763417616	66.28018566831236	75.50349111316322	66.38283307630924	62.054424231305156	9.534678282979007	15.351402222999315
9.139501432061953	0.01	0.01	0.01	0.007	0.01	0.5081141585135798	0.15823476711520146	0.06487899914491409	0.04421068858396602	0.03213454276334831	66.4345563957389	75.41511806426348	66.61690409219248	61.899546656748925	9.566776264445409	14.976023202096062
9.258668476102141	0.01	0.01	0.01	0.007	0.01	0.5081141585135798	0.15823476711520146	0.06487900600127659	0.0442107279665305	0.0321345427632826	66.57988092567774	75.3153737416432	66.84294656833359	61.735595530600555	9.59773098197854	14.609816535816462
9.377837504254702	0.01	0.01	0.01	0.007	0.01	0.5081141585135798	0.15823476711520146	0.06487901239589396	0.04421076486095658	0.032134542763220336	66.71639551667514	75.20463988418472	67.06115904004271	61.5629137567672	9.627570785745544	14.252558796670145
9.497008311347617	0.01	0.01	0.01	0.007	0.01	0.5081141585135798	0.15823476711520146	0.0648790183493693	0.04421079935218186	0.03213454276316143	66.84433063898136	75.08328821339076	67.27173519210098	61.38183482966542	9.656323333389468	13.904032037724384
9.616180723770356	0.01	0.01	0.01	0.007	0.01	0.5081141585135798	0.15823476711520146	0.0648790238809744	0.04421083152126997	0.03213454276310545	66.9639111748137	74.95168062711777	67.47486407406288	61.192682989771356	9.684015620168111	13.564023498525211
9.73535459158363	0.01	0.01	0.01	0.007	0.01	0.5081141585135798	0.15823476711520146	0.06487902900875081	0.04421086144563015	0.03213454276305246	67.07535653542284	74.81016943683655	67.67073019043839	60.99577345770942	9.71067399192819	13.2323255111306
9.85452977273559	0.01	0.01	0.01	0.007	0.01	0.5081141585135798	0.15823476711520146	0.0648790337496009	0.04421088919922684	0.032134542763002094	67.17888077231308	74.65909761454962	67.8595135794274	60.791412680669225	9.736324156529694	12.908735426329777
9.973706125169862	0.01	0.01	0.01	0.007	0.01	0.5081141585135798	0.15823476711520146	0.06487903811937262	0.044210914852773224	0.03213454276295433	67.27469269807287	74.49879903132975	68.04138990678982	60.57989856556453	9.760991197342456	12.593055515375132
10.092883514718926	0.01	0.01	0.01	0.007	0.01	0.5081141585135798	0.15823476711520146	0.06487904213293495	0.0442109384739078	0.032134542762908905	67.36299601846389	74.32959867111373	68.21653058270837	60.36152068041174	9.784699589852316	12.285092831110438
10.212061846676553	0.01	0.01	0.01	0.007	0.01	0.5081141585135798	0.15823476711520146	0.06487904580425104	0.04421096012734755	0.032134542762865884	67.44398947399655	74.15181279956093	68.3851029064019	60.136560402565244	9.807473221973414	11.984659015939744
10.331241010548386	0.01	0.01	0.01	0.007	0.01	0.5081141585135798	0.15823476711520146	0.06487904914643958	0.044210979875064914	0.03213454276282501	67.51786691630736	73.96574925348582	68.54727008253667	59.90529122299313	9.829335397000554	11.691570334805963
10.450420919516915	0.01	0.01	0.01	0.007	0.01	0.5081141585135798	0.15823476711520146	0.06487905217183625	0.04421099777641798	0.032134542762786225	67.5848174520865	73.77170759105044	68.7031913746401	59.66797887235289	9.850308855090793	11.40564746588434
10.56960148676307	0.01	0.01	0.01	0.007	0.01	0.5081141585135798	0.15823476711520146	0.06487905489204626	0.04421101388829702	0.032134542762749345	67.64502554042926	73.56997933014837	68.85302216608464	59.42488156066055	9.870415782234245	11.126715453979052
10.688782601787127	0.01	0.01	0.01	0.007	0.01	0.5081141585135798	0.15823476711520146	0.06487905731799516	0.04421102826526313	0.03213454276271451	67.69867109566201	73.3608481913091	68.9969140261973	59.17625021933947	9.88967781995283	10.854603657989381
10.80796420144663	0.01	0.01	0.01	0.007	0.01	0.5081141585135798	0.15823476711520146	0.06487905945997537	0.04421104095963721	0.03213454276268135	67.74592963002077	73.14459016942604	69.1350148884051	58.92232854087456	9.908116089975787	10.589145484731434
10.927146206812107	0.01	0.01	0.01	0.007	0.01	0.5081141585135798	0.15823476711520146	0.06487906132768752	0.0442110520216401	0.03213454276264982	67.78697232846598	72.92147383083538	69.26746905979782	58.66335328983698	9.925751196291403	10.330178436631462
11.046328570525962	0.01	0.01	0.01	0.007	0.01	0.5081141585135798	0.15823476711520146	0.06487906293028033	0.04421106149947646	0.032134542762619976	67.82196617056204	72.69176041190539	69.3944173618477	58.399554379008336	9.942603244735908	10.07754390967108
11.165511213657489	0.01	0.01	0.01	0.007	0.01	0.5081141585135798	0.15823476711520146	0.06487906427638603	0.04421106943946496	0.032134542762591645	67.85107401133673	72.45570411946622	69.51599714581558	58.13115518086787	9.958691845873858	9.8310872342708
11.284694080955026	0.01	0.01	0.01	0.007	0.01	0.5081141585135798	0.15823476711520146	0.0648790653741539	0.04421107588610486	0.03213454276256479	67.87445469867846	72.21355220325658	69.63234243607056	57.85837257614233	9.974036134874483	9.590657463081607
11.403877132953014	0.01	0.01	0.01	0.007	0.01	0.5081141585135798	0.15823476711520146	0.06487906623128105	0.044211080882166784	0.03213454276253932	67.89226316441382	71.96554514001122	69.74358399923739	57.581417133798034	9.988654781475176	9.356107300533752
11.523060330185722	0.01	0.01	0.01	0.007	0.01	0.5081141585135798	0.15823476711520146	0.06487906685504076	0.04421108446878434	0.03213454276251518	67.90465051495153	71.71191683317484	69.84984940682888	57.30049330781742	10.002565999096863	9.12729304689264
11.642243609507675	0.01	0.01	0.01	0.007	0.01	0.5081141585135798	0.15823476711520146	0.06487906725230921	0.044211086685545097	0.03213454276249234	67.91176412373252	71.45289483043729	69.95126309343935	57.015799652248525	10.015787553406206	8.904074554423058
11.761426931452906	0.01	0.01	0.01	0.007	0.01	0.5081141585135798	0.15823476711520146	0.06487906742958935	0.04421108757053914	0.032134542762470755	67.91374772712227	71.18870038426847	70.04794647485416	56.72752886362763	10.0283367786816	8.686315051062616
11.880610264448617	0.01	0.01	0.01	0.007	0.01	0.5081141585135798	0.15823476711520146	0.06487906739303452	0.04421108716043598	0.03213454276245039	67.91074150883317	70.91954864016431	70.14001800552643	56.4358679665509	10.04023058619179	8.47388109027225
11.999793576922011	0.01	0.01	0.01	0.007	0.01	0.5081141585135798	0.15823476711520146	0.06487906714846843	0.04421108549055501	0.032134542762431176	67.90288218572648	70.64564880705956	70.22759324378426	56.14099847891114	10.05148547359306	8.266642484886153
12.118976829407123	0.01	0.01	0.01	0.007	0.01	0.5081141585135798	0.15823476711520146	0.06487906670140568	0.0442110825949321	0.03213454276241285	67.8903030934851	70.3672043259292	70.31078491710913	55.84309657483075	10.06211753433528	8.064472240828076
12.238159998224427	0.01	0.01	0.01	0.007	0.01	0.5081141585135798	0.15823476711520146	0.06487906605706932	0.044211078506363966	0.032134542762395676	67.87313426687719	70.08441296091327	70.38970300772058	55.542333165094426	10.07214246963706	7.867246439220508
12.357343051801278	0.01	0.01	0.01	0.007	0.01	0.5081141585135798	0.15823476711520146	0.06487906522040832	0.04421107325647803	0.03213454276237947	67.85150252210305	69.79746699663352	70.46445480258359	55.23887409192335	10.081575595876817	7.674844201691963
12.476525974351457	0.01	0.01	0.01	0.007	0.01	0.5081141585135798	0.15823476711520146	0.06487906419611265	0.0442110668757694	0.03213454276236435	67.82553153135945	69.50655332062628	70.53514497406408	54.93288020153231	10.090431855865175	7.487147578087523
12.595708742195644	0.01	0.01	0.01	0.007	0.01	0.5081141585135798	0.15823476711520146	0.0648790629886288	0.044211059393665625	0.03213454276235003	67.79534190322613	69.21185361558645	70.60187562847979	54.62450753346244	10.098725826026659	7.304041513362093
12.71489132376148	0.01	0.01	0.01	0.007	0.01	0.5081141585135798	0.15823476711520146	0.0648790616021732	0.044211050838574135	0.032134542762336515	67.76105125902104	68.91354449319572	70.66474636994496	54.31390744762659	10.106471725517084	7.125413775682863
12.83407371115613	0.01	0.01	0.01	0.007	0.01	0.5081141585135798	0.15823476711520146	0.06487906004074466	0.04421104123790574	0.032134542762324025	67.72277429655354	68.61179754413018	70.72385437776042	54.00122666495511	10.113683426950049	6.951154840764827
12.95325588070058	0.01	0.01	0.01	0.007	0.01	0.5081141585135798	0.15823476711520146	0.06487905830813682	0.04421103061814201	0.03213454276231226	67.68062287217096	68.30677956239244	70.77929444449745	53.686607489932015	10.120374462245103	6.781157884752269
13.072437824502133	0.01	0.01	0.01	0.007	0.01	0.5081141585135798	0.15823476711520146	0.06487905640794915	0.044211019004855315	0.03213454276230126	67.63470606029539	67.99865258847998	70.8311590497856	53.37018784487218	10.126558032840327	6.615318672635331
13.191619526775064	0.01	0.01	0.01	0.007	0.01	0.5081141585135798	0.15823476711520146	0.06487905434359739	0.04421100642276141	0.03213454276229111	67.58513022912938	67.68757408950216	70.87953840539855	53.05210144628049	10.132247016375873	6.453535528910038
13.310800971733743	0.01	0.01	0.01	0.007	0.01	0.5081141585135798	0.15823476711520146	0.06487905211832318	0.04421099289575132	0.03213454276228163	67.53199910454993	67.37369705637515	70.92452051460374	52.73247789550137	10.137453975088738	6.29570926364524
13.429982151485685	0.01	0.01	0.01	0.007	0.01	0.5081141585135798	0.15823476711520146	0.06487904973520386	0.04421097844691895	0.032134542762272816	67.4754138309281	67.05717009694669	70.96619122877557	52.41144276591239	10.142191163817987	6.141743101682384
13.549163058138458	0.01	0.01	0.01	0.007	0.01	0.5081141585135798	0.15823476711520146	0.06487904719715984	0.044210963098599496	0.03213454276226481	67.41547303721252	66.73813756774629	71.0046342965432	52.08911772968005	10.146470537105214	5.991542634445262
13.668343668013682	0.01	0.01	0.01	0.007	0.01	0.5081141585135798	0.15823476711520146	0.06487904450696436	0.0442109468724114	0.03213454276225743	67.35227290713401	66.41673972539094	71.03993141073228	51.76562070387865	10.150303756058532	5.845015781248567
13.787523973219116	0.01	0.01	0.01	0.007	0.01	0.5081141585135798	0.15823476711520146	0.06487904166724962	0.04421092978926356	0.032134542762250674	67.285907223395	66.09311274799387	71.0721622686644	51.44106586564894	10.153702196643714	5.702072693107594
13.9067039816485	0.01	0.01	0.01	0.007	0.01	0.5081141585135798	0.15823476711520146	0.06487903868051403	0.04421091186938251	0.03213454276224459	67.21646742418959	65.76738883701127	71.10140461903137	51.115563749534154	10.156676956380839	5.562625700073134
14.025883685409632	0.01	0.01	0.01	0.007	0.01	0.5081141585135798	0.15823476711520146	0.06487903554912924	0.044210893132361734	0.03213454276223904	67.14404267804433	65.43969640384651	71.12773430113177	50.78922142911928	10.159238860267173	5.426589295331839
14.145063068717453	0.01	0.01	0.01	0.007	0.01	0.5081141585135798	0.15823476711520146	0.06487903227534714	0.04421087359718175	0.03213454276223412	67.0687199365567	65.11016014761944	71.15122529485676	50.46214258913691	10.161398467834966	5.293880071829868
14.264242131572827	0.01	0.01	0.01	0.007	0.01	0.5081141585135798	0.15823476711520146	0.06487902886130383	0.04421085328221698	0.03213454276222976	66.99058397396351	64.77890108560429	71.17194977087111	50.13442755134155	10.163166080080645	5.164416644679855
14.383420873976613	0.01	0.01	0.01	0.007	0.01	0.5081141585135798	0.15823476711520146	0.06487902530902684	0.04421083220526938	0.032134542762225916	66.90971744931132	64.44603668980591	71.18997813091097	49.80617340618847	10.164551745379457	5.038119619929338
14.502599295929674	0.01	0.01	0.01	0.007	0.01	0.5081141585135798	0.15823476711520146	0.06487902162043949	0.04421081038359096	0.03213454276222267	66.82620095832942	64.11168097820398	71.20537905106562	49.47747409922084	10.165565265666896	4.914911545850958
14.621777381647208	0.01	0.01	0.01	0.007	0.01	0.5081141585135798	0.15823476711520146	0.06487901779736673	0.04421078783391691	0.03213454276221993	66.74011309560285	63.77594464828637	71.21821952246609	49.148420558878705	10.16621620240626	4.794716881148555
14.740955139022974	0.01	0.01	0.01	0.007	0.01	0.5081141585135798	0.15823476711520146	0.06487901384153806	0.04421076457245473	0.0321345427622176	66.65153047582677	63.43893505282755	71.22856489712565	48.81910066963887	10.16651388274329	4.6774619083304065
14.860132552272303	0.01	0.01	0.01	0.007	0.01	0.5081141585135798	0.15823476711520146	0.06487900975459404	0.0442107406149403	0.03213454276221579	66.56052781613	63.10075641784868	71.23647892298422	48.48959948272263	10.16646740498118	4.563074736288849
14.979309621396187	0.01	0.01	0.01	0.007	0.01	0.5081141585135798	0.15823476711520146	0.06487900553808834	0.044210715976625105	0.03213454276221456	66.46717795410693	62.7615098137006	71.24202378692345	48.15999918503773	10.166085644332714	4.4514852168969
15.09848635428836	0.01	0.01	0.01	0.007	0.01	0.5081141585135798	0.15823476711520146	0.06487900119349317	0.044210690672299546	0.032134542762213704	66.3715518984764	62.421293257340416	71.24526015127978	47.83037919692007	10.165377258214425	4.342624910967324
15.217662750949772	0.01	0.01	0.01	0.007	0.01	0.5081141585135798	0.15823476711520146	0.06487899672220139	0.04421066471632209	0.0321345427622133	66.2737188861736	62.080201835745434	71.24624719043172	47.50081628989199	10.164350691627362	4.2364270610309145
15.336838811381373	0.01	0.01	0.01	0.007	0.01	0.5081141585135798	0.15823476711520146	0.06487899212553155	0.04421063812262865	0.03213454276221329	66.1737464200169	61.73832776005473	71.24504262779692	47.171384637047865	10.163014182362879	4.1328265427098
15.456014535584108	0.01	0.01	0.01	0.007	0.01	0.5081141585135798	0.15823476711520146	0.0648789874047307	0.04421061090474796	0.032134542762213794	66.07170031125463	61.395760440164935	71.24170277133481	46.84215588342541	10.161375766073016	4.031759824762608
15.575189915666277	0.01	0.01	0.01	0.007	0.01	0.5081141585135798	0.15823476711520146	0.06487898256097707	0.0442105830758227	0.03213454276221478	65.96764472802695	61.05258658021381	71.23628254860728	46.51319923636665	10.159443281354376	3.9331649365564276
15.694364951628874	0.01	0.01	0.01	0.007	0.01	0.5081141585135798	0.15823476711520146	0.06487897759538326	0.04421055464860988	0.032134542762216105	65.86164222232308	60.7088902041103	71.22883554010924	46.18458148873737	10.157224374354476	3.8369814166718292
15.813539651365495	0.01	0.01	0.01	0.007	0.01	0.5081141585135798	0.15823476711520146	0.06487897250899854	0.04421052563549491	0.03213454276221772	65.75375376882519	60.36475272450658	71.21941401154912	45.85636708417488	10.15472650338293	3.7431502766176576
15.932714014877092	0.01	0.01	0.01	0.007	0.01	0.5081141585135798	0.15823476711520146	0.06487896730281216	0.044210496048516255	0.032134542762219796	65.6440388174965	60.020253055777744	71.20806894700225	45.52861822412158	10.15195694379935	3.651613977370013
16.0	0.01	0.01	0.01	0.007	0.01	0.5081141585135798	0.15823476711520146	0.06487896431106939	0.04421048831194762	0.032134542762221184	65.58130869024511	59.82561670420292	71.20083272032373	45.343798789308856	10.150275928703188	3.6009247166295943
