0.0	0.01	0.01	0.01	0.007	0.01	0.0	0.0	0.0	0.0	0.0	0.0	0.0	0.0	0.0	0.0	100.0
0.003466438280360363	0.01	0.01	0.01	0.007	0.01	0.011360123095502515	0.003106378523618105	0.003751669802093804	0.003954209470411949	0.005233440850947374	0.0007216861009027368	0.0010345276230847174	0.0023023107267102134	0.0038119364877905655	0.0004696192662791948	99.92419602930482
0.005564605269823841	0.01	0.01	0.01	0.007	0.01	0.01816562580941223	0.004944586689965882	0.005892165453507431	0.006158521160158628	0.00824990789449519	0.0018539018743892535	0.0026495225027033456	0.005844190943179747	0.009618092434254934	0.0011950974504095822	99.8783412943994
0.008721912826248615	0.01	0.01	0.01	0.007	0.01	0.02830730015502641	0.007652381791707674	0.008939035105519098	0.00922890816038929	0.012585278743924662	0.004533087344454765	0.006449271320333893	0.014038797330229108	0.02290111536139152	0.0028816110584722983	99.8093790517311
0.011638045508070734	0.01	0.01	0.01	0.007	0.01	0.03756947012761916	0.010092441621356323	0.011577710932698044	0.011821773959015933	0.01638289080295571	0.008036077923706452	0.01138566587801991	0.024488453509556182	0.039632163484447605	0.00504367738334969	99.74572687566415
0.015026003327598653	0.01	0.01	0.01	0.007	0.01	0.048205307001000286	0.012855717614136924	0.014445408043202651	0.014567143508280462	0.020560761600922125	0.013328599972171742	0.01879400457747845	0.03987131934449521	0.06395463893417588	0.008244151966764642	99.67182686435608
0.018477420059994636	0.01	0.01	0.01	0.007	0.01	0.058903931305591566	0.015593697912142618	0.01716263249291916	0.017095765656081237	0.024574693815628684	0.020052046210200358	0.028137843316957074	0.05887980115286061	0.09361830899914585	0.01222269023504216	99.596598951091
0.022196474688176177	0.01	0.01	0.01	0.007	0.01	0.07028004471457173	0.01845939553278443	0.01987645885817257	0.019547350865414398	0.028646047800843746	0.028777750316926143	0.040173613014911215	0.08285290612612325	0.13053644286732624	0.017272129374202857	99.51560109005946
0.02605913116753769	0.01	0.01	0.01	0.007	0.01	0.08193061417100071	0.021345572861018732	0.022477564239641118	0.021824456820942084	0.03261766619137611	0.03943996644667263	0.05476523875749022	0.11128815189503323	0.17374019115301603	0.02330197604575767	99.43154543816577
0.030122782122535052	0.01	0.01	0.01	0.007	0.01	0.09400875321160168	0.024285832739237404	0.02499367116096205	0.02395602295156308	0.0365371925555325	0.05238584188006825	0.07233813133791281	0.1447751340777404	0.2239370922865285	0.03045425609329682	99.34319255948532
0.03435161030791637	0.01	0.01	0.01	0.007	0.01	0.10638621333509338	0.027244363853356504	0.02739187918394565	0.025919115782922216	0.04035862982543792	0.06770616387128432	0.09295890069476598	0.18318124707570016	0.2807359529133588	0.03872038131214928	99.25133171685984
0.03876319750469023	0.01	0.01	0.01	0.007	0.01	0.1190935436532822	0.030224422338718252	0.02967493485763993	0.027722261709960182	0.044087487631305544	0.08565967455162579	0.11691369571176008	0.22677080761916707	0.34434248552205876	0.048178888265851205	99.15559141295297
0.0433491747236808	0.01	0.01	0.01	0.007	0.01	0.13208482300103952	0.033211222544096725	0.03183250480275806	0.02936397653690532	0.04769858076625278	0.10641466809403398	0.144358083634675	0.27554488419434053	0.41457700051560276	0.05885275566658915	99.05616439574969
0.048117095710819915	0.01	0.01	0.01	0.007	0.01	0.14535946956743787	0.036200869021857214	0.03386408907140385	0.030851099990791553	0.05116108334371422	0.1302077822880482	0.17552950219019456	0.3296350877359323	0.49145662212224345	0.07079078668623942	98.95289842683434
0.05307009530002262	0.01	0.01	0.01	0.007	0.01	0.15890327794877285	0.03918644998861824	0.0357680536191286	0.03218982714836332	0.05440255550545847	0.15726463803773627	0.2106405354453594	0.3891097449867491	0.5749137532459849	0.08401756583875922	98.8457379374492
0.05820417251146481	0.01	0.01	0.01	0.007	0.01	0.17268231533257702	0.04215707232731825	0.03754164319114768	0.03338588031146911	0.05729178394398359	0.1877722562737511	0.24984428799917913	0.4539245253235198	0.6647346246919682	0.09850762105652455	98.73478223680708
0.0634284611231177	0.01	0.01	0.01	0.007	0.01	0.18643695145739825	0.045055466875245816	0.03915883860515731	0.034430675753720254	0.059620537847645705	0.2213296886033631	0.2925413687660512	0.5228311307531037	0.7590837072565202	0.11392313340802065	98.62200477249439
0.06874648691686892	0.01	0.01	0.01	0.007	0.01	0.20016756192590415	0.047882311557836836	0.040631098237852485	0.035341210787466874	0.06126806141951497	0.25803294583441244	0.3387773073814332	0.5956963935445413	0.8577171050869593	0.130128699058336	98.5073360944351
0.0743262308260022	0.01	0.01	0.01	0.007	0.01	0.21428596529009028	0.050719986852209645	0.04200744037891703	0.03615490287056345	0.06222389300335175	0.29923537778933645	0.39015458617794174	0.6747648958192238	0.9635731486527824	0.1474744438164346	98.38716750835033
0.08014104448427208	0.01	0.01	0.01	0.007	0.01	0.22869182738635552	0.05354360133924866	0.043278713277782016	0.03687187638503219	0.06252084287662855	0.34503512183552143	0.44666682040281175	0.7596798107770852	1.0760458656431071	0.1657061402717302	98.26209230864485
0.08613304449997462	0.01	0.01	0.01	0.007	0.01	0.24321546905591052	0.056317146898093084	0.04443472948092412	0.03749277142957993	0.06230299902675436	0.3952069859449938	0.5079116853094727	0.8495370455412574	1.193851643561003	0.18447443397212035	98.13337221608066
0.09235042015351393	0.01	0.01	0.01	0.007	0.01	0.25794833855381233	0.05905591844366758	0.045488731313554	0.03803100807447873	0.06173970089644935	0.45037429996517	0.5745201599703419	0.9449765172523473	1.3177627593228207	0.20379505896060382	97.99998885476546
0.0988488423532225	0.01	0.01	0.01	0.007	0.01	0.27298866933376115	0.06177454949745509	0.04645158601785995	0.038497532615414345	0.06096547242413667	0.5113250051631327	0.6472879958122019	1.046806522680034	1.448748918210687	0.22373864537324134	97.86076988074723
0.1056969422368763	0.01	0.01	0.01	0.007	0.01	0.28845123457281	0.06448846165619909	0.04733252975217074	0.03890148437264632	0.060074015620486663	0.5790883575193205	0.7272539498349724	1.156088690436562	1.5880800703850646	0.24443579275067834	97.71427360435986
0.11292834031605381	0.01	0.01	0.01	0.007	0.01	0.3043588880449238	0.06719516324360844	0.04813394728359108	0.03924823011603979	0.05913277709641186	0.6544597947187445	0.8151311518964834	1.273356396914599	1.7363341066350217	0.26592381325874087	97.55981576841285
0.12056253577600302	0.01	0.01	0.01	0.007	0.01	0.3206964460573232	0.06988539108384727	0.048856793692210354	0.039542388973244025	0.05818914186518599	0.7381450087275527	0.9114876275710309	1.39890682135954	1.8937940008717882	0.28821055011175734	97.39701937256564
0.1286128158428739	0.01	0.01	0.01	0.007	0.01	0.33743107548959345	0.07254735327183091	0.04950241278071947	0.03978868486333891	0.057275328039870774	0.8308142324645851	1.0168139683212496	1.5329152785643718	2.060603249532308	0.3112971454481792	97.22564438538123
0.1370987125939744	0.01	0.01	0.01	0.007	0.01	0.3545390640205064	0.07517129079816115	0.050073670844979816	0.039992282436819224	0.0564115273445225	0.9332367559097964	1.1316761654545415	1.6756406474908023	2.2370250151748903	0.3352119042064683	97.04532240610911
0.14604474240786358	0.01	0.01	0.01	0.007	0.01	0.3720015910301548	0.07774863978312632	0.05057441897074641	0.04015842136459517	0.05560975988873914	1.0462796199787263	1.2567072064134244	1.827410250627541	2.423420076672209	0.3600034235617793	96.85558489936221
0.155481183223528	0.01	0.01	0.01	0.007	0.01	0.3898047025572622	0.08027191237907043	0.051009215683515435	0.04029221281151907	0.05487643366559116	1.1709296454183207	1.3926240390494111	1.9886369204811962	2.620265005768019	0.3857402742983743	96.65584821282027
0.16544282979151395	0.01	0.01	0.01	0.007	0.01	0.40793533058154885	0.08273404587101733	0.05138301217400589	0.04039847130237037	0.054214243827470684	1.3082895412403823	1.5402148510547875	2.1598003716993284	2.8281266934238474	0.41250565832848574	96.44544165199983
0.175969194585878	0.01	0.01	0.01	0.007	0.01	0.42638028163329683	0.08512826634024553	0.05170099670630298	0.04048163526060178	0.05362332466713697	1.4595904913776143	1.7003441402594786	2.341451742805462	3.047665773938327	0.44039659721185775	96.2236049915703
0.18710425723998914	0.01	0.01	0.01	0.007	0.01	0.4451244143062314	0.08744788991706696	0.051968457457594486	0.040545716612880096	0.05310204054562569	1.6261978849351018	1.873949690547618	2.534209613201867	3.2796297580877147	0.4695221887007353	95.98949573783307
0.19889663779351638	0.01	0.01	0.01	0.007	0.01	0.46414962802901755	0.08968628350761619	0.052190687811148245	0.04059428019704978	0.05264749312782434	1.8096219367553559	2.0620442856054604	2.738762661732842	3.5248542695388645	0.5000031911836078	95.74218767474414
0.21139958232401596	0.01	0.01	0.01	0.007	0.01	0.4834335616012666	0.09183683189021574	0.052372901690628366	0.04063043931810868	0.05225587942156181	2.0115245963725172	2.265713119361632	2.9558685809916327	3.784259707407261	0.5319712100296813	95.48067364576544
0.22467098844483754	0.01	0.01	0.01	0.007	0.01	0.502948450017202	0.09389296942239145	0.05252016207692906	0.04065686547318654	0.051922745688225164	2.2337255091320736	2.4861102135578146	3.1863532193413566	4.058848126995212	0.5655680410929004	95.2038677942559
0.2387732554873088	0.01	0.01	0.01	0.007	0.01	0.5226598616150222	0.09584824187406374	0.05263731593555652	0.04067580836460164	0.051643183536259865	2.4782030280148777	2.7244502840479905	3.431106260529142	4.349695914780999	0.6009445807475975	94.9106117780879
0.25377297000245963	0.01	0.01	0.01	0.007	0.01	0.5425254583240634	0.0976964142576883	0.052728936163335	0.04068912439704848	0.051411989520317836	2.7470893449568248	2.9819959912642453	3.6910736620692925	4.657942570024165	0.6382593205005098	94.5996846895083
0.2697403073153434	0.01	0.01	0.01	0.007	0.01	0.5624937629344198	0.09943161873871073	0.05279927021957135	0.04069831167173767	0.05122380483661717	3.042656430577054	3.2600384471852712	3.9672448488419647	4.984773269652497	0.6776761263935176	94.26981907760894
0.28674810790151245	0.01	0.01	0.01	0.007	0.01	0.5825030774353819	0.1010485481972339	0.052852196988883986	0.04070454976122194	0.05107324328363577	3.367290502992576	3.559870248905928	4.260634061753386	5.331394593417649	0.7193612177847982	93.91972377228758
0.3048705893130266	0.01	0.01	0.01	0.007	0.01	0.6024807167010947	0.10254269352608882	0.05289119357679941	0.040708742433515285	0.05095501200572987	3.7234527782937703	3.8827505996373937	4.572255355458344	5.699002913705115	0.7634792774169304	93.5481140991732
0.32418181957316694	0.01	0.01	0.01	0.007	0.01	0.622342890900961	0.10391062431740807	0.05291931413246657	0.04071156146418921	0.050864025473396385	4.113627780001853	4.229865360850926	4.9030936349649235	6.088748383021988	0.8101890390090805	93.15374662561584
0.3447542333427518	0.01	0.01	0.01	0.007	0.01	0.64199560604796	0.10515029842846496	0.052939182268441194	0.0407134896414414	0.050795511077338984	4.540264756179109	4.60228816878762	5.254076755392527	6.501700534900319	0.8596390700553653	92.73545244810134
0.3666576883409699	0.01	0.01	0.01	0.007	0.01	0.6613369271854789	0.10626136948651314	0.05295299792868514	0.040714861193614046	0.05074510246550531	5.005724087576098	5.000953063311093	5.626057238080846	6.938825613795133	0.9119649652727996	92.2921588274077
0.3899595411386975	0.01	0.01	0.01	0.007	0.01	0.6802606076828241	0.10724543524337136	0.05296255825064565	0.04071589812024188	0.05070891525204618	5.512242500154902	5.426648799625381	6.019811509314661	7.40098489435232	0.9672890755576043	91.82288974007041
0.4147259886434967	0.01	0.01	0.01	0.007	0.01	0.6986606411262425	0.10810616058096571	0.05296929034961951	0.040716741307425613	0.05068359846628826	6.061927357755284	5.880040169676258	6.436060243748807	7.888958068722903	1.025723290708414	91.32674105273847
0.44102441686701493	0.01	0.01	0.01	0.007	0.01	0.7164358703236534	0.10884922413131305	0.0529742919557468	0.040717475805310765	0.05066635586599871	6.656778881336132	6.3617113107678644	6.875504649440348	8.40348544988473	1.0873741627936457	90.80283644188171
0.4689260889375029	0.01	0.01	0.01	0.007	0.01	0.7334937712424043	0.10948208233038093	0.052978374274299744	0.04071815020594655	0.050654934549877996	7.2987275246910945	6.872217354695381	7.338866776084185	8.94531483820797	1.15234870003226	90.25027824244142
0.49850843212370083	0.01	0.01	0.01	0.007	0.01	0.7497529238854702	0.11001359384978372	0.05298210155831396	0.04071879059668736	0.050647583670191634	7.989668851745636	7.412128956904798	7.826921161188883	9.515238105260913	1.220759041076831	89.66810834037427
0.5298563697921812	0.01	0.01	0.01	0.007	0.01	0.765144177954137	0.1104535731894004	0.05298582470783002	0.04071940996729404	0.05064299112901486	8.731480185242747	7.982057986753837	8.340508777029621	10.114106958399109	1.292724721144261	89.05528989096001
0.5630624718776817	0.01	0.01	0.01	0.007	0.01	0.7796108912096162	0.11081234022184057	0.052989711106159	0.04072001413858239	0.050640208688552166	9.52601026003611	8.582659514858625	8.880530143273836	10.74282435551029	1.3683720638689765	88.41071363458424
0.5982258380491048	0.01	0.01	0.01	0.007	0.01	0.7931086838232548	0.1111003110412698	0.05299377695221052	0.04072060525124041	0.05063857548774997	10.37503721269213	9.214608774885429	9.447917150489207	11.402311200149125	1.4478306059776231	87.73322945009878
0.6354493855405369	0.01	0.01	0.01	0.007	0.01	0.805604988369188	0.11132765162707962	0.05299792796170873	0.040721183674730425	0.05063764748002598	11.280185753968071	9.878548371320774	10.043579653128301	12.093443893381794	1.5312259717440173	87.02170805946066
0.6748350775112647	0.01	0.01	0.01	0.007	0.01	0.8170786092283878	0.11150400223762458	0.05300200858151942	0.04072174896839627	0.050637137193121996	12.242792509169318	10.574999721515917	10.668321430622932	12.81695670450375	1.6186684113709358	86.27513966246403
0.7164774665114277	0.01	0.01	0.01	0.007	0.01	0.8275196674287232	0.11163827439958783	0.05300585245351615	0.04072230032682163	0.050636865490135484	13.2637310522498	11.304248692861734	11.322734129774217	13.57331931558452	1.7102381879762318	85.49275958483508
0.7604585858606102	0.01	0.01	0.01	0.007	0.01	0.8369305135016527	0.1117385164752803	0.05300932334489902	0.04072283680162011	0.05063672506261767	14.343276035316467	12.066261366520896	12.007118849654555	14.36264725808433	1.8059747544132922	84.67414182123467
0.8068483173699111	0.01	0.01	0.01	0.007	0.01	0.8453274753013745	0.11181183148771065	0.053012338334892016	0.04072335746646442	0.050636654214914194	15.481113444910541	12.860699935272146	12.721498049964161	15.184717150670533	1.9058784881901778	83.81918538988872
0.8557110908912491	0.01	0.01	0.01	0.007	0.01	0.8527421622508563	0.11186433086487912	0.053014871595558885	0.0407238615660913	0.05063661895341519	16.676518729398047	13.687045789114467	13.465724822157696	16.03909349639848	2.009925971595352	82.92798453065576
0.9071147485442169	0.01	0.01	0.01	0.007	0.01	0.8592209457377266	0.1119011235240084	0.05301694366544091	0.04072434861198512	0.05063660133747073	17.92859405920752	14.544750176674231	14.239618992965225	16.925284599172386	2.1180889664949496	82.00066651221194
0.9611376997334653	0.01	0.01	0.01	0.007	0.01	0.8648225922544586	0.11192635063642081	0.05301860438709503	0.040724818407088	0.050636592283778835	19.23646105081309	15.433344005665354	15.043068830086844	17.842857037131093	2.2303485483022643	81.03727000771929
1.0178737720730346	0.01	0.01	0.01	0.007	0.01	0.8696149582122051	0.11194326678715238	0.053019916582473105	0.040725271022082156	0.05063658736091762	20.599388476118694	16.352498656942934	15.87609060148134	18.791500297339425	2.3467033402642477	80.03767328143512
1.077436093903335	0.01	0.01	0.01	0.007	0.01	0.8736715884473605	0.11195435439126289	0.053020944133821676	0.04072570675408782	0.05063658446788609	22.016884343627286	17.302062191006073	16.738867393042405	19.77106646022373	2.467174850424057	79.00154660168542
1.139960857046106	0.01	0.01	0.01	0.007	0.01	0.8770686179558104	0.1119614530949557	0.05302174505636641	0.04072612608271623	0.05063658262239985	23.488770731158557	18.2820854947239	17.63177996505625	20.78159955430035	2.5918116953516583	77.9283136022873
1.2056111957336557	0.01	0.01	0.01	0.007	0.01	0.8798821293864252	0.11196588858413982	0.053022368527178704	0.040726529628095955	0.05063658136091418	25.01524517609104	19.292841799964055	18.55543260264023	21.823357786242052	2.7206931165116517	76.81711806497071
1.27458110519568	0.01	0.01	0.01	0.007	0.01	0.8821860168334074	0.11196859028809458	0.0530228544317396	0.040726918111651814	0.05063658045540536	26.59692533201848	20.334837658547276	19.510672189411743	22.896826450166767	2.8539315347859793	75.66679825135624
1.3470995846610139	0.01	0.01	0.01	0.007	0.01	0.8840503669684125	0.11197019228451989	0.053023234218851314	0.040727292321364385	0.05063657978493159	28.234879957179366	21.408817287794175	20.498602322079563	24.00272337273098	2.9916743905768506	74.47586657598688
1.4234351331523636	0.01	0.01	0.01	0.007	0.01	0.8855403197196755	0.11197111543380145	0.0530235322564993	0.04072765308184047	0.05063657927895478	29.930647677213948	22.515760775991293	21.52059310447629	25.141997351594835	3.134105352716936	73.24249378867295
1.5039007996681042	0.01	0.01	0.01	0.007	0.01	0.8867153476943177	0.11197163134696743	0.05302376723930416	0.04072800122921191	0.050636578892461696	31.686246046910068	23.656877138498118	22.5782878309507	26.315820602459162	3.2814450589363093	71.9644961033691
1.588859766692638	0.01	0.01	0.01	0.007	0.01	0.8876288795550275	0.11197191028819999	0.0530239534411602	0.04072833758936256	0.050636578594725944	33.504167759711905	24.83358940660715	23.67360434590587	27.525572327548097	3.4339510729536067	70.63932780199909
1.6787307988578455	0.01	0.01	0.01	0.007	0.01	0.8883281927903981	0.11197205577495378	0.05302410174641498	0.04072866295567219	0.05063657836385617	35.38734705989608	26.047500082824897	24.80872059487855	28.772801438677647	3.5919155924469552	69.2640918526778
1.7739911173247345	0.01	0.01	0.01	0.007	0.01	0.8888545094404876	0.1119721287255537	0.05302422046141989	0.04072897805780075	0.050636578183859624	37.33904561695204	27.300303989655937	25.986013483006815	30.059134646396757	3.7556566108097225	67.83560596092327
1.8751688451562474	0.01	0.01	0.01	0.007	0.01	0.8892432375958267	0.11197216375142859	0.053024315934543105	0.04072928350027669	0.050636578042883996	39.36250987106964	28.593554685778187	27.20786112617161	31.386033909085402	3.9254900545510782	66.35063376978584
1.9827979219017924	0.01	0.01	0.01	0.007	0.01	0.8895243046677214	0.1119721797784142	0.053024393014922816	0.04072957960764402	0.050636577932082726	41.45991625099426	29.927981397421558	28.476014305072667	32.75409352385079	4.1016421293119	64.80664163454432
2.097240133840928	0.01	0.01	0.01	0.007	0.01	0.8897225275339026	0.11197218672812617	0.05302445536660163	0.040729865984177424	0.05063657784487401	43.62897081167717	31.30134077189523	29.78954124705457	34.16084009945791	4.283964028857488	63.20430480837059
2.218072118257875	0.01	0.01	0.01	0.007	0.01	0.8898579873697838	0.11197218956463705	0.053024505631621824	0.04073014031846692	0.0506365777765069	45.852237385502285	32.70176897403476	31.13833224767161	35.59394341548021	4.471032488762296	61.55548048566534
2.342727122277957	0.01	0.01	0.01	0.007	0.01	0.8899467115898938	0.1119721906484538	0.05302454554230541	0.04073039670424547	0.05063657772374489	48.075562289074675	34.09456619514655	32.48987790473989	37.01776476514691	4.658323769672908	59.89955242182858
2.46673587452012	0.01	0.01	0.01	0.007	0.01	0.8900023866605346	0.11197219104159443	0.053024576558173275	0.04073062895516256	0.05063657768388519	50.21833837847907	35.429277866499746	33.79526318986612	38.380723267868255	4.83905810291182	58.2964122425898
2.587660109813235	0.01	0.01	0.01	0.007	0.01	0.8900368575522553	0.11197219118328532	0.05302460061878886	0.04073083780801443	0.05063657765376962	52.24324584788044	36.68331329296564	35.03157630294317	39.65987305975222	5.010075405138856	56.77447539132597
2.7059078042799	0.01	0.01	0.01	0.007	0.01	0.8900584910389481	0.1119721912357165	0.05302461966474145	0.04073102786390772	0.05063657763049645	54.16327696734889	37.8655158292625	36.20649134406448	40.864389914306216	5.172452845813079	55.32465615196504
2.82286306422031	0.01	0.01	0.01	0.007	0.01	0.8900723274969691	0.11197219125567504	0.05302463514049457	0.04073120296285215	0.050636577612006836	56.00540665124605	38.99309501361597	37.33631403755148	42.01192734738935	5.328455704467394	53.92710516588461
2.93970551248166	0.01	0.01	0.01	0.007	0.01	0.8900812909742922	0.11197219126339827	0.05302464799027843	0.04073136565593907	0.05063657759698325	57.79068056369281	40.0792914409887	38.43383517663484	43.11603276186525	5.479856876655066	52.56615484816663
3.0570644849797364	0.01	0.01	0.01	0.007	0.01	0.8900871250827054	0.11197219126639932	0.053024658816057293	0.0407315176031531	0.050636577584588865	59.52984444158651	41.13083941936051	39.50560175197034	44.18359238294049	5.627562900811815	51.233761083327
3.1750641027610302	0.01	0.01	0.01	0.007	0.01	0.8900909182098872	0.11197219126756124	0.05302466801735964	0.04073165985087739	0.050636577574266664	61.225338525474804	42.14934530779845	40.553081206331825	45.216265313997724	5.771778041136946	49.92814160709521
3.2935385474932977	0.01	0.01	0.01	0.007	0.01	0.8900933757070922	0.11197219126800845	0.053024675882529126	0.04073179311753374	0.050636577565615376	62.8754110849545	43.13389221255376	41.57515133601707	46.21315154125516	5.912349944636059	48.65074015620351
3.4122435108326665	0.01	0.01	0.01	0.007	0.01	0.8900949624515361	0.11197219126817964	0.05302468263725511	0.040731918018441206	0.05063657755832552	64.47755642997473	44.08315659562172	42.57020446888384	47.17294830460743	6.049060450106897	47.40363019306871
3.5309895443740658	0.01	0.01	0.01	0.007	0.01	0.890095984796209	0.11197219126824498	0.053024688466738565	0.040732035166421536	0.050636577552148086	66.03037680795957	44.9965192601824	43.53730092503475	48.095074911961234	6.1817842391461175	46.188073582597646
3.6496862691733143	0.01	0.01	0.01	0.007	0.01	0.8900966429970021	0.11197219126826993	0.05302469352486456	0.040732145175165275	0.05063657754688113	67.53399681496249	45.87428586271229	44.47643651592388	48.9798904786184	6.310525050032234	45.00417256724288
3.768325278483309	0.01	0.01	0.01	0.007	0.01	0.8900970668099669	0.11197219126827945	0.053024697938632445	0.040732248628395466	0.050636577542361956	68.98964237745443	46.71741186834878	45.3882914438972	49.828410535938914	6.435380621714795	43.85117117685907
3.8869397188564974	0.01	0.01	0.01	0.007	0.01	0.8900973398205648	0.11197219126828308	0.05302470181169084	0.040732346056136244	0.05063657753845954	70.3990026360239	47.52711231601367	46.273839004557956	50.64190995966769	6.556488664341904	42.727939192938834
4.005568280429438	0.01	0.01	0.01	0.007	0.01	0.8900975157494289	0.11197219126828449	0.053024705228046705	0.040732437927966804	0.050636577535070275	71.76374500954162	48.30457491715865	47.13404435444868	51.42163296923487	6.673985477951701	41.63334977889085
4.124235511525239	0.01	0.01	0.01	0.007	0.01	0.8900976291312689	0.11197219126828503	0.053024708255814075	0.04073252465796632	0.05063657753211059	73.08529361098077	49.05083479958344	47.96972453521596	52.16866771522287	6.787986850889206	40.56645800268634
4.242947850103007	0.01	0.01	0.01	0.007	0.01	0.8900977021957626	0.11197219126828525	0.05302471095060268	0.04073260661409174	0.05063657752951355	74.36481663429991	49.76677250133419	48.78153846710385	52.88394536513887	6.898586804480125	39.526516238299024
4.361699003519672	0.01	0.01	0.01	0.007	0.01	0.8900977492694573	0.11197219126828535	0.053024713358290676	0.04073268412723042	0.05063657752722457	75.60331568864608	50.45316908284004	49.570041560019426	53.56829626718845	7.005865144435197	38.512906885895895
4.480477904931452	0.01	0.01	0.01	0.007	0.01	0.8900977795912922	0.11197219126828538	0.05302471551714037	0.04073275749789115	0.05063657752519887	76.80172732266544	51.110765481471134	50.33574909509521	54.22250979561522	7.109896151568419	37.525062524175766
4.599274684677111	0.01	0.01	0.01	0.007	0.01	0.89009779911936	0.11197219126828538	0.053024717459349495	0.04073282700043698	0.050636577523398944	77.96098819779988	51.74029911281135	51.07917752731947	54.847370945084855	7.210754211641569	36.56241307028503
4.718083348834366	0.01	0.01	0.01	0.007	0.01	0.8900978116946167	0.11197219126828538	0.05302471921218975	0.04073289288575716	0.050636577521793846	79.08205771496576	52.34251555491236	51.80085925223828	55.44367179403554	7.308515805264207	35.62436633222226
4.836901616347193	0.01	0.01	0.01	0.007	0.01	0.8900978197920739	0.11197219126828538	0.05302472079886416	0.040732955383303945	0.0506365775203572	80.16591036246976	52.91816336708688	52.50133813349426	56.012206136152976	7.403258878067847	34.71031323751902
4.955729448640372	0.01	0.01	0.01	0.007	0.01	0.8900978250060004	0.11197219126828538	0.05302472223918374	0.040733014703032346	0.05063657751906721	81.2135175265162	53.46798358778826	53.18115810875194	56.553758920077364	7.495061280476018	33.819642231893205
5.07456743680605	0.01	0.01	0.01	0.007	0.01	0.8900978283631253	0.11197219126828538	0.05302472355011887	0.04073307103736124	0.05063657751790494	82.22583115152092	53.99270080155875	53.84085274753276	57.06909737132734	7.58399934903958	32.95175274652637
5.193415833606333	0.01	0.01	0.01	0.007	0.01	0.8900978305246213	0.11197219126828538	0.05302472474625854	0.04073312456305247	0.050636577516855144	83.20377563595076	54.49301900966181	54.48093995129313	57.558966955175684	7.67014719279864	32.10606218706238
5.312274199100274	0.01	0.01	0.01	0.007	0.01	0.8900978319162499	0.11197219126828538	0.05302472584019445	0.040733175442902246	0.050636577515903725	84.14824619258111	54.969621087265516	55.101920765881225	58.02409091601984	7.7535765393304255	31.282007641511257
5.431141573625896	0.01	0.01	0.01	0.007	0.01	0.8900978328121786	0.11197219126828538	0.053024726842838835	0.04073322382717946	0.05063657751503942	85.06011170508967	55.4231705675792	55.704281124534155	58.46517210115351	7.8343569758689116	30.47904373296885
5.550016792604124	0.01	0.01	0.01	0.007	0.01	0.8900978333889525	0.11197219126828538	0.05302472776368618	0.04073326985484033	0.050636577514252164	85.94021825186583	55.85431366530601	56.28849407001333	58.88289499513286	7.912556252692824	29.69663978538269
5.668898785720886	0.01	0.01	0.01	0.007	0.01	0.8900978337602502	0.11197219126828538	0.05302472861102881	0.04073331365455994	0.05063657751353335	86.78939196731405	56.26368085492208	56.855021587922586	59.2779272936889	7.988240531834628	28.93427744556759
5.787786702961103	0.01	0.01	0.01	0.007	0.01	0.8900978339992653	0.11197219126828538	0.05302472939213467	0.04073335534565041	0.050636577512875765	87.60844025073739	56.65188755915499	57.404315377383085	59.65092059621974	8.061474491776087	28.191449684751507
5.90667994616705	0.01	0.01	0.01	0.007	0.01	0.890097834153122	0.11197219126828538	0.05302473011339381	0.04073339503888497	0.050636577512272574	88.39815217422182	57.01953442365729	57.93681709923608	60.002510692271564	8.132321361727398	27.467660487927557
6.02557805884683	0.01	0.01	0.01	0.007	0.01	0.8900978342521594	0.11197219126828538	0.05302473078044057	0.04073343283726683	0.05063657751171835	89.15929796608123	57.367207165756646	58.452957999031696	60.333317441880496	8.200842872817361	26.762425395248467
6.144480686827923	0.01	0.01	0.01	0.007	0.01	0.890097834315908	0.11197219126828538	0.05302473139825789	0.04073346883670951	0.05063657751120795	89.89262908892245	57.69547672919811	58.953158918305164	60.64394495593233	8.267099261590518	26.075271531655883
6.263387475898499	0.01	0.01	0.01	0.007	0.01	0.8900978343569413	0.11197219126828538	0.0530247319712642	0.04073350312666901	0.05063657751073729	90.59887800537028	58.004899317799676	59.43783008453275	60.9349816668493	8.331149244608168	25.40573795100779
6.382298079685976	0.01	0.01	0.01	0.007	0.01	0.8900978343833529	0.11197219126828538	0.05302473250338778	0.04073353579068855	0.05063657751030231	91.27875869426872	58.29601678189722	59.907371405426495	61.20700073749018	8.393050060239057	24.753375297024807
6.501212151785434	0.01	0.01	0.01	0.007	0.01	0.8900978344003527	0.11197219126828538	0.05302473299813004	0.04073356690689176	0.05063657750989959	91.93296706034643	58.569356953822734	60.362172691748626	61.46056042092936	8.45285750092431	24.117745561119662
6.620129393017355	0.01	0.01	0.01	0.007	0.01	0.8900978344112945	0.11197219126828538	0.05302473345861997	0.04073359654840985	0.05063657750952634	92.56218162914728	58.82543409669826	60.80261408078438	61.69620452367202	8.510625971715235	23.49842155705055
6.739049512055005	0.01	0.01	0.01	0.007	0.01	0.8900978344183369	0.11197219126828538	0.05302473388766029	0.040733624783791327	0.05063657750917975	93.16706374178693	59.06474913694025	61.229066115094625	61.91446266615262	8.566408503332566	22.894986873787108
6.857972241179549	0.01	0.01	0.01	0.007	0.01	0.8900978344228696	0.11197219126828538	0.0530247342877668	0.04073365167735748	0.05063657750885755	93.74825805328177	59.28779002284938	61.64189003242052	62.115850659943874	8.620256792989696	22.307035533294563
6.976897344160137	0.01	0.01	0.01	0.007	0.01	0.8900978344257869	0.11197219126828538	0.05302473466120335	0.040733677289525275	0.05063657750855745	94.30639296661244	59.49503204983265	62.04143801357674	62.30087085215356	8.67222123956066	21.734171703863485
7.095824616257774	0.01	0.01	0.01	0.007	0.01	0.8900978344276644	0.11197219126828538	0.05302473501001094	0.040733701677102115	0.05063657750827777	94.84208101469014	59.68693816070357	62.42805339531613	62.470012445781286	8.722350974084732	21.17600946105918
7.214753868475619	0.01	0.01	0.01	0.007	0.01	0.8900978344288728	0.11197219126828538	0.05302473533603297	0.04073372489356125	0.050636577508016686	95.3559191678626	59.863959217348345	62.802070830109244	62.62375179415596	8.770693883358838	20.632172624679058
7.333684951190758	0.01	0.01	0.01	0.007	0.01	0.8900978344296507	0.11197219126828538	0.05302473564093833	0.04073374698927668	0.050636577507772756	95.84848931003323	60.02653432912358	63.16381656903721	62.7625527441366	8.817296649427135	20.102294416405172
7.45261769902012	0.01	0.01	0.01	0.007	0.01	0.8900978344301516	0.11197219126828538	0.05302473592624046	0.0407337680117677	0.050636577507544536	96.3203583759378	60.17509106413325	63.51360849798109	62.88686687741211	8.862204757189275	19.586017476428374
7.57155197808114	0.01	0.01	0.01	0.007	0.01	0.8900978344304735	0.11197219126828538	0.05302473619331406	0.04073378800588488	0.050636577507330825	96.77207891719192	60.31004580276416	63.851756488127165	62.997133873460385	8.905462542531456	19.082993420540888
7.690487654486232	0.01	0.01	0.01	0.007	0.01	0.8900978344306809	0.11197219126828538	0.053024736443410166	0.040733807014009124	0.0506365775071305	97.20418933187325	60.431803975692624	64.17856250114646	63.09378177224555	8.947113208771256	18.59288275463025
7.809424602220209	0.01	0.01	0.01	0.007	0.01	0.8900978344308144	0.11197219126828538	0.05302473667766923	0.040733825076219324	0.050636577506942455	97.61721425054408	60.54076035030509	64.49432081047702	63.177227277062755	8.98719885800495	18.115354617835745
7.928362718895081	0.01	0.01	0.01	0.007	0.01	0.8900978344309002	0.11197219126828538	0.053024736897132455	0.040733842230442546	0.05063657750676607	98.01166493145934	60.63729931119653	64.7993182331775	63.24787604913427	9.025760523637263	17.650086505784486
8.047301902119932	0.01	0.01	0.01	0.007	0.01	0.8900978344309552	0.11197219126828538	0.05302473710275184	0.04073385851260748	0.05063657750660029	98.38803951157149	60.72179509870671	65.09383425308212	63.30612296829334	9.062838189043902	17.196764156602587
8.166242049501173	0.01	0.01	0.01	0.007	0.01	0.8900978344309909	0.11197219126828538	0.05302473729539956	0.04073387395677738	0.05063657750644418	98.74682334059513	60.79461206884953	65.3781412074412	63.35235240976404	9.098470814297325	16.755081341124896
8.285183074397239	0.01	0.01	0.01	0.007	0.01	0.890097834431014	0.11197219126828538	0.05302473747587496	0.04073388859526455	0.05063657750629736	99.08848935075736	60.85610495406445	65.65250450453118	63.386938517754025	9.132696366657822	16.324739602152427
8.404124898041964	0.01	0.01	0.01	0.007	0.01	0.8900978344310287	0.11197219126828538	0.053024737644912695	0.04073390245874607	0.050636577506159186	99.4134983422973	60.90661909998674	65.91718277742108	63.41024545985402	9.165551842936512	15.905448089782816
8.523067465299558	0.01	0.01	0.01	0.007	0.01	0.8900978344310383	0.11197219126828538	0.05302473780318804	0.04073391557635986	0.050636577506028894	99.72229932793532	60.946490707665546	66.17242808723485	63.42262768113598	9.19707329794182	15.496923316892719
8.642010721033222	0.01	0.01	0.01	0.007	0.01	0.8900978344310444	0.11197219126828538	0.053024737951322974	0.04073392797581112	0.05063657750590608	100.0153297630741	60.97604705379086	66.41848603507063	63.42443014490982	9.227295861516051	15.098889057615013
8.760954602227839	0.01	0.01	0.01	0.007	0.01	0.8900978344310482	0.11197219126828538	0.053024738089891145	0.040733939683464525	0.05063657750579016	100.29301582339872	60.9956067195467	66.65559591168405	63.41598857832922	9.256253760299147	14.711076187117351
8.879899037989919	0.01	0.01	0.01	0.007	0.01	0.8900978344310506	0.11197219126828538	0.053024738219421205	0.040733950724426975	0.050636577505680784	100.5557726977145	61.00547981772703	66.88399086122483	63.397629714091366	9.283980341169029	14.33322249750286
8.998843973179905	0.01	0.01	0.01	0.007	0.01	0.8900978344310524	0.11197219126828538	0.05302473834040286	0.04073396112261172	0.05063657750557751	100.80400492095248	61.00596821302344	67.10389808351391	63.36967151924975	9.310508099216602	13.965072446372464
9.11778936841252	0.01	0.01	0.01	0.007	0.01	0.8900978344310534	0.11197219126828538	0.053024738453288554	0.04073397090080849	0.05063657750547993	101.03810663790156	60.997365728391976	67.31553898114775	63.33242341521162	9.335868698820937	13.60637699158323
9.23673517642454	0.01	0.01	0.01	0.007	0.01	0.8900978344310541	0.11197219126828538	0.05302473855849749	0.040733980080760665	0.050636577505387824	101.25846181830939	60.97995835088547	67.51912926348206	63.286186502624226	9.36009298952735	13.256893498428658
9.355681365707312	0.01	0.01	0.01	0.007	0.01	0.8900978344310545	0.11197219126828538	0.05302473865641819	0.04073398868321404	0.0506365775053007	101.46544456128412	60.954024430777274	67.71487913270893	63.231253767875295	9.38321103171245	12.916385506507241
9.474627888996803	0.01	0.01	0.01	0.007	0.01	0.8900978344310547	0.11197219126828538	0.053024738747411565	0.040733996727989524	0.05063657750521835	101.65941929043322	60.91983488328163	67.90299337156756	63.16791030521223	9.405252110449105	12.584622663092166
9.59357473053883	0.01	0.01	0.01	0.007	0.01	0.8900978344310548	0.11197219126828538	0.05302473883181258	0.04073400423401144	0.050636577505140445	101.84074107903912	60.87765336772666	68.08367155673719	63.09643349678167	9.426244764116213	12.261380435450544
9.712521850946358	0.01	0.01	0.01	0.007	0.01	0.890097834431055	0.11197219126828538	0.053024738909932895	0.04073401121938509	0.05063657750506693	102.00975579898059	60.827736489389935	68.25710810501843	63.01709324007858	9.446216793283607	11.946440114738914
9.831469218709675	0.01	0.01	0.01	0.007	0.01	0.8900978344310551	0.11197219126828538	0.053024738982062614	0.04073401770142615	0.050636577504997254	102.16680040779818	60.770333973525815	68.42349245487235	62.93015212607101	9.465195285408996	11.639588580063863
9.95041680231888	0.01	0.01	0.01	0.007	0.01	0.8900978344310551	0.11197219126828538	0.053024739048471964	0.04073402369670766	0.050636577504931474	102.31220316426051	60.7056888452395	68.58300918157117	62.83586563250644	9.483206631651301	11.340618177022598
10.069364578141524	0.01	0.01	0.01	0.007	0.01	0.8900978344310551	0.11197219126828538	0.053024739109412765	0.04073402922109552	0.050636577504869114	102.44628385986253	60.63403759783629	68.735838131692	62.73448230149853	9.500276545810706	11.049326558618684
10.188312522545045	0.01	0.01	0.01	0.007	0.01	0.8900978344310551	0.11197219126828538	0.05302473916512008	0.04073403428979061	0.05063657750481037	102.56935402472024	60.555610364907714	68.88215453291349	62.626243924485145	9.516430080373134	10.765516569799226
10.307260619774418	0.01	0.01	0.01	0.007	0.01	0.8900978344310551	0.11197219126828538	0.05302473921581358	0.0407340389173586	0.05063657750475469	102.68171714658729	60.47063107918784	69.02212912148906	62.511385709748346	9.531691644447134	10.488996096282978
10.426208861952196	0.01	0.01	0.01	0.007	0.01	0.8900978344310551	0.11197219126828538	0.053024739261698026	0.04073404311776312	0.05063657750470221	102.78366887395217	60.3793176309614	69.15592825560671	62.39013645117415	9.5460850200013	10.219577937193707
10.545157225445612	0.01	0.01	0.01	0.007	0.01	0.8900978344310551	0.11197219126828538	0.0530247393029655	0.04073404690440944	0.05063657750465251	102.87549719687225	60.28188204251464	69.28371400115151	62.26271871875728	9.559633375091988	9.95707973231353
10.66410568662183	0.01	0.01	0.01	0.007	0.01	0.8900978344310551	0.11197219126828538	0.053024739339795374	0.04073405029016444	0.05063657750460566	102.95748266003918	60.178530610518784	69.40564426104986	62.129349006878215	9.572359281747698	9.701323800877354
10.783054229725616	0.01	0.01	0.01	0.007	0.01	0.8900978344310551	0.11197219126828538	0.05302473937235581	0.04073405328737934	0.05063657750456137	103.02989855828525	60.0694640470401	69.52187288951318	61.99023788290467	9.584284732015826	9.452137005314047
10.902002846879366	0.01	0.01	0.01	0.007	0.01	0.8900978344310551	0.11197219126828538	0.053024739400804204	0.040734055907915255	0.05063657750451963	103.09301111967567	59.954877622352164	69.63254979422238	61.84559013933289	9.595431152599815	9.209350636440895
11.020951514450132	0.01	0.01	0.01	0.007	0.01	0.8900978344310551	0.11197219126828538	0.05302473942528814	0.040734058163179876	0.05063657750448016	103.14707967422734	59.834961328564496	69.73782101560448	61.695604972486	9.605819417145417	8.972800347879943
11.139900240315605	0.01	0.01	0.01	0.007	0.01	0.8900978344310551	0.11197219126828538	0.05302473944594625	0.0407340600641237	0.05063657750444304	103.19235685297058	59.70989996979366	69.83782886790814	61.54047606960053	9.615469864578431	8.742325950496607
11.258849000842803	0.01	0.01	0.01	0.007	0.01	0.8900978344310551	0.11197219126828538	0.05302473946290834	0.040734061621296135	0.050636577504408	103.22908873172936	59.57987335962266	69.93271197977296	61.38039183084856	9.624402307396323	8.517771429434815
11.37779778815407	0.01	0.01	0.01	0.007	0.01	0.8900978344310551	0.11197219126828538	0.05302473947629676	0.04073406284483958	0.05063657750437512	103.25751502003914	59.445056403598876	70.02260542959097	61.215535448294624	9.63263604918985	8.298984744999625
11.49674660224941	0.01	0.01	0.01	0.007	0.01	0.8900978344310551	0.11197219126828538	0.05302473948622579	0.040734063744511585	0.050636577504344256	103.27786921824685	59.305619232564894	70.1076408281891	61.04608504941226	9.640189896798423	8.085817747607052
11.615695419495816	0.01	0.01	0.01	0.007	0.01	0.8900978344310551	0.11197219126828538	0.05302473949280333	0.04073406432972154	0.05063657750431518	103.29037877222254	59.16172736381181	70.18794638578474	60.8722138741625	9.647082171120944	7.878126133662517
11.73464423989329	0.01	0.01	0.01	0.007	0.01	0.8900978344310551	0.11197219126828538	0.05302473949613063	0.0407340646095194	0.05063657750428798	103.29526523689643	59.01354176637435	70.26364703263434	60.694090336129676	9.65333072255472	7.6757692632239305
11.853593055564163	0.01	0.01	0.01	0.007	0.01	0.8900978344310551	0.11197219126828538	0.05302473949630307	0.040734064592630036	0.05063657750426252	103.29274442183205	58.861219015288285	70.33486448083731	60.51187819229652	9.658952941070694	7.478610121691915
11.972541858630768	0.01	0.01	0.01	0.007	0.01	0.8900978344310551	0.11197219126828538	0.05302473949341024	0.040734064287463644	0.05063657750423882	103.28302654043333	58.70491139709219	70.4017173125973	60.325736653923876	9.663965768544921	7.286515212808607
12.091490641215438	0.01	0.01	0.01	0.007	0.01	0.8900978344310551	0.11197219126828538	0.05302473948753651	0.040734063702129536	0.05063657750421658	103.26631635375097	58.5447670214633	70.46432106057611	60.135820505360385	9.668385710264428	7.099354468337219
12.210439395440517	0.01	0.01	0.01	0.007	0.01	0.8900978344310551	0.11197219126828538	0.053024739478761275	0.04073406284444955	0.050636577504196	103.24281331059831	58.38092992997977	70.52278828618559	59.94228021979064	9.672228846137804	6.917001160059369
12.32938812918367	0.01	0.01	0.01	0.007	0.01	0.8900978344310551	0.11197219126828538	0.05302473946715927	0.04073406172196149	0.050636577504177	103.21271167965534	58.21354017968228	70.57722866281934	59.74526204568043	9.675510842016347	6.739331790802438
12.448336834567241	0.01	0.01	0.01	0.007	0.01	0.8900978344310551	0.11197219126828538	0.053024739452801055	0.040734060341949485	0.05063657750415922	103.1762006888062	58.042733989779	70.6277490347432	59.54490816797781	9.678246959326255	6.56622605914212
12.567285503713581	0.01	0.01	0.01	0.007	0.01	0.8900978344310551	0.11197219126828538	0.053024739435752935	0.040734058711445746	0.05063657750414285	103.13346465298001	57.86864382125605	70.67445349808051	59.34135679022628	9.680452066061934	6.397566752892243
12.686234128745047	0.01	0.01	0.01	0.007	0.01	0.8900978344310551	0.11197219126828538	0.05302473941607729	0.04073405683724209	0.05063657750412781	103.0846831004203	57.69139847485942	70.7174434713679	59.13474223882771	9.682140646888847	6.233239669797655
12.805182709661656	0.01	0.01	0.01	0.007	0.01	0.8900978344310551	0.11197219126828538	0.0530247393938331	0.04073405472589446	0.05063657750411412	103.03003089190372	57.51112317451703	70.75681776679059	58.92519505064525	9.68332681304934	6.073133529796284
12.924131246463421	0.01	0.01	0.01	0.007	0.01	0.8900978344310551	0.11197219126828538	0.05302473936907572	0.04073405238373792	0.0506365775041016	102.96967834293316	57.32793967162147	70.79267265375354	58.71284208520438	9.684024311763718	5.917139911271644
13.043079739150363	0.01	0.01	0.01	0.007	0.01	0.8900978344310551	0.11197219126828538	0.05302473934185756	0.04073404981689558	0.05063657750409025	102.90379134064072	57.141966335712624	70.82510192420483	58.497806621177496	9.684246535583828	5.765153177627062
13.162028179844853	0.01	0.01	0.01	0.007	0.01	0.8900978344310551	0.11197219126828538	0.053024739312227794	0.04073404703129176	0.05063657750408009	102.83253146258086	56.95331825540205	70.85419695446252	58.28020846487079	9.68400653153729	5.617070415426127
13.280976568546917	0.01	0.01	0.01	0.007	0.01	0.8900978344310551	0.11197219126828538	0.05302473928023274	0.04073404403265122	0.05063657750407105	102.75605607893702	56.762107299778506	70.88004677149813	58.06016401327938	9.683317010032935	5.472791344584635
13.399924905256576	0.01	0.01	0.01	0.007	0.01	0.8900978344310551	0.11197219126828538	0.05302473924591609	0.040734040826511525	0.050636577504063064	102.67451846445663	56.568442214294144	70.9027381108656	57.837786357264065	9.682190353449903	5.3322182609234545
13.518873166340967	0.01	0.01	0.01	0.007	0.01	0.8900978344310551	0.11197219126828538	0.053024739209319056	0.0407340374182451	0.05063657750405619	102.58806792145269	56.37242874162243	70.92235547197059	57.61318541329015	9.680638624916481	5.195255996859337
13.63782137543301	0.01	0.01	0.01	0.007	0.01	0.8900978344310551	0.11197219126828538	0.053024739170480305	0.040734033813022714	0.05063657750405018	102.4968498313467	56.17416958459835	70.93898118739119	57.38646787439053	9.678673575635377	5.061811774977895
13.756769532532726	0.01	0.01	0.01	0.007	0.01	0.8900978344310551	0.11197219126828538	0.05302473912943626	0.040734030015863766	0.05063657750404528	102.40100580382027	55.97376459945522	70.95269546557365	57.157737425447806	9.67630665360391	4.9317952286119
13.875717621884904	0.01	0.01	0.01	0.007	0.01	0.8900978344310551	0.11197219126828538	0.05302473908622107	0.040734026031638136	0.05063657750404126	102.30067377212775	55.77131086006242	70.96357644884064	56.927094810251106	9.673549011619883	4.805118328909343
13.994665651367196	0.01	0.01	0.01	0.007	0.01	0.8900978344310551	0.11197219126828538	0.05302473904086726	0.04073402186504808	0.05063657750403809	102.1959880554951	55.56690266476808	70.97170027048163	56.69463783366463	9.670411514024714	4.681695282738802
14.113613613102022	0.01	0.01	0.01	0.007	0.01	0.8900978344310551	0.11197219126828538	0.053024738993404874	0.04073401752065778	0.05063657750403599	102.08707948405818	55.36063167475712	70.97714110234608	56.460461513901855	9.666904744949784	4.561442517116108
14.232561514967024	0.01	0.01	0.01	0.007	0.01	0.8900978344310551	0.11197219126828538	0.05302473894386252	0.040734013002880175	0.05063657750403466	101.97407546126955	55.152586929749916	70.97997120736575	56.22465809523379	9.66303901469772	4.4442785898903
14.351509349084635	0.01	0.01	0.01	0.007	0.01	0.8900978344310551	0.11197219126828538	0.053024738892266575	0.04073400831600143	0.05063657750403413	101.85710008053326	54.94285497066378	70.98026098716747	55.9873171823641	9.658824367695328	4.330124166461189
14.470457123332487	0.01	0.01	0.01	0.007	0.01	0.8900978344310551	0.11197219126828538	0.0530247388386424	0.04073400346416662	0.050636577504034434	101.73627418083568	54.731519850789816	70.97807903063855	55.748525748459926	9.654270588316155	4.218901934994908
14.58940482983302	0.01	0.01	0.01	0.007	0.01	0.8900978344310551	0.11197219126828538	0.053024738783013364	0.04073399845140429	0.05063657750403557	101.6117154610643	54.518663255905764	70.97349216041617	55.50836826667354	9.649387208664711	4.11053658432241
14.708352476463858	0.01	0.01	0.01	0.007	0.01	0.8900978344310551	0.11197219126828538	0.05302473872540135	0.040733993281610884	0.050636577504037446	101.48353852922615	54.30436451120332	70.96656547769993	55.26692671378329	9.644183513869507	4.004954723454884
14.827300055347449	0.01	0.01	0.01	0.007	0.01	0.8900978344310551	0.11197219126828538	0.053024738665826826	0.040733987958575725	0.05063657750404008	101.3518550145484	54.08870069893922	70.95736240767151	55.024280698957085	9.638668549706255	3.9020848606032974
14.94624756648383	0.01	0.01	0.01	0.007	0.01	0.8900978344310551	0.11197219126828538	0.05302473860430885	0.040733982485969676	0.050636577504043497	101.21677361968536	53.87174667578056	70.94594474157634	54.78050747945577	9.6328511277842	3.8018573333274137
15.065195009873042	0.01	0.01	0.01	0.007	0.01	0.8900978344310551	0.11197219126828538	0.053024738540865486	0.0407339768673546	0.05063657750404766	101.07840020395429	53.653575145005334	70.93237267892114	54.53568203832377	9.626739831868683	3.704204268627485
15.184142385515123	0.01	0.01	0.01	0.007	0.01	0.8900978344310551	0.11197219126828538	0.053024738475513235	0.040733971106186914	0.05063657750405245	100.9368378565147	53.434256713154	70.91670486836833	54.289877144619446	9.620343023736714	3.609059536977366
15.303089701287677	0.01	0.01	0.01	0.007	0.01	0.8900978344310551	0.11197219126828538	0.05302473840826729	0.04073396520581674	0.050636577504057874	100.79218695798724	53.21385993058744	70.89899844634103	54.04316339571924	9.613668848431088	3.5163587014786413
15.422036957190732	0.01	0.01	0.01	0.007	0.01	0.8900978344310551	0.11197219126828538	0.053024738339142063	0.04073395916950117	0.05063657750406406	100.644545268696	52.992451374316566	70.87930907793266	53.79560930704645	9.606725240668258	3.426038986811591
15.540984145346764	0.01	0.01	0.01	0.007	0.01	0.8900978344310551	0.11197219126828538	0.05302473826815067	0.040733953000407476	0.050636577504070975	100.4940079973562	52.770095700722	70.85769099539544	53.547281368034305	9.599519930344576	3.338039235922279
15.659931265755809	0.01	0.01	0.01	0.007	0.01	0.8900978344310551	0.11197219126828538	0.05302473819530533	0.040733946701606995	0.05063657750407833	100.34066784743649	52.54685566723183	70.83419703236967	53.2982440635518	9.592060446891212	3.2522998566527885
15.778878318417906	0.01	0.01	0.01	0.007	0.01	0.8900978344310551	0.11197219126828538	0.05302473812061714	0.040733940276082424	0.05063657750408648	100.18461509088641	52.32279219658606	70.80887866089435	53.04855994304245	9.584354124848181	3.168762787602296
15.897825311210639	0.01	0.01	0.01	0.007	0.01	0.8900978344310551	0.11197219126828538	0.053024738044096194	0.04073393372672655	0.05063657750409519	100.02593762014058	52.09796441034171	70.7817860245378	52.798289655392395	9.57640810833935	3.0873714534848267
16.0	0.01	0.01	0.01	0.007	0.01	0.8900978344310551	0.11197219126828538	0.05302473797691407	0.0407339345302161	0.05063657750410315	99.88760418063795	51.904272187516895	70.75713419218077	52.58288580983476	9.569396449629966	3.019128044386925
