0.0	0.01	0.01	0.01	0.007	0.01	0.0	0.0	0.0	0.0	0.0	0.0	0.0	0.0	0.0	0.0	100.0
0.0033456985381572547	0.01	0.01	0.01	0.007	0.01	0.010614179111643127	0.002629691726995182	0.0032845758346527133	0.003925534354474878	0.005431527151667022	0.0006291606246248842	0.0009110242605978648	0.0019681472862966088	0.004613165198432556	0.0005072517954469591	99.92053912070897
0.0052646248472799665	0.01	0.01	0.01	0.007	0.01	0.01663950703784481	0.004106690620475927	0.005075154516185752	0.005989583239208982	0.008424108417362861	0.0015531457296995479	0.0022432702616762366	0.004812274741187948	0.011178807106545684	0.001243409632291412	99.87499280732537
0.00819956341309341	0.01	0.01	0.01	0.007	0.01	0.02576795204555765	0.006322579569103483	0.007688983892853745	0.008904915129656889	0.012835497961944515	0.0037502327505323694	0.005395796162089885	0.011452499013213789	0.02625006323752567	0.002970445588138865	99.80537128329779
0.010863851594209582	0.01	0.01	0.01	0.007	0.01	0.03396427402662604	0.008289846513212849	0.009937228487905302	0.011318416574657483	0.016673531986787754	0.0065559009186527675	0.009399851799585317	0.019761704143986463	0.04476339947163048	0.005143161240206776	99.74221205357408
0.013965578283921976	0.01	0.01	0.01	0.007	0.01	0.04339924800753181	0.010528234970673147	0.012413395306697743	0.01387426520703248	0.02095156648133493	0.0107814678251192	0.015396467275917912	0.03201621236932352	0.07155929530506014	0.008365326787981546	99.6687333190098
0.01710591523264103	0.01	0.01	0.01	0.007	0.01	0.052835673256094055	0.012738954614026106	0.014774207146366184	0.016209488214285524	0.02508499597115503	0.016096337988806768	0.022893650675282793	0.04708933546729619	0.10387859671536567	0.012352218827665084	99.59439506752408
0.020487851075126694	0.01	0.01	0.01	0.007	0.01	0.06286918298647937	0.015058837800139765	0.017162001231680712	0.018468730824913904	0.029326423770912952	0.02296910518313053	0.03252783275756095	0.06613584296941985	0.14391575348755625	0.01742142515377428	99.51439967879726
0.0239921573040178	0.01	0.01	0.01	0.007	0.01	0.07312655786529296	0.017397766745113293	0.019477548082326497	0.020559139207493752	0.033505669693552786	0.03132784416238685	0.04416835504850851	0.08875078091335147	0.19050521822767158	0.02347991373538033	99.4315775563055
0.027676939315240994	0.01	0.01	0.01	0.007	0.01	0.08376150508834553	0.019787881556463664	0.021749611445567522	0.02251221244426825	0.037679143956362064	0.04145283369374092	0.05817293593819615	0.11547589698247496	0.2444590175022056	0.03068890561685128	99.34456434475157
0.031508928015613086	0.01	0.01	0.01	0.007	0.01	0.09465979919847348	0.022200325982347828	0.02394756710576743	0.02430721335694858	0.04179569377930736	0.05340972552371064	0.07459500261733853	0.14624424446417264	0.30532777992078663	0.0390489232514899	99.25415573238283
0.03550706731435791	0.01	0.01	0.01	0.007	0.01	0.10585770163495441	0.02464025095666525	0.02607438407031689	0.025953851289092805	0.04586419948121899	0.06740850761098392	0.09368175788323563	0.18134110761613254	0.3733699714724312	0.04865798411972033	99.15991481088248
0.03966524663519768	0.01	0.01	0.01	0.007	0.01	0.11731940469658993	0.027096905937554767	0.02811936562109968	0.02745151348734251	0.049864063394628885	0.08358715053074868	0.11557515649029705	0.22083677712796743	0.4484172959370485	0.059557902506432156	99.06199647887705
0.0439930653337556	0.01	0.01	0.01	0.007	0.01	0.12905221301395126	0.029568991446362054	0.030080882319884605	0.028807322825663142	0.05378299701491582	0.10214531775169772	0.14049436341150479	0.26492550687160904	0.5305430423420006	0.07182543998106129	98.96018610502517
0.04849372665999801	0.01	0.01	0.01	0.007	0.01	0.14104458604842704	0.03205117081285973	0.03195460365803542	0.03002682058797934	0.05758544432744393	0.12326723027273266	0.16863007422714307	0.3137316354481251	0.6196902269636794	0.08551594026877496	98.85442065593516
0.05317631202286298	0.01	0.01	0.01	0.007	0.01	0.15329946011872445	0.03454113276452779	0.03373919210580776	0.031117846992864146	0.06121049029886462	0.14717373185854182	0.20021375347426634	0.36743223165945477	0.7159037310284512	0.1006907102119528	98.74449997883106
0.058044394429722236	0.01	0.01	0.01	0.007	0.01	0.16580386798737184	0.03703332189625209	0.035431575660587064	0.03208730970243429	0.06454937961286178	0.17406904704243842	0.23544607136473428	0.42613336727125206	0.8191076360936616	0.11737068204987783	98.63035446059327
0.0630695527027407	0.01	0.01	0.01	0.007	0.01	0.17846421921937258	0.03950673869730355	0.03701992362520119	0.03293785372312255	0.06743645621893284	0.2039657157931271	0.27427140153074525	0.4895123708477607	0.9285065898094951	0.13541861978198885	98.51266427053297
0.06822560758243326	0.01	0.01	0.01	0.007	0.01	0.19119806223323987	0.04194394469981355	0.03849754516101061	0.03367606192434561	0.06971939877949965	0.23684099530917793	0.3165892949726183	0.5571961995766941	1.043286581240179	0.1546367137242363	98.39205442276864
0.07359075434917346	0.01	0.01	0.01	0.007	0.01	0.2041782434349531	0.044376135149688446	0.039887055140156676	0.03432223348050431	0.07134454846589142	0.2733574885442965	0.363171912001864	0.6301915911060563	1.1649806235326987	0.1751750516789577	98.2667102860912
0.07920984659364401	0.01	0.01	0.01	0.007	0.01	0.21748367796037066	0.04681464658454289	0.041196384747861664	0.034887227989720826	0.07231388822151623	0.31406239329502644	0.4146164714896963	0.7091549873063199	1.2944650561107425	0.19704751294181255	98.13560449731787
0.08506304774390394	0.01	0.01	0.01	0.007	0.01	0.23103573461212576	0.0492415481937549	0.042417729301963136	0.03537464288926197	0.0727060123819686	0.35906909162405937	0.47095467148297376	0.7938429605543339	1.4311370886591954	0.22000923222028673	97.9992224315517
0.09114839593583571	0.01	0.01	0.01	0.007	0.01	0.24479989545859687	0.05164779131597029	0.04354972209233716	0.03579112258441604	0.07265853872955588	0.40860278457862653	0.5323519581824405	0.884222172638219	1.5747816215138237	0.24389775681375075	97.85763219696207
0.09749158771199175	0.01	0.01	0.01	0.007	0.01	0.25880248326359157	0.05403511859796239	0.044596692043884466	0.036145065796858895	0.07230890042521658	0.46312563528525375	0.5992536896952054	0.9806585057641433	1.725837271606755	0.2686879039514857	97.71026036441286
0.10415411653929389	0.01	0.01	0.01	0.007	0.01	0.2731403770236217	0.05641633051298982	0.04556703953442626	0.03644531763751473	0.07176385489221171	0.523475285206638	0.6725375702730029	1.0840900149748391	1.8856183539375704	0.2945204695320552	97.55570832535733
0.11118339728884163	0.01	0.01	0.01	0.007	0.01	0.28786757006101604	0.05879558751960576	0.04646446577375105	0.03669830860559731	0.07110049539882607	0.5904627506877029	0.7530084211474388	1.195276114468132	2.0551251581426526	0.32149824909454155	97.39291367598229
0.11861469695630676	0.01	0.01	0.01	0.007	0.01	0.3030026051724227	0.06117046193980199	0.047290017125584505	0.0369092417681248	0.07037403959326849	0.6648610784702575	0.8413854485351969	1.3147969029797826	2.235070170441342	0.3496891531245321	97.22110386957397
0.12647321418485702	0.01	0.01	0.01	0.007	0.01	0.3185359202917074	0.06353382977836403	0.04804363276669601	0.037082788732409215	0.06962405060845737	0.7473990520952355	0.9382966600706327	1.4430641357163279	2.42591765972169	0.3791323996059361	97.03974661289945
0.13478483587118123	0.01	0.01	0.01	0.007	0.01	0.33445309960038433	0.06587791096740205	0.048725893803664294	0.037223559663733724	0.06887808822186312	0.8388565113895532	1.0443914759945245	1.5804846157814763	2.6281413210324294	0.4098777266266168	96.8483008177891
0.1435782234450937	0.01	0.01	0.01	0.007	0.01	0.3507385184404366	0.0681949138786401	0.049338208804820205	0.03733604927140444	0.06815503695078003	0.9400887717535984	1.1603648563758027	1.7274938075542388	2.8422756794528077	0.4419909856382808	96.64616941778678
0.15288635459186764	0.01	0.01	0.01	0.007	0.01	0.36737727296419287	0.07047734372999494	0.04988280796614261	0.03742454147898856	0.06746757873068564	1.052050246638508	1.2869784930080814	1.884582568213849	3.0689540621237024	0.47555779025357725	96.43266534974863
0.1627458251605188	0.01	0.01	0.01	0.007	0.01	0.3843527370080823	0.07271768574246346	0.050362559393120114	0.03749300684037899	0.06682408615476615	1.1757937300208348	1.4250529696336256	2.052286532158418	3.308891132598157	0.5106792973157608	96.2070293735855
0.17319670918812743	0.01	0.01	0.01	0.007	0.01	0.4016453190480558	0.07490831366546206	0.050780868606756964	0.037545045667163345	0.06622986084810943	1.3124743496826026	1.575465179497045	2.231183952186451	3.5628781213531067	0.5474704930966274	95.9684351564515
0.184282061784352	0.01	0.01	0.01	0.007	0.01	0.4192307694357997	0.07704138700671806	0.051141583071635174	0.037583854713368205	0.06568796948625717	1.463347281993351	1.739138852181749	2.4218869690452753	3.8317686924234375	0.5860575233166916	95.71600264717807
0.1960477382343828	0.01	0.01	0.01	0.007	0.01	0.43707923771498436	0.07910889156853405	0.05144892319933687	0.03761221593255925	0.06519977364644752	1.6297673484083248	1.9170376111325909	2.6250379716726653	4.116471967879436	0.6265763611108861	95.44880432319545
0.20854223690683366	0.01	0.01	0.01	0.007	0.01	0.45515454611952416	0.08110273816699468	0.05170740918425658	0.03763249981969586	0.06476528159787638	1.8131870548548947	2.1101569090226535	2.841306322611168	4.41794563759256	0.6691716450475733	95.16587105340244
0.22181681493659036	0.01	0.01	0.01	0.007	0.01	0.4734140293950037	0.08301494615337493	0.05192178203132378	0.03764668139239678	0.0643833863343417	2.0151567912143764	2.3195189966234113	3.0713898409516522	4.7371951567547175	0.7139964515982173	94.86619198056638
0.23592574490886756	0.01	0.01	0.01	0.007	0.01	0.4918086632447339	0.0848378608782258	0.052096909775229544	0.03765636636034125	0.064052048908942	2.2373258894921677	2.546169523131892	3.3160187670579435	5.0752757382098554	0.7612124582698198	94.54871153083053
0.250926725018159	0.01	0.01	0.01	0.007	0.01	0.5102834474096976	0.08656438760891114	0.05223768182087249	0.03766282588206173	0.06376845787859259	2.481445060528487	2.7911763436173698	3.5759622840449037	5.4332973343333695	0.8109904896077329	94.21232337672012
0.26688120802201687	0.01	0.01	0.01	0.007	0.01	0.5287777234719611	0.08818820109512196	0.05234889602632735	0.03766703766071031	0.06352918565654682	2.749366545822512	3.055626941211676	3.8520333208076254	5.812426917837488	0.8635106435815576	93.8558667201595
0.2838544733366526	0.01	0.01	0.01	0.007	0.01	0.5472253060136814	0.08970392002982111	0.05243514850137182	0.03766973076868916	0.06333034636528345	3.043038365146733	3.340621394220999	4.1450884089753135	6.213883955979967	0.9189614477283685	93.4781288077555
0.3019152139292943	0.01	0.01	0.01	0.007	0.01	0.5655543554380759	0.09110724472767012	0.05250073544848622	0.037671431205135934	0.06316775338354418	3.364487423036979	3.647256752000043	4.456018585642218	6.638923923382433	0.9775373581045212	93.07785861619364
0.3211345886463117	0.01	0.01	0.01	0.007	0.01	0.5836872067722392	0.09239507873573755	0.05254957469410201	0.03767250533851585	0.06303707038430674	3.7157888235501706	3.976601723966089	4.785730615323535	7.088809157603417	1.039434526662821	92.65379248552588
0.34158480620159504	0.01	0.01	0.01	0.007	0.01	0.6015404718721235	0.09356565148995108	0.05258515060744361	0.037673198937342105	0.06293395129134213	4.099021101267893	4.329662960223788	5.135119947729571	7.564769191191914	1.1048451378717759	92.20468982303531
0.3633376712886787	0.01	0.01	0.01	0.007	0.01	0.6190259375704126	0.09461865691785984	0.05261048330890443	0.03767367034332883	0.06285416580147951	4.516214888502148	4.707351030063272	5.505043095790561	8.067961130569257	1.1739517640428734	91.72936901956703
0.3864636211472348	0.01	0.01	0.01	0.007	0.01	0.6360525676700218	0.09555539083303634	0.05262812059986652	0.037674017207168134	0.06279370976454883	4.969306484988365	5.110456436385426	5.8962985626865505	8.599442477573431	1.246923437320336	91.2267319071135
0.4110318031443388	0.01	0.01	0.01	0.007	0.01	0.652529614866015	0.09637884741939587	0.05264015035050761	0.037674296947972766	0.06274889894106883	5.460110196719708	5.53964639216883	6.309625423291738	9.160168630531231	1.3239151293417128	90.6957651098418
0.4371112982739272	0.01	0.01	0.01	0.007	0.01	0.6683703128196044	0.09709371971004524	0.052648230589468305	0.037674541606549344	0.06271644295832925	5.990315528635732	5.995484669896802	6.745720707013334	9.751016379397786	1.4050708517632522	90.13551684548251
0.4647731761469116	0.01	0.01	0.01	0.007	0.01	0.683495409406786	0.09770627039876328	0.05265363393730681	0.03767476805021724	0.06269349426987994	6.561505976129325	6.478468450298984	7.2052695395165856	10.372824910234376	1.4905292579448297	89.5450569699184
0.49409257884790597	0.01	0.01	0.01	0.007	0.01	0.6978358185558164	0.09822407359763964	0.052657301770782226	0.03767498458178778	0.06267766805995825	7.17518394441541	6.98906674748335	7.688974103207648	11.026435170208606	1.5804291510265474	88.92343823860156
0.5251501519397198	0.01	0.01	0.01	0.007	0.01	0.7113341567823209	0.09865566902978667	0.05265990258977141	0.03767519495858815	0.06266703262820299	7.832786314555032	7.5277470148437455	8.197570116393765	11.712712149207041	1.6749127812881484	88.2696734159999
0.5580323412894116	0.01	0.01	0.01	0.007	0.01	0.7239453048843127	0.09901018287784508	0.05266188910957594	0.037675400678716775	0.06266007473356099	8.535678182543965	8.094980666628482	8.731823470216703	12.432540116395009	1.774125533690638	87.5827378333684
0.5928304505561396	0.01	0.01	0.01	0.007	0.01	0.7356363857218162	0.09929696320829381	0.05266354994879038	0.03767560219384486	0.06265564769337409	9.285120465682493	8.691225740098453	9.292506312779029	13.186789979380986	1.878211836933823	86.86159844744259
0.6296385295982909	0.01	0.01	0.01	0.007	0.01	0.7463865247175108	0.09952525886835054	0.052665053748661754	0.03767579950679301	0.0626529109365194	10.082212064190308	9.316888802835875	9.880354956558024	13.976262197738835	1.9873077026220745	86.10526646209304
0.6685505281876518	0.01	0.01	0.01	0.007	0.01	0.7561866961946414	0.09970395499806392	0.0526664853418572	0.03767599244472368	0.06265126854047459	10.927816671985543	9.972274925227193	10.496017852169363	14.80161661373927	2.101531401330166	85.31286300011321
0.7096573892268683	0.01	0.01	0.01	0.007	0.01	0.7650397694198555	0.09984136592130338	0.05266787463284135	0.037676180776463244	0.0626503121959061	11.822490918733504	10.657538421056605	11.140005288877237	15.663305070002489	2.2209744246474905	84.48368287767599
0.7530450595807182	0.01	0.01	0.01	0.007	0.01	0.7729606947511976	0.09994508110976252	0.052669219131191054	0.037676364263803275	0.06264977181684557	12.766437647966798	11.372651229092817	11.812656434549773	16.561527773390402	2.3456956201714214	83.6172363955034
0.7987944545907925	0.01	0.01	0.01	0.007	0.01	0.7799765947307528	0.1000218591464326	0.052670500889899	0.037676542689749834	0.06264947515821316	13.759508567064994	12.117405056449757	12.51413887799672	17.49623342162763	2.475721303320688	82.71324956392594
0.8469839418443719	0.01	0.01	0.01	0.007	0.01	0.7861264123692056	0.10007756645500362	0.05267169835669457	0.037676715879990906	0.06264931645644511	14.801267984814015	12.891453695418644	13.244487059580257	18.467171020533023	2.6110525208746176	81.77161439733317
0.8976941267100235	0.01	0.01	0.01	0.007	0.01	0.791459831622831	0.10011715987764554	0.05267279363388955	0.037676883720298954	0.06264923324961305	15.891109445190592	13.694387960093612	14.003673060105715	19.473983897666805	2.751678247456517	80.79229749530869
0.9510139167980526	0.01	0.01	0.01	0.007	0.01	0.7960353968281025	0.10014471192088324	0.05267377587489559	0.037677046167299715	0.06264919007187218	17.028397615211	14.525823016587797	14.791691204185978	20.516320524655573	2.8975910746392475	79.77523061374852
1.00704684689683	0.01	0.01	0.01	0.007	0.01	0.7999180436049388	0.1001634742633549	0.05267464183498469	0.03767720325113242	0.06264916755145446	18.21260774492976	15.385479556063004	15.608639182911109	21.593938749000696	3.0488021912109584	78.7202053771042
1.0659167355048746	0.01	0.01	0.01	0.007	0.01	0.8031763829046669	0.10017597018519624	0.0526753947019775	0.03767735507011611	0.06264915549046432	19.443438428102088	16.273243565644364	16.454781132945364	22.70678403156133	3.2053529655121924	77.62679083906701
1.1277726457007158	0.01	0.01	0.01	0.007	0.01	0.8058801086533736	0.10018410365007498	0.0526760422053318	0.03767750178049252	0.06264914869524892	20.72089456669943	17.189204722174964	17.330592339832457	23.855041343017916	3.367323077906219	76.49427429459166
1.192793287097902	0.01	0.01	0.01	0.007	0.01	0.8080977637956555	0.10018927250761084	0.05267659469775757	0.03767764358386331	0.06264914458970076	22.045342154831843	18.133675988751932	18.236787671523054	25.039163589878896	3.5348355999025114	75.32162261428486
1.2611913018170449	0.01	0.01	0.01	0.007	0.01	0.8098949791851096	0.10019247581775677	0.052677063580800446	0.037677780714651915	0.06264914191508064	23.4175433299905	19.107201046593005	19.174339865505406	26.25988461295211	3.708060155073312	74.10745617034684
1.3332179216296913	0.01	0.01	0.01	0.007	0.01	0.8113331964436803	0.10019440882972871	0.05267746019261138	0.037677913428938996	0.06264914005425554	24.83868051130204	20.110555714349	20.144493595852936	27.51822431834757	3.8872152543079816	72.85002763714151
1.4091683599900389	0.01	0.01	0.01	0.007	0.01	0.8124688252344301	0.10019554254066583	0.05267779512522478	0.03767804199499594	0.06264913869546891	26.31037487347535	21.14474648239113	21.148778612686897	28.815489818211823	4.072570405292015	71.54720130660588
1.4893882513628425	0.01	0.01	0.01	0.007	0.01	0.813352763741789	0.10019618736332478	0.05267807787538151	0.03767816668526139	0.06264913767137523	27.834702107041284	22.21100740104946	22.189023661905296	30.153274171031207	4.2644482983193175	70.1964305582296
1.5742814053515035	0.01	0.01	0.01	0.007	0.01	0.814030208474514	0.10019654209558063	0.05267831672376571	0.037678287768942595	0.06264913688426363	29.414206076820204	23.31079476631926	23.267371370755583	31.53345211104736	4.463227084617934	68.7947330394421
1.664318442567402	0.01	0.01	0.01	0.007	0.01	0.8145406830334878	0.10019673025258881	0.05267851875282389	0.03767840550262654	0.06264913627184968	31.051896761267717	24.44576909585203	24.386284676086312	32.95815969340856	4.669340988496535	67.33867555550616
1.7600443799879897	0.01	0.01	0.01	0.007	0.01	0.8149182285629591	0.10019682612245678	0.05267868993715871	0.03767852011236823	0.06264913579147519	32.751193211205766	25.617736481877596	25.54851787590129	34.42972291122167	4.883274278942949	65.82440351306896
1.86207460731389	0.01	0.01	0.01	0.007	0.01	0.8151917007348913	0.1001968728371367	0.05267883525576291	0.037678631743410136	0.06264913541249452	34.51563165502229	26.82842617872035	26.756928793412158	35.95038062703357	5.1055258960033765	64.24787617246885
1.9710267174844633	0.01	0.01	0.01	0.007	0.01	0.8153851115444535	0.10019689448694939	0.05267895876807909	0.03767874028224727	0.06264913511236891	36.34750526400331	28.078542175428133	28.013557981601775	37.52109487770547	5.33643944501755	62.60606006912136
2.087078493582823	0.01	0.01	0.01	0.007	0.01	0.8155178744165911	0.10019690395668496	0.052679063473283154	0.03767884463134852	0.06264913487484823	38.240694816351166	29.362913606764508	29.314702472440665	39.13545432275336	5.575299091048046	60.90337788972867
2.207654375553319	0.01	0.01	0.01	0.007	0.01	0.815604738253738	0.10019690780979712	0.052679150360273215	0.03767894047349193	0.06264913469043353	40.14582756962079	30.647245671094037	30.626840622191732	40.750420578786695	5.815921929773756	59.18335219984846
2.3246093301664383	0.01	0.01	0.01	0.007	0.01	0.8156576376337671	0.10019690926121252	0.05267921859292316	0.037679022752758556	0.062649134554343	41.93510236307741	31.845645231497866	31.8619613937866	42.257967483265496	6.042173184019205	57.56140307499399
2.433937447633823	0.01	0.01	0.01	0.007	0.01	0.8156893580497581	0.1001969098109281	0.052679271322642544	0.03767909690880962	0.06264913445476913	43.556848970400765	32.9249279793287	32.98395159075644	43.616232613371	6.247480279336251	56.0854450219243
2.5381388790003685	0.01	0.01	0.01	0.007	0.01	0.8157092496860188	0.10019691003457457	0.05267931369404053	0.03767916742081424	0.06264913437849194	45.057984463136975	33.91776519864041	34.024779859657606	44.86621164221677	6.437737507008468	54.71393807115637
2.640721605365843	0.01	0.01	0.01	0.007	0.01	0.8157223115307244	0.10019691013129271	0.05267934934444052	0.03767923343704783	0.06264913431705177	46.49436277572631	34.86191290028344	35.02289647271874	46.055370044503896	6.619998180721882	53.3965020241498
2.744019218935877	0.01	0.01	0.01	0.007	0.01	0.815731102878104	0.10019691017428217	0.05267938027567667	0.03767929473067455	0.06264913426589065	47.90021663812819	35.78014914166767	36.002004662738386	47.21237161565813	6.798598375185523	52.10193752459985
2.8489216107791795	0.01	0.01	0.01	0.007	0.01	0.8157370439564915	0.10019691019338521	0.0526794074805025	0.037679351923695446	0.06264913422263095	49.2873011278419	36.68014703970889	36.97030890188602	48.34688229553741	6.975033417631498	50.81937836337951
2.9552659134397086	0.01	0.01	0.01	0.007	0.01	0.8157410278794353	0.10019691020175645	0.05267943146815305	0.03767940549544801	0.06264913418590587	50.652717105521695	37.55996031280876	37.92582425516581	49.45645103878745	7.148938417623905	49.55141227906175
3.0623972705526756	0.01	0.01	0.01	0.007	0.01	0.815743670882756	0.10019691020536853	0.05267945258162421	0.03767945573240631	0.06264913415473533	51.98781278970519	38.41402400059014	38.862505500552054	50.534055683514744	7.319212360019429	48.30604838793932
3.169664701312967	0.01	0.01	0.01	0.007	0.01	0.8157454103263478	0.10019691020691138	0.0526794711442375	0.03767950291950463	0.06264913412826463	53.28498355341363	39.237600890512795	39.77498060663784	51.5737053558303	7.484881765127367	47.09046144661952
3.2766863595913795	0.01	0.01	0.01	0.007	0.01	0.8157465512226109	0.10019691020756824	0.052679487490887286	0.0376795473724278	0.06264913410570923	54.5406780651501	40.028655068819106	40.66067852687879	52.57280866973649	7.6454859206970385	45.90814458361932
3.383374400965748	0.01	0.01	0.01	0.007	0.01	0.8157472997532519	0.10019691020784828	0.052679501947366376	0.037679589364570075	0.06264913408637542	55.75515155256839	40.78760555225042	41.5196901782315	53.53187024712219	7.801048730217122	44.75906030133469
3.489824784957721	0.01	0.01	0.01	0.007	0.01	0.8157477918513996	0.100196910207968	0.05267951480396116	0.03767962909038009	0.0626491340696841	56.93073811094394	41.51616581497519	42.353577881097785	54.453031030703045	7.951860464826643	43.641201878429726
3.5961862759420167	0.01	0.01	0.01	0.007	0.01	0.8157481160311726	0.10019691020801938	0.052679526302380125	0.037679666689747926	0.06264913405517168	58.070161998148535	42.21625552515979	43.16419396376485	55.33869578811678	8.09826272247267	42.55216071064849
3.702573592431427	0.01	0.01	0.01	0.007	0.01	0.8157483298513584	0.10019691020804146	0.052679536636601354	0.03767970228419628	0.06264913404247502	59.17557479606675	42.88940382191766	43.952997995944244	56.1907786013496	8.240524931833393	41.490041355501226
3.8090375542587536	0.01	0.01	0.01	0.007	0.01	0.8157484709213723	0.10019691020805092	0.052679545961367376	0.03767973599533498	0.06264913403130921	60.24832521055552	43.5366242443456	44.72088673334727	57.0105432475087	8.378814169106622	40.45369624046866
3.9155756606241203	0.01	0.01	0.01	0.007	0.01	0.815748563964002	0.10019691020805499	0.052679554402327744	0.03767976794731521	0.06264913402144685	61.28916710172747	44.15855946146781	45.46833551838416	57.798784877380704	8.513221252181086	39.44254228153491
4.02215890332777	0.01	0.01	0.01	0.007	0.01	0.8157486252989149	0.10019691020805675	0.05267956206441715	0.03767979826231965	0.06264913401270206	62.298592465079146	44.755693883080035	46.19563201259391	58.55609832301447	8.643803221424458	38.456250045993436
4.128756247002526	0.01	0.01	0.01	0.007	0.01	0.8157486657150562	0.10019691020805749	0.05267956903747894	0.03767982705481954	0.06264913400492003	63.277090968584645	45.32851256236898	46.90306105008337	59.283079173996995	8.770616708670834	37.494495215312554
4.235348002540922	0.01	0.01	0.01	0.007	0.01	0.8157486923415097	0.10019691020805782	0.05267957539954663	0.037679854427638125	0.06264913399796995	64.22526816411332	45.877569411866396	47.590990485029344	59.98041044110955	8.893733295183715	36.55684151022622
4.341928086110607	0.01	0.01	0.01	0.007	0.01	0.8157487098827916	0.10019691020805796	0.05267958121868513	0.03767988047105369	0.0626491339917415	65.14384736022976	46.403484502789475	48.25987406763821	60.6488594522066	9.013239901201933	35.64273527791966
4.448499702952322	0.01	0.01	0.01	0.007	0.01	0.8157487214396473	0.10019691020805802	0.05267958655418535	0.03767990526445989	0.06264913398614116	66.03361514329536	46.906909242328275	48.91021324597072	61.289233902597836	9.129231839858997	34.751556240498644
4.555069339367463	0.01	0.01	0.01	0.007	0.01	0.8157487290543639	0.10019691020805804	0.052679591457572617	0.03767992887914395	0.06264913398108898	66.89536160014333	47.38849051876847	49.542514311499545	61.902336418086996	9.241805104849016	33.88267538894382
4.661642401762514	0.01	0.01	0.01	0.007	0.01	0.815748734071882	0.10019691020805804	0.052679595973601334	0.03767995138073027	0.06264913397651803	67.72984327419627	47.84884966331946	50.15726137114549	62.48893779534661	9.351051545767556	33.03549196668482
4.7682214031360095	0.01	0.01	0.01	0.007	0.01	0.8157487373780622	0.10019691020805804	0.052679600141227544	0.03767997283066763	0.06264913397237044	68.53777186018945	48.288576926167416	50.75490774230976	63.04976989570389	9.457057361418286	32.20944559376065
4.874806259108156	0.01	0.01	0.01	0.007	0.01	0.815748739556543	0.10019691020805804	0.05267960399450345	0.03767999328676183	0.06264913396859716	69.31982060300716	48.708235972609266	51.33588028246947	63.58553128579026	9.559903900579435	31.404010673838638
4.9813954804433225	0.01	0.01	0.01	0.007	0.01	0.8157487409919205	0.10019691020805804	0.05267960756334403	0.0376800128031946	0.0626491339651557	70.0766362483328	49.1083710967847	51.90058794679622	64.09689637218025	9.659669202859195	30.618684840144834
5.087987387137365	0.01	0.01	0.01	0.007	0.01	0.8157487419376471	0.10019691020805806	0.052679610874153904	0.03768003143040699	0.06264913396200955	70.80884925688885	49.48951304291193	52.449429243730144	64.58452279994229	9.756429329203893	29.852978745965185
5.1945807932484644	0.01	0.01	0.01	0.007	0.01	0.8157487425607458	0.10019691020805806	0.052679613950329114	0.0376800492151277	0.06264913395912661	71.5170788095355	49.85218171462149	52.982795951292196	65.0490549065703	9.850259019840783	29.106410911012954
5.3011751834493355	0.01	0.01	0.01	0.007	0.01	0.8157487429712743	0.10019691020805806	0.05267961681266116	0.0376800662005782	0.06264913395647925	72.20193368991616	50.19688658126103	53.50107380905408	65.49112424363864	9.941231813715445	28.378506722731625
5.407770543629869	0.01	0.01	0.01	0.007	0.01	0.8157487432417502	0.10019691020805806	0.052679619479672146	0.037680082426811944	0.06264913395404349	72.86401086713015	50.52412590863226	54.00464147768644	65.91134859235072	10.029419863173066	27.668799862445123
5.5143670644100595	0.01	0.01	0.01	0.007	0.01	0.8157487434199521	0.10019691020805806	0.052679621967897265	0.03768009793109692	0.06264913395179769	73.503893585343	50.83438582915212	54.4938690890549	66.31033076493095	10.114893679668523	26.97683434160522
5.620964894057758	0.01	0.01	0.01	0.007	0.01	0.8157487435373592	0.10019691020805806	0.05267962429212974	0.0376801127482619	0.06264913394972316	74.12215012281214	51.12813984203049	54.96911726377479	66.68865794891171	10.197721964663963	26.30216591957811
5.727564074948266	0.01	0.01	0.01	0.007	0.01	0.8157487436147118	0.10019691020805806	0.05267962646563467	0.03768012691093466	0.06264913394780357	74.71933385716719	51.40584900326053	55.430737103376394	67.0469019332062	10.27797161271882	25.644362166339086
5.83416453649912	0.01	0.01	0.01	0.007	0.01	0.8157487436656746	0.10019691020805806	0.05267962850033529	0.03768014044973254	0.06264913394602431	75.29598369060868	51.667962294576476	55.87907045539062	67.38561956403574	10.355707762446608	25.003002141521286
5.940766116345051	0.01	0.01	0.01	0.007	0.01	0.8157487436992505	0.10019691020805806	0.05267963040697248	0.037680153393419596	0.06264913394437255	75.85262461085793	51.91491704747062	56.314450286426094	67.70535327281108	10.430993866009976	24.37767591683721
6.047368659175996	0.01	0.01	0.01	0.007	0.01	0.8157487437213714	0.10019691020805806	0.05267963219524506	0.03768016576900594	0.06264913394283672	76.38976859673107	52.1471394996477	56.73720133321295	68.00663177769893	10.503891806031207	23.767983691423296
6.153972037918377	0.01	0.01	0.01	0.007	0.01	0.8157487437359451	0.10019691020805806	0.05267963387392891	0.037680177601871416	0.06264913394140652	76.90791503410985	52.36504510698659	57.14764038216481	68.28997047152153	10.574461947375791	23.17353542992408
6.260576160796572	0.01	0.01	0.01	0.007	0.01	0.8157487437455467	0.10019691020805806	0.0526796354509806	0.037680188915883435	0.0626491339400729	77.40755103781098	52.5690388067357	57.54607647817192	68.55587174730664	10.642763176479994	22.593950599599737
6.367180964273917	0.01	0.01	0.01	0.007	0.01	0.8157487437518725	0.10019691020805806	0.052679636933627406	0.037680199733511464	0.06264913393882772	77.88915169797811	52.75951524605873	57.932811074681595	68.80482527916494	10.708852930502827	22.02885799153363
6.47378640599329	0.01	0.01	0.01	0.007	0.01	0.8157487437560398	0.10019691020805806	0.052679638328446125	0.037680210075931336	0.06264913393766353	78.35318032810979	52.936859011162966	58.30813818493212	69.03730830400745	10.772787226689715	21.477895540388506
6.580392443596826	0.01	0.01	0.01	0.007	0.01	0.8157487437587854	0.10019691020805806	0.052679639641432185	0.03768021996312987	0.06264913393657393	78.80008865607218	53.10144483556767	58.672344486461164	69.25378587588389	10.834620683825506	20.940710213412736
6.686999041786278	0.01	0.01	0.01	0.007	0.01	0.8157487437605945	0.10019691020805806	0.05267964087806005	0.03768022941398433	0.06264913393555276	79.23031714053577	53.2536378564647	59.02570952677612	69.45471118342547	10.894406560944336	20.41695775131327
6.793606151142164	0.01	0.01	0.01	0.007	0.01	0.8157487437617861	0.10019691020805806	0.052679642043336354	0.03768023844635244	0.06264913393459458	79.64429516632373	53.3937938246679	59.368505830910564	69.64052580654246	10.95219677934272	19.906302553423313
6.900213729304688	0.01	0.01	0.01	0.007	0.01	0.8157487437625712	0.10019691020805806	0.05267964314184793	0.03768024707713067	0.06264913393369496	80.04244140693154	53.52225937142526	59.70099914705577	69.81166004855513	11.00804196789934	19.408417357615015
7.006821740973906	0.01	0.01	0.01	0.007	0.01	0.8157487437630885	0.10019691020805806	0.052679644177803076	0.037680255322319486	0.06264913393284915	80.42516408673711	53.639372233226325	60.02344861245719	69.96853321375737	11.06199149470941	18.922983036047004
7.113430143789037	0.01	0.01	0.01	0.007	0.01	0.8157487437634293	0.10019691020805806	0.05267964515506863	0.037680263197090585	0.0626491339320533	80.792861189245	53.74546145791975	60.33610687458653	70.11155386033218	11.114093491185143	18.449688457674988
7.22003890244929	0.01	0.01	0.01	0.007	0.01	0.8157487437636537	0.10019691020805806	0.052679646077202484	0.03768027071583385	0.06264913393130375	81.14592076233701	53.84084763785766	60.63922029499848	70.24112008992498	11.1643948899238	17.98823022552394
7.326647988713996	0.01	0.01	0.01	0.007	0.01	0.8157487437638017	0.10019691020805806	0.052679646947483255	0.0376802778922074	0.06264913393059718	81.48472116168699	53.925843118593804	60.933029103332295	70.35761980533141	11.212941454073894	17.538312487084994
7.433257381402714	0.01	0.01	0.01	0.007	0.01	0.8157487437638992	0.10019691020805806	0.05267964776893601	0.03768028473918436	0.06264913392993066	81.80963128837489	54.00075220260456	61.21776754764241	70.46143096204482	11.259777806001386	17.09964674923318
7.5398670522743245	0.01	0.01	0.01	0.007	0.01	0.8157487437639633	0.10019691020805806	0.052679648544355404	0.03768029126910357	0.06264913392930135	82.12101078046818	54.06587134015546	61.493664005173116	70.55292180248352	11.304947449397332	16.671951753499428
7.646476980148009	0.01	0.01	0.01	0.007	0.01	0.8157487437640057	0.10019691020805806	0.052679649276326804	0.037680297493701144	0.06264913392870669	82.41921028668096	54.12148933635205	61.76094116607188	70.6324511132336	11.348492803315368	16.254953238192822
7.753087136782272	0.01	0.01	0.01	0.007	0.01	0.8157487437640336	0.10019691020805806	0.05267964996724447	0.0376803034241554	0.06264913392814442	82.70457164995415	54.167887534680965	62.01981613917293	70.70036845029735	11.390455223322654	15.848383819797228
7.859697508056522	0.01	0.01	0.01	0.007	0.01	0.8157487437640518	0.10019691020805806	0.05267965061932852	0.03768030907110835	0.0626491339276126	82.97742818389352	54.2053400139828	62.27050064255087	70.75701438451637	11.430875036358728	15.45198274088678
7.966308065728982	0.01	0.01	0.01	0.007	0.01	0.8157487437640639	0.10019691020805806	0.05267965123463987	0.037680314444713765	0.06264913392710905	83.23810481101863	54.234113758925474	62.51320107031935	70.80272070934177	11.469791555427992	15.065495811135271
8.072918809799978	0.01	0.01	0.01	0.007	0.01	0.8157487437640718	0.10019691020805806	0.05267965181509403	0.03768031955464135	0.06264913392663203	83.48691837584384	54.254468850360254	62.748118721716075	70.83781068003151	11.507243120350216	14.688675090404656
8.179529726148687	0.01	0.01	0.01	0.007	0.01	0.815748743764077	0.10019691020805806	0.05267965236247291	0.037680324410128856	0.06264913392617993	83.72417774091271	54.26665862504232	62.9754498309443	70.86259920684533	11.543267106377403	14.321278886853673
8.286140793593635	0.01	0.01	0.01	0.007	0.01	0.8157487437640805	0.10019691020805806	0.05267965287843616	0.037680329020003435	0.06264913392575124	83.95018400764296	54.27092985076068	63.19538571224519	70.87739307215467	11.577899951355676	13.963071572465632
8.392751998013857	0.01	0.01	0.01	0.007	0.01	0.8157487437640827	0.10019691020805806	0.0526796533645308	0.037680333392696226	0.06264913392534456	84.1652307412105	54.26752289326156	63.40811291248183	70.88249113794033	11.611177183845276	13.613823383580614
8.49936333234893	0.01	0.01	0.01	0.007	0.01	0.8157487437640841	0.10019691020805806	0.05267965382220057	0.03768033753626444	0.06264913392495859	84.3696041555766	54.25667187490398	63.61381332818573	70.87818454172147	11.643133445440666	13.273310276800409
8.605974775417193	0.01	0.01	0.01	0.007	0.01	0.8157487437640851	0.10019691020805806	0.052679654252794035	0.03768034145842451	0.06264913392459222	84.56358325656353	54.23860483380795	63.8126642809629	70.86475689135186	11.673802506588833	12.941313853472554
8.712586320158149	0.01	0.01	0.01	0.007	0.01	0.8157487437640858	0.10019691020805806	0.05267965465757202	0.03768034516655429	0.06264913392424398	84.74744007544179	54.21354387429186	64.00483868558976	70.84248445328315	11.703217296712348	12.61762112960196
8.819197945390046	0.01	0.01	0.01	0.007	0.01	0.8157487437640862	0.10019691020805806	0.05267965503771444	0.03768034866772772	0.06264913392391318	84.92143979242735	54.18170532106884	64.19050510805087	70.81163634070803	11.731409917191698	12.302024487473659
8.925809665234189	0.01	0.01	0.01	0.007	0.01	0.8157487437640867	0.10019691020805806	0.05267965539432622	0.03768035196870113	0.06264913392359865	85.08584098771564	54.143299850080055	64.36982795946102	70.77247467912757	11.758411674996077	11.994321396551058
9.03242147263003	0.01	0.01	0.01	0.007	0.01	0.8157487437640869	0.10019691020805806	0.05267965572844318	0.03768035507596333	0.06264913392329967	85.24089571262986	54.098532645425465	64.54296750101308	70.72525479567324	11.784253087448972	11.69431445349545
9.139033346395752	0.01	0.01	0.01	0.007	0.01	0.815748743764087	0.10019691020805806	0.052679656041037096	0.03768035799574623	0.0626491339230154	85.38684967070975	54.047603540851135	64.71007996382636	70.67022539462899	11.808963904584969	11.401811228770793
9.24564527947076	0.01	0.01	0.01	0.007	0.01	0.8157487437640871	0.10019691020805806	0.05267965633302062	0.03768036073402089	0.06264913392274504	85.5239424169146	53.990707142955245	64.8713176949208	70.6076287117974	11.832573135079958	11.116624063904258
9.352257264794451	0.01	0.01	0.01	0.007	0.01	0.8157487437640871	0.10019691020805806	0.0526796566052508	0.03768036329651915	0.06264913392248762	85.65240748952002	53.92803296763105	65.02682923073509	70.53770068196944	11.855109061219414	10.838569992477808
9.45886930236685	0.01	0.01	0.01	0.007	0.01	0.8157487437640871	0.10019691020805806	0.052679656858534096	0.03768036568874088	0.06264913392224283	85.77247256824359	53.85976556385131	65.1767594021206	70.46067109234616	11.876599258445303	10.567470605122054
9.565481378066698	0.01	0.01	0.01	0.007	0.01	0.8157487437640871	0.10019691020805806	0.052679657093628984	0.037680367915978744	0.0626491339220097	85.88435959682928	53.78608465233999	65.32124939725327	70.37676375241836	11.897070608759291	10.303151989238176
9.672093491894008	0.01	0.01	0.01	0.007	0.01	0.8157487437640871	0.10019691020805806	0.05267965731125024	0.03768036998331128	0.06264913392178803	85.98828495790953	53.70716522964688	65.46043689191858	70.28619662450126	11.91654932368134	10.045444545664381
9.778705650909442	0.01	0.01	0.01	0.007	0.01	0.8157487437640871	0.10019691020805806	0.05267965751207083	0.03768037189561688	0.06264913392157699	86.08445960113151	53.623177689533556	65.59445612561899	70.18918197315662	11.935060959236315	9.794182900726808
9.885317840991721	0.01	0.01	0.01	0.007	0.01	0.8157487437640871	0.10019691020805806	0.05267965769672615	0.03768037365760117	0.06264913392137623	86.1730891542948	53.53428796176116	65.72343795257854	70.08592653490636	11.952630427540564	9.549205866277644
9.991930055080203	0.01	0.01	0.01	0.007	0.01	0.8157487437640871	0.10019691020805806	0.05267965786581507	0.03768037527378813	0.062649133921185	86.25437408395402	53.44065760469744	65.84750996287889	69.97663163451708	11.969282018024812	9.310356267664982
10.098542286114244	0.01	0.01	0.01	0.007	0.01	0.8157487437640871	0.10019691020805806	0.05267965801990359	0.03768037674853249	0.06264913392100306	86.32850981752388	53.34244392071724	65.96679655489382	69.8614933271319	11.985039411710874	9.077480860263039
10.205154541154496	0.01	0.01	0.01	0.007	0.01	0.8157487437640871	0.10019691020805806	0.05267965815952598	0.0376803780860192	0.06264913392083002	86.39568687774393	53.23980004990175	66.08141902994993	69.7407025148442	11.999925698336275	8.850430201540767
10.311766806079659	0.01	0.01	0.01	0.007	0.01	0.8157487437640871	0.10019691020805806	0.05267965828518775	0.03768037929029308	0.06264913392066537	86.45609098222323	53.132875108238395	66.19149563143255	69.61444511544272	12.01396338611876	8.62905863137318
10.418379087950388	0.01	0.01	0.01	0.007	0.01	0.8157487437640871	0.10019691020805806	0.052679658397366845	0.0376803803652385	0.06264913392050867	86.50990319003442	53.02181424917356	66.29714166624127	69.48290214088051	12.027174422142672	8.413224088352196
10.524991379706032	0.01	0.01	0.01	0.007	0.01	0.8157487437640871	0.10019691020805806	0.05267965849651603	0.03768038131460867	0.06264913392035967	86.5572999974604	52.90675879805928	66.39846954157717	69.34624986144499	12.039580201675426	8.202788092926097
10.63160368134659	0.01	0.01	0.01	0.007	0.01	0.8157487437640871	0.10019691020805806	0.0526796585830636	0.03768038214201875	0.06264913392021812	86.5984534637507	52.7878463280407	66.49558885882283	69.20465990070197	12.051201584684973	7.997615614753021
10.73821598581141	0.01	0.01	0.01	0.007	0.01	0.8157487437640871	0.10019691020805806	0.052679658657415515	0.03768038285096037	0.06264913392008342	86.63353131591947	52.66521077008761	66.58860647044312	69.05829937074111	12.062058907602667	7.797575013985804
10.844828293100491	0.01	0.01	0.01	0.007	0.01	0.8157487437640871	0.10019691020805806	0.05267965871995674	0.03768038344479801	0.0626491339199556	86.66269706252135	52.53898248968031	66.67762656142975	68.9073309676581	12.072171997936644	7.6025379296518105
10.95144061027449	0.01	0.01	0.01	0.007	0.01	0.8157487437640871	0.10019691020805806	0.05267965877105235	0.03768038392677477	0.06264913391983415	86.68611009732373	52.409288375749554	66.76275071485206	68.75191308141669	12.081560186774224	7.412379198966298
11.058052916151443	0.01	0.01	0.01	0.007	0.01	0.8157487437640871	0.10019691020805806	0.052679658811048795	0.037680384300039886	0.06264913391971882	86.7039257955044	52.276251972074036	66.84407794952288	68.59219995665606	12.090242318224346	7.226976839201371
11.164665217792002	0.01	0.01	0.01	0.007	0.01	0.8157487437640871	0.10019691020805806	0.05267965884027499	0.037680384567617325	0.06264913391960947	86.71629562644108	52.13999349420946	66.9217048286529	68.4283417161948	12.098236766507423	7.046211868681517
11.271277508135517	0.01	0.01	0.01	0.007	0.01	0.8157487437640871	0.10019691020805806	0.052679658859043306	0.037680384732436824	0.06264913391950586	86.72336724264733	52.00062996473676	66.99572548823795	68.26048452626155	12.105561444083682	6.8699683057375935
11.377889794242641	0.01	0.01	0.01	0.007	0.01	0.8157487437640871	0.10019691020805806	0.052679658867650615	0.03768038479732103	0.0626491339194077	86.72528457855262	51.85827525862776	67.0662317180869	68.08877065377125	12.112233815297655	6.698133046370634
11.484502076113372	0.01	0.01	0.01	0.007	0.01	0.8157487437640871	0.10019691020805806	0.052679658866379306	0.03768038476500265	0.06264913391931476	86.72218794133059	51.713040209835185	67.13331300546722	67.91333859716883	12.11827090604992	6.530595827432172
11.591114374929674	0.01	0.01	0.01	0.007	0.01	0.8157487437640871	0.10019691020805806	0.05267965885549757	0.0376803846381097	0.0626491339192269	86.71421410059924	51.56503265010615	67.1970566101687	67.73432313547421	12.123689316319757	6.367249111701574
11.697726655388278	0.01	0.01	0.01	0.007	0.01	0.8157487437640871	0.10019691020805806	0.052679658835260997	0.037680384419220184	0.06264913391914387	86.70149638322623	51.41435759256176	67.25754757443566	67.55185555234755	12.128505226962208	6.207988137467941
11.80433891748919	0.01	0.01	0.01	0.007	0.01	0.8157487437640871	0.10019691020805806	0.05267965880591236	0.03768038411080589	0.06264913391906551	86.68416475504424	51.26111717912238	67.3148688340522	67.36606357456397	12.132734415079112	6.052710708650157
11.91095116829306	0.01	0.01	0.01	0.007	0.01	0.8157487437640871	0.10019691020805806	0.0526796587676833	0.03768038371525378	0.06264913391899161	86.66234590358738	51.10541078946619	67.36910125231839	67.17707150553971	12.136392262292794	5.901317175500396
12.017563407799893	0.01	0.01	0.01	0.007	0.01	0.8157487437640871	0.10019691020805806	0.05267965872079425	0.03768038323487861	0.06264913391892205	86.63616332243815	50.947335131278926	67.42032366440569	66.98500033641001	12.139493764089094	5.753710391207335
12.124175636009687	0.01	0.01	0.01	0.007	0.01	0.8157487437640871	0.10019691020805806	0.05267965866545532	0.037680382671921295	0.06264913391885671	86.60573739050707	50.78698429853324	67.46861293209786	66.78996781832592	12.142053539807634	5.60979563887596
12.230787852922443	0.01	0.01	0.01	0.007	0.01	0.8157487437640871	0.10019691020805806	0.052679658601866644	0.03768038202855128	0.06264913391879545	86.57118544999867	50.62444983794853	67.51404399315244	66.59208854460917	12.144085842051947	5.4694805707482494
12.337400058538163	0.01	0.01	0.01	0.007	0.01	0.8157487437640871	0.10019691020805806	0.05267965853021878	0.03768038130686987	0.06264913391873808	86.53262188242711	50.459820813782315	67.55668990942765	66.39147403084631	12.14560456586424	5.332675148944123
12.444012252856849	0.01	0.01	0.01	0.007	0.01	0.8157487437640871	0.10019691020805806	0.05267965845069437	0.037680380508912946	0.06264913391868454	86.49015818273043	50.29318387099502	67.59662191380544	66.18823279297379	12.146623257670653	5.199291587684645
12.550624435878502	0.01	0.01	0.01	0.007	0.01	0.8157487437640871	0.10019691020805806	0.05267965836346668	0.03768037963665257	0.06264913391863457	86.44390303153067	50.1246232968289	67.63390945594087	65.98247042340418	12.14715512400277	5.069244296960395
12.657236600542479	0.01	0.01	0.01	0.007	0.01	0.8157487437640871	0.10019691020805806	0.05267965826870152	0.03768037869200515	0.06264913391858791	86.3939623690137	49.95422109218518	67.66862024465225	65.77428967910778	12.147213040012568	4.942449835900229
12.763848746848783	0.01	0.01	0.01	0.007	0.01	0.8157487437640871	0.10019691020805806	0.05267965816655699	0.03768037767682341	0.06264913391854475	86.34043945746677	49.782057007802564	67.70082029633275	65.56379052668775	12.146809557830354	4.818826842017567
12.870460867736776	0.01	0.01	0.01	0.007	0.01	0.8157487437640871	0.10019691020805806	0.052679658057184234	0.03768037659290859	0.06264913391850496	86.28343495482484	49.60820862385212	67.73057397272851	65.3510702404546	12.145956914635468	4.698295995827412
12.977072984388384	0.01	0.01	0.01	0.007	0.01	0.8157487437640871	0.10019691020805806	0.05267965794072749	0.03768037544198873	0.0626491339184684	86.22304696052716	49.43275134772308	67.75794403173508	65.13622340040035	12.144667040182195	4.580779930532717
13.083685082682328	0.01	0.01	0.01	0.007	0.01	0.8157487437640871	0.10019691020805806	0.052679657817324387	0.03768037422576279	0.06264913391843471	86.15937111374184	49.25575857215472	67.78299165037971	64.91934208640822	12.142951565067234	4.466203253718167
13.190297169679248	0.01	0.01	0.01	0.007	0.01	0.8157487437640871	0.10019691020805806	0.052679657687106515	0.037680372945865036	0.06264913391840411	86.09250062457667	49.07730163568293	67.80577647941969	64.70051583050176	12.140821827684585	4.354492435689493
13.29690923831851	0.01	0.01	0.01	0.007	0.01	0.8157487437640871	0.10019691020805806	0.052679657550199564	0.03768037160389061	0.06264913391837636	86.02252635511282	48.897449932510725	67.82635667296317	64.47983175202164	12.138288882024428	4.245575800742212
13.403521288600114	0.01	0.01	0.01	0.007	0.01	0.8157487437640871	0.10019691020805806	0.05267965740672379	0.03768037020138302	0.06264913391835152	85.9495368656409	48.716270927526686	67.84478893072102	64.25737457658167	12.13536350443889	4.139383458502477
13.510133320524066	0.01	0.01	0.01	0.007	0.01	0.8157487437640871	0.10019691020805806	0.052679657256794084	0.037680368739840264	0.06264913391832923	85.8736184762998	48.53383021695609	67.86112853269557	64.03322671092934	12.132056200685383	4.035847266762755
13.616745334090366	0.01	0.01	0.01	0.007	0.01	0.8157487437640871	0.10019691020805806	0.05267965710052016	0.03768036722071637	0.0626491339183097	85.7948553231671	48.35019157610953	67.87542937469335	63.80746830198902	12.128377212696615	3.934900787754688
13.723357336359653	0.01	0.01	0.01	0.007	0.01	0.8157487437640871	0.10019691020805806	0.052679656938006914	0.037680365645418844	0.06264913391829277	85.71332940745742	48.1654169936582	67.88774400370052	63.58017727932089	12.124336524901883	3.8364792390797273
13.829969327331927	0.01	0.01	0.01	0.007	0.01	0.8157487437640871	0.10019691020805806	0.05267965676935481	0.03768036401531898	0.06264913391827821	85.62912065929432	47.97956674135164	67.89812364975987	63.3514294411586	12.119943871152396	3.7405194654970937
13.936581299946557	0.01	0.01	0.01	0.007	0.01	0.8157487437640871	0.10019691020805806	0.052679656594659625	0.03768036233175309	0.06264913391826617	85.54230699059654	47.792699418621446	67.90661825953359	63.12129850961014	12.115208741113909	3.646959897571495
14.043193247142918	0.01	0.01	0.01	0.007	0.01	0.8157487437640871	0.10019691020805806	0.05267965641401336	0.03768036059601966	0.06264913391825636	85.45296434058781	47.60487198354507	67.91327652937449	62.88985616904256	12.110140386146549	3.555740505430436
14.149805183042272	0.01	0.01	0.01	0.007	0.01	0.8157487437640871	0.10019691020805806	0.05267965622750374	0.0376803588093663	0.06264913391824889	85.36116670668656	47.41613975726656	67.91814593737497	62.65717207167991	12.104747824160341	3.466802742830816
14.256417100583992	0.01	0.01	0.01	0.007	0.01	0.8157487437640871	0.10019691020805806	0.05267965603521444	0.03768035697301899	0.06264913391824364	85.26698622819573	47.22655653962287	67.92127277123143	62.42331398026505	12.099039847445503	3.3800895458388975
14.363028999768082	0.01	0.01	0.01	0.007	0.01	0.8157487437640871	0.10019691020805806	0.05267965583722599	0.03768035508816488	0.06264913391824058	85.17049320977233	47.03617459940004	67.92270215986831	62.18834775624463	12.093025027021103	3.2955452718930203
14.469640880594545	0.01	0.01	0.01	0.007	0.01	0.8157487437640871	0.10019691020805806	0.05267965563361521	0.03768035315595773	0.06264913391823955	85.07175617306183	46.845044725690926	67.92247810193528	61.95233742322793	12.086711718487905	3.213115670215689
14.576252750124008	0.01	0.01	0.01	0.007	0.01	0.8157487437640871	0.10019691020805806	0.052679655424455164	0.03768035117751435	0.06264913391824067	84.97084189459893	46.6532162531387	67.92064349390641	61.715345198223766	12.08010806697144	3.1327478417453025
14.682864608356471	0.01	0.01	0.01	0.007	0.01	0.8157487437640871	0.10019691020805806	0.052679655209816295	0.03768034915392518	0.06264913391824371	84.86781546243974	46.46073712427981	67.91724015768624	61.477431568700005	12.073222013215252	3.0543902160992915
14.789476455291938	0.01	0.01	0.01	0.007	0.01	0.8157487437640871	0.10019691020805806	0.05267965498976565	0.03768034708625077	0.06264913391824867	84.76274031229443	46.2676539130441	67.91230886763577	61.23865532169052	12.066061298316068	2.9779925128115496
14.896088276809165	0.01	0.01	0.01	0.007	0.01	0.8157487437640871	0.10019691020805806	0.05267965476436738	0.03768034497553167	0.06264913391825556	84.65567828322253	46.07401188561362	67.90588937772308	60.99907361909044	12.058633469720297	2.903505718809661
15.002700079968777	0.01	0.01	0.01	0.007	0.01	0.8157487437640871	0.10019691020805806	0.05267965453368293	0.03768034282276631	0.06264913391826431	84.54668962283684	45.879854970666244	67.8980204451771	60.75874196085119	12.050945883676151	2.8308820319940446
15.109311871831398	0.01	0.01	0.01	0.007	0.01	0.8157487437640871	0.10019691020805806	0.05267965429777086	0.03768034062892564	0.06264913391827485	84.43583304694742	45.68522583101205	67.88873985594488	60.517714273549686	12.043005711327565	2.760074846300771
15.21592364533641	0.01	0.01	0.01	0.007	0.01	0.8157487437640871	0.10019691020805806	0.05267965405668725	0.03768033839496372	0.06264913391828712	84.32316579299841	45.49016592207106	67.87808445050375	60.27604298278726	12.03481994444894	2.6910387307957238
15.322535400483817	0.01	0.01	0.01	0.007	0.01	0.8157487437640871	0.10019691020805806	0.05267965381048557	0.037680336121804006	0.06264913391830113	84.20874363574215	45.29471548504259	67.86609014592504	60.033779004709274	12.026395398422485	2.6237293861557665
15.429147137273622	0.01	0.01	0.01	0.007	0.01	0.8157487437640871	0.10019691020805806	0.05267965355921707	0.037680333810345336	0.06264913391831681	84.09262093085664	45.098913590713735	67.85279195943444	59.790971800208936	12.01773871713996	2.558103621112683
15.535758869827058	0.01	0.01	0.01	0.007	0.01	0.8157487437640871	0.10019691020805806	0.052679653302930285	0.03768033146145307	0.06264913391833407	83.97485063478966	44.90279814365069	67.83822402890908	59.5476693800183	12.008856376102539	2.494119316369178
15.642370591083509	0.01	0.01	0.01	0.007	0.01	0.8157487437640871	0.10019691020805806	0.05267965304167219	0.03768032907598319	0.06264913391835304	83.85548437816483	44.706405976528714	67.82241963945027	59.30391842161959	11.999754689510858	2.431735419019897
15.748982293982362	0.01	0.01	0.01	0.007	0.01	0.8157487437640871	0.10019691020805806	0.052679652775487064	0.037680326654769225	0.06264913391837355	83.73457247697883	44.50977283999726	67.8054112425067	59.059764256630224	11.990439812689411	2.3709119026897194
15.855593978523622	0.01	0.01	0.01	0.007	0.01	0.8157487437640871	0.10019691020805806	0.052679652504417446	0.037680324198618005	0.06264913391839556	83.61216395736069	44.31293341757684	67.78723047547251	58.81525088916872	11.980917745422108	2.3116097379950324
15.962205644707291	0.01	0.01	0.01	0.007	0.01	0.8157487437640871	0.10019691020805806	0.052679652228503855	0.037680321708315305	0.06264913391841916	83.48830659544174	44.115921365895986	67.76790818295085	58.570421045682664	11.971194336410672	2.253790871789991
16.0	0.01	0.01	0.01	0.007	0.01	0.8157487437640871	0.10019691020805806	0.05267965212954015	0.03768032856274615	0.06264913391842786	83.44405950953796	44.046044362071	67.76078995671284	58.4835595303339	11.96770007883933	2.233642904176292
