0.0	0.01	0.01	0.01	0.007	0.01	0.0	0.0	0.0	0.0	0.0	0.0	0.0	0.0	0.0	0.0	100.0
0.0033407020312361483	0.01	0.01	0.01	0.007	0.01	0.0104152343103657	0.0027160016329646573	0.003280142776040367	0.003968467078749135	0.005369292419678029	0.0006070148137009314	0.0008756214442824691	0.001974121346127648	0.004668817394177448	0.0004465457244825675	99.9245045605536
0.005342546273119855	0.01	0.01	0.01	0.007	0.01	0.01659113003504604	0.004308898963522621	0.005143193662319492	0.006164564394041643	0.00846338713763711	0.0015475960435344356	0.0022264198691468963	0.00498063364012534	0.011698924126115976	0.0011306158716852632	99.87929284545254
0.008362527887568935	0.01	0.01	0.01	0.007	0.01	0.02581662100539043	0.006663954963204645	0.007816324662093385	0.00924013535594596	0.012963675862350116	0.0037738481479109866	0.00540731922047775	0.01195703789758856	0.02780432586927177	0.0027286342703133322	99.81112517124399
0.011143089157033426	0.01	0.01	0.01	0.007	0.01	0.034214444785215875	0.008782325103685342	0.010138740482439545	0.011838075852345944	0.01693647345742424	0.006671688265441938	0.009524244519420095	0.02084019517973692	0.048026282537046466	0.004778649632378933	99.74840288335226
0.014373759095927119	0.01	0.01	0.01	0.007	0.01	0.04385711488301666	0.011184869366520803	0.012679748662109558	0.014599108420531063	0.02135708366678338	0.011045380465041367	0.015700931083947323	0.033944185145434944	0.07743390284103699	0.007826340427847547	99.6755768059225
0.017661524716674436	0.01	0.01	0.01	0.007	0.01	0.05354530089301687	0.013566645488944533	0.015102450767128725	0.017149779385282733	0.0256518901192191	0.016591242707806375	0.023483036205636958	0.05015988393756919	0.1132857662873846	0.011629358928882	99.60151825978774
0.0212037294150774	0.01	0.01	0.01	0.007	0.01	0.06384410208016003	0.016063267395510426	0.017540346092288644	0.01963299873930815	0.0300628234204808	0.023782881635452374	0.03350739904634015	0.07066359518868594	0.15793796882086575	0.016480248716185673	99.52178992399602
0.02488190179669938	0.01	0.01	0.01	0.007	0.01	0.07438756058134574	0.018581569471363066	0.019895472676484612	0.021949498013950595	0.03442131671542799	0.032564181061689804	0.04566220776355186	0.09505071173987195	0.2102368881715413	0.022303443795173544	99.439068753862
0.028751920882409923	0.01	0.01	0.01	0.007	0.01	0.08531761866853207	0.021152046678374784	0.022193289281905004	0.02412854116116725	0.03878056038419807	0.04322339311608056	0.06030960744087216	0.12386416257247988	0.2710813513730672	0.029250607512127078	99.3521072281996
0.032780256567235135	0.01	0.01	0.01	0.007	0.01	0.09651959011732361	0.023744074763634968	0.02440345786574013	0.026145840529910876	0.043089333484672504	0.05583730414273321	0.07751296016854894	0.15702747923845384	0.34003576972531724	0.03732856389605191	99.26166901762774
0.03698473151304349	0.01	0.01	0.01	0.007	0.01	0.1080237427113103	0.02636138735909231	0.026527961754891232	0.028009195032485314	0.04735443527965566	0.07062377759232498	0.09752295642322978	0.1948132848800713	0.41739966706018633	0.046631345581931764	99.16736419098294
0.04135866690624285	0.01	0.01	0.01	0.007	0.01	0.11979151706114266	0.028991913741951755	0.028556404861682323	0.02971593461379697	0.051551513792577865	0.08772885966909424	0.12048536433826819	0.2372728151654156	0.5030123502812741	0.057201445527043246	99.06935351259528
0.045910720598273294	0.01	0.01	0.01	0.007	0.01	0.13182556791170486	0.031633090950928776	0.030487188475272813	0.03127181098567857	0.05565858823201324	0.10735780028284445	0.14661857416488758	0.28457574523590223	0.596958584419814	0.06911076834481215	98.96745444181634
0.050643712733261785	0.01	0.01	0.01	0.007	0.01	0.14411173261370583	0.034278660110556615	0.03231671466948569	0.03268130536015829	0.0596207209533051	0.12970129327490368	0.1761132738321413	0.33682163222105055	0.6991860131472499	0.08240903796842426	98.86161615034788
0.05556433188219463	0.01	0.01	0.01	0.007	0.01	0.15664492967987717	0.03692443574936445	0.03404374145180565	0.03395110074390447	0.0633418122495541	0.1549751347803917	0.2091848695695795	0.39413665890246696	0.8097021011176244	0.09713810641696519	98.75170218225381
0.0606468047356169	0.01	0.01	0.01	0.007	0.01	0.1693384016705324	0.03954954839487643	0.03565777022953353	0.03508172988669429	0.06665290602185597	0.18321841960409113	0.2458114456807618	0.4562311433226385	0.927736504652224	0.11320241677791398	98.6383011147961
0.06583336166997374	0.01	0.01	0.01	0.007	0.01	0.18203304888217983	0.04212010252510811	0.03714409250744405	0.03607240956205023	0.06935909550526934	0.21422704062030612	0.28565918403881346	0.5223224024868898	1.051652010873259	0.13033310725930408	98.5227119543467
0.07119822800354562	0.01	0.01	0.01	0.007	0.01	0.19489467066086855	0.04466862939474296	0.03852756173287191	0.036948634931155834	0.07138225316967078	0.2485694697041858	0.32938433644446297	0.5932798536772562	1.1829435385856597	0.14864452751023816	98.40329145352226
0.07681958785511785	0.01	0.01	0.01	0.007	0.01	0.20808339325839395	0.047223662139174935	0.03982637489559678	0.03772867104024597	0.07270622688140073	0.28696560013359496	0.3778074444851222	0.670153603180126	1.3233679443049466	0.16825911285962078	98.27831676922372
0.08265536416773396	0.01	0.01	0.01	0.007	0.01	0.22147036968429318	0.049756783557315325	0.041028778625737526	0.038411872899774234	0.07338406519651693	0.32936898890638067	0.4307628005930257	0.7523836235314552	1.4717219640647135	0.18887177230152818	98.14874306977927
0.08873372528764387	0.01	0.01	0.01	0.007	0.01	0.23509118065764018	0.052271846632466736	0.042140516564930744	0.03900819064674566	0.07355813222035522	0.37621384922394085	0.48867978045836147	0.8403474594666542	1.6285374785267426	0.21043080908341172	98.01396480943943
0.09506117126445693	0.01	0.01	0.01	0.007	0.01	0.24892869093748238	0.0547626404181295	0.043162806764328154	0.03952460461850996	0.07337716956451062	0.4277995156977472	0.5518034862374723	0.9341163929354894	1.7938021753277251	0.2328347662902367	97.8738600837288
0.1016910110208722	0.01	0.01	0.01	0.007	0.01	0.263063018553747	0.057240048572450644	0.04410380522456578	0.03997109700792826	0.07296391442338186	0.48484628687009296	0.6208727580762996	1.0344630920748465	1.9687392356003166	0.256175163700187	97.72727449070163
0.10866818249125614	0.01	0.01	0.01	0.007	0.01	0.27754539535138073	0.05970850722863218	0.04496815351470257	0.04035512530653345	0.07240705178949224	0.5480896066027277	0.6966090889925256	1.1420677416857115	2.154383277547204	0.2805336272601316	97.573246490618
0.1160249738934233	0.01	0.01	0.01	0.007	0.01	0.2923916529201372	0.06216558350870264	0.045757865179337776	0.04068252599690708	0.0717691876834832	0.6182205683914831	0.7796447974255101	1.2574279928448069	2.351442479619536	0.305961167738969	97.41110093109386
0.12378260547121592	0.01	0.01	0.01	0.007	0.01	0.30758872366778955	0.06460385109539703	0.046473833953823804	0.04095846882637754	0.0710943456413344	0.6958728594143547	0.8705102967579487	1.3808617270446812	2.5603237042317084	0.3324809804962452	97.24041261553486
0.1319631246750996	0.01	0.01	0.01	0.007	0.01	0.32312013650419646	0.06701552134676012	0.04711764326157134	0.041188236066063935	0.07041265960770529	0.781723018082528	0.9697531358889112	1.512684774021384	2.7814463454419815	0.36012741796272607	97.06074363722199
0.14059176497453654	0.01	0.01	0.01	0.007	0.01	0.3389701148712991	0.06939315359645847	0.04769169666111051	0.04137716095628472	0.06974442053739652	0.8765171681281788	1.0779654037257351	1.6532493545103883	3.015307809257449	0.38895154392230086	96.87159229631983
0.14969860352623127	0.01	0.01	0.01	0.007	0.01	0.3551255943241472	0.07172994130555693	0.04819914770583974	0.041530492708650626	0.06910305862988404	0.9810961701187539	1.1958071081884591	1.8029732357799426	3.2625302803988014	0.41902450298701643	96.67235802150523
0.15931804042886816	0.01	0.01	0.01	0.007	0.01	0.3715739496662984	0.07401934438496778	0.04864367361043635	0.041653239802651405	0.06849736003278506	1.0963988078651727	1.324003092148717	1.9623332854989963	3.5238473125853775	0.4504339794652104	96.46235439967747
0.1694889898682716	0.01	0.01	0.01	0.007	0.01	0.38830206966949216	0.07625496976037115	0.04902934494859033	0.04175007904019359	0.06793291009866347	1.2234720790440512	1.4633474462590847	2.131869628419461	3.800108338092123	0.4832834791209076	96.24080676813863
0.18025475521117865	0.01	0.01	0.01	0.007	0.01	0.4052948893214452	0.07843041439324744	0.04936050784190695	0.041825293211714916	0.06741306115203936	1.3634772638954447	1.6147025627241092	2.3121838982965017	4.092273511591984	0.517690870089249	96.00685693797081
0.19166318448454164	0.01	0.01	0.01	0.007	0.01	0.4225344287320824	0.08053921936585158	0.049641699633026004	0.04188273756894694	0.06693955035067906	1.5176986303822133	1.779000612309857	2.503941564381231	4.401415225296119	0.5537880403958402	95.75956204906683
0.20376669464912017	0.01	0.01	0.01	0.007	0.01	0.43999865245986436	0.0825748383873212	0.04987757101673982	0.041925823523732246	0.06651290839149188	1.687549640092021	1.9572419054696213	2.707871623720627	4.728715201510451	0.5917202480619075	95.4978965781262
0.21662229758164858	0.01	0.01	0.01	0.007	0.01	0.4576604181373466	0.08453065772433314	0.050072816126084566	0.04195751746397072	0.06613272664324803	1.8745778583942603	2.150491776393248	2.9247659224139064	5.07546082383674	0.6316455422224503	95.22075462105781
0.23029146538610357	0.01	0.01	0.01	0.007	0.01	0.4754863412386572	0.08640004644577187	0.050232104031273025	0.04198035131133634	0.0657978389354135	2.080465761396949	2.3598734662299647	3.155475420322678	5.443036365918872	0.6737337049972887	94.92695596917785
0.24483980265585456	0.01	0.01	0.01	0.007	0.01	0.4934356540432659	0.08817644720150047	0.05036001140778112	0.04199644319765996	0.06550644991774075	2.3070260033973344	2.5865562455026505	3.4009028885978734	5.832908355034877	0.7181645994785875	94.6152566285288
0.26033641601681273	0.01	0.01	0.01	0.007	0.01	0.5114590721829715	0.08985350714946298	0.05046095587546506	0.04200752654335479	0.06525623352396989	2.5561883294277874	2.8317368933170335	3.6619902559192754	6.246602306629903	0.7651255833820454	94.28436604190881
0.27685287548780224	0.01	0.01	0.01	0.007	0.01	0.5294977485428223	0.09142525211790416	0.050539131185572024	0.04201498592309291	0.0650444171007105	2.829975023842752	3.0966127561890957	3.9396989416656876	6.685668322434005	0.8148076827797595	93.9329730876198
0.2944617433695686	0.01	0.01	0.01	0.007	0.01	0.5474825261475075	0.09288631182983441	0.050598446613308645	0.04201989795904667	0.06486786127325953	3.130462956631826	3.382346099519343	4.234982955889855	7.151635372385924	0.8674004840057549	93.55978109339185
0.31323475922530003	0.01	0.01	0.01	0.007	0.01	0.5653337976300243	0.09423219906092312	0.050642473270404	0.04202307523920603	0.06472314288660992	3.459732530285299	3.6900217004575904	4.548756500359119	7.645957185179568	0.9230860482405638	93.16354963843287
0.3332410412252128	0.01	0.01	0.01	0.007	0.01	0.5829624212170209	0.0954596393202464	0.05067440048498373	0.04202511113346005	0.06460664570394566	3.819809590989093	4.020604637120861	4.881862333438839	8.169959798868955	0.9820329539375446	92.7431352019636
0.35454594488864966	0.01	0.01	0.01	0.007	0.01	0.6002721105796189	0.09656692535042555	0.0506970053099586	0.04202642336994084	0.06451466174853561	4.212613441290396	4.37491046812172	5.235051636346995	8.724807790399293	1.044392359848115	92.29751706941174
0.37721118431936784	0.01	0.01	0.01	0.007	0.01	0.617163295225405	0.09755423258497506	0.050712637934796134	0.04202729441223258	0.06444350365248572	4.639925947554839	4.753599623337844	5.608985097794915	9.311504469917123	1.1102978057874833	91.82579617776044
0.4012965244514926	0.01	0.01	0.01	0.007	0.01	0.6335379267557326	0.09842381442343746	0.0507232254321676	0.04202790704851861	0.06438962249971918	5.1033927229596205	5.157202294733559	6.004259556717297	9.930932740450146	1.1798695382476379	91.32716134293516
0.42686257520947724	0.01	0.01	0.01	0.007	0.01	0.6493041484122869	0.09918000525315321	0.05073029460916356	0.042028374100256234	0.06434971987232325	5.604551983776339	5.586165824222689	6.421451497438163	10.583922748664932	1.2532218686107104	90.800833780907
0.45397383912780126	0.01	0.01	0.01	0.007	0.01	0.6643798898694082	0.09982901988375403	0.0507350120060906	0.04202876178962169	0.06432083913313755	6.144876336052763	6.040908879634682	6.861162754453981	11.271323138101796	1.3304710325411122	90.2460083899298
0.4827011127152164	0.01	0.01	0.01	0.007	0.01	0.6786949363930557	0.10037859606847639	0.05073823580094575	0.04202910697293341	0.0643004242331545	6.725808386947072	6.521865288380732	7.324053571451905	11.99405245005231	1.4117409632811113	89.66181062483918
0.5131227262469145	0.01	0.01	0.01	0.007	0.01	0.6921916360657572	0.1008375586987616	0.050740572507931694	0.04202942902504019	0.06428634189778334	7.3487765939189025	7.0295072318684575	7.810855080152713	12.7531181677594	1.49716557935029	89.0472791316614
0.5453244857807172	0.01	0.01	0.01	0.007	0.01	0.7048247307161947	0.1012153779150499	0.05074243170266836	0.04202973749833777	0.06427687093059067	8.015185217004841	7.564344790283274	8.322359831830425	13.549601292140533	1.5868873180316991	88.40137603700848
0.5793984020741827	0.01	0.01	0.01	0.007	0.01	0.7165608210864285	0.10152176804543976	0.05074407412103363	0.042030036739204454	0.0642706671571048	8.726377853428266	8.12690348247068	8.8593927590675	14.384610298001448	1.6810522955265554	87.72302202960024
0.6154403444944656	0.01	0.01	0.01	0.007	0.01	0.7273778323674294	0.10176634844649106	0.050745651172463206	0.042030328492902426	0.06426671375395947	9.483576711139312	8.71768306127541	9.422765863562786	15.259209843194693	1.779802639968476	87.0111521689437
0.6535470276231674	0.01	0.01	0.01	0.007	0.01	0.7372647376080319	0.1019583713459448	0.050747236163801814	0.04203061328192439	0.06426426554167775	10.287806995524893	9.337105648636573	10.01322412684556	16.174336174221192	1.8832672889664792	86.26478301478613
0.693812774810256	0.01	0.01	0.01	0.007	0.01	0.7462215768589417	0.10210651102045247	0.05074884878893375	0.04203089109157124	0.06426279373110684	11.139817899748698	9.985461780221254	10.631390431102465	17.13071156123209	1.9915526016035998	85.48308127734978
0.7363270577708968	0.01	0.01	0.01	0.007	0.01	0.7542597378579092	0.10221870761084971	0.0507504746702673	0.04203116169625798	0.06426193535765184	12.040024044945682	10.662871268479098	11.277725284067756	18.12878232652318	2.10473554135418	84.66541403959576
0.7811736601451518	0.01	0.01	0.01	0.007	0.01	0.7614022266912589	0.10230205793759081	0.05075208117439367	0.04203142481415902	0.06426144977405109	12.988487621103777	11.36927190372556	11.952513679159573	19.168699322739712	2.2228615783453423	83.81136492804188
0.8284323201307228	0.01	0.01	0.01	0.007	0.01	0.7676836148050146	0.10236274992577903	0.05075362991943848	0.04203168018718959	0.06426118311432519	13.98495979737726	12.104447434835789	12.655890265863691	20.25035755399287	2.3459492544071896	82.92070200312332
0.8781828445989069	0.01	0.01	0.01	0.007	0.01	0.7731493208074345	0.10240603935899578	0.05075508582683415	0.04203192762749297	0.06426104064389254	15.028978976912969	12.868091174776055	13.387899878289419	21.373489539800147	2.4740008798762516	81.9933009447921
0.9305110068833845	0.01	0.01	0.01	0.007	0.01	0.7778540847134859	0.10243626873156628	0.050756422557976175	0.04203216704445243	0.06426096625504903	16.12000665118227	13.659890746013248	14.148580150854322	22.53779113519608	2.6070170294217077	81.02904014390327
0.9855150273265612	0.01	0.01	0.01	0.007	0.01	0.7818597404711715	0.10245692512921466	0.05075762459949033	0.04203239845531893	0.0642609279944978	17.25756989718174	14.479612654547607	14.93804616336597	23.743048382273983	2.745011325257567	80.02769293250856
1.0433116739079245	0.01	0.01	0.01	0.007	0.01	0.7852326082090249	0.10247072946186826	0.05075868677422821	0.042032621981908214	0.06426090835638737	18.441385479014432	15.327170862272393	15.756561916237448	24.989241859657962	2.8880228551673426	78.98883610042046
1.1040415528082423	0.01	0.01	0.01	0.007	0.01	0.7880408785045577	0.10247974538721352	0.05075961222269474	0.042032837837435603	0.06426089810096665	19.67145345527231	16.2026730138531	16.60459224737996	26.276618812698064	3.0361251184987124	77.9117827442983
1.1678736859435497	0.01	0.01	0.01	0.007	0.01	0.7903522803529502	0.10248549517042524	0.05076040983164992	0.04203304630832823	0.06426089251646576	20.94812071859166	17.10644634671145	17.48283677681404	27.605735634830918	3.189431786872771	76.79553741884861
1.235009792665598	0.01	0.01	0.01	0.007	0.01	0.792232191545678	0.10248907154666845	0.050761091798810734	0.04203324773514357	0.06426088926965545	22.272122169260836	18.03904960719088	18.392251730164535	28.97747966466669	3.3481003070766944	75.63876614546767
1.3056887290195904	0.01	0.01	0.01	0.007	0.01	0.7937422310517013	0.10249123807526042	0.050761671688203634	0.04203344249505744	0.06426088722856216	23.644607756907497	19.00127688033153	19.334065320826276	30.39307878217866	3.512334337459515	74.43977402141701
1.3801915880146733	0.01	0.01	0.01	0.007	0.01	0.794939301806042	0.10249251408160563	0.050762163069952064	0.04203363098722066	0.06426088584695047	25.067163730014773	19.994158763961153	20.309792176018988	31.85410671699897	3.682385968723094	73.19648337119857
1.458847786503243	0.01	0.01	0.01	0.007	0.01	0.7958750149616701	0.10249324318177817	0.05076257868361934	0.0420338136209139	0.06426088485636373	26.54183163866583	21.018962614938932	21.32124893837868	33.36248663918182	3.858558088939313	71.90640958961941
1.5420425513230764	0.01	0.01	0.01	0.007	0.01	0.7965954220172209	0.10249364633172432	0.050762930003480776	0.04203399080618936	0.0642608841181487	28.07112880101561	22.077193534103184	22.37057335173433	34.92049558335159	4.041207277935813	70.56663153654539
1.630225900794337	0.01	0.01	0.01	0.007	0.01	0.7971409829387913	0.10249386140356403	0.05076322707774566	0.042034162945588815	0.06426088355475572	29.658066327197357	23.170592352461007	23.460244033958347	36.53076434582459	4.230746721294905	69.17375978445546
1.7239229173010782	0.01	0.01	0.01	0.007	0.01	0.7975467110592189	0.10249397170721763	0.050763478536106105	0.042034330424701075	0.0642608831185742	31.30615430028407	24.301122419494888	24.593093802740285	38.1962609359918	4.427647876740138	67.72391151918309
1.8237435066357301	0.01	0.01	0.01	0.007	0.01	0.7978424448886424	0.10249402586398447	0.05076369168704758	0.04203449359579652	0.06426088277783673	33.019356248999074	25.470918386070434	25.77229057652663	39.9202182220904	4.632436354351906	66.2127250485323
1.9303835029101715	0.01	0.01	0.01	0.007	0.01	0.7980532049388559	0.10249405119158651	0.05076387264771105	0.04203465273670929	0.06426088251005785	34.80185617712963	26.682104006565503	27.001191425008578	41.7058687288363	4.845665625524171	64.63553507360574
2.0445802443703407	0.01	0.01	0.01	0.007	0.01	0.7981995952417495	0.10249406240638796	0.05076402645076101	0.042034807919385415	0.06426088229878907	36.657072868776766	27.93610115302323	28.282677459267838	43.555428830238704	5.067800700012519	62.988214735104265
2.1668392268367414	0.01	0.01	0.01	0.007	0.01	0.7982981926939412	0.10249406707218157	0.050764157007506416	0.042034958520474536	0.06426088213198172	38.58323831315711	29.230652579268405	29.616101256521755	45.4657062641492	5.298689146372944	61.27110102120108
2.2960529959216815	0.01	0.01	0.01	0.007	0.01	0.7983618370518472	0.10249406887579647	0.0507642665370194	0.04203510148691512	0.06426088200157852	40.55322807624466	30.546472258117383	30.983243607937453	47.40837550678947	5.535136279913488	59.50716162381532
2.4261354641410704	0.01	0.01	0.01	0.007	0.01	0.7984003348629712	0.10249406951700855	0.05076435486023167	0.0420352298002048	0.06426088190332736	42.47008897338723	31.818408378012965	32.31708214342642	49.28729536277538	5.765533601260893	57.782655469740064
2.550272352395649	0.01	0.01	0.01	0.007	0.01	0.7984226055984823	0.10249406973657905	0.050764423583071996	0.042035342164018864	0.0642608818314705	44.23898441602333	32.984368791868	33.551332220765836	51.01063545352522	5.978457764336358	56.18359248090831
2.668385922711341	0.01	0.01	0.01	0.007	0.01	0.7984357572003032	0.10249406981522804	0.050764477913546276	0.04203544449109629	0.0642608817776253	45.868840902496125	34.05165727082826	34.69164662381991	52.58900963823659	6.174931223728864	54.70322047514891
2.7834156217939436	0.01	0.01	0.01	0.007	0.01	0.7984438539733251	0.10249406984518995	0.05076452257973354	0.04203553945466127	0.0642608817354251	47.40760234652669	35.05274021703155	35.771125864338615	54.07029300616464	6.360692882693267	53.29900044159274
2.898031682711209	0.01	0.01	0.01	0.007	0.01	0.7984489912035523	0.10249406985705173	0.05076456056656812	0.04203562772198884	0.0642608817010971	48.89443353773595	36.013634451121895	36.81702787943893	55.492910568542676	6.540450815970547	51.93568282258561
3.013693154590196	0.01	0.01	0.01	0.007	0.01	0.7984522888800951	0.10249406986179976	0.05076459352396502	0.04203571009055895	0.06426088167254636	50.349097134822635	36.947285802229466	37.84319478230224	56.876002621663574	6.7165888180576	50.59527804443277
3.1307364847441113	0.01	0.01	0.01	0.007	0.01	0.7984544016527283	0.10249406986368752	0.050764622354790095	0.04203578722756147	0.06426088164856049	51.77560155397651	37.856289142381215	38.85246060467877	58.223405822449834	6.889592784954757	49.27407208404364
3.248793563540191	0.01	0.01	0.01	0.007	0.01	0.7984557444709677	0.10249406986442837	0.050764647620313366	0.04203585952358758	0.06426088162833885	53.16928393427192	38.737701775441785	39.841529011159295	59.530749920820305	7.058897336520047	47.97637057609705
3.3672826822538156	0.01	0.01	0.01	0.007	0.01	0.7984565912128284	0.10249406986471593	0.05076466976555833	0.04203592728319563	0.06426088161125638	54.52366360742754	39.587538952778914	40.805764313675525	60.792105368865	7.223711636467723	46.708283527590126
3.4857451922984066	0.01	0.01	0.01	0.007	0.01	0.7984571226166509	0.10249406986482683	0.050764689203771876	0.04203599085243992	0.06426088159677802	55.83446349526443	40.40332225603925	41.74204270307303	62.00376275148735	7.383507686136512	45.47398745851898
3.6039703937123475	0.01	0.01	0.01	0.007	0.01	0.7984574556872949	0.10249406986486963	0.05076470632517789	0.04203605060031027	0.06426088158444114	57.10065585347992	41.18467455465605	42.64952435383358	63.16512376558191	7.538150162266202	44.27468366989117
3.721956890293267	0.01	0.01	0.01	0.007	0.01	0.7984576646396803	0.10249406986488611	0.05076472148074385	0.04203610685990708	0.06426088157385816	58.32360158073462	41.9327143982281	43.52907058843789	64.27781068817049	7.687794467837246	43.10933591426155
3.8398077009268126	0.01	0.01	0.01	0.007	0.01	0.7984577959390474	0.1024940698648925	0.05076473496919268	0.04203615990724557	0.06426088156471567	59.5056501808828	42.649146821842436	44.38226137089968	65.34432075616604	7.832717686101604	41.97594869826261
3.957635681819721	0.01	0.01	0.01	0.007	0.01	0.79845787854973	0.10249406986489498	0.05076474703516992	0.04203620997368757	0.06426088155676543	60.64907069540949	43.335594999688546	45.210633264679565	66.36703382297502	7.973188399683084	40.872570306395815
4.075512434095476	0.01	0.01	0.01	0.007	0.01	0.79845793055606	0.10249406986489595	0.05076475787595073	0.042036257263831533	0.06426088154981204	61.75557510141249	43.99331805881439	46.01533248215472	67.34779138334154	8.10940798440596	39.797756475786805
4.193459264757206	0.01	0.01	0.01	0.007	0.01	0.7984579632942421	0.10249406986489631	0.05076476765149033	0.042036301966291156	0.06426088154370053	62.82631094154866	44.62322118082085	46.79710287386352	68.2879097230725	8.241509086110595	38.750592783453314
4.3114628593930515	0.01	0.01	0.01	0.007	0.01	0.7984579838955426	0.1024940698648965	0.05076477649392742	0.04203634425761705	0.06426088153830542	63.86207769892942	45.22599690284942	47.55643738889568	69.18838896543352	8.369581712978933	37.73049800783278
4.429497186193835	0.01	0.01	0.01	0.007	0.01	0.7984579968542734	0.1024940698648965	0.05076478451478403	0.04203638430231341	0.06426088153352384	64.86356175352977	45.80227005434118	48.29374646884732	70.05012851261955	8.493701932204315	36.737001605381664
4.54753988883478	0.01	0.01	0.01	0.007	0.01	0.7984580050034397	0.1024940698648965	0.05076479180973111	0.042036422251451905	0.0642608815292699	65.83148589073949	46.3526857895378	49.00946716120908	70.87405842532408	8.613950311723583	35.76959761134371
4.665579201835996	0.01	0.01	0.01	0.007	0.01	0.7984580101275156	0.1024940698648965	0.050764798461544546	0.0420364582418174	0.06426088152547163	66.76665670727682	46.87793462325135	49.70409907824386	71.66117715650155	8.730417893461503	34.827695179879164
4.783613210164358	0.01	0.01	0.01	0.007	0.01	0.7984580133494613	0.1024940698648965	0.05076480454202374	0.04203649239649162	0.0642608815220683	67.66994388909393	47.37873770386916	50.37819048091971	72.41252989337124	8.84320374869936	33.91063604800375
4.901645540970445	0.01	0.01	0.01	0.007	0.01	0.7984580153754658	0.1024940698648965	0.05076481011343866	0.042036524826624726	0.06426088151900845	68.54223594234617	47.85581989453388	51.03230639324331	73.12916848619723	8.952409556422628	33.01773681382303
5.019680923601458	0.01	0.01	0.01	0.007	0.01	0.7984580166494942	0.1024940698648965	0.05076481522979323	0.042036555633601945	0.06426088151624847	69.38440257493251	48.30988820331868	51.66700089009027	73.8121191757958	9.058134939229191	32.148326283811926
5.1377225243406235	0.01	0.01	0.01	0.007	0.01	0.7984580174506589	0.1024940698648965	0.05076481993799684	0.04203658491086526	0.0642608815137518	70.19727616930467	48.741621968465445	52.28280306926141	74.46236779997206	9.160475131196412	31.301764740119264
5.255771211365401	0.01	0.01	0.01	0.007	0.01	0.7984580179544567	0.1024940698648965	0.050764824278929394	0.04203661274512636	0.06426088151148675	70.98164974617221	49.15167253709087	52.88021515740283	75.08085919730195	9.259520688997933	30.477446867547123
5.373826164112502	0.01	0.01	0.01	0.007	0.01	0.7984580182712504	0.1024940698648965	0.05076482828837286	0.04203663921701721	0.06426088150942662	71.73828423035917	49.54066788086035	53.45971766068472	75.66850404849737	9.355358374013102	29.674795000258122
5.4918858581705745	0.01	0.01	0.01	0.007	0.01	0.7984580184704466	0.1024940698648965	0.05076483199778676	0.04203666440145465	0.06426088150754791	72.46791692824365	49.90921752883335	54.02177558967019	76.22618624146625	9.448072201361185	28.893250745247332
5.609948909710229	0.01	0.01	0.01	0.007	0.01	0.7984580185956957	0.1024940698648965	0.05076483543494491	0.0420366883679116	0.06426088150583067	73.17126771372524	50.25791597636117	54.56684309734137	76.75476798369297	9.537744214125452	28.132268646334783
5.728014450874192	0.01	0.01	0.01	0.007	0.01	0.7984580186744472	0.1024940698648965	0.05076483862444955	0.04203671118075843	0.06426088150425731	73.84904141448028	50.58734394695862	55.09536530208924	77.25509169856	9.62445478500624	27.391313657524403
5.846082082921729	0.01	0.01	0.01	0.007	0.01	0.7984580187239624	0.1024940698648965	0.05076484158815353	0.04203673289969951	0.06426088150281316	74.50192744210496	50.898068226854726	55.60777800538596	77.7279797668223	9.708282569375491	26.669861526813502
5.964151751152782	0.01	0.01	0.01	0.007	0.01	0.7984580187550949	0.1024940698648965	0.05076484434551636	0.04203675358020052	0.0642608815014844	75.13059910527997	51.190641382445044	56.104507144353434	78.17423408469354	9.789304416129687	25.96739956807231
6.082223486881335	0.01	0.01	0.01	0.007	0.01	0.7984580187746692	0.1024940698648965	0.05076484691390574	0.042036773273938406	0.06426088150025977	75.73571243070663	51.46560131112823	56.58596782442065	78.5946353582065	9.86759521226945	25.28342805519071
6.200297282323737	0.01	0.01	0.01	0.007	0.01	0.7984580187869763	0.1024940698648965	0.05076484930885931	0.04203679202917232	0.06426088149912887	76.31790593945811	51.723471306719176	57.052564071671405	78.98994317185499	9.943227847398571	24.617460631076305
6.318373028036141	0.01	0.01	0.01	0.007	0.01	0.7984580187947141	0.1024940698648965	0.0507648515443089	0.042036809891059554	0.06426088149808264	76.87780084862516	51.96476034750716	57.50468890837776	79.36089639324423	10.016273231867725	23.969024271742573
6.43645055200868	0.01	0.01	0.01	0.007	0.01	0.7984580187995792	0.1024940698648965	0.05076485363277769	0.04203682690189997	0.06426088149711334	77.41600178020386	52.189963609210245	57.94272483444959	79.70821392266427	10.08680038076538	23.337658671865107
6.554529658763435	0.01	0.01	0.01	0.007	0.01	0.7984580188026379	0.1024940698648965	0.05076485558554764	0.04203684310135334	0.06426088149621377	77.93309740951922	52.39956293146381	58.36704426993226	80.03259537474324	10.154876490926318	22.7229156774515
6.67261016845546	0.01	0.01	0.01	0.007	0.01	0.798458018804561	0.1024940698648965	0.05076485741280515	0.04203685852663227	0.06426088149537774	78.42966105788501	52.59402724170365	58.778009961524916	80.33472169777986	10.220567011494227	22.12435876204623
6.790691916874322	0.01	0.01	0.01	0.007	0.01	0.79845801880577	0.1024940698648965	0.050764859123766166	0.042036873212691346	0.06426088149459956	78.90625107932141	52.7738128828926	59.175975226230186	80.61525564658878	10.283935687933456	21.54156273354922
6.908774778906602	0.01	0.01	0.01	0.007	0.01	0.7984580188065299	0.1024940698648965	0.050764860726785654	0.042036887192387566	0.06426088149387413	79.36341132701398	52.93936396495869	59.56128426452905	80.87484229365279	10.34504461691482	20.97411333676648
7.026858668537732	0.01	0.01	0.01	0.007	0.01	0.7984580188070078	0.1024940698648965	0.05076486222945198	0.04203690049663636	0.06426088149319728	79.80167150332026	53.09111266359464	59.934272380487535	81.11410945986515	10.403954286100552	20.421606988683845
7.14494351539199	0.01	0.01	0.01	0.007	0.01	0.7984580188073084	0.1024940698648965	0.0507648636386698	0.04203691315456341	0.06426088149256481	80.2215474208567	53.22947948663622	60.29526612671974	81.33366809460304	10.460723602029432	19.883650624730933
7.263029241271415	0.01	0.01	0.01	0.007	0.01	0.7984580188074973	0.1024940698648965	0.05076486496073242	0.04203692519364593	0.06426088149197322	80.62354127741396	53.35487354951545	60.6445834585538	81.53411266939075	10.515409919632896	19.359861533834554
7.381115767976352	0.01	0.01	0.01	0.007	0.01	0.7984580188076162	0.1024940698648965	0.05076486620138556	0.04203693663982682	0.0642608814914194	81.00814204240766	53.46769288648913	60.98253398423423	81.71602162867396	10.568069086849425	18.84986705041507
7.499203025126265	0.01	0.01	0.01	0.007	0.01	0.798458018807691	0.1024940698648965	0.05076486736588405	0.0420369475176193	0.0642608814909001	81.37582582694907	53.56832474888166	61.309419204635795	81.87995782170327	10.618755487354985	18.353304259053147
7.6172909579807495	0.01	0.01	0.01	0.007	0.01	0.7984580188077379	0.1024940698648965	0.05076486845904092	0.0420369578502019	0.06426088149041274	81.72705623844249	53.657145891086685	61.62553274306185	82.02646891660609	10.667522081512944	17.86981971113691
7.735379496157016	0.01	0.01	0.01	0.007	0.01	0.7984580188077673	0.1024940698648965	0.050764869485271105	0.04203696765952422	0.064260881489955	82.06228461215623	53.73452282126094	61.93116046616744	82.15608775747984	10.714420430414815	17.39906930665151
7.8534685849127674	0.01	0.01	0.01	0.007	0.01	0.798458018807786	0.1024940698648965	0.05076487044863123	0.042036976966374914	0.0642608814895247	82.38195042478841	53.800812095063826	62.226580769888606	82.26933279342306	10.759500745304464	16.9407179227607
7.971558185146562	0.01	0.01	0.01	0.007	0.01	0.7984580188077978	0.1024940698648965	0.05076487135285309	0.042036985790458066	0.06426088148911996	82.68648159637887	53.8563605715119	62.512064769633355	82.36670844779323	10.802811921933912	16.494439184983225
8.08964824211481	0.01	0.01	0.01	0.007	0.01	0.7984580188078049	0.1024940698648965	0.05076487220137462	0.042036994150478686	0.06426088148873876	82.97629471003833	53.90150565201204	62.787876414050096	82.44870545878379	10.844401563291962	16.059915357505037
8.207738716715012	0.01	0.01	0.01	0.007	0.01	0.7984580188078094	0.1024940698648965	0.050764872997367295	0.04203700206419258	0.06426088148837958	83.25179538919403	53.93657554504704	63.054272747739304	82.51580126624047	10.884316024855806	15.636836999796861
8.325829562023392	0.01	0.01	0.01	0.007	0.01	0.7984580188078123	0.1024940698648965	0.050764873743760305	0.04203700954847726	0.06426088148804111	83.51337852636945	53.961889498890066	63.31150403703313	82.56846034437248	10.922600438935406	15.224902835636835
8.44392075457843	0.01	0.01	0.01	0.007	0.01	0.7984580188078141	0.1024940698648965	0.050764874443262824	0.0420370166193714	0.0642608814877217	83.76142863299505	53.977758044848756	63.55981401506934	82.60713455731815	10.959298756761731	14.823819431054586
8.562012263097488	0.01	0.01	0.01	0.007	0.01	0.7984580188078152	0.1024940698648965	0.05076487509838328	0.0420370232921422	0.06426088148742004	83.99632003982389	53.98448321849562	63.79943998366329	82.63226347430485	10.99445376904896	14.433301098880088
8.680104056297685	0.01	0.01	0.01	0.007	0.01	0.798458018807816	0.1024940698648965	0.05076487571144678	0.042037029581327975	0.06426088148713509	84.21841718276627	53.982358787408366	64.03061299976765	82.64427469969782	11.028107139116674	14.053069667548353
8.798196110716868	0.01	0.01	0.01	0.007	0.01	0.7984580188078164	0.1024940698648965	0.05076487628461129	0.04203703550077814	0.06426088148686582	84.42807487648216	53.97167046935604	64.25355805405758	82.64358418912143	11.060299434600005	13.682854259426893
8.916288402892732	0.01	0.01	0.01	0.007	0.01	0.7984580188078169	0.1024940698648965	0.05076487681988122	0.04203704106369823	0.06426088148661131	84.62563855102853	53.952696144535594	64.46849421412307	82.63059655497501	11.091070153842065	13.322391125258571
9.034380917183809	0.01	0.01	0.01	0.007	0.01	0.798458018807817	0.1024940698648965	0.05076487731912109	0.042037046282682594	0.06426088148637053	84.81144451064411	53.92570606150117	64.67563479366434	82.6057053648219	11.120457755911897	12.971423433805255
9.152473622306573	0.01	0.01	0.01	0.007	0.01	0.7984580188078171	0.1024940698648965	0.05076487778406623	0.04203705116976285	0.06426088148614269	84.98582013686448	53.890963044798795	64.8751874627467	82.56929343851436	11.148499682103024	12.629701159361103
9.270566486977359	0.01	0.01	0.01	0.007	0.01	0.7984580188078172	0.1024940698648965	0.05076487821633407	0.04203705573643178	0.06426088148592692	85.1490841509535	53.84872269110899	65.06735442539002	82.52173313350832	11.175232386927464	12.29698085451942
9.388659503375377	0.01	0.01	0.01	0.007	0.01	0.7984580188078172	0.1024940698648965	0.050764878617433014	0.04203705999366094	0.06426088148572263	85.30154687085094	53.79923355052743	65.25233259926799	82.46338660932001	11.20069136898497	11.973025413783526
9.506752655858804	0.01	0.01	0.01	0.007	0.01	0.7984580188078172	0.1024940698648965	0.05076487898877134	0.04203706395194557	0.06426088148552929	85.44351038638015	53.742737322368484	65.43031370249119	82.39460610672043	11.224911188748637	11.657603996036062
9.624845928785762	0.01	0.01	0.01	0.007	0.01	0.7984580188078172	0.1024940698648965	0.05076487933166512	0.042037067621327286	0.06426088148534613	85.5752687874649	53.6794690352815	65.60148440352152	82.31573420886751	11.247925495101509	11.350491837388327
9.742939314335347	0.01	0.01	0.01	0.007	0.01	0.7984580188078172	0.1024940698648965	0.050764879647345135	0.042037071011413636	0.06426088148517263	85.697108382483	53.60965721977877	65.76602646471599	82.22710409135743	11.269767050732597	11.051470071741491
9.86103279686561	0.01	0.01	0.01	0.007	0.01	0.7984580188078172	0.1024940698648965	0.050764879936963096	0.042037074131410564	0.06426088148500804	85.80930788595373	53.53352408936074	65.9241168490682	82.12903978224288	11.290467752453523	10.760325615716797
9.97912636073456	0.01	0.01	0.01	0.007	0.01	0.7984580188078172	0.1024940698648965	0.05076488020159809	0.0420370769901392	0.06426088148485218	85.91213862795681	53.451285705137586	66.07592785819016	82.02185640073326	11.310058655585516	10.476850995888473
10.097219990300179	0.01	0.01	0.01	0.007	0.01	0.7984580188078172	0.1024940698648965	0.0507648804422619	0.042037079596055696	0.06426088148470435	86.0058647485548	53.363152139531486	66.22162725496551	81.90586039371101	11.32856999610378	10.200844201172087
10.215313685562503	0.01	0.01	0.01	0.007	0.01	0.7984580188078172	0.1024940698648965	0.05076488065990343	0.042037081957261996	0.0642608814845646	86.0907433977712	53.26932762286839	66.36137840110175	81.7813497489757	11.34603121444418	9.932108503971708
10.333407438700526	0.01	0.01	0.01	0.007	0.01	0.7984580188078172	0.1024940698648965	0.05076488085541396	0.04203708408153611	0.06426088148443193	86.1670248999927	53.170010715256	66.4953403435851	81.64861424128283	11.362470972664589	9.67045237615041
10.451501249714275	0.01	0.01	0.01	0.007	0.01	0.7984580188078172	0.1024940698648965	0.05076488102963037	0.04203708597634001	0.06426088148430625	86.23495294495407	53.065394445454345	66.62366794658537	81.50793563446395	11.3779171772303	9.415689316966654
10.569595095140627	0.01	0.01	0.01	0.007	0.01	0.7984580188078172	0.1024940698648965	0.05076488118333994	0.04203708764885305	0.0642608814841873	86.29476474521111	52.95566648616891	66.74651196818193	81.35958793195499	11.39239699491062	9.167637787304642
10.687688967158543	0.01	0.01	0.01	0.007	0.01	0.7984580188078172	0.1024940698648965	0.050764881317283204	0.04203708910596462	0.06426088148407445	86.34669123023475	52.84100926355488	66.86401921117545	81.2038375385457	11.405936877445848	8.926120994935573
10.805782857946978	0.01	0.01	0.01	0.007	0.01	0.7984580188078172	0.1024940698648965	0.0507648814321569	0.04203709035429587	0.0642608814839677	86.39095720157323	52.72160010957399	66.97633260958139	81.04094347908851	11.418562578190713	8.69096680373452
10.923876767505934	0.01	0.01	0.01	0.007	0.01	0.7984580188078172	0.1024940698648965	0.05076488152861781	0.0420370914002095	0.0642608814838667	86.42778149651424	52.59761138951262	67.08359133743325	80.87115758337863	11.430299171253624	8.462007596126854
11.041970695835415	0.01	0.01	0.01	0.007	0.01	0.7984580188078172	0.1024940698648965	0.05076488160728488	0.042037092249825235	0.06426088148377118	86.45737714121574	52.46921064148487	67.1859308997409	80.69472468706095	11.441171068429227	8.2390801702616
11.160064642935422	0.01	0.01	0.01	0.007	0.01	0.7984580188078172	0.1024940698648965	0.05076488166874139	0.04203709290903181	0.06426088148368075	86.4799515039183	52.33656070533724	67.28348322914947	80.51188281791187	11.451202036649443	8.022025623684119
11.278158593163852	0.01	0.01	0.01	0.007	0.01	0.7984580188078172	0.1024940698648965	0.050764881713537865	0.04203709338350705	0.06426088148359538	86.49570644247703	52.19981986652303	67.3763767680506	80.32286340263832	11.460415213807618	7.810689267693798
11.396252546520703	0.01	0.01	0.01	0.007	0.01	0.7984580188078172	0.1024940698648965	0.05076488174219444	0.04203709367870922	0.06426088148351487	86.50483845548851	52.059141943066386	67.46473658599525	80.12789139490279	11.46883312794817	7.604920459641042
11.514346479542818	0.01	0.01	0.01	0.007	0.01	0.7984580188078172	0.1024940698648965	0.05076488175520168	0.04203709379991034	0.06426088148343875	86.50753881941255	51.91467645030867	67.5486844387906	79.92718551061036	11.476477710435026	7.404572564748403
11.632440392230201	0.01	0.01	0.01	0.007	0.01	0.7984580188078172	0.1024940698648965	0.05076488175302354	0.0420370937521774	0.06426088148336696	86.50399372976005	51.76656866071245	67.62833889039473	79.72095831765375	11.48337031496475	7.209502769902986
11.750534300224954	0.01	0.01	0.01	0.007	0.01	0.7984580188078172	0.1024940698648965	0.050764881736098486	0.04203709354038522	0.06426088148329935	86.49438442970717	51.61495972308205	67.70381538831795	79.50941640747118	11.48953173169635	7.019571999581836
11.868628203527077	0.01	0.01	0.01	0.007	0.01	0.7984580188078172	0.1024940698648965	0.050764881704841405	0.042037093169243325	0.06426088148323571	86.47888734167212	51.45998681164765	67.77522632494046	79.2927606084464	11.49498220030539	6.8346448683381595
11.986722094315521	0.01	0.01	0.01	0.007	0.01	0.7984580188078172	0.1024940698648965	0.05076488165964441	0.04203709264329889	0.06426088148317595	86.45767419678823	51.30178322463166	67.84268112477089	79.07118612900136	11.49974142523195	6.6545895691692944
12.104815972590288	0.01	0.01	0.01	0.007	0.01	0.7984580188078172	0.1024940698648965	0.05076488160087901	0.04203709196693503	0.0642608814831197	86.43091215656341	51.14047846773599	67.90628633195412	78.84488267924034	11.503828590493692	6.479277755091642
12.22290983053033	0.01	0.01	0.01	0.007	0.01	0.7984580188078172	0.1024940698648965	0.050764881528896855	0.04203709114438638	0.0642608814830672	86.39876393611817	50.976198376342005	67.96614567731395	78.61403464664083	11.507262372772596	6.308584471552551
12.34100366031461	0.01	0.01	0.01	0.007	0.01	0.7984580188078172	0.1024940698648965	0.05076488144403119	0.04203709017974177	0.06426088148301805	86.36138792056781	50.80906520389425	68.02236015716622	78.3788212243035	11.510060955150399	6.142388055021129
12.459097469764176	0.01	0.01	0.01	0.007	0.01	0.7984580188078172	0.1024940698648965	0.05076488134659709	0.04203708907694049	0.06426088148297208	86.31893827320022	50.63919769515849	68.07502811206822	78.13941651764372	11.512242040357085	5.980570025184305
12.577191235415912	0.01	0.01	0.01	0.007	0.01	0.7984580188078172	0.1024940698648965	0.050764881236894106	0.042037087839806364	0.06426088148292922	86.27156506317263	50.466711246969	68.12424527578918	77.89598977430062	11.513822862525364	5.823015065132985
12.695284972911907	0.01	0.01	0.01	0.007	0.01	0.7984580188078172	0.1024940698648965	0.0507648811152056	0.042037086472011306	0.0642608814828895	86.21941434765606	50.29171789752397	68.1701048744339	77.64870537229125	11.514820200722749	5.669610843416176
12.813378682252168	0.01	0.01	0.01	0.007	0.01	0.7984580188078172	0.1024940698648965	0.0507648809818003	0.04203708497711333	0.0642608814828526	86.16262829681564	50.11432649366141	68.2126976684503	77.39772305896642	11.515250389933415	5.520248009122245
12.931472355615668	0.01	0.01	0.01	0.007	0.01	0.7984580188078172	0.1024940698648965	0.05076488083693339	0.04203708335855676	0.06426088148281847	86.10134529538905	49.934642766764384	68.2521120221028	77.1431980612383	11.515129333107454	5.374820101710054
13.049566008644481	0.01	0.01	0.01	0.007	0.01	0.7984580188078172	0.1024940698648965	0.050764880680846725	0.04203708161965834	0.06426088148278707	86.0357000261117	49.75276936897901	68.28843397676731	76.88528113931616	11.514472512477981	5.233223436847782
13.16765964133861	0.01	0.01	0.01	0.007	0.01	0.7984580188078172	0.1024940698648965	0.05076488051376981	0.04203707976363559	0.0642608814827583	85.96582358664172	49.56880601412306	68.32174729878994	76.62411878864953	11.513295000601731	5.09535708128329
13.285753238056001	0.01	0.01	0.01	0.007	0.01	0.7984580188078172	0.1024940698648965	0.05076488033592054	0.04203707779361024	0.06426088148273194	85.89184358716582	49.38284955868849	68.35213354129301	76.35985335719074	11.511611471502643	4.961122778389411
13.403846790975642	0.01	0.01	0.01	0.007	0.01	0.7984580188078172	0.1024940698648965	0.05076488014750548	0.04203707571259938	0.06426088148270803	85.81388422937943	49.194994043040154	68.37967210943812	76.0926231059552	11.509436211021923	4.830424850176983
13.521940315739592	0.01	0.01	0.01	0.007	0.01	0.7984580188078172	0.1024940698648965	0.05076487994872088	0.042037073523509126	0.06426088148268659	85.73206638381367	49.00533074090237	68.40444031919678	75.8225622810374	11.506783126493737	4.703170113701925
13.640033804526837	0.01	0.01	0.01	0.007	0.01	0.7984580188078172	0.1024940698648965	0.05076487973975294	0.042037071229166965	0.06426088148266727	85.64650770829354	48.81394830744911	68.4265134416006	75.54980132599327	11.503665757574158	4.579267866576211
13.758127257337389	0.01	0.01	0.01	0.007	0.01	0.7984580188078172	0.1024940698648965	0.05076487952077876	0.042037068832306214	0.06426088148265029	85.55732271270276	48.620932801147944	68.44596476395053	75.27446691460763	11.500097285397088	4.45862978745315
13.876220674171257	0.01	0.01	0.01	0.007	0.01	0.7984580188078172	0.1024940698648965	0.050764879291965936	0.0420370663355744	0.06426088148263541	85.46462284693548	48.426367765736764	68.46286564021541	74.99668206913566	11.496090542147309	4.341169881838165
13.994314055028456	0.01	0.01	0.01	0.007	0.01	0.7984580188078172	0.1024940698648965	0.0507648790534738	0.04203706374153663	0.06426088148262263	85.36851658163047	48.23033429797836	68.47728554196965	74.71656625828147	11.491658020256757	4.226804420786507
14.112407399908992	0.01	0.01	0.01	0.007	0.01	0.7984580188078172	0.1024940698648965	0.050764878805453634	0.04203706105267828	0.06426088148261178	85.26910948677785	48.03291111362085	68.48929210798872	74.43423549258547	11.486811881358506	4.115451881216027
14.23050070881288	0.01	0.01	0.01	0.007	0.01	0.7984580188078172	0.1024940698648965	0.050764878548049064	0.04203705827140807	0.06426088148260302	85.16650430825473	47.83417461161124	68.4989511925381	74.14980241728867	11.481563965004838	4.007032887792453
14.348593981740128	0.01	0.01	0.01	0.007	0.01	0.7984580188078172	0.1024940698648965	0.0507648782813964	0.04203705540006093	0.06426088148259586	85.06080104234398	47.634198936608215	68.50632691239001	73.86337640274067	11.475925797155643	3.9014701563457637
14.46668721869075	0.01	0.01	0.01	0.007	0.01	0.7984580188078172	0.1024940698648965	0.05076487800562475	0.04203705244090072	0.06426088148259065	84.95209700828951	47.43305603983902	68.51148169260141	73.57506363241586	11.469908598443155	3.798688438777296
14.584780427485756	0.01	0.01	0.01	0.007	0.01	0.7984580188078172	0.1024940698648965	0.05076487772085676	0.0420370493961182	0.06426088148258735	84.84048691145387	47.23081572491545	68.51447631121408	73.28496716933192	11.46352329178412	3.698614462878768
14.702873600304153	0.01	0.01	0.01	0.007	0.01	0.7984580188078172	0.1024940698648965	0.0507648774272089	0.04203704626784741	0.06426088148258559	84.72606293419089	47.02754574566281	68.51536994199358	72.99318709706117	11.45678051147264	3.601176900067322
14.820966737145953	0.01	0.01	0.01	0.007	0.01	0.7984580188078172	0.1024940698648965	0.05076487712479143	0.042037043058153936	0.0642608814825856	84.60891478110881	46.82331182225742	68.514220197628	72.69982054358807	11.44969060959957	3.506306294211916
14.939059838011167	0.01	0.01	0.01	0.007	0.01	0.7984580188078172	0.1024940698648965	0.05076487681370891	0.04203703976904201	0.06426088148258711	84.48912975137596	46.618177709168606	68.51108317045487	72.40496177940597	11.442263663866173	3.4139350190190827
15.057152895078813	0.01	0.01	0.01	0.007	0.01	0.7984580188078172	0.1024940698648965	0.05076487649406034	0.04203703640246112	0.06426088148259029	84.36679281039216	46.41220526203611	68.50601347291693	72.10870231415309	11.434509485340183	3.3239972357020937
15.175245916169898	0.01	0.01	0.01	0.007	0.01	0.7984580188078172	0.1024940698648965	0.0507648761659397	0.04203703296029433	0.06426088148259504	84.24198662737	46.20545444856651	68.49906427561385	71.8111309127198	11.426437623966118	3.236428828101796
15.29333890128443	0.01	0.01	0.01	0.007	0.01	0.7984580188078172	0.1024940698648965	0.05076487582943565	0.04203702944437405	0.06426088148260123	84.11479165941478	45.99798343975195	68.49028734597104	71.51233372684061	11.418057376908882	3.1511673752484066
15.411431858243409	0.01	0.01	0.01	0.007	0.01	0.7984580188078172	0.1024940698648965	0.05076487548463226	0.042037025856474564	0.06426088148260897	83.98528619362517	45.78984863159787	68.47973308431433	71.2123943267334	11.409377794163609	3.0681520952398897
15.529524779225856	0.01	0.01	0.01	0.007	0.01	0.7984580188078172	0.1024940698648965	0.05076487513160904	0.042037022198328305	0.064260881482618	83.8535464298119	45.581104734248285	68.46745056191418	70.91139382980336	11.400407686770723	2.987323818477286
15.647617672052762	0.01	0.01	0.01	0.007	0.01	0.7984580188078172	0.1024940698648965	0.05076487477044108	0.042037018471608165	0.0642608814826286	83.71964650175298	45.371804763376694	68.4534875532482	70.60941088850547	11.391155630846031	2.9086249234810198
15.765710528903158	0.01	0.01	0.01	0.007	0.01	0.7984580188078172	0.1024940698648965	0.05076487440119922	0.042037014677948764	0.06426088148264034	83.58365856616827	45.1620001407616	68.43789057337504	70.30652183559464	11.381629976116962	2.831999317240303
15.883803349777052	0.01	0.01	0.01	0.007	0.01	0.7984580188078172	0.1024940698648965	0.05076487402395023	0.042037010818933365	0.0642608814826536	83.44565282912592	44.951740696871845	68.42070490866075	70.00280068806885	11.371838850128944	2.757392379242122
16.0	0.01	0.01	0.01	0.007	0.01	0.7984580188078172	0.10249406986489654	0.050764873645007064	0.04203700801996945	0.06426088148266786	83.30795982095158	44.74446021156339	68.40228736420207	69.70321371818437	11.361953503551048	2.685902028431089
