0.0	0.01	0.01	0.01	0.007	0.01	0.0	0.0	0.0	0.0	0.0	0.0	0.0	0.0	0.0	0.0	100.0
0.0034513707971165334	0.01	0.01	0.01	0.007	0.01	0.01170751443782621	0.002957662984955894	0.0036053475131515543	0.00406357045312317	0.005202039601921799	0.0007212564131258879	0.0009724881832170267	0.002185971634406548	0.00396768340304325	0.0004554476490478457	99.92244369530306
0.005525350169985141	0.01	0.01	0.01	0.007	0.01	0.018668449361586664	0.004695343700685778	0.005649787251100873	0.006311701575139444	0.008185641192660416	0.0018426092201678811	0.002477220983277586	0.005520600948597484	0.009956502136383178	0.0011534434217237996	99.87586790883832
0.008653059226531527	0.01	0.01	0.01	0.007	0.01	0.029061737367700118	0.007260944926353015	0.008569810140079782	0.009449688449319748	0.012493039721242848	0.004497352019871992	0.0060199701703655805	0.013245022086991855	0.02366457309269887	0.0027788856024787093	99.80566934948246
0.01153516924278737	0.01	0.01	0.01	0.007	0.01	0.0385290090192425	0.00956785940563375	0.011096375279516697	0.012093305748178053	0.01626755796313104	0.007956803044167609	0.010608212703388631	0.02307028181533344	0.040874663857573594	0.004858626131876726	99.74102671624188
0.014884562658681995	0.01	0.01	0.01	0.007	0.01	0.04940038239335326	0.012181573216241652	0.013847263241733668	0.014893272592989018	0.020433032936646247	0.0131804160239321	0.017491679513745324	0.03753788472203946	0.06588153847477624	0.007939929293176495	99.66595601682013
0.018293945933600203	0.01	0.01	0.01	0.007	0.01	0.06032377764554193	0.014769798649160323	0.01645612954008715	0.017470229639262785	0.024444200287864537	0.019806336144082507	0.02616281943101311	0.055405013590451094	0.0963383589592307	0.011770563993738308	99.58959878056955
0.021967545108330072	0.01	0.01	0.01	0.007	0.01	0.07193471229984684	0.017479242900774235	0.019066333248786992	0.019968805162148547	0.028525730674248986	0.028399844029066642	0.037327985127457164	0.07794555893737339	0.1342252150471802	0.016636990315901143	99.50738958603488
0.025781975599867887	0.01	0.01	0.01	0.007	0.01	0.08381865904666201	0.02020798338267762	0.02157227306621455	0.02228921358468513	0.03251967787240448	0.03889223658911159	0.05085752581495847	0.10468703591346087	0.17853587603043336	0.022453434556886937	99.42210062839735
0.02979485644409803	0.01	0.01	0.01	0.007	0.01	0.09613438515505865	0.022988546698913405	0.024001212281829575	0.024461598306497995	0.0364749569439809	0.051625910952053655	0.06714875957547432	0.13619641049389947	0.23000492880213963	0.02936111661708277	99.33245331451805
0.033970799611914154	0.01	0.01	0.01	0.007	0.01	0.10875061402059268	0.0257871078261321	0.026321216572860066	0.026462552659274406	0.040345248087200844	0.06668876121240025	0.0862637198369083	0.17235637158242503	0.2882309406486475	0.03735505709766393	99.23924903258514
0.03832771502328648	0.01	0.01	0.01	0.007	0.01	0.12169968091356667	0.028607140850951646	0.028534945314134315	0.028300954338496644	0.04413713923986642	0.08433611972748217	0.10847108337682003	0.21342890101653295	0.35343337090665905	0.04651599114417466	99.14209879022268
0.0428576317678505	0.01	0.01	0.01	0.007	0.01	0.13493513154001902	0.031434841511373116	0.030632131054189576	0.029975276718217574	0.0478271393820676	0.10473401627732343	0.13391823586111284	0.2594272065736385	0.4254344841530069	0.05687126738311487	99.04119181779022
0.04756812796798612	0.01	0.01	0.01	0.007	0.01	0.1484561529167145	0.03426657370489468	0.03261187010045971	0.03149238640523837	0.05138823361267319	0.1281151324156367	0.16282805413460724	0.31048627567626963	0.5042560093839306	0.0684739824310595	98.93637123992532
0.05246171608787925	0.01	0.01	0.01	0.007	0.01	0.16224605941959408	0.03709543391216466	0.03447185886455487	0.03285831295172689	0.05475335807859634	0.1546973966940405	0.19539586933203448	0.366673297457454	0.5898202849010444	0.08135358761900574	98.82759388638024
0.057540151453481375	0.01	0.01	0.01	0.007	0.01	0.176285444349445	0.039914214290371744	0.0362107885014829	0.034080113276225024	0.057799244527370626	0.18469821168698194	0.2318074449953579	0.42802507316457367	0.6820140922889764	0.09551056388133711	98.71483410429416
0.06271722831598146	0.01	0.01	0.01	0.007	0.01	0.190318439304243	0.04267009399467749	0.037803034505664544	0.03514911508607712	0.06031069582464114	0.21775425307285806	0.2715448937644743	0.49342277431107073	0.7790333932439555	0.1106373549892053	98.60001654910327
0.06795823243628848	0.01	0.01	0.01	0.007	0.01	0.2042433427861247	0.045344000650668924	0.039248379576120894	0.03607568040560969	0.0621362141689572	0.25370074294211425	0.3143437944699776	0.5622468021361196	0.8798966064696734	0.12649329424761244	98.48391724106008
0.07344686368339826	0.01	0.01	0.01	0.007	0.01	0.2185288080877523	0.048024419698823775	0.04060123585856659	0.03690269104013468	0.0632645266353922	0.29395759456480175	0.3618083159079157	0.6368337789662681	0.9879306319448106	0.14347594868531172	98.3624790119912
0.07917122773789363	0.01	0.01	0.01	0.007	0.01	0.23311047326395296	0.05069506989031504	0.04185595737348989	0.03763254158859607	0.06371598474219645	0.3387184549856169	0.4140535076451008	0.7170462679620322	1.1027968167001065	0.16138334819275515	98.23598462233846
0.08507717621941302	0.01	0.01	0.01	0.007	0.01	0.24782244568417638	0.053322862307351185	0.04300210451620913	0.03826575534858353	0.06362737478965014	0.38779078564132	0.4707428200491711	0.8020837398868816	1.2232488805702637	0.17988082151125184	98.10564815460475
0.09121868862934386	0.01	0.01	0.01	0.007	0.01	0.2627713810188823	0.05592452330992936	0.04405277263925734	0.03881606473129491	0.06317071151235132	0.4418502522431933	0.5325382628698472	0.8926618555684748	1.3502186033415056	0.19900183817798664	97.97029650938336
0.09763531809779884	0.01	0.01	0.01	0.007	0.01	0.2780178702312636	0.05850709813907648	0.0450153139568618	0.039292957648355636	0.062486946771514694	0.50153763131103	0.600031877909515	0.9893316003720245	1.4843849621502905	0.21876682315530505	97.82908107985979
0.10440083424467592	0.01	0.01	0.01	0.007	0.01	0.29369157624459835	0.061087658811539665	0.045899425628740366	0.039706182105707255	0.06167348761211006	0.5679136474489815	0.6742531955418617	1.0931984775344143	1.6271741918474918	0.23932357940653257	97.68040789327782
0.11154680535694761	0.01	0.01	0.01	0.007	0.01	0.30981034389822676	0.06366309713161084	0.04670675401135728	0.04006101249518758	0.06079986490562119	0.6417406430113164	0.7558521294116286	1.2047536459539854	1.7791447221285068	0.2607042874195743	97.52361950536545
0.11909379673462799	0.01	0.01	0.01	0.007	0.01	0.32636014171222244	0.06622497053958858	0.0474378877068568	0.04036215846642018	0.059914089695318785	0.7237216261801034	0.8453768683791302	1.3243086351885296	1.9406144553269864	0.28292050187058315	97.35830564441814
0.1270542385181752	0.01	0.01	0.01	0.007	0.01	0.34330450184473277	0.06876169643088934	0.04809357180345494	0.040614358446943534	0.05904881403339655	0.8145035742300207	0.9432811519986162	1.4520268464188757	2.111715363874363	0.3059705497730696	97.18423898081596
0.13544831643175248	0.01	0.01	0.01	0.007	0.01	0.36061955821485775	0.07126413266011525	0.04867623631166841	0.040822878302953405	0.05822447798679805	0.9148474095717621	1.0501081401915087	1.5881753259777216	2.292735573699502	0.3298838613110054	97.00102732474961
0.14430061609172518	0.01	0.01	0.01	0.007	0.01	0.3782850761932794	0.0737240570929002	0.04918926403849423	0.04099304893491031	0.05745353556909748	1.0256038975653936	1.1664577794695254	1.7330770783816682	2.4840516433013105	0.3547080347669638	96.80818855762512
0.15364181352546927	0.01	0.01	0.01	0.007	0.01	0.3962863228617305	0.07613434105606866	0.04963679984908546	0.041130085748892264	0.05674295743954098	1.147745837402098	1.2930140948311442	1.8871421960707604	2.6861669826575003	0.38051132024285134	96.60511531967282
0.16350685460202546	0.01	0.01	0.01	0.007	0.01	0.4146088097488658	0.07848815944765555	0.05002340640178164	0.041238903159815515	0.056096166594383136	1.2823568847349003	1.4305257345197293	2.0508404786943113	2.8996729460180464	0.4073757407457816	96.39111643608
0.17393548126360214	0.01	0.01	0.01	0.007	0.01	0.43323789923454065	0.08077895316332663	0.05035393537399139	0.04132403898434506	0.05551413049556743	1.4306477542694618	1.5798149422003922	2.22471109661764	3.1252593706167136	0.43539731001285153	96.16540731139153
0.18497181389005335	0.01	0.01	0.01	0.007	0.01	0.4521566256942196	0.08300019922734224	0.05063338762049134	0.04138959943081283	0.05499612598061289	1.593959272168156	1.7417723263819909	2.4093559495605152	3.3637038090022036	0.46468391469617215	95.92712105755851
0.19666462571995671	0.01	0.01	0.01	0.007	0.01	0.4713448554058855	0.08514540005984121	0.05086682571458322	0.041439237672285634	0.05454020317789248	1.773773832103058	1.9173597799076099	2.6054438921398337	3.6158749717293763	0.49535525875649705	95.67530485385362
0.20906725247555324	0.01	0.01	0.01	0.007	0.01	0.4907778443977239	0.08720804009773084	0.0510592885465531	0.04147614728540335	0.054143512861086325	1.9717205856473157	2.1076067908345038	2.81370840692146	3.8827275941686707	0.527541914743634	95.40892449704683
0.2222376236677551	0.01	0.01	0.01	0.007	0.01	0.5104251219653344	0.08918162427095912	0.05121572012671026	0.041503070969773466	0.05380252816689796	2.1895807378372085	2.313606940074216	3.0349468784461004	4.165299299424477	0.5613847450971285	95.12686662584508
0.23623804002530666	0.01	0.01	0.01	0.007	0.01	0.5302491563196372	0.09105973485916044	0.05134090172783422	0.041522319736586266	0.053513214239495746	2.4292865351195543	2.536508845829454	3.2700152244175062	4.464701415843635	0.5970336723706593	94.8279467082497
0.251134800185479	0.01	0.01	0.01	0.007	0.01	0.5502041134318025	0.0928361405097117	0.05143938997747932	0.041535801202106856	0.053271163498098774	2.69291438660303	2.777502861960063	3.519819656644106	4.78210608272011	0.6346460613034628	94.51092051015985
0.2669974957530186	0.01	0.01	0.01	0.007	0.01	0.5702346138590924	0.09450494295173385	0.051515459613931336	0.041545054794194465	0.05307171541036257	2.9826677969518878	3.0378005681032834	3.785302612658854	5.118725934047902	0.6743842502527383	94.17450280962366
0.2838979800493165	0.01	0.01	0.01	0.007	0.01	0.5902747155036671	0.09606077375342198	0.051573053018002385	0.04155129218893178	0.05291006859782469	3.300848627433508	3.3186071153372287	4.067423074348185	5.475786740721513	0.7164122650444915	93.81739305495161
0.3019089803700448	0.01	0.01	0.01	0.007	0.01	0.6102472987908717	0.0974990376911381	0.05161573822992289	0.04155544103579016	0.05278139113639729	3.64981475058129	3.6210862384476052	4.367130947189826	5.854492712001779	0.760891666749432	93.43830836188702
0.3211025235502936	0.01	0.01	0.01	0.007	0.01	0.6300642243391679	0.09881620209840677	0.051646677987898765	0.041558190017207675	0.05268093040586589	4.031926424769375	3.9463214514155265	4.685338543367878	6.2559884322381105	0.8079769905723103	93.03601998016947
0.341548534339097	0.01	0.01	0.01	0.007	0.01	0.6496276650166481	0.10001011657520786	0.05166861201876302	0.04156003323331837	0.05260412159084108	4.44948883927681	4.2952806682161055	5.022895296854906	6.681325273181554	0.8578116889990185	92.6093854677325
0.3633140853357158	0.01	0.01	0.01	0.007	0.01	0.6688328509086389	0.10108032350249538	0.051683854265803526	0.041561312010245474	0.05254669151517075	4.9047027375462235	4.668793896544034	5.38057360164538	7.1314422791876835	0.9105257546700177	92.15736658009504
0.386463774050796	0.01	0.01	0.01	0.007	0.01	0.6875721427389737	0.10202830039162021	0.05169430586520011	0.04156225250281645	0.05250475148992817	5.399637030084817	5.067553525791692	5.759073273033773	7.607170929993558	0.9662361455519896	91.679023366608
0.4110612907798907	0.01	0.01	0.01	0.007	0.01	0.7057397850273226	0.10285756449455564	0.05170148302605247	0.04156299786972751	0.052474870832380976	5.936229660521219	5.492138961495594	6.1590450299903425	8.109264141629907	1.0250500927894646	91.17348393463838
0.43717182421086315	0.01	0.01	0.01	0.007	0.01	0.7232364446213445	0.10357359815969065	0.05170655682205748	0.0415636343458501	0.05245412223781024	6.516312928647525	5.943059030132668	6.581126488421857	8.638441125013387	1.0870703539204327	90.63989808816312
0.4648645577399883	0.01	0.01	0.01	0.007	0.01	0.7399726994230329	0.10418359808742389	0.051710399576490845	0.04156421114589382	0.052440093589295675	7.141648160717017	6.420797803062434	7.025977979828699	9.195431988507547	1.1524005546769334	90.07739088865374
0.49421461092668334	0.01	0.01	0.01	0.007	0.01	0.7558711677789127	0.10469609941730652	0.051713631482955644	0.041564754721790324	0.05243086663982559	7.813953851873355	6.925850937664044	7.4943076456363915	9.781008754167143	1.2211490602017243	89.48502952229067
0.5253039383901796	0.01	0.01	0.01	0.007	0.01	0.770867390090758	0.1051205418341629	0.05171666236940264	0.041565278320411576	0.052424969093334814	8.534913232755207	7.4587428020765465	7.986878301958188	10.3959934096815	1.2934302503671542	88.86181302253812
0.5582210448101002	0.01	0.01	0.01	0.007	0.01	0.7849098999204845	0.10546683937060398	0.05171972712608804	0.041565787974990984	0.05242131002575197	9.306154908443327	8.02002147266802	8.504494521509281	11.041241193704339	1.369362942958023	88.20668687096816
0.5930595093554096	0.01	0.01	0.01	0.007	0.01	0.7979599305139305	0.10574499331418641	0.0517229175169955	0.041566286015916554	0.05241910892949129	10.129204404109656	8.610231882850133	9.047970777162327	11.717600373837588	1.4490660611621375	87.51858148127336
0.629915404781436	0.01	0.01	0.01	0.007	0.01	0.8099911043326977	0.10596476693087473	0.051726215255110564	0.04156677299269935	0.05241782670772271	11.005408153557138	9.229869673774575	9.618083151262196	12.42585185182077	1.532651887131434	86.7964715245682
0.6688836113455422	0.01	0.01	0.01	0.007	0.01	0.8209892653322578	0.10613542565373953	0.05172952945458764	0.041567248654121224	0.052417104115710385	11.935831060511715	9.879317365115405	10.215505998740579	13.166630517256802	1.6202170807372207	86.03945454493568
0.7100534541524207	0.01	0.01	0.01	0.007	0.01	0.8309525874492446	0.10626554103480254	0.05173273674262478	0.041567712416132385	0.052416710428763655	12.921140419090225	10.558771925429946	10.840741688632946	13.94033861659782	1.7118326331652725	85.24683883036111
0.7535051344739951	0.01	0.01	0.01	0.007	0.01	0.8398920675074723	0.10636285374157053	0.051735717836929415	0.041568163584621357	0.05241650302886418	13.96151509631619	11.26818945213394	11.494066820449651	14.74708018546174	1.8075361691642573	84.41821108645512
0.7993095586494212	0.01	0.01	0.01	0.007	0.01	0.8478323013822897	0.1064341881238002	0.05173838356379315	0.04156860148746039	0.052416397208049935	15.05664568250747	12.007288660526472	12.17553325289547	15.586663601371022	1.9073322070871477	83.55343528609082
0.847533010952094	0.01	0.01	0.01	0.007	0.01	0.8548118854787587	0.10648540947122113	0.05174068648642598	0.041569025578515925	0.052416344702742965	16.205860094896106	12.775631855846182	12.885041600934331	16.4586930678789	2.0112029604930006	82.65255996764445
0.8982449703352148	0.01	0.01	0.01	0.007	0.01	0.8608825933580142	0.1065214207229978	0.0517426192843619	0.04156943551215564	0.052416319166525796	17.408328490012057	13.572749355469327	13.622456615724099	17.362710159706133	2.1191252076941978	81.71567228294512
0.9515258173345063	0.01	0.01	0.01	0.007	0.01	0.8661071048664224	0.10654620095083592	0.051744204818498285	0.041569831172669776	0.05241630682281328	18.66326176544143	14.39825133427425	14.387713213730043	18.298321817029226	2.2310857446552004	80.74276343365915
1.0074727175049143	0.01	0.01	0.01	0.007	0.01	0.8705558437542843	0.10656288406713357	0.05174548367257152	0.041570212663243	0.05241630076218247	19.97005664081481	15.251900041030337	15.180887968349762	19.26528404049916	2.347091756363627	79.73363733641376
1.0662038235898372	0.01	0.01	0.01	0.007	0.01	0.8743036538843819	0.10657386705601414	0.05174650330523764	0.04157058027235512	0.052416297650313214	21.328387644655276	16.133646618366107	16.002239416731243	20.263545846314432	2.467176613721205	78.68785828295276
1.1278618586532496	0.01	0.01	0.01	0.007	0.01	0.8774268090607008	0.1065809322102352	0.051747310559552145	0.04157093443480191	0.0524162959297161	22.738269723765733	17.04365042768093	16.85223328166858	21.293273421554606	2.5914034571690947	77.60471718802437
1.1926175737763518	0.01	0.01	0.01	0.007	0.01	0.8800005370550643	0.10658536901632532	0.05174794749906382	0.041571275694211506	0.05241629488869102	24.20010207203582	17.982288666841736	17.73155958853648	22.354862978838945	2.7198675855600807	76.48320757833119
1.2606734533381394	0.01	0.01	0.01	0.007	0.01	0.8820970993128182	0.10658808575196836	0.05174844973733801	0.04157160467014629	0.05241629420322223	25.71470076245445	18.95016128329042	18.64114629049723	23.448947747142483	2.8526983188312642	75.32200544666183
1.3322679072243246	0.01	0.01	0.01	0.007	0.01	0.8837843931509208	0.10658970536016318	0.05174884630574233	0.04157192203049317	0.052416293722037384	27.283324143921938	19.94809336565548	19.58217157395596	24.576401434011817	2.9900606445268143	74.11945015530098
1.4076800851160731	0.01	0.01	0.01	0.007	0.01	0.8851250112149638	0.10659064373778161	0.051749160302008115	0.04157222846860277	0.052416293369956915	28.907691946120845	20.977135017713653	20.556075116860157	25.738338096882927	3.132156680120873	72.87352594848392
1.4872355191351525	0.01	0.01	0.01	0.007	0.01	0.8861756854358376	0.1065911709852103	0.051749409829302165	0.04157252468461184	0.05241629310588487	30.58999977464651	22.038559063996	21.564569017461757	26.936108789184228	3.2792270473823057	71.58184301786541
1.5713126289817338	0.01	0.01	0.01	0.007	0.01	0.8869870396453307	0.10659145754034205	0.05174960895499477	0.04157281136942094	0.052416292904880465	32.332925982209694	23.13385389542147	22.6096463427465	28.171291925228	3.4315518499664757	70.24162055756638
1.6603496652473175	0.01	0.01	0.01	0.007	0.01	0.8876035810462529	0.1065916077314221	0.05174976856463623	0.041573089188349774	0.05241629275043473	34.139617944886275	24.264702554028187	23.693579342439737	29.44566731436727	3.589450084895531	68.84968179641035
1.7548502671505088	0.01	0.01	0.01	0.007	0.01	0.8880638699869743	0.10659168337506489	0.05174989707004225	0.041573358757949846	0.052416292630968496	36.01361826021681	25.432922868562223	24.81888347373766	30.76114551380895	3.7532740074103197	67.40249151009502
1.8553809152093623	0.01	0.01	0.01	0.007	0.01	0.8884008155543573	0.10659171983071741	0.05175000097044636	0.041573620598255416	0.05241629253808503	37.95860463831683	26.640290519084246	25.98817100998222	32.11956478913169	3.923387368921507	65.89633438215016
1.962535948879195	0.01	0.01	0.01	0.007	0.01	0.8886420498001423	0.10659173655905856	0.051750085278466015	0.041573875006588074	0.05241629246559221	39.97751858433825	27.887985739957127	27.203637021184477	33.52206513032264	4.100090216810182	64.32796781757305
2.076775706815283	0.01	0.01	0.01	0.007	0.01	0.8888103277220835	0.1065917438236512	0.051750153812245604	0.041574121672460856	0.05241629240891467	42.069503564441334	29.17470738503018	28.46521936984032	34.966969297787465	4.283351413641441	62.6969960444362
2.1977892473816074	0.01	0.01	0.01	0.007	0.01	0.8889239010950302	0.10659174678657539	0.05175020931910587	0.04157435850785413	0.05241629236477137	44.21907577068501	30.4901041566914	29.764038117461553	36.44242865819813	4.4718577444767345	61.01439622294951
2.322810348510444	0.01	0.01	0.01	0.007	0.01	0.8889971002568	0.10659174791285704	0.05175025349032852	0.04157457962702268	0.052416292330991265	46.369828072563124	31.799056486084275	31.06636247573526	37.908885002522325	4.660696090821822	59.32348405194037
2.4466030845143116	0.01	0.01	0.01	0.007	0.01	0.8890420407315305	0.1065917483172418	0.05175028770158256	0.04157477863372545	0.05241629230580918	48.431200879349824	33.04652015805023	32.31741543374	39.30467855186392	4.8419232457857095	57.69536219843975
2.5664837869083676	0.01	0.01	0.01	0.007	0.01	0.8890692819316235	0.10659174846199078	0.05175031411952791	0.04157495682804499	0.05241629228703314	50.36444405116858	34.20977358465334	33.493441187047615	40.60456515078429	5.012114442494439	56.161291517033874
2.6832060898319554	0.01	0.01	0.01	0.007	0.01	0.8890861131725785	0.1065917485156294	0.05175033500774109	0.04157511903657598	0.052416292272647644	52.18878721277149	35.30123187317431	34.60582633125766	41.82263141467715	5.172937439737163	54.7068387801647
2.798526133497823	0.01	0.01	0.01	0.007	0.01	0.8890967611655687	0.10659174853619814	0.05175035202102706	0.04157526866877368	0.052416292261268885	53.93651493440138	36.34080867760859	35.67403190070795	42.981254502191454	5.327219880013112	53.30685420683197
2.913843469024855	0.01	0.01	0.01	0.007	0.01	0.8891035989619074	0.10659174854423385	0.0517503662069659	0.04157540784331876	0.052416292252042654	55.631244382737975	37.34287918103174	36.71237400382848	44.09654141335842	5.477036835075116	51.94272779656671
3.029849885765524	0.01	0.01	0.01	0.007	0.01	0.8891080109293816	0.10659174854738461	0.051750378210730856	0.04157553793926279	0.052416292244442976	57.28405434608203	38.31415075434594	37.72758984116129	45.17599996902805	5.623363503213675	50.60566982467045
3.1466320357368924	0.01	0.01	0.01	0.007	0.01	0.8891108517220868	0.1065917485486136	0.05175038845025079	0.041575659804382346	0.0524162922381267	58.89656647710447	39.25567168983012	38.7206486834724	46.220822583543914	5.766341184839952	49.29443216340988
3.263947120142853	0.01	0.01	0.01	0.007	0.01	0.889112672359841	0.10659174854908937	0.05175039722600736	0.041575774004124794	0.05241629223284683	60.4659263087926	40.16588463627303	39.68975848845702	47.22931245030118	5.905713838083995	48.011417572634535
3.3814835961955434	0.01	0.01	0.01	0.007	0.01	0.8891138343449757	0.10659174854927242	0.05175040477686741	0.04157588103942704	0.05241629222841181	61.988820076039325	41.04302232754765	40.632818362681476	48.19955510473219	6.041182470383583	46.75946953196111
3.4990171174655442	0.01	0.01	0.01	0.007	0.01	0.8891145742086677	0.10659174854934265	0.051750411302976994	0.041575981434143545	0.052416292224665643	63.4635144528121	41.88628402122161	41.5486810276226	49.13072002931086	6.172586544251873	45.54019759801569
3.616453625154593	0.01	0.01	0.01	0.007	0.01	0.8891150450045472	0.10659174854936958	0.05175041697326549	0.04157607572220325	0.05241629222148136	64.8901670186373	42.695982059043864	42.437359040206545	50.02321419208004	6.299932781263581	44.35368594743401
3.733798999840487	0.01	0.01	0.01	0.007	0.01	0.8891153447084045	0.10659174854937993	0.051750421928236534	0.04157616440853259	0.052416292218756474	66.2702022879947	43.47315303865025	43.29965123425397	50.878244168397345	6.423340743760129	43.198972853194206
3.8511044613661674	0.01	0.01	0.01	0.007	0.01	0.8891155356294923	0.10659174854938389	0.05175042628272167	0.041576247945889266	0.0524162922164094	67.60550534481867	44.2190810833938	44.136648834617766	51.69728557627422	6.542971567299078	42.0746993106496
3.9684218057497596	0.01	0.01	0.01	0.007	0.01	0.8891156573135847	0.10659174854938545	0.05175043012960605	0.04157632673176432	0.05241629221437514	68.8978563515051	44.93497426491182	44.94938446131736	52.481725716919485	6.6589775906651445	40.979576047771026
4.085781186406722	0.01	0.01	0.01	0.007	0.01	0.8891157348815181	0.10659174854938605	0.051750433544002675	0.0415764011157472	0.052416292212602446	70.14870259723217	45.62184102590402	45.73868767550387	53.23272890502107	6.771481802481574	39.91257956717519
4.203188771100274	0.01	0.01	0.01	0.007	0.01	0.8891157843215255	0.10659174854938627	0.05175043658714696	0.04157647140926184	0.05241629221104991	71.3591776161082	46.28050742651232	46.50519412143798	53.951257174056344	6.880579316009744	38.87294352948759
4.320635343138839	0.01	0.01	0.01	0.007	0.01	0.8891158158256486	0.10659174854938636	0.051750439309585075	0.041576537893647576	0.05241629220968404	72.53022909833766	46.91169283045794	47.24942385640092	54.63815451567948	6.986348674281729	37.8600559346431
4.438106868209574	0.01	0.01	0.01	0.007	0.01	0.889115835895776	0.10659174854938638	0.051750441753558994	0.041576600825394966	0.05241629220847733	73.66274530205803	47.51608136467715	47.97186022040342	55.2942255664269	7.0888631449895465	36.873353670018616
4.5555918492624	0.01	0.01	0.01	0.007	0.01	0.8891158486795065	0.10659174854938644	0.05175044395471388	0.04157666043906746	0.05241629220740697	74.75762990537997	48.0943624965376	48.672997306372416	55.92027982891781	7.188197473012244	35.9122580393338
4.6730841166359625	0.01	0.01	0.01	0.007	0.01	0.8891158568213845	0.10659174854938643	0.05175044594331997	0.04157671694907768	0.05241629220645407	75.81582224102799	48.64724076555393	49.35335334969091	56.5171419375182	7.284429752492089	34.976155859619986
4.790582184406373	0.01	0.01	0.01	0.007	0.01	0.8891158620066987	0.10659174854938643	0.05175044774518533	0.04157677055126087	0.052416292205602365	76.83828349058199	49.175427224328445	50.013462464129006	57.08564203678865	7.377640222544252	34.064410047638304
4.908087041227753	0.01	0.01	0.01	0.007	0.01	0.8891158653090158	0.10659174854938643	0.05175044938237689	0.041576821424628485	0.05241629220483885	77.8259717495603	49.67962559190889	50.65385898969542	57.626600603328825	7.467909031316261	33.176380663688256
5.025600142919897	0.01	0.01	0.01	0.007	0.01	0.8891158674120938	0.10659174854938643	0.05175045087381763	0.04157686973321289	0.05241629220415193	78.77982303172503	50.16052221725713	51.275065341825396	58.14081758227869	7.555314513605749	32.31144154200929
5.143122221731547	0.01	0.01	0.01	0.007	0.01	0.8891158687514017	0.10659174854938643	0.05175045223579046	0.04157691562780924	0.052416292203532104	79.70074216873637	50.61878163939885	51.87758602915317	58.62906768664512	7.639932352194825	31.46898868232881
5.260652998111873	0.01	0.01	0.01	0.007	0.01	0.8891158696042851	0.10659174854938643	0.051750453482361354	0.04157695924746356	0.05241629220297126	80.58960237234915	51.055046757130164	52.46190720130511	59.09210069621604	7.721835523676224	30.64844108458962
5.378191522953474	0.01	0.01	0.01	0.007	0.01	0.8891158701473872	0.10659174854938643	0.05175045462573327	0.04157700072066481	0.0524162922024623	81.44724966890271	51.469941404573156	53.028499391489014	59.530644313909285	7.801094692569082	29.849237108876142
5.495736621199344	0.01	0.01	0.01	0.007	0.01	0.8891158704932128	0.10659174854938643	0.0517504556765358	0.04157704016632287	0.05241629220199928	82.27450738513507	51.8640728080785	53.57782035774895	59.945406852868096	7.87777861558209	29.07083061527129
5.613287242173878	0.01	0.01	0.01	0.007	0.01	0.8891158707134136	0.10659174854938643	0.05175045664406402	0.04157707769460125	0.052416292201577064	83.07217926825177	52.23803324282451	54.11031708574303	60.33707903520318	7.951954424973616	28.312688206052925
5.730842607561553	0.01	0.01	0.01	0.007	0.01	0.8891158708536201	0.10659174854938643	0.05175045753647351	0.04157711340767172	0.052416292201191095	83.84105076444649	52.59240072541671	54.626426608625515	60.70633474966488	8.023687744526793	27.574288093666123
5.848402234823054	0.01	0.01	0.01	0.007	0.01	0.8891158709428911	0.10659174854938643	0.05175045836094266	0.04157714740040662	0.05241629220083751	84.58188931981147	52.92773922048042	55.12657618724866	61.05383129172387	8.09304271568779	26.855119862993845
5.965965812664477	0.01	0.01	0.01	0.007	0.01	0.8891158709997296	0.10659174854938643	0.051750459123807956	0.041577179761039945	0.052416292200512894	85.29544378326443	53.24459844914391	55.6111828803287	61.380209193866015	8.160081939319445	26.154685115394244
6.083533068693412	0.01	0.01	0.01	0.007	0.01	0.8891158710359179	0.10659174854938643	0.051750459830677796	0.04157721057177592	0.052416292200214265	85.98244394740435	53.54351380224164	56.080653187918074	61.68609217802786	8.224866428723047	25.472498032139626
6.201103746065756	0.01	0.01	0.01	0.007	0.01	0.889115871058958	0.10659174854938643	0.051750460486529995	0.04157723990931139	0.052416292199939075	86.64360086629704	53.82500662485765	56.53538320999485	61.97208749912278	8.2874556346163	24.808085209083863
6.3186775801287185	0.01	0.01	0.01	0.007	0.01	0.8891158710736269	0.10659174854938643	0.05175046109579434	0.041577267845305875	0.05241629219968491	87.27960719406362	54.089584514074645	56.975758817069945	62.23878630340886	8.347907471893738	24.16098547678209
6.436254282847819	0.01	0.01	0.01	0.007	0.01	0.889115871082966	0.10659174854938643	0.05175046166242254	0.04157729444680526	0.0524162921994499	87.8911375812855	54.33774164386405	57.40215585909747	62.486764015221894	8.406278351742728	23.530749666663958
6.553833573955333	0.01	0.01	0.01	0.007	0.01	0.8891158710889119	0.10659174854938643	0.051750462189948915	0.04157731977660663	0.05241629219923238	88.47884930658	54.569959182325924	57.81494053954506	62.71658081481636	8.462623236308197	22.91694013185389
6.671415196527522	0.01	0.01	0.01	0.007	0.01	0.8891158710926972	0.10659174854938643	0.0517504626815418	0.04157734389359062	0.05241629219903045	89.0433827852387	54.78670564702276	58.21446970920823	62.928782049990446	8.516995682077901	22.319130380089355
6.788998948137733	0.01	0.01	0.01	0.007	0.01	0.8891158710951068	0.10659174854938643	0.051750463140048115	0.04157736685301455	0.052416292198842744	89.5853621200254	54.98843726641559	58.601091194450824	63.12389864982745	8.569447887710233	21.736904649717797
6.906584649711227	0.01	0.01	0.01	0.007	0.01	0.889115871096641	0.10659174854938643	0.05175046356803092	0.04157738870679997	0.0524162921986683	90.10539533869414	55.17559821626666	58.97514390579425	63.30244741417615	8.620030711861702	21.16985781199855
7.024172122164627	0.01	0.01	0.01	0.007	0.01	0.8891158710976177	0.10659174854938643	0.05175046396780297	0.0415774095037941	0.05241629219850564	90.60407469075152	55.348620884152794	59.33695798562596	63.464931332595285	8.6687936964916	20.617595218470598
7.141761217557633	0.01	0.01	0.01	0.007	0.01	0.8891158710982395	0.10659174854938643	0.05175046434145482	0.04157742928998583	0.05241629219835401	91.08197717665843	55.507926214160136	59.686855124529025	63.61183997832562	8.715785112896812	20.079732291158642
7.259351787944002	0.01	0.01	0.01	0.007	0.01	0.8891158710986353	0.10659174854938643	0.05175046469088079	0.04157744810872688	0.05241629219821235	91.53966479779218	55.65392394910074	60.025148677467435	63.74364980363114	8.761051980647084	19.555894415519653
7.376943708735791	0.01	0.01	0.01	0.007	0.01	0.8891158710988873	0.10659174854938643	0.051750465017798994	0.041577466000911924	0.052416292198079834	91.97768502792744	55.78701294571561	60.35214394232635	63.860824502001044	8.804640108319044	19.045716583799592
7.494536870916831	0.01	0.01	0.01	0.007	0.01	0.8891158710990479	0.10659174854938643	0.051750465323772026	0.04157748300515518	0.05241629219795598	92.39657114386593	55.90758143744595	60.66813833774716	63.963815319562435	8.846594120582935	18.548843190496772
7.61213118104368	0.01	0.01	0.01	0.007	0.01	0.8891158710991499	0.10659174854938643	0.05175046561022247	0.04157749915794947	0.05241629219783988	92.79684258117047	56.01600730262353	60.9734216005379	64.05306137014382	8.886957487859322	18.064927796488746
7.729726522305929	0.01	0.01	0.01	0.007	0.01	0.8891158710992149	0.10659174854938643	0.051750465878448115	0.04157751449382926	0.05241629219773108	93.1790051578528	56.11265829620012	61.268275882454816	64.12898991987797	8.925772542670389	17.593633052773274
7.847322801254672	0.01	0.01	0.01	0.007	0.01	0.8891158710992564	0.10659174854938643	0.05175046612963428	0.04157752904548343	0.05241629219762891	93.5435515835947	56.19789235560055	61.55297606607528	64.19201673102948	8.963080524896224	17.134630275604405
7.964919940015259	0.01	0.01	0.01	0.007	0.01	0.8891158710992828	0.10659174854938643	0.05175046636486595	0.04157754284388104	0.052416292197532875	93.89096176107837	56.27205784091911	61.827789926458856	64.24254634676514	8.998921606427613	16.68759926124921
8.082517868499636	0.01	0.01	0.01	0.007	0.01	0.8891158710992996	0.10659174854938643	0.05175046658513699	0.04157755591838785	0.052416292197442704	94.22170308647844	56.3354937737397	62.09297829249053	64.28097237410446	9.033334915763938	16.252228101063086
8.200116508830082	0.01	0.01	0.01	0.007	0.01	0.8891158710993102	0.10659174854938643	0.05175046679135955	0.04157756829687734	0.05241629219735786	94.53623072832644	56.388530071056984	62.348795190997265	64.30767776325915	9.066358560373573	15.828213024920352
8.317715806492519	0.01	0.01	0.01	0.007	0.01	0.889115871099317	0.10659174854938643	0.05175046698437209	0.04157758000581178	0.05241629219727806	94.83498802642795	56.43148779620887	62.595488089851	64.32303509271757	9.098029661772811	15.415258079312512
8.435315699183608	0.01	0.01	0.01	0.007	0.01	0.8891158710993212	0.10659174854938643	0.051750467164945656	0.041577591070345726	0.05241629219720285	95.11840671195797	56.46467937302466	62.833297998672634	64.32740683011346	9.128384372082358	15.013075038341961
8.552916132387502	0.01	0.01	0.01	0.007	0.01	0.8891158710993239	0.10659174854938643	0.0517504673337909	0.04157760151439994	0.05241629219713199	95.38690724800333	56.48840881728086	63.062459668741525	64.32114559918669	9.157457903335242	14.621383149121352
8.67051705937606	0.01	0.01	0.01	0.007	0.01	0.8891158710993255	0.10659174854938643	0.051750467491563305	0.04157761136073716	0.05241629219706502	95.64089911783738	56.502971953507185	63.283201753056375	64.30459443434997	9.185284551518375	14.239908940496125
8.788118425632112	0.01	0.01	0.01	0.007	0.01	0.8891158710993267	0.10659174854938643	0.05175046763886826	0.04157762063103993	0.05241629219700197	95.88078107514862	56.50865662620279	63.49574693478294	64.27808703305479	9.21189771656821	13.868386085103404
8.90572020000335	0.01	0.01	0.01	0.007	0.01	0.8891158710993274	0.10659174854938643	0.051750467776265456	0.04157762934595912	0.052416292196942486	96.10694148519683	56.50574290966363	63.70031213779043	64.24194799324805	9.237329932582245	13.506555116602415
9.023322327971634	0.01	0.01	0.01	0.007	0.01	0.8891158710993279	0.10659174854938643	0.05175046790427319	0.041577637525198795	0.052416292196886365	96.31975850085658	56.49450330923932	63.89710859297839	64.19649306271157	9.261612879886652	13.154163397064499
9.140924786172448	0.01	0.01	0.01	0.007	0.01	0.8891158710993281	0.10659174854938643	0.05175046802337159	0.041577645187543734	0.05241629219683329	96.51960042979965	56.47520295699096	64.08634207882241	64.14202935354976	9.284777418710073	12.810964775081453
9.258527551241082	0.01	0.01	0.01	0.007	0.01	0.8891158710993283	0.10659174854938643	0.05175046813400602	0.04157765235092705	0.052416292196783225	96.70682592725666	56.448099802598314	64.26821300744335	64.07885557503897	9.306853603515556	12.47671951401889
9.37613059202409	0.01	0.01	0.01	0.007	0.01	0.8891158710993284	0.10659174854938643	0.051750468236589936	0.04157765903248339	0.052416292196735874	96.88178423627592	56.41344480443397	64.44291655299095	64.00726225985396	9.327870702624265	12.15119414627655
9.493733877367815	0.01	0.01	0.01	0.007	0.01	0.8891158710993285	0.10659174854938643	0.05175046833150793	0.04157766524858938	0.05241629219669114	97.04481544693533	56.37148211255097	64.61064280089195	63.92753197662	9.347857220277831	11.834161287121473
9.61133737611841	0.01	0.01	0.01	0.007	0.01	0.8891158710993287	0.10659174854938643	0.05175046841911749	0.04157767101490596	0.05241629219664887	97.19625073466491	56.32244924736722	64.77157688027746	63.83993953956493	9.366840916524339	11.525399476391513
9.728941057121872	0.01	0.01	0.01	0.007	0.01	0.8891158710993287	0.10659174854938643	0.05175046849975147	0.04157767634641789	0.05241629219660885	97.33641259237669	56.26657727369904	64.92589909296962	63.74475221271104	9.384848826587637	11.224693024311806
9.846544904801268	0.01	0.01	0.01	0.007	0.01	0.8891158710993287	0.10659174854938643	0.05175046857372057	0.0415776812574616	0.052416292196570985	97.46561507296407	56.2040909615595	65.07378505828619	63.64222989469442	9.401907281931075	10.931831823037117
9.964148903579604	0.01	0.01	0.01	0.007	0.01	0.8891158710993287	0.10659174854938643	0.051750468641313746	0.041577685761767395	0.05241629219653522	97.58416398755814	56.135208956622144	65.2154058129666	63.532625322825155	9.418041925952759	10.646611242652359
10.081753037879823	0.01	0.01	0.01	0.007	0.01	0.8891158710993287	0.10659174854938643	0.05175046870280132	0.041577689872492635	0.05241629219650157	97.69235712041639	56.06014394129112	65.35092793058008	63.416184262054806	9.433277731916435	10.368831988438417
10.199357292124821	0.01	0.01	0.01	0.007	0.01	0.8891158710993287	0.10659174854938643	0.05175046875843584	0.04157769360225026	0.05241629219646966	97.7904844382162	55.979102791569375	65.48051363782514	63.293145689010544	9.44763902041554	10.098299961854142
10.316961658526084	0.01	0.01	0.01	0.007	0.01	0.8891158710993287	0.10659174854938643	0.05175046880845306	0.0415776969631335	0.05241629219643954	97.87882829943175	55.89228672389775	65.60432093581238	63.163741962448654	9.46114947724963	9.83482610791831
10.434566105929148	0.01	0.01	0.01	0.007	0.01	0.8891158710993287	0.10659174854938643	0.0517504688530736	0.04157769996675943	0.05241629219641101	97.95766363011765	55.79989146732737	65.72250367797321	63.028199032507914	9.473832166468378	9.578226352664037
10.552170626545426	0.01	0.01	0.01	0.007	0.01	0.8891158710993287	0.10659174854938643	0.05175046889250425	0.04157770262426753	0.05241629219638423	98.0272581523528	55.70210737390978	65.83521172669076	62.88673655925792	9.485709551872965	9.32832137002244
10.669775197009017	0.01	0.01	0.01	0.007	0.01	0.8891158710993287	0.10659174854938643	0.051750468926938596	0.04157770494636478	0.05241629219635884	98.08787254481926	55.59911958944309	65.94259101784525	62.73956812205805	9.4968035083882	9.084936542883973
10.787379825108594	0.01	0.01	0.01	0.007	0.01	0.8891158710993287	0.10659174854938643	0.051750468956557764	0.04157770694332081	0.052416292196335	98.13976065101386	55.4911081504098	66.04478370582062	62.586901322768554	9.507135341837255	8.847901744046741
10.904984487478227	0.01	0.01	0.01	0.007	0.01	0.8891158710993287	0.10659174854938643	0.05175046898153199	0.04157770862502407	0.05241629219631247	98.18316962587102	55.37824817245964	66.1419282059346	62.42893802081046	9.516725797978403	8.617051346442755
11.022589184117926	0.01	0.01	0.01	0.007	0.01	0.8891158710993287	0.10659174854938643	0.05175046900202097	0.04157771000096936	0.052416292196291264	98.2183401354237	55.26070993164614	66.23415933945239	62.26587441634812	9.525595081953714	8.39222399651445
11.140193915027702	0.01	0.01	0.01	0.007	0.01	0.8891158710993287	0.10659174854938643	0.051750469018174455	0.04157771108029041	0.052416292196271315	98.24550651365365	55.13865901155651	66.32160840607145	62.097901228140394	9.533762870174764	8.173262550439372
11.257798656841592	0.01	0.01	0.01	0.007	0.01	0.8891158710993287	0.10659174854938643	0.05175046903013319	0.04157771187178965	0.05241629219625241	98.2648969247434	55.01225645270022	66.40440325980808	61.92520387357583	9.54124832269932	7.960014006109941
11.375403409559599	0.01	0.01	0.01	0.007	0.01	0.8891158710993287	0.10659174854938643	0.05175046903802948	0.04157771238392762	0.052416292196234976	98.27673353473615	54.881658824505365	66.48266843313768	61.74796254325263	9.548070099900242	7.752329309272676
11.493008157604415	0.01	0.01	0.01	0.007	0.01	0.8891158710993287	0.10659174854938643	0.05175046904198749	0.04157771262486083	0.05241629219621841	98.28123266046086	54.74701838377427	66.55652519584741	61.56635239498149	9.554246372944013	7.550063321046045
11.61061288539873	0.01	0.01	0.01	0.007	0.01	0.8891158710993287	0.10659174854938643	0.0517504690421245	0.04157771260244697	0.052416292196202856	98.27860492612281	54.60848317300784	66.6260916516576	61.38054366578955	9.559794837641181	7.3530746872579655
11.728217608519854	0.01	0.01	0.01	0.007	0.01	0.8891158710993287	0.10659174854938643	0.0517504690385504	0.04157771232424014	0.05241629219618837	98.2690554083713	54.466197093441934	66.69148283751946	61.190701751540395	9.564732728066321	7.161225689654547
11.845822319179135	0.01	0.01	0.01	0.007	0.01	0.8891158710993287	0.10659174854938643	0.051750469031368616	0.04157771179753552	0.05241629219617495	98.25278378122589	54.3203000771175	66.7528107711688	60.99698741960799	9.569076825972168	6.974382241853338
11.963427009587923	0.01	0.01	0.01	0.007	0.01	0.8891158710993287	0.10659174854938643	0.05175046902067651	0.04157771102936833	0.05241629219616234	98.22998445867054	54.170928166088856	66.81018454457549	60.7995568970153	9.572843473844287	6.792413754978022
12.081031679746223	0.01	0.01	0.01	0.007	0.01	0.8891158710993287	0.10659174854938643	0.051750469006566144	0.04157771002651998	0.05241629219615065	98.20084672982132	54.01821360500477	66.86371040366255	60.59856197756121	9.57604858655246	6.615193034871961
12.198636329654038	0.01	0.01	0.01	0.007	0.01	0.8891158710993287	0.10659174854938643	0.05175046898912371	0.04157770879553416	0.05241629219613972	98.16555489317928	53.86228495061075	66.91349181821826	60.3941501517582	9.578707662172722	6.442596206062777
12.316240935945439	0.01	0.01	0.01	0.007	0.01	0.8891158710993287	0.10659174854938643	0.051750468968430885	0.04157770734274054	0.05241629219612975	98.1242883957659	53.70326720122126	66.959629545524	60.186464762829445	9.580835792493982	6.274502658130064
12.433845498620443	0.01	0.01	0.01	0.007	0.01	0.8891158710993287	0.10659174854938643	0.05175046894456415	0.04157770567423674	0.05241629219612044	98.07722194592064	53.5412818296932	67.0022217206105	59.97564503679729	9.58244767465739	6.110794892879713
12.551450025467702	0.01	0.01	0.01	0.007	0.01	0.8891158710993287	0.10659174854938643	0.051750468917595854	0.04157770379590741	0.05241629219611204	98.0245256384433	53.37644689497678	67.04136391643806	59.761826216318326	9.583557620839665	5.951358467465476
12.669054516487227	0.01	0.01	0.01	0.007	0.01	0.8891158710993287	0.10659174854938643	0.05175046888759406	0.041577701713441405	0.05241629219610427	97.96636508129261	53.20887715372307	67.07714920519877	59.54513969430355	9.58417956809207	5.796081936051532
12.78665897167903	0.01	0.01	0.01	0.007	0.01	0.8891158710993287	0.10659174854938643	0.0517504688546231	0.04157769943233612	0.0524162921960972	97.90290151032654	53.03868413761522	67.10966822666447	59.32571310316139	9.58432708828527	5.644856760628215
12.904263375465863	0.01	0.01	0.01	0.007	0.01	0.8891158710993287	0.10659174854938643	0.051750468818743484	0.0415776969579148	0.05241629219609079	97.83429191294076	52.86597626187043	67.13900924797926	59.103670444569374	9.584013397712015	5.497577254391783
13.021867727847747	0.01	0.01	0.01	0.007	0.01	0.8891158710993287	0.10659174854938643	0.05175046878001191	0.04157769429531444	0.05241629219608516	97.76068912241583	52.690858863327875	67.1652582340468	58.879132128851495	9.583251366402179	5.354140467843595
13.139472036613327	0.01	0.01	0.01	0.007	0.01	0.8891158710993287	0.10659174854938643	0.051750468738482436	0.04157769144949855	0.052416292196080044	97.68224192824893	52.513434291692434	67.18849890421761	58.65221508340028	9.582053526955578	5.214446128533217
13.257076301762622	0.01	0.01	0.01	0.007	0.01	0.8891158710993287	0.10659174854938643	0.05175046869420552	0.0415776884252728	0.05241629219607567	97.59909519145087	52.33380201168404	67.2088127874679	58.42303287496708	9.580432083450766	5.078396589943305
13.374680507718413	0.01	0.01	0.01	0.007	0.01	0.8891158710993287	0.10659174854938643	0.0517504686472286	0.041577685227296636	0.05241629219607174	97.51138995483929	52.152058692750636	67.22627927942241	58.191695815913356	9.578398920310269	4.945896770666563
13.49228464669212	0.01	0.01	0.01	0.007	0.01	0.8891158710993287	0.10659174854938643	0.05175046859759685	0.041577681860075065	0.05241629219606851	97.41926352726182	51.96829824851692	67.24097570242728	57.95831100669477	9.575965610390456	4.816854060367465
13.609888734260995	0.01	0.01	0.01	0.007	0.01	0.8891158710993287	0.10659174854938643	0.05175046854535226	0.04157767832795459	0.0524162921960658	97.32284956643718	51.78261188421098	67.25297736014869	57.722982389231056	9.573143422573974	4.691178239829881
13.727492778213664	0.01	0.01	0.01	0.007	0.01	0.8891158710993287	0.10659174854938643	0.05175046849053487	0.041577674635148165	0.05241629219606361	97.22227819690893	51.59508821571846	67.26235758556446	57.485810891312504	9.569943330210691	4.568781453169413
13.845096770761543	0.01	0.01	0.01	0.007	0.01	0.8891158710993287	0.10659174854938643	0.05175046843318166	0.0415776707857454	0.052416292196061864	97.11767611103195	51.405813351976086	67.26918779289744	57.24689452417677	9.566376019214541	4.449578153055519
13.962700704116056	0.01	0.01	0.01	0.007	0.01	0.8891158710993287	0.10659174854938643	0.05175046837332801	0.04157766678370809	0.05241629219606084	97.00916664700625	51.214870938015125	67.2735375297297	57.006328430542176	9.562451895273446	4.3334850236419795
14.080304586065827	0.01	0.01	0.01	0.007	0.01	0.8891158710993287	0.10659174854938643	0.05175046831100671	0.04157766263286477	0.05241629219606021	96.89686986135845	51.022342194850246	67.27547452578487	56.76420492918461	9.558181090571411	4.22042090759542
14.197908401033699	0.01	0.01	0.01	0.007	0.01	0.8891158710993287	0.10659174854938643	0.051750468246248814	0.04157765833694034	0.052416292196060005	96.78090265086242	50.828306046777776	67.27506473932615	56.520613669623636	9.553573472268855	4.1103067873305985
14.315512156808294	0.01	0.01	0.01	0.007	0.01	0.8891158710993287	0.10659174854938643	0.05175046817908347	0.04157765389953098	0.05241629219606028	96.66137879107218	50.6328391070217	67.27237240413893	56.275641608732926	9.54863864774496	4.003065684842144
14.433115861178225	0.01	0.01	0.01	0.007	0.01	0.8891158710993287	0.10659174854938643	0.05175046810953772	0.041577649324122966	0.05241629219606107	96.53840903856984	50.43601577608801	67.26746007347913	56.02937312935222	9.543385972107966	3.8986226312178776
14.550719514143513	0.01	0.01	0.01	0.007	0.01	0.8891158710993287	0.10659174854938643	0.05175046803763698	0.04157764461410134	0.05241629219606232	96.41210121839411	50.23790831391687	67.26038866449147	55.78189012582679	9.537824555162553	3.7969046208347836
14.668323115704181	0.01	0.01	0.01	0.007	0.01	0.8891158710993287	0.10659174854938643	0.0517504679634052	0.04157763977274916	0.052416292196063995	96.28256029330277	50.038586884477375	67.2512175009534	55.53327205516312	9.53196326752672	3.6978405529353653
14.785926642494541	0.01	0.01	0.01	0.007	0.01	0.8891158710993287	0.10659174854938643	0.05175046788686441	0.04157763480326593	0.05241629219606607	96.149888465254	49.838119651597914	67.240004357282	55.28359605220942	9.525810748126252	3.601361200841472
14.90353011009177	0.01	0.01	0.01	0.007	0.01	0.8891158710993287	0.10659174854938643	0.05175046780803539	0.04157762970873144	0.052416292196068574	96.01418517855025	49.636572727374926	67.22680549346487	55.03293686129864	9.519375407069322	3.507399111953077
15.021133534073023	0.01	0.01	0.01	0.007	0.01	0.8891158710993287	0.10659174854938643	0.0517504677269374	0.04157762449213433	0.05241629219607143	95.87554723221518	49.43401029065453	67.21167569656247	54.78136698018358	9.512665433371005	3.4158885946436714
15.138736906649756	0.01	0.01	0.01	0.007	0.01	0.8891158710993287	0.10659174854938643	0.05175046764358838	0.04157761915638939	0.05241629219607463	95.73406887761836	49.2304946792528	67.19466832275214	54.52895677080895	9.5056888021438	3.3267656897347773
15.256340220033437	0.01	0.01	0.01	0.007	0.01	0.8891158710993287	0.10659174854938643	0.051750467558004845	0.041577613704326215	0.05241629219607837	95.58984185966773	49.026086400452556	67.17583533267246	54.275774468619474	9.498453279015614	3.2399681064010966
15.373943482012645	0.01	0.01	0.01	0.007	0.01	0.8891158710993287	0.10659174854938643	0.05175046747020201	0.04157760813868244	0.05241629219608233	95.44295546267254	48.82084415266409	67.15522732497529	54.021886206154456	9.4909664245872	3.1554351676139647
15.491546669221762	0.01	0.01	0.01	0.007	0.01	0.8891158710993287	0.10659174854938643	0.05175046738019401	0.04157760246213584	0.05241629219608677	95.29349663234076	48.614824954558216	67.1328935798582	53.767356169667096	9.483235602715396	3.073107801493282
15.609149812815007	0.01	0.01	0.01	0.007	0.01	0.8891158710993287	0.10659174854938643	0.05175046728799372	0.04157759667725274	0.0524162921960915	95.14154992967072	48.408084041567335	67.10888207775031	53.512246468187335	9.475267980126697	2.992928439514258
15.726752905003854	0.01	0.01	0.01	0.007	0.01	0.8891158710993287	0.10659174854938643	0.05175046719361308	0.041577590786550475	0.05241629219609664	94.98719770946154	48.20067507456529	67.08323955016095	53.25661738852349	9.467070537536394	2.9148410424169513
15.844355945788326	0.01	0.01	0.01	0.007	0.01	0.8891158710993287	0.10659174854938643	0.05175046709706287	0.041577584792469424	0.05241629219610203	94.8305201205732	47.9926501022082	67.05601150403554	53.00052734580603	9.458650071562495	2.8387910277325012
15.961958935168447	0.01	0.01	0.01	0.007	0.01	0.8891158710993287	0.10659174854938643	0.051750466998352736	0.041577578697380796	0.052416292196107786	94.67159517317252	47.784059617400295	67.02724225509766	52.74403295048551	9.45001320002278	2.764725237152605
16.0	0.01	0.01	0.01	0.007	0.01	0.8891158710993287	0.10659174854938643	0.051750466965968044	0.04157758412072481	0.05241629219610975	94.6197192644536	47.716473900463505	67.01761354641083	52.6609872142157	9.447174179541353	2.741183258254833
