0.0	0.01	0.01	0.01	0.007	0.01	0.0	0.0	0.0	0.0	0.0	0.0	0.0	0.0	0.0	0.0	100.0
0.0034398441296845826	0.01	0.01	0.01	0.007	0.01	0.011202504992643652	0.003397344918682431	0.003921287590216161	0.00405281186434499	0.004787059829536401	0.0006817572372336384	0.0011726828382681144	0.0023572771798235554	0.0038763439945212713	0.0004568813291158186	99.92767327020097
0.005479206291644985	0.01	0.01	0.01	0.007	0.01	0.017778129774866144	0.005365590510563968	0.006114415246031818	0.006259066555545445	0.007491818501924019	0.001724600374201301	0.002956950159720359	0.00589386502209384	0.009625782913029231	0.0011451991329724733	99.88481800787359
0.008568274627099803	0.01	0.01	0.01	0.007	0.01	0.027645852151842475	0.008283378929936623	0.00926071543015331	0.009345976966865309	0.01140939916001018	0.004198325125400085	0.007163584111050246	0.014099245220954373	0.022794964378633736	0.0027498005268516857	99.81993916680463
0.011402275368748526	0.01	0.01	0.01	0.007	0.01	0.036601689742776375	0.010894383295535316	0.011971258904256448	0.011929171406271094	0.014822764034171557	0.007404141770602609	0.012578074856243824	0.02447485710245982	0.039214925001876635	0.004789550915349531	99.76045450533893
0.01469794515036491	0.01	0.01	0.01	0.007	0.01	0.04690091328020203	0.013853492180660553	0.014924962409931328	0.014660948405250679	0.018587459974753005	0.012243886984513955	0.020694139432386204	0.0397446188159748	0.06303743221284296	0.007808039790594039	99.69132415484472
0.018047261778923185	0.01	0.01	0.01	0.007	0.01	0.05724193716534529	0.016777906111166314	0.017722336548604913	0.017165252298674303	0.0222021055251799	0.0183702254841434	0.030889579036565605	0.058556617501861224	0.09195190003828592	0.011548915273815663	99.62111758254443
0.021655676106638506	0.01	0.01	0.01	0.007	0.01	0.0682427142814406	0.019837720877300614	0.02052165306693011	0.01958736732659349	0.02587488142955846	0.026312588418019173	0.04400244429761825	0.0822710527602997	0.12785618179008626	0.016294324423803908	99.54553527007738
0.025399846806713137	0.01	0.01	0.01	0.007	0.01	0.07950560507627996	0.02291600260836131	0.023208270109699593	0.021829738167525554	0.02946158150981821	0.036002409754601755	0.059867525133265806	0.11037299228032428	0.1697571347426573	0.021955497012469842	99.46717000735283
0.02933790871324778	0.01	0.01	0.01	0.007	0.01	0.09118723746291485	0.026050788452207305	0.025812813472230817	0.023923348065527157	0.03300780379225527	0.04775978878397908	0.07895213778398034	0.14346668807738702	0.21835025787452877	0.028669956838592938	99.38481317893819
0.03343458327121165	0.01	0.01	0.01	0.007	0.01	0.10316292571781269	0.029203508426154136	0.028300826989549804	0.02584612084570636	0.036471053971340706	0.06166504842723025	0.10132190588810092	0.18142298629271675	0.27323575684939716	0.036429818893389615	99.29921164253153
0.037708071071569656	0.01	0.01	0.01	0.007	0.01	0.11546658703617131	0.03237857404951063	0.030675650835842082	0.02760771844321239	0.03985627113857846	0.07795734504952803	0.12729054904878329	0.22452219286123654	0.33461675704192606	0.04531236172891257	99.20999409854905
0.042150828416171036	0.01	0.01	0.01	0.007	0.01	0.1280562400238442	0.03556062487775653	0.03292643470241271	0.029207548417018985	0.043139491986465134	0.0967933388202047	0.15702877828391656	0.2727820047699599	0.4023201081115277	0.05534200157524195	99.11732770060327
0.04677168549262145	0.01	0.01	0.01	0.007	0.01	0.14093631440939947	0.0387464882624343	0.03505279006891275	0.03065333493093169	0.04629287894124229	0.11839771890128468	0.19080468483736776	0.32636251000386346	0.4763809910698643	0.06656998419126182	99.02103835133953
0.05157405446838835	0.01	0.01	0.01	0.007	0.01	0.15409467374452993	0.04192887994918134	0.037052394131179285	0.03195164410353242	0.049253534676100205	0.14298223652948994	0.22885374673060632	0.3853510050228373	0.5567383021719212	0.07902298577843467	98.92106578448971
0.05655857391896346	0.01	0.01	0.01	0.007	0.01	0.1675109625810332	0.04509881867732409	0.03892312429496979	0.03310946188720161	0.0519151635719408	0.17074877859843715	0.27138449155672695	0.4497782591394086	0.6432646215387531	0.0926941660531302	98.81740807552004
0.06168260414112064	0.01	0.01	0.01	0.007	0.01	0.1810512935047965	0.048221882267273676	0.04065060453415951	0.034127003309632094	0.05412152621414462	0.20162917686885107	0.31818706490099924	0.5190523608142205	0.7350272246089111	0.10740810322017337	98.71096233341213
0.06693987455998734	0.01	0.01	0.01	0.007	0.01	0.1946836445098619	0.05128929983391744	0.042238119169486964	0.03501577377281338	0.05575498541221616	0.2357196752702287	0.36930329603165796	0.5929885738345373	0.8316790185380251	0.12303299267422431	98.60186785484484
0.07242860955791329	0.01	0.01	0.01	0.007	0.01	0.20864049679152952	0.054350302272546835	0.04371693299484082	0.035801293220167375	0.056782525540502574	0.2738524256726486	0.425856604636297	0.6729263246733553	0.9348531682832026	0.13971949887951599	98.48809886456203
0.07817252617759715	0.01	0.01	0.01	0.007	0.01	0.2229506231483414	0.05740585751470137	0.04509063633359741	0.03649198115352514	0.05722270117032319	0.3164712887228518	0.4883516349981145	0.7592352990686054	1.0448838073781483	0.15738420569812114	98.36918110269521
0.08412288515917286	0.01	0.01	0.01	0.007	0.01	0.23746283340474422	0.06041936437263054	0.046347649775241334	0.03708887262981394	0.05717365398305327	0.3634750688263918	0.5564801353879918	0.8511615518289837	1.1606946229649842	0.17571823658132774	98.2461407289352
0.09028545987407559	0.01	0.01	0.01	0.007	0.01	0.2521648426232154	0.06338538293922785	0.047492483050125545	0.037601243347242366	0.056775537147094324	0.41513640915714173	0.6304761597518523	0.9487223857532284	1.2822266250657335	0.19460228059074064	98.11887442691572
0.09670989987251355	0.01	0.01	0.01	0.007	0.01	0.26714440869941325	0.0663180634794603	0.04853676827639146	0.03804074244973826	0.05615128010567202	0.4721354205024975	0.7111318297056651	1.0526435627553519	1.4103045990060241	0.21408160865849724	97.98637573073195
0.10345405075084152	0.01	0.01	0.01	0.007	0.01	0.2824969798770237	0.06923088359839492	0.049490094358972204	0.03841698197374656	0.055392003431811165	0.535325153056298	0.7994360893594811	1.1638311414401021	1.545952851696565	0.2342479097231192	97.8474757636485
0.11055863559143396	0.01	0.01	0.01	0.007	0.01	0.29826745929668363	0.0721258326183702	0.05035716467386254	0.03873682975526555	0.054563749820916926	0.6054983196160729	0.8962388666458451	1.2829414719447316	1.6898729615360004	0.25515576851526944	97.70136539272109
0.11805002963640303	0.01	0.01	0.01	0.007	0.01	0.3144605804938453	0.07499672495551686	0.05114030647749141	0.0390058849295181	0.05371410149942388	0.6833754523619445	1.0022396836502285	1.410394792732983	1.8424793624445237	0.27682920632863905	97.54753635478264
0.12594843281937224	0.01	0.01	0.01	0.007	0.01	0.3310618580659013	0.07783396925883544	0.051841640597910556	0.03922944536804203	0.052876463228398715	0.7696593524296811	1.1180666326543303	1.5464947136395562	2.0040562065365344	0.29928484918278864	97.38561203959681
0.13427583186122585	0.01	0.01	0.01	0.007	0.01	0.34805544644747577	0.08062808349773216	0.05246416287192339	0.039412835973420976	0.052073203706357415	0.8651110080405305	1.24437807411916	1.6915597817579013	2.174918839955214	0.32255312036154093	97.2151839992672
0.14305813169410964	0.01	0.01	0.01	0.007	0.01	0.365427808471284	0.08337033492659057	0.05301174071608477	0.03956130101864934	0.05131863995882636	0.9705788511292963	1.3818955540170403	1.845962506881785	2.355459131421946	0.34668184804088525	97.0357691156768
0.15232572109774817	0.01	0.01	0.01	0.007	0.01	0.38316762831322754	0.08605267784352888	0.0534889078750784	0.039679856574177795	0.050621389387723155	1.0870147116115638	1.5314164820422647	2.0101420320243735	2.546158211411351	0.37173563912167334	96.84679923726448
0.16211317620620816	0.01	0.01	0.01	0.007	0.01	0.4012639209249436	0.08866743675851559	0.053900641011393455	0.03977317480022472	0.049986096835607396	1.215479907097269	1.6938126699592844	2.184600882155334	2.7475804503575545	0.3977933216410175	96.64762862181112
0.17245916876382061	0.01	0.01	0.01	0.007	0.01	0.4197046092471973	0.09120712682375277	0.054252202082874665	0.03984551702451594	0.049414602769093784	1.357152826404742	1.8700301804759922	2.369904344687604	2.960370721056509	0.4249463795619743	96.43753731974186
0.18340634789569515	0.01	0.01	0.01	0.007	0.01	0.4384751084055128	0.09366433286883218	0.05454901386792702	0.03990069776887345	0.04890673776937336	1.5133352179185655	2.0610869957062383	2.5666786822908656	3.185250394581721	0.4532976122096044	96.21573524914898
0.19500132507795687	0.01	0.01	0.01	0.007	0.01	0.4575571618683832	0.09603167730597433	0.05479656126974869	0.03994207194250638	0.0484608600477494	1.6854587916190915	2.268070738755438	2.775610668453533	3.423014858048928	0.4829602578424211	95.9813643504834
0.20729463221918168	0.01	0.01	0.01	0.007	0.01	0.47692770514390853	0.09830183929168083	0.055000304163009	0.03997253808367706	0.04807423243707944	1.875090237636032	2.492134340892373	2.9974462429237936	3.6745299464999768	0.5140571545260328	95.73350149249096
0.22034067033470162	0.01	0.01	0.01	0.007	0.01	0.49655782412701094	0.10046762983545576	0.0551655978085048	0.03999455417573577	0.04774329668720822	2.08393454366044	2.7344899423010247	3.2329886584579195	3.9407276916346383	0.5467199292842699	95.47116178906755
0.23419759161167475	0.01	0.01	0.01	0.007	0.01	0.5164117647446437	0.10252211159828699	0.05529761747317301	0.04001016327404249	0.04746388632460342	2.3138352899493686	2.9964000092926915	3.483095116875089	4.222600251738816	0.5810880313643326	95.1933034887964
0.24892710107855331	0.01	0.01	0.01	0.007	0.01	0.5364460441461085	0.10445876187806491	0.05540128728708301	0.04002102694925378	0.04723140331121818	2.5667710797809407	3.279165431657315	3.7486716535906996	4.521191789882076	0.6173075538507411	94.8988347034686
0.2645940851621342	0.01	0.01	0.01	0.007	0.01	0.5566086253416812	0.1062716654568428	0.05548121435321129	0.04002846461054737	0.04704097534811598	2.8448457851512288	3.5841089127549046	4.0306646045603145	4.8375864931728705	0.655529607430488	94.58662379800295
0.2812660648811263	0.01	0.01	0.01	0.007	0.01	0.5768382778782961	0.10795573741976937	0.05554163133005704	0.04003349683408177	0.046887601383448545	3.150271592476864	3.912553732091572	4.330048642869689	5.172892819215305	0.6959082506961121	94.25551340876439
0.2990123882210419	0.01	0.01	0.01	0.007	0.01	0.5970641522627004	0.10950696124674951	0.055586350439477926	0.0400368905930505	0.046766289407050673	3.4853423411367586	4.26579651086878	4.647809912161825	5.528222428442879	0.7385977894190984	93.9043396760492
0.31790327542918373	0.01	0.01	0.01	0.007	0.01	0.6172058396163064	0.11092264160418312	0.05561873249049099	0.040039204300800706	0.046672185168150145	3.8523983863215756	4.6450767260624435	4.984926407239262	5.904666323452965	0.7837497512849252	93.53195427645328
0.3380088438076192	0.01	0.01	0.01	0.007	0.01	0.6371741127365739	0.11220165318538008	0.05564167313246919	0.04004083061871219	0.046600689521994795	4.253785263378714	5.051546344555233	5.342347972917245	6.303270927909294	0.8315098680957738	93.13724662189614
0.3593985114969486	0.01	0.01	0.01	0.007	0.01	0.6568726838453539	0.11334466763544003	0.05565760766229671	0.04004203531080204	0.04654755982979438	4.69181494863316	5.486248691232386	5.720983076080203	6.725022126135787	0.8820160354664094	92.71915832615429
0.3821411003701449	0.01	0.01	0.01	0.007	0.01	0.6762009913524322	0.11435431480038198	0.05566853379856687	0.04004299086957894	0.046508991034974155	5.168738692196866	5.950114127519163	6.121697870034383	7.170843369011202	0.9353979959701065	92.27668386128757
0.40630588807019347	0.01	0.01	0.01	0.007	0.01	0.6950577833728906	0.11523523341706755	0.05567605016962663	0.04004380421719295	0.0464816713633358	5.686740059534429	6.443978214838811	6.545331580653628	7.6416122055693645	0.9917792912194581	91.80885297563472
0.4319644741939073	0.01	0.01	0.01	0.007	0.01	0.7133448860954286	0.11599397391419451	0.05568140601610332	0.0400445383578968	0.04646280871671831	6.247948757670536	6.968619321206424	6.992725271688326	8.138191772339313	1.0512810945178537	91.3146981490085
0.4591930272233587	0.01	0.01	0.01	0.007	0.01	0.7309704874669055	0.11663874980716012	0.055685555386020096	0.04004522837743504	0.04645012629692934	6.854467820194946	7.524805604551018	7.4647558605620885	8.661468007020336	1.114026837978267	90.7932160935775
0.4880742607008442	0.01	0.01	0.01	0.007	0.01	0.7478514345562544	0.1171790695608803	0.05568920752516517	0.040045892574457044	0.046441830070095495	7.508399532142434	8.113336385598284	7.962363735584636	9.212379526477463	1.1801460709292328	90.2433361939814
0.518698659668176	0.01	0.01	0.01	0.007	0.01	0.7639144918118983	0.11762530711072862	0.055692865654749776	0.040046539730006034	0.046436554613693067	8.211857162917115	8.735066686814932	8.486565744127986	9.791931054397672	1.2497764365940993	89.66390497748218
0.5511645020300414	0.01	0.01	0.01	0.007	0.01	0.7790967318813575	0.11798826674448831	0.05569685009397858	0.0400471735489276	0.04643329631543198	8.966949164207918	9.390904997292592	9.038446146345606	10.401182377660414	1.3230627668472437	89.05369474832584
0.585576681290224	0.01	0.01	0.01	0.007	0.01	0.7933455428744031	0.11827878776330199	0.05570130901074291	0.040047795194990854	0.046431342858823436	9.775733343700466	10.081784728844852	9.619126425456281	11.041214132649447	1.4001534044223134	88.41143532522403
0.6220443290827745	0.01	0.01	0.01	0.007	0.01	0.8066186119535481	0.11850741005744907	0.05570622833529488	0.040048404637371415	0.04643020624039516	10.64013983603591	10.808610500814922	10.229714945703051	11.713071849143462	1.481193877248956	87.73586775559303
0.6606773330526816	0.01	0.01	0.01	0.007	0.01	0.8188841413644817	0.11868410669198341	0.05571145597064328	0.040049001313071014	0.04642956398504095	11.561865627035607	11.572182981227929	10.871239423955945	12.417691760491785	1.5663183027982093	87.02581685263657
0.7015804189019195	0.01	0.01	0.01	0.007	0.01	0.8301210212626934	0.11881807674216299	0.05571674890646821	0.04004958440730338	0.046429210784168486	12.542210838246842	12.373078616089337	11.544542134771676	13.155786482313774	1.6556358266070117	86.28030513854048
0.7448438030945677	0.01	0.01	0.01	0.007	0.01	0.8403190339405506	0.11891759919289016	0.055721837389165835	0.0400501529364757	0.04642902085204935	13.58183609090257	13.211469735347016	12.250125288357646	13.927677214318553	1.749210392888201	85.49872267856709
0.7905344955180545	0.01	0.01	0.01	0.007	0.01	0.8494801257269406	0.11898995212066198	0.05572648817174388	0.04005070579568079	0.04642892010385472	14.68054516546601	14.086969876012164	12.98801732115685	14.733150433260219	1.8470432032431554	84.6809750045658
0.8386989472533456	0.01	0.01	0.01	0.007	0.01	0.8576215361487063	0.11904138646028986	0.0557305476616153	0.040051241916706753	0.04642886662212503	15.837357890952953	14.998706964734613	13.757830973390552	15.571524975267975	1.9490805007919532	83.8274197882068
0.8893803110637528	0.01	0.01	0.01	0.007	0.01	0.8647785720354694	0.11907712857294647	0.0557339546228294	0.040051760511649735	0.04642883762428238	17.05095056501786	15.945667059383377	14.559051617073433	16.441968236855043	2.055251758002914	82.93854869486835
0.9426372171227101	0.01	0.01	0.01	0.007	0.01	0.8710037408105433	0.11910140794802156	0.055736725660806535	0.04005226121895761	0.04642882118941401	18.32013410943767	16.927041072477657	15.391332679788517	17.34381563274397	2.16550870100657	82.01466067913452
0.9985522475797499	0.01	0.01	0.01	0.007	0.01	0.8763624686035527	0.11911752890238923	0.05573892718886825	0.040052744076624215	0.04642881127139973	19.6440724674262	17.942354570146573	16.25461187879983	18.276691613821793	2.2798405448467824	81.05573300539216
1.0572322168807353	0.01	0.01	0.01	0.007	0.01	0.8809280894044625	0.11912798773192489	0.05574064791278131	0.040053209413620866	0.04642880485909509	21.02228975115653	18.991434891739743	17.149091575305206	19.24048203235535	2.398271241730188	80.06144230703315
1.1188070223708606	0.01	0.01	0.01	0.007	0.01	0.8847777522330412	0.11913461342510477	0.05574197905756398	0.040053657751332274	0.04642880045044517	22.45463086965979	20.074349375343928	18.075194878918	20.235280301417127	2.5208535532659697	79.03121210237482
1.183430400418937	0.01	0.01	0.01	0.007	0.01	0.8879894071625791	0.11913870834975933	0.055743003230653475	0.04005408973969999	0.04642879727489317	23.941255698074773	21.19137534959985	19.033548782713247	21.26136262855513	2.6476667288190296	77.96422987412404
1.251282762090718	0.01	0.01	0.01	0.007	0.01	0.8906395605899358	0.1191411746173244	0.055743789857799486	0.040054506118119754	0.04642879491413198	25.482668720477214	22.343001092842933	20.024994148986476	22.31919133812195	2.7788177467059803	76.85943383219298
1.3225750760979555	0.01	0.01	0.01	0.007	0.01	0.8928015586175589	0.11914262013454366	0.055744394623550596	0.04005490768660764	0.04642879312290207	27.079757164585622	23.529935866833604	21.05060439607574	23.409426078974167	2.914443699400416	75.71548945954693
1.3975532174916865	0.01	0.01	0.01	0.007	0.01	0.8945443066513974	0.11914344329607844	0.055744860894902104	0.040055295280963576	0.04642879174547794	28.733821910431576	24.75311645499337	22.111702515944636	24.532931368248903	3.054713939802122	74.53076732399407
1.4765024962707156	0.01	0.01	0.01	0.007	0.01	0.89593137893729	0.1191438978422995	0.05574522184509408	0.04005566974964908	0.046428790676257346	30.446592938392623	26.0137035034621	23.209870964450495	25.690774357237984	3.1998312599218757	73.3033281826237
1.559751913522514	0.01	0.01	0.01	0.007	0.01	0.897020470670543	0.11914414066922803	0.055745502594466444	0.040056031930199666	0.0464287898402689	32.22021823297834	27.313058974128914	24.346947103651758	26.884204898325656	3.3500311304677095	72.03092350511955
1.647677174538844	0.01	0.01	0.01	0.007	0.01	0.8978631404897462	0.11914426582665284	0.0557457220745086	0.04005638262168027	0.046428789182729774	34.057205740958864	28.652689439467554	25.52499083216208	28.11460395434965	3.505577235682284	70.71102637143595
1.7406986060514638	0.01	0.01	0.01	0.007	0.01	0.8985047793241046	0.11914432786593095	0.05574589453175457	0.040056722540597015	0.04642878866290493	35.96024319887415	30.034100796700137	26.746175735768	29.383350430585672	3.666746886565018	69.34094749428448
1.8392627485964796	0.01	0.01	0.01	0.007	0.01	0.8989847477895165	0.11914435733047159	0.05574603068676754	0.04005705222940344	0.04642878825019409	37.93168987571636	31.45841792975908	28.012470515960878	30.6914719728036	3.8337887698586024	67.91818692084132
1.9437698071949214	0.01	0.01	0.01	0.007	0.01	0.8993366156317657	0.11914437067936799	0.05574613859101294	0.04005737182412422	0.046428787921535236	39.97206857383061	32.9252954564558	29.32467583981299	32.03864463320626	4.006795822250381	66.44151390692979
2.0543250042729393	0.01	0.01	0.01	0.007	0.01	0.8995884387314	0.11914437641846004	0.05574622421565793	0.04005768042581102	0.046428787659736424	42.07547031516044	34.4296585434127	30.679461953162093	33.420199889291624	4.185315163389395	64.91431322386606
2.170017298153431	0.01	0.01	0.01	0.007	0.01	0.899763112258997	0.11914437874643366	0.055746291807011766	0.040057974674808206	0.04642878745253735	44.21713627294949	35.95300997005402	32.06131774910926	34.8191424743363	4.367289701149466	63.35372392985703
2.2879092197688613	0.01	0.01	0.01	0.007	0.01	0.8998794867034492	0.11914437963651064	0.0557463443250196	0.04005824800441437	0.04642878729137303	46.33827524961421	37.453124017887085	33.432598779083925	36.19668923355641	4.547754303497429	61.80205214247159
2.404400608781083	0.01	0.01	0.01	0.007	0.01	0.8999545254197638	0.11914437996464043	0.05574638456204484	0.04005849598544349	0.04642878716791258	48.37486171280311	38.885002424988926	34.75194353385008	37.51151730206691	4.721267723542377	60.30614686385998
2.518204002761835	0.01	0.01	0.01	0.007	0.01	0.9000027121703249	0.11914438008620348	0.0557464156223353	0.040058720848682394	0.04642878707265202	50.308802341179344	40.23669865584595	36.007457252920226	38.75265950939499	4.886274955121482	58.8797300587792
2.6300289356335296	0.01	0.01	0.01	0.007	0.01	0.9000341044176136	0.1191443801324178	0.05574644016301556	0.04005892710315304	0.04642878699744002	52.156789545733595	41.52066557102312	37.2097662272079	39.93155373792323	5.044182468695099	57.51098011227535
2.741068172677649	0.01	0.01	0.01	0.007	0.01	0.9000548784933254	0.11914438015039253	0.05574646003998687	0.04005911831542029	0.04642878693659664	53.94165353540568	42.7533166705808	38.373572751759134	41.0632725477656	5.19692809412868	56.18333303801616
2.8522122743807135	0.01	0.01	0.01	0.007	0.01	0.9000687549575538	0.1191443801574639	0.05574647645279264	0.040059296887466234	0.04642878688644786	55.67932939772678	43.945977300048526	39.50918393505062	42.158214666862044	5.3458683782314935	54.88512422306312
2.963869130408832	0.01	0.01	0.01	0.007	0.01	0.9000780480103828	0.11914438016024954	0.05574649018010153	0.04005946435782262	0.04642878684460011	57.37693288277852	45.103713664564296	40.621208282691065	43.221030976541506	5.491609646153179	53.61113031273201
3.076058274136086	0.01	0.01	0.01	0.007	0.01	0.9000842606966857	0.11914438016134224	0.05574650175551986	0.04005962169440901	0.04642878680940592	59.035223090764084	46.22718096586146	41.71011298829811	44.25232245416878	5.6342144344829945	52.36084570045699
3.188606244733978	0.01	0.01	0.01	0.007	0.01	0.9000884007709344	0.1191443801617686	0.05574651157406377	0.04005976959466347	0.046428786779640664	60.652198004124635	47.3151759718011	42.77454529087499	45.250984307150986	5.773507138336521	51.13585981322433
3.3013113314835887	0.01	0.01	0.01	0.007	0.01	0.9000911520657767	0.11914438016193421	0.05574651994679267	0.0400599086869713	0.046428786754337426	62.22574955863038	48.3664713506704	43.813063999596494	46.215890132451	5.909301280556991	49.93788221499706
3.4140345023227594	0.01	0.01	0.01	0.007	0.01	0.900092977574753	0.11914438016199849	0.05574652712638051	0.04006003960485514	0.0464287867327104	63.754918788937836	49.380651391738034	44.82496923788408	47.1466589514287	6.041507970088505	48.7677845536091
3.5267194216942035	0.01	0.01	0.01	0.007	0.01	0.9000941882471573	0.11914438016202335	0.05574653331930167	0.04006016297891842	0.04642878671411769	65.24001734978775	50.3581663621378	45.810392490370575	48.04370485465504	6.1701472936530894	47.62548670427879
3.639370003123439	0.01	0.01	0.01	0.007	0.01	0.9000949912959832	0.11914438016203305	0.05574653869330058	0.04006027940579135	0.04642878669803841	66.68217751737855	51.300009071687896	46.77000800936774	48.90793992390573	6.295310250893727	46.510281054744055
3.7520160890027205	0.01	0.01	0.01	0.007	0.01	0.9000955241455257	0.1191443801620368	0.05574654338372533	0.04006038942679349	0.04642878668405232	68.08281742961549	52.20734862264493	47.704683308990745	49.74043798204536	6.417112921150729	45.42123218009142
3.864686742384024	0.01	0.01	0.01	0.007	0.01	0.9000958777884541	0.11914438016203824	0.055746547499531555	0.040060493522534935	0.046428786671821785	69.44327817284557	53.08128990408066	48.61523909551432	50.542213860008644	6.535665097751451	44.357454417549455
3.9773976027922924	0.01	0.01	0.01	0.007	0.01	0.900096112500423	0.1191443801620388	0.055746551128747185	0.04006059211817014	0.04642878666107424	70.76468214898347	53.92278492616136	49.5023537362379	51.314142068963776	6.651057881171271	43.318224276941244
4.090150223390586	0.01	0.01	0.01	0.007	0.01	0.9000962682571111	0.119144380162039	0.05574655434307959	0.04006068559276852	0.04642878665158753	72.04795124540637	54.73264954016019	50.36657364365333	52.05697218827112	6.763365102867692	42.30297019522632
4.202937446176013	0.01	0.01	0.01	0.007	0.01	0.9000963715974292	0.11914438016203911	0.0557465572015399	0.04006077428825596	0.046428786643179266	73.29389030740923	55.51162058146803	51.208367890225645	52.77138132472293	6.872650486706414	41.311210067231684
4.3157496857264315	0.01	0.01	0.01	0.007	0.01	0.9000964401475609	0.11914438016203914	0.05574655975316544	0.04006085851602524	0.046428786635698265	74.50326809050497	56.260408829242984	52.02818205768681	53.45802270722158	6.978974673844284	40.34248870008658
4.428579204463306	0.01	0.01	0.01	0.007	0.01	0.9000964856131826	0.11914438016203911	0.055746562039031396	0.04006093856117104	0.04642878662901801	75.67686475216803	56.979728760375515	52.82647031404197	54.11755297329367	7.0823993879049185	39.39634004251479
4.5414215652402925	0.01	0.01	0.01	0.007	0.01	0.9000965157652318	0.11914438016203914	0.055746564093746974	0.04006101468516982	0.04642878662303187	76.81548315360722	57.670304686231844	53.60370340523396	54.75063778411237	7.182988458671678	38.47227740180388
4.65427514000227	0.01	0.01	0.01	0.007	0.01	0.9000965357604044	0.11914438016203911	0.05574656594660462	0.0400610871279113	0.04642878661765016	77.91993904151188	58.33286377408155	54.36036234591459	55.3579454119662	7.280806990287902	37.56980053737623
4.767139802780597	0.01	0.01	0.01	0.007	0.01	0.9000965490195443	0.11914438016203914	0.05574656762249145	0.040061156109584384	0.046428786612796535	78.99104484503421	58.968125609055114	55.0969275992483	55.94013716117796	7.375919951538324	36.68840827289935
4.88001572661755	0.01	0.01	0.01	0.007	0.01	0.900096557811562	0.11914438016203911	0.05574656914263081	0.040061221832558454	0.046428786608406214	80.02959695752944	59.57679439769734	55.81387043774801	56.49786021733582	7.4683910561012254	35.82760871995325
4.992902733189734	0.01	0.01	0.01	0.007	0.01	0.9000965636412239	0.11914438016203914	0.055746570525194064	0.040061284483197596	0.046428786604423934	81.03637003512151	60.159555732970176	56.511648978013476	57.031744682267146	7.558282252220066	34.98692406556827
5.105800113210252	0.01	0.01	0.01	0.007	0.01	0.9000965675064819	0.11914438016203911	0.055746571785803	0.04006134423351335	0.04642878660080203	82.01211638386468	60.717076512850845	57.19070766225255	57.542403501151455	7.645653659499333	34.16589129004919
5.218706835640209	0.01	0.01	0.01	0.007	0.01	0.9000965700691596	0.11914438016203914	0.055746572937944584	0.040061401242603066	0.04642878659749963	82.9575687932097	61.25000684470055	57.85147913069091	58.03043420893056	7.730563813614174	33.36406000213856
5.331621786929299	0.01	0.01	0.01	0.007	0.01	0.9000965717681513	0.11914438016203911	0.05574657399330922	0.0400614556578831	0.04642878659448138	83.8734432239201	61.758981765553855	58.494386030423705	58.49642050684513	7.813069901381159	32.58099031211344
5.444543965479809	0.01	0.01	0.01	0.007	0.01	0.9000965728944986	0.11914438016203914	0.055746574962068314	0.0400615076161544	0.0464287865917167	84.76044074934006	62.24462244812903	59.1198423378636	58.940933366777166	7.893227931956631	31.816251258494813
5.557472593891922	0.01	0.01	0.01	0.007	0.01	0.9000965736411873	0.11914438016203911	0.05574657585310335	0.04006155724453617	0.046428786589178504	85.61924857964458	62.70753683367864	59.728254061861335	59.36453160997041	7.971092827613891	31.06941996381682
5.670407081631199	0.01	0.01	0.01	0.007	0.01	0.9000965741361756	0.11914438016203914	0.05574657667419373	0.040061604661313706	0.0464287865868436	86.45053984488028	63.148319568546995	60.32001907811791	59.76776184822423	8.046718402933763	30.340081845693607
5.7833469577553185	0.01	0.01	0.01	0.007	0.01	0.9000965744643005	0.11914438016203911	0.055746577432174496	0.04006164997670656	0.046428786584691295	87.25497323447826	63.56755188627474	60.895526853065114	60.151158375670406	8.120157330184401	29.62783097257227
5.896291811099431	0.01	0.01	0.01	0.007	0.01	0.9000965746818079	0.11914438016203914	0.05574657813306959	0.04006169329356382	0.046428786582704086	88.0331927893323	63.96580159736491	61.45515826588066	60.5152431595265	8.191461117639399	28.932270309262016
6.009241267849051	0.01	0.01	0.01	0.007	0.01	0.9000965748259863	0.11914438016203911	0.05574657878220177	0.04006173470798557	0.0464287865808656	88.78582802223784	64.34362326727349	61.999285658617076	60.86052600332668	8.260680117262506	28.253011687147037
6.122194961626114	0.01	0.01	0.01	0.007	0.01	0.9000965749215553	0.11914438016203914	0.05574657938428803	0.040061774309886396	0.04642878657916187	89.51349401805344	64.7015583924697	62.52827286827029	61.187504708591426	8.327863530223235	27.589675800469102
6.235152526012502	0.01	0.01	0.01	0.007	0.01	0.9000965749849024	0.11914438016203911	0.055746579943519066	0.040061812183500384	0.04642878657758073	90.21679170528319	65.04013566831095	63.04247538031728	61.49666532056448	8.393059427958374	26.941892053575927
6.348113616997654	0.01	0.01	0.01	0.007	0.01	0.9000965750268907	0.11914438016203914	0.055746580463627744	0.04006184840782793	0.046428786576110985	90.89630830738402	65.35987134059215	63.54224061458542	61.78848245035796	8.456314789978707	26.309298240619626
6.461077935429082	0.01	0.01	0.01	0.007	0.01	0.9000965750547214	0.11914438016203911	0.05574658094794781	0.040061883057038186	0.04642878657474261	91.55261775976618	65.66126952917702	64.0279081903965	62.06341957144287	8.517675538886815	25.69154024703196
6.574045219538051	0.01	0.01	0.01	0.007	0.01	0.900096575073168	0.11914438016203914	0.05574658139946222	0.0400619162008404	0.04642878657346694	92.18628093003345	65.94482245308001	64.4998100492241	62.32192922612612	8.577186557278894	25.08827192918085
6.687015222499585	0.01	0.01	0.01	0.007	0.01	0.9000965750853942	0.11914438016203911	0.055746581820847185	0.04006194790482657	0.04642878657227607	92.7978457638288	66.21101062492508	64.95827052071868	62.564453204206856	8.634891697550971	24.499155067729482
6.79998773488161	0.01	0.01	0.01	0.007	0.01	0.9000965750934978	0.11914438016203914	0.05574658221450889	0.040061978230769624	0.04642878657116318	93.38784768224612	66.46030315724839	65.40360657619996	62.791422823625965	8.690833815343256	23.92385908130408
6.912962532274126	0.01	0.01	0.01	0.007	0.01	0.9000965750988689	0.11914438016203911	0.055746582582613884	0.04006200723691968	0.046428786570121484	93.95680957890303	66.69315789546614	65.8361277814747	63.00325905325163	8.74505476516144	23.362061127180645
7.025939442630073	0.01	0.01	0.01	0.007	0.01	0.9000965751024286	0.11914438016203914	0.05574658292711868	0.04006203497823526	0.04642878656914569	94.50524243986169	66.9100218124574	66.25613672022706	63.20037287385912	8.797595455095628	22.81344559372699
7.138918308857843	0.01	0.01	0.01	0.007	0.01	0.9000965751047879	0.11914438016203911	0.055746583249792224	0.04006206150662702	0.04642878656823025	95.03364540455823	67.1113311619815	66.66392899731753	63.38316541946729	8.848495848703077	22.277704133788646
7.251898981340418	0.01	0.01	0.01	0.007	0.01	0.9000965751063517	0.11914438016203914	0.055746583552237605	0.04006208687117338	0.04642878656737082	95.54250599441619	67.29751170630496	67.05979336709602	63.55202818635083	8.897794982652984	21.75453553822499
7.364881302971173	0.01	0.01	0.01	0.007	0.01	0.900096575107388	0.11914438016203911	0.05574658383590938	0.04006211111832107	0.04642878656656311	96.03230031181658	67.46897893384958	67.44401183809072	63.70734323306176	8.945530981450926	21.243645641324203
7.477865139084984	0.01	0.01	0.01	0.007	0.01	0.900096575108075	0.11914438016203914	0.05574658410213077	0.04006213429205224	0.0464287865658032	96.50349343159367	67.6261383425299	67.81685992921156	63.84948343994213	8.991741090972498	20.744747024392762
7.5908503849427085	0.01	0.01	0.01	0.007	0.01	0.9000965751085301	0.11914438016203911	0.055746584352106256	0.040062156434044524	0.04642878656508773	96.95653966934351	67.76938566832506	68.178606833919	63.97881271874423	9.036461700402581	20.25755883736752
7.703836905869826	0.01	0.01	0.01	0.007	0.01	0.9000965751088317	0.11914438016203914	0.05574658458693533	0.040062177583846593	0.046428786564413384	97.39188258393338	67.89910703099098	68.529515371473	64.09568614751034	9.079728337877944	19.781806907935714
7.816824612085152	0.01	0.01	0.01	0.007	0.01	0.9000965751090316	0.11914438016203911	0.055746584807621735	0.040062197778986265	0.04642878656377731	97.80995551842763	68.01567924848942	68.86984236852125	64.20045025776255	9.121575719317182	19.317223270789476
7.929813421287772	0.01	0.01	0.01	0.007	0.01	0.9000965751091641	0.11914438016203914	0.055746585015084546	0.04006221705511297	0.04642878656317687	98.21118167718545	68.11946999784563	69.19983867300648	64.29344318286043	9.162037751705649	18.863546189601077
8.042803228725163	0.01	0.01	0.01	0.007	0.01	0.9000965751092519	0.11914438016203911	0.055746585210165935	0.04006223544612974	0.04642878656260973	98.5959742570793	68.21083800308436	69.51974920692408	64.37499483114483	9.201147541336162	18.420520130977177
8.155793967057818	0.01	0.01	0.01	0.007	0.01	0.9000965751093103	0.11914438016203914	0.0557465853936383	0.04006225298427651	0.04642878656207364	98.96473688561453	68.29013329576924	69.82981327412331	64.44542712390559	9.23893743323501	17.987895385439163
8.268785553978223	0.01	0.01	0.01	0.007	0.01	0.9000965751093487	0.11914438016203911	0.05574658556621188	0.04006226970025325	0.046428786561566494	99.31786366028514	68.35769737150909	70.13026454029554	64.50505414013524	9.275439010390173	17.565428139044254
8.381777937110026	0.01	0.01	0.01	0.007	0.01	0.9000965751093742	0.11914438016203914	0.0557465857285398	0.040062285623294204	0.046428786561086455	99.6557395109657	68.41386341817095	70.42133128343384	64.55418232510615	9.310683125983504	17.152880168781063
8.494771049109222	0.01	0.01	0.01	0.007	0.01	0.9000965751093912	0.11914438016203911	0.05574658588122412	0.04006230078127438	0.046428786560632034	99.97874027052353	68.45895648124848	70.7032363987888	64.5931106431511	9.344699905708937	16.750018880781212
8.607764815147215	0.01	0.01	0.01	0.007	0.01	0.9000965751094024	0.11914438016203914	0.05574658602481974	0.04006231520078756	0.0464287865602013	100.28723291575132	68.4932936646833	70.97619754730749	64.62213076190946	9.377518767571077	16.356617148201593
8.7207591903276	0.01	0.01	0.01	0.007	0.01	0.90009657510941	0.11914438016203911	0.05574658615983954	0.040062328907203126	0.0464287865597929	100.58157587325496	68.51718432748663	71.24042736618296	64.64152723203112	9.409168449007637	15.97245305563352
8.833754129753263	0.01	0.01	0.01	0.007	0.01	0.9000965751094149	0.11914438016203914	0.0557465862867573	0.040062341924749	0.046428786559405535	100.86211912996525	68.53093025062466	71.49613350973112	64.65157764106024	9.439677013512744	15.597309885338236
8.946749596009866	0.01	0.01	0.01	0.007	0.01	0.9000965751094182	0.11914438016203911	0.055746586406011975	0.04006235427657336	0.04642878655903802	101.12920444770396	68.53482581593688	71.74351878194324	64.65255277755489	9.469071868296853	15.230975971812706
9.059745536715644	0.01	0.01	0.01	0.007	0.01	0.9000965751094204	0.11914438016203914	0.05574658651800986	0.0400623659848159	0.046428786558689136	101.38316550243535	68.52915817987322	71.9827812008122	64.64471679114185	9.497379773795643	14.873244656208378
9.172741906971675	0.01	0.01	0.01	0.007	0.01	0.9000965751094219	0.11914438016203911	0.05574658662312798	0.04006237707065334	0.046428786558357735	101.62432812774227	68.51420744657604	72.21411415991174	64.628327350945	9.52462686471513	14.523914096250486
9.285738676845558	0.01	0.01	0.01	0.007	0.01	0.9000965751094229	0.11914438016203914	0.05574658672171679	0.04006238755434756	0.04642878655804303	101.85301050911262	68.49024682960673	72.43770654878215	64.60363579391264	9.55083866605211	14.182787133563954
9.398735793953996	0.01	0.01	0.01	0.007	0.01	0.9000965751094234	0.11914438016203911	0.055746586814101155	0.04006239745531376	0.04642878655774392	102.0695232858241	68.45754282132275	72.65374278364023	64.57088728124717	9.576040098584643	13.849671297389053
9.51173324333096	0.01	0.01	0.01	0.007	0.01	0.9000965751094239	0.11914438016203914	0.05574658690058415	0.04006240679213552	0.04642878655745967	102.2741698436888	68.41635533652106	72.8624030269756	64.53032092888738	9.600255506442407	13.52437851839575
9.624731002526724	0.01	0.01	0.01	0.007	0.01	0.9000965751094241	0.11914438016203911	0.05574658698144709	0.040062415582630566	0.046428786557189405	102.4672463927579	68.36693787539356	73.06386319808568	64.48216995822199	9.623508660136405	13.206725160602536
9.737729034124216	0.01	0.01	0.01	0.007	0.01	0.9000965751094242	0.11914438016203914	0.05574658705695286	0.04006242384389513	0.04642878655693239	102.64904212738219	68.3095376825133	73.25829506189753	64.42666184229492	9.64582276883242	12.896531935789742
9.850727315673296	0.01	0.01	0.01	0.007	0.01	0.9000965751094243	0.11914438016203911	0.05574658712734646	0.04006243159232594	0.04642878655668791	102.81983944114162	68.24439588220893	73.44586637898993	64.36401842940033	9.667220499584094	12.593623718529761
9.963725824723682	0.01	0.01	0.01	0.007	0.01	0.9000965751094244	0.11914438016203914	0.05574658719285616	0.04006243884366292	0.04642878655645535	102.97991405905766	68.17174762857267	73.62674097195092	64.29445608121318	9.687723986839824	12.297829491234463
10.076724553792204	0.01	0.01	0.01	0.007	0.01	0.9000965751094245	0.11914438016203911	0.05574658725369568	0.04006244561301434	0.04642878655623426	103.1295352130829	68.09182223610516	73.80107884031345	64.21818579239635	9.70735484746629	12.008982210101099
10.189723457977474	0.01	0.01	0.01	0.007	0.01	0.9000965751094245	0.11914438016203914	0.0557465873100646	0.04006245191491676	0.046428786556023886	103.26896572581522	68.00484335541854	73.96903617008326	64.13541335330207	9.726134183867782	11.726918844770733
10.302722522312475	0.01	0.01	0.01	0.007	0.01	0.9000965751094245	0.11914438016203911	0.05574658736214958	0.04006245776332682	0.04642878655582372	103.39846225046904	67.91102906187899	74.13076552670074	64.04633942968405	9.744082607729638	11.451480113253172
10.41572173183013	0.01	0.01	0.01	0.007	0.01	0.9000965751094245	0.11914438016203914	0.05574658741012563	0.040062463171665674	0.0464287865556333	103.51827537286573	67.81059200597218	74.28641589229159	63.95115970155213	9.761220246107511	11.182510471465074
10.528721079046965	0.01	0.01	0.01	0.007	0.01	0.9000965751094245	0.11914438016203911	0.0557465874541564	0.04006246815284017	0.046428786555452135	103.62864976082436	67.70373953501799	74.43613275941907	63.850064974768834	9.777566753849872	10.91985800838801
10.64172054899581	0.01	0.01	0.01	0.007	0.01	0.9000965751094245	0.11914438016203914	0.05574658749439544	0.04006247271927568	0.046428786555279856	103.72982428740427	67.5906738324916	74.58005819256502	63.743241309403246	9.793141322432303	10.66337439605786
10.75472012670945	0.01	0.01	0.01	0.007	0.01	0.9000965751094245	0.11914438016203911	0.05574658753098665	0.04006247688293497	0.046428786555116015	103.82203217559798	67.47159203503665	74.71833091918236	63.63087012701669	9.807962692012563	10.412914787513667
10.86771978973695	0.01	0.01	0.01	0.007	0.01	0.9000965751094245	0.11914438016203914	0.05574658756406539	0.04006248065534378	0.04642878655496031	103.90550112569679	67.34668636103633	74.8510863993424	63.5131283289581	9.822049161106762	10.16833775117013
10.980719538078377	0.01	0.01	0.01	0.007	0.01	0.9000965751094245	0.11914438016203911	0.05574658759375816	0.040062484047594465	0.04642878655481223	103.98045346632337	67.2161441944234	74.97845693696246	63.39018837254656	9.835418600609312	9.929505126696803
11.093719349282729	0.01	0.01	0.01	0.007	0.01	0.9000965751094245	0.11914438016203914	0.05574658762018464	0.040062487070390805	0.04642878655467156	104.04710624775379	67.08014824886006	75.10057170170214	63.26221842307368	9.848088458292198	9.696282044337512
11.206719223350044	0.01	0.01	0.01	0.007	0.01	0.9000965751094245	0.11914438016203911	0.0557465876434566	0.040062489734040294	0.04642878655453785	104.10567139532559	66.93887662780124	75.21755685253441	63.12938240777105	9.860075773985638	9.468536753902807
11.319719137829278	0.01	0.01	0.01	0.007	0.01	0.9000965751094245	0.11914438016203914	0.05574658766367944	0.04006249204849735	0.046428786554411065	104.1563558035801	66.7925029877539	75.32953556041114	62.99184016698558	9.871397184172409	9.246140643185894
11.43271908523675	0.01	0.01	0.01	0.007	0.01	0.9000965751094245	0.11914438016203911	0.0557465876809523	0.040062494023358104	0.04642878655429059	104.19936147483142	66.64119659905029	75.43662811739321	62.84974750899185	9.882068935476411	9.028968089099926
11.545719073056167	0.01	0.01	0.01	0.007	0.01	0.9000965751094245	0.11914438016203914	0.05574658769536852	0.04006249566787485	0.0464287865541763	104.23488562916418	66.48512244675794	75.5389520013325	62.703256302673594	9.892106893418768	8.816896390291449
11.658719093803846	0.01	0.01	0.01	0.007	0.01	0.9000965751094245	0.11914438016203911	0.05574658770701595	0.04006249699098874	0.046428786554067965	104.26312080558914	66.3244413726234	75.63662191392496	62.552514608734775	9.901526548574891	8.609805755384887
11.771719132512397	0.01	0.01	0.01	0.007	0.01	0.9000965751094245	0.11914438016203914	0.05574658771597746	0.040062498001339465	0.046428786553965394	104.28425497791211	66.15931016647569	75.72974985465652	62.39766676346594	9.910343026318785	8.407579218809568
11.884719174214426	0.01	0.01	0.01	0.007	0.01	0.9000965751094245	0.11914438016203911	0.05574658772233086	0.04006249870727358	0.04642878655386827	104.29847166494167	65.98988165330078	75.81844519126712	62.23885345852715	9.918571096100857	8.210102560309252
11.997719226393633	0.01	0.01	0.01	0.007	0.01	0.9000965751094245	0.11914438016203914	0.05574658772614964	0.04006249911684348	0.04642878655377644	104.30595003591466	65.81630475300499	75.90281473782044	62.07621179521247	9.926225181261932	8.017264202691075
12.110719281566318	0.01	0.01	0.01	0.007	0.01	0.9000965751094245	0.11914438016203911	0.055746587727503225	0.04006249923784158	0.04642878655368959	104.30686500697237	65.63872462838432	75.98296278499217	61.90987542142666	9.933319364379665	7.8289552150076265
12.223719317281393	0.01	0.01	0.01	0.007	0.01	0.9000965751094245	0.11914438016203914	0.05574658772645686	0.04006249907781162	0.046428786553607666	104.30138734542598	65.45728277816313	76.05899116183573	61.73997461716585	9.939867395615398	7.645069248044959
12.336719341022555	0.01	0.01	0.01	0.007	0.01	0.9000965751094245	0.11914438016203911	0.055746587723072005	0.04006249864403193	0.04642878655353044	104.28968376547502	65.2721170533234	76.13099932379141	61.566636308240604	9.945882703132948	7.465502400954608
12.449719352789803	0.01	0.01	0.01	0.007	0.01	0.9000965751094245	0.11914438016203914	0.05574658771740698	0.04006249794354805	0.04642878655345781	104.2719170221663	65.08336180147496	76.19908438172094	61.38998419996032	9.951378398268092	7.290153225659872
12.56271935258314	0.01	0.01	0.01	0.007	0.01	0.9000965751094245	0.11914438016203911	0.05574658770951649	0.0400624969831781	0.04642878655338936	104.2482460047694	64.89114793941278	76.26334116230034	61.21013884357833	9.956367283448575	7.118922656920686
12.675719332918877	0.01	0.01	0.01	0.007	0.01	0.9000965751094245	0.11914438016203914	0.05574658769945248	0.04006249576952619	0.046428786553325246	104.21882582982437	64.6956030483748	76.323862257789	61.027217724021206	9.960861859169773	6.951713967307455
12.788719278829637	0.01	0.01	0.01	0.007	0.01	0.9000965751094245	0.11914438016203911	0.05574658768726349	0.04006249430899138	0.04642878655326513	104.18380793174741	64.49685145534343	76.38073807961737	60.84133533458459	9.96487433123912	6.788432711261677
12.901719205282804	0.01	0.01	0.01	0.007	0.01	0.9000965751094245	0.11914438016203914	0.05574658767299572	0.04006249260775227	0.046428786553209006	104.14334013691916	64.29501424499993	76.43405692773366	60.65260318682387	9.968416618938788	6.628986618357369
13.014719089827326	0.01	0.01	0.01	0.007	0.01	0.9000965751094245	0.11914438016203911	0.05574658765669273	0.040062490671817434	0.04642878655315651	104.09756677005542	64.09020945516797	76.48390500722	60.46112999207164	9.97150035946496	6.473285637908922
13.127718939946899	0.01	0.01	0.01	0.007	0.01	0.9000965751094245	0.11914438016203914	0.05574658763839522	0.0400624885069901	0.046428786553107754	104.04662871362734	63.88255203170672	76.5303665094347	60.26702161803226	9.974136916713855	6.321241792423237
13.240718755641534	0.01	0.01	0.01	0.007	0.01	0.9000965751094245	0.11914438016203911	0.055746587618142066	0.04006248611889936	0.04642878655306259	103.99066350109797	63.67215396779257	76.57352364141946	60.07038121783346	9.976337386476093	6.172769181326747
13.353718529427566	0.01	0.01	0.01	0.007	0.01	0.9000965751094245	0.11914438016203914	0.05574658759596967	0.04006248351300637	0.04642878655302073	103.92980539744453	63.45912437607339	76.61345667353562	59.87130929632177	9.978112602876173	6.02778393123413
13.466718261305008	0.01	0.01	0.01	0.007	0.01	0.9000965751094245	0.11914438016203911	0.05574658757191258	0.04006248069460175	0.04642878655298234	103.86418546869427	63.24356953031886	76.65024399059581	59.669903747886096	9.97947314480661	5.886204128909144
13.579717943790207	0.01	0.01	0.01	0.007	0.01	0.9000965751094245	0.11914438016203914	0.05574658754600303	0.04006247766882137	0.046428786552946945	103.79393166510731	63.02559296149812	76.68396213091152	59.46625994517301	9.980429341689623	5.7479497942201405
13.69271759185052	0.01	0.01	0.01	0.007	0.01	0.9000965751094245	0.11914438016203911	0.055746587518271766	0.04006247444063284	0.046428786552914866	103.71916887566671	62.80529546617463	76.7146858383482	59.26047074590446	9.980991279563751	5.612942798541418
13.805717190518626	0.01	0.01	0.01	0.007	0.01	0.9000965751094245	0.11914438016203914	0.055746587488747536	0.04006247101487454	0.04642878655288574	103.6400190330764	62.58277527267452	76.74248808949713	59.05262664711432	9.981168806428181	5.481106884177409
13.918716747278209	0.01	0.01	0.01	0.007	0.01	0.9000965751094245	0.11914438016203911	0.05574658745745723	0.04006246739622808	0.04642878655285952	103.5566011498518	62.35812800254972	76.76744014973156	58.842815748174516	9.980971538156888	5.3523675581385
14.031716254645625	0.01	0.01	0.01	0.007	0.01	0.9000965751094245	0.11914438016203914	0.055746587424426605	0.04006246358924696	0.046428786552836075	103.46903141212648	62.131446805579436	76.78961160384202	58.631123875954806	9.980408863830426	5.226652094257839
14.14471572010455	0.01	0.01	0.01	0.007	0.01	0.9000965751094245	0.11914438016203911	0.05574658738967967	0.0400624595983422	0.04642878655281543	103.37742322432275	61.902822360526585	76.80907040205464	58.4176345846155	9.979489951013864	5.103889457979644
14.257715128687696	0.01	0.01	0.01	0.007	0.01	0.9000965751094245	0.11914438016203914	0.055746587353238904	0.040062455427811554	0.04642878655279763	103.28188730396954	61.67234300932637	76.82588289159214	58.202429280033606	9.978223751203133	4.984010307387844
14.370714472911446	0.01	0.01	0.01	0.007	0.01	0.9000965751094245	0.11914438016203911	0.055746587315125454	0.040062451081824296	0.04642878655278232	103.18253172235005	61.4400947545454	76.84011386025155	57.98558721656437	9.976619004774998	4.866946920564844
14.483713767743122	0.01	0.01	0.01	0.007	0.01	0.9000965751094245	0.11914438016203914	0.05574658727535923	0.040062446564416244	0.0464287865527695	103.0794619514124	61.20616128371408	76.85182657357062	57.767185518935555	9.974684245552131	4.752633143348507
14.596713020666387	0.01	0.01	0.01	0.007	0.01	0.9000965751094245	0.11914438016203911	0.05574658723395886	0.04006244187951287	0.04642878655275906	102.9727809495933	60.97062408507811	76.86108280607095	57.54729928951244	9.972427805967422	4.6410043838613415
14.709712224197618	0.01	0.01	0.01	0.007	0.01	0.9000965751094245	0.11914438016203914	0.055746587190941735	0.04006243703093837	0.04642878655275115	102.86258922978097	60.7335625174061	76.8679428767293	57.326001672674145	9.969857822089436	4.531997582210353
14.822711370853202	0.01	0.01	0.01	0.007	0.01	0.9000965751094245	0.11914438016203911	0.05574658714632436	0.040062432022409576	0.04642878655274546	102.74898490421586	60.49505383148541	76.87246568515306	57.103363874109796	9.966982238047128	4.425551159204452
14.935710453149538	0.01	0.01	0.01	0.007	0.01	0.9000965751094245	0.11914438016203914	0.05574658710012165	0.040062426857539725	0.046428786552742185	102.63206374094442	60.25517322103324	76.87470874490057	56.87945520759835	9.963808810536616	4.321604981597548
15.048709486053914	0.01	0.01	0.01	0.007	0.01	0.9000965751094245	0.11914438016203911	0.05574658705234805	0.040062421539827295	0.04642878655274104	102.51191919476312	60.01399382436264	76.8747282158064	56.65434309584275	9.960345112505664	4.220100308218707
15.161708469566351	0.01	0.01	0.01	0.007	0.01	0.9000965751094245	0.11914438016203914	0.05574658700301652	0.040062416072683765	0.046428786552742116	102.38864249931683	59.77158685219686	76.87257893469356	56.428093189068775	9.956598538460714	4.120979791601455
15.274707403686872	0.01	0.01	0.01	0.007	0.01	0.9000965751094245	0.11914438016203911	0.05574658695213947	0.04006241045942702	0.046428786552745176	102.26232270490225	59.52802160360132	76.86831444718904	56.20076937920494	9.952576308307464	4.024187431314037
15.387706288415497	0.01	0.01	0.01	0.007	0.01	0.9000965751094245	0.11914438016203914	0.05574658689972825	0.04006240470328444	0.04642878655275041	102.13304672985849	59.28336551229067	76.86198703805691	55.97243384243366	9.948285471453579	3.92966854231835
15.500705101301413	0.01	0.01	0.01	0.007	0.01	0.9000965751094245	0.11914438016203911	0.05574658684579324	0.04006239880741054	0.04642878655275771	102.00089943728526	59.03768424074993	76.85364776267252	55.74314712638142	9.943732911745098	3.837369742193167
15.61370385731188	0.01	0.01	0.01	0.007	0.01	0.9000965751094245	0.11914438016203914	0.05574658679034423	0.040062392774850485	0.046428786552766846	101.86596361456068	58.79104159437966	76.84334647190313	55.51296806935869	9.938925349015166	3.7472388716461715
15.726702571414133	0.01	0.01	0.01	0.007	0.01	0.9000965751094245	0.11914438016203911	0.055746586733389766	0.04006238660856757	0.04642878655277794	101.72832006263647	58.54349964514407	76.83113184148581	55.281953915142495	9.933869344200144	3.65922499741386
15.83970123612459	0.01	0.01	0.01	0.007	0.01	0.9000965751094245	0.11914438016203914	0.05574658667493827	0.04006238031146039	0.04642878655279089	101.58804767099896	58.29511882315696	76.81705140265365	55.05016039784363	9.928571304155128	3.5732784002968128
15.95269984395967	0.01	0.01	0.01	0.007	0.01	0.9000965751094245	0.11914438016203911	0.055746586614996874	0.040062373886351	0.04642878655280576	101.4452234372738	58.04595790900741	76.80115156757924	54.81764173415567	9.923037484413873	3.4893505285407613
16.0	0.01	0.01	0.01	0.007	0.01	0.9000965751094245	0.11914438016203911	0.05574658658946837	0.040062379535432686	0.04642878655281247	101.38469892878136	57.9414435759598	76.79396674158006	54.72010893634236	9.920652541505277	3.4548070767364685
