0.0	0.01	0.01	0.01	0.007	0.01	0.0	0.0	0.0	0.0	0.0	0.0	0.0	0.0	0.0	0.0	100.0
0.0034349259032160286	0.01	0.01	0.01	0.007	0.01	0.011224126951574872	0.0033955119583036594	0.003947053327530884	0.004110077848884884	0.004883829244916394	0.0006749350285654832	0.0011435793317934675	0.0023568344847779855	0.003910217681779599	0.0004618449773219099	99.92756138966054
0.005469907312589224	0.01	0.01	0.01	0.007	0.01	0.017808768726915163	0.005361862211665437	0.006153381632504767	0.006346079903752447	0.007641230688753799	0.001706501462607082	0.0028822499172105063	0.005889881388777732	0.009704929153622227	0.0011570210364771029	99.88467074259503
0.008552898261325692	0.01	0.01	0.01	0.007	0.01	0.02769333684993286	0.00827819488679051	0.009319755906728663	0.00947550065247343	0.011635752549688674	0.00415371925194684	0.006982071633590016	0.014087899119642878	0.022978580824551283	0.002777633037668114	99.81972660566642
0.01138068566142468	0.01	0.01	0.01	0.007	0.01	0.03666404351185887	0.01088816572820769	0.012047546679804611	0.012093999647115633	0.01511530655151751	0.00732445644124734	0.012258273067418604	0.02445187965920198	0.039524272963311444	0.004837064122497143	99.76019553704946
0.014669145881177629	0.01	0.01	0.01	0.007	0.01	0.046982336786122125	0.013847131524026533	0.015020721162772626	0.014863506414246679	0.018952902232248686	0.012111342058093336	0.020167842707382352	0.039704939060951336	0.06352866478055247	0.00788442565728283	99.69101095361992
0.018010856920708966	0.01	0.01	0.01	0.007	0.01	0.05734373967787937	0.016772250534276462	0.017836989496196082	0.017402576289691198	0.022637021317706223	0.01817051883821281	0.030104316099169706	0.058495699950912416	0.09266137207247023	0.011660490561500274	99.62075519940981
0.021611007177050476	0.01	0.01	0.01	0.007	0.01	0.06836832288401454	0.019833942565651377	0.020655890270722926	0.01985867633495269	0.02637996413228021	0.02602610606026723	0.04288571418379199	0.0821843758998584	0.1288363186362939	0.016450106789572524	99.54512145080565
0.025346477368250356	0.01	0.01	0.01	0.007	0.01	0.0796577457585945	0.022915287421234345	0.023361960486858957	0.022132839779317716	0.030034521306769535	0.03561042669137987	0.058351759502562925	0.11025696561170452	0.17105266386172158	0.022163416160252906	99.4667055335797
0.029275332656186166	0.01	0.01	0.01	0.007	0.01	0.0913694858410727	0.02605451091295513	0.02598608872827381	0.024256505005365452	0.033646945047213245	0.047240597976852344	0.07695938526505416	0.14331842835681716	0.2200123591796989	0.02893908283770753	99.3842966786962
0.03336236445666868	0.01	0.01	0.01	0.007	0.01	0.10337880477803091	0.029213079075338422	0.028493536705296987	0.02620723909742875	0.03717345746796957	0.060996479245128	0.09877384113412431	0.18124064651315336	0.27531307247800196	0.036768821985799116	99.29864248062574
0.03762572940161075	0.01	0.01	0.01	0.007	0.01	0.11572000123159312	0.03239549514786165	0.03088764000728637	0.02799480270058511	0.040618208294044646	0.07711515794171366	0.12410250724679708	0.2243047048188001	0.3371600783472875	0.04573012685623478	99.20937143691798
0.0420578707753409	0.01	0.01	0.01	0.007	0.01	0.12835117971894835	0.035586423418398086	0.03315740820001457	0.029618539205254917	0.04395511559950729	0.09575207474697245	0.1531133023814092	0.27252903189198724	0.4053790641636004	0.055846743925991794	99.11665144961829
0.0466676618614866	0.01	0.01	0.01	0.007	0.01	0.1412772688972626	0.03878280224818363	0.03530243557996769	0.031086262208207264	0.047152921049216125	0.11713048741931896	0.18606997221269955	0.3260754213366631	0.4800071019891022	0.06716906729435651	99.02030698030086
0.05145843684631887	0.01	0.01	0.01	0.007	0.01	0.15448620739561036	0.04197734583073458	0.03732029392965846	0.03240456384858115	0.05014303327125709	0.1414603742908033	0.22320375551031285	0.3850314523647899	0.560982109461439	0.07972128300197519	98.92027918983497
0.05642685327566612	0.01	0.01	0.01	0.007	0.01	0.1679471964395634	0.045158608212469885	0.039207352317393786	0.0335796179302721	0.05281042289679576	0.1689194593040379	0.26468584041682625	0.4493762047820835	0.648105267960192	0.09348110204022368	98.81664911296241
0.06152468863205601	0.01	0.01	0.01	0.007	0.01	0.1815116494828864	0.04828894248170775	0.04094762930944231	0.03461090922269645	0.05499433936068669	0.19940042777535077	0.3102540163553784	0.51843356595406	0.7403265951963595	0.10824835247553177	98.71043248793596
0.06676355247196554	0.01	0.01	0.01	0.007	0.01	0.1951952509814305	0.05137054936817787	0.04255047244165704	0.03551366626453411	0.056589550778879234	0.2331052028925436	0.3601098234114155	0.5922614680897911	0.8376201496424845	0.1239375729658388	98.60139639618711
0.07224419113087216	0.01	0.01	0.01	0.007	0.01	0.20923771491051885	0.0544538554499045	0.044047235990554476	0.03631340137281827	0.05757130495839395	0.27088941258459476	0.41539559006997195	0.6722543507874852	0.9416970577150381	0.14070818858668147	98.48745716830422
0.07796828216855135	0.01	0.01	0.01	0.007	0.01	0.22361210750175192	0.05752755395533845	0.04543547352860173	0.037015404502326	0.057967654562868995	0.31304229271649237	0.4763856196108397	0.7584624399313108	1.0524774201389286	0.15840952054605706	98.36859727302298
0.08389343951943365	0.01	0.01	0.01	0.007	0.01	0.23818370806679426	0.06055879634476374	0.04670558736684497	0.03762193565480709	0.057888730565995555	0.3594998374918436	0.5428351468064693	0.8502166827767642	1.168989925715693	0.1767545917179884	98.24571335670204
0.09003594865739652	0.01	0.01	0.01	0.007	0.01	0.252966336097742	0.06354746232464202	0.04786423119175706	0.03814338532981894	0.05747610198544425	0.41061676910355754	0.6150951223926093	0.947699574973074	1.2913835690725846	0.19566239906649174	98.11848376188767
0.09644706115386045	0.01	0.01	0.01	0.007	0.01	0.2680518205393501	0.06650819453902912	0.0489229183790049	0.03859136831536305	0.05684935725094606	0.46709237945917176	0.6939745350014145	1.051672815015844	1.4205293747021	0.21518877033807712	97.98586632002535
0.10318187639019837	0.01	0.01	0.01	0.007	0.01	0.28352965881313175	0.0694530030856593	0.04989046133323254	0.03897521048118421	0.05609625066953459	0.5297601501635586	0.7804223997535076	1.1630073006110382	1.5574109924072805	0.23542157739497893	97.8467459521977
0.11027722513456632	0.01	0.01	0.01	0.007	0.01	0.2994365089393748	0.07238211559988951	0.05077087003794676	0.03930158773365371	0.055280254514967785	0.599377636137664	0.8752309386128623	1.2823000607071362	1.7026595992043092	0.2564074373017168	97.70039174344014
0.11775722489101648	0.01	0.01	0.01	0.007	0.01	0.3157729484115088	0.07528847888829536	0.05156620922153628	0.03957611258902115	0.05444681739383811	0.6766408430081116	0.9790607247012563	1.4099350301238212	1.8566475830101614	0.27816688337593437	97.5463404479227
0.12564153979687806	0.01	0.01	0.01	0.007	0.01	0.3325243291865495	0.07816239628903818	0.05227861510002123	0.039804203304623816	0.053627551046526174	0.7622431885217875	1.092523656354342	1.5462071254240208	2.0196505755241794	0.3007176367854926	97.3842251897256
0.13395243324258413	0.01	0.01	0.01	0.007	0.01	0.34967645623100774	0.08099457356724951	0.05291117875173622	0.039991322274836844	0.05284344189551586	0.8569448258206234	1.2162734171622385	1.6914403560067144	2.191992735992657	0.3240930574957605	97.21363040875909
0.14271620689586226	0.01	0.01	0.01	0.007	0.01	0.3672176858712275	0.08377645826898154	0.053467849490058596	0.04014283391756165	0.0521078356041151	0.9615955821089682	1.3510290848125672	1.846015437221183	2.3740783661158362	0.34834380387587205	97.03406321858616
0.15196360207259654	0.01	0.01	0.01	0.007	0.01	0.3851384899611659	0.0865001169311188	0.05395322048149434	0.04026385619633044	0.051428706948157744	1.0771492425398532	1.497585306325811	2.0103795459526848	2.566401281875111	0.37353685684897137	96.84494639738756
0.16172948699275796	0.01	0.01	0.01	0.007	0.01	0.40342952890484274	0.08915791461385822	0.0543723121835308	0.04035914889591606	0.05081029839665212	1.204669477016979	1.6568105580675792	2.185042620078074	2.769538296586273	0.3997530172271111	96.64562618286959
0.17205281284598323	0.01	0.01	0.01	0.007	0.01	0.4220803149370489	0.09174235015628543	0.05473042350022464	0.040433050293900354	0.05025421670844569	1.3453380995569937	1.8296477256781756	2.3705774680892127	2.984147387804902	0.42708554945994553	96.43537468759109
0.1829765340431299	0.01	0.01	0.01	0.007	0.01	0.44107784384144166	0.0942459417863327	0.05503301246445164	0.04048944311016118	0.04976017719889051	1.5004620828529427	2.0171124899905526	2.5676185842610435	3.2109644111067372	0.45563899626303045	96.21339320981708
0.19454763268157146	0.01	0.01	0.01	0.007	0.01	0.46040546316448366	0.0966611982519478	0.05528560079324988	0.04053174278238269	0.0493265066261692	1.671481052168879	2.2202918476232996	2.7768623322780677	3.450801378814297	0.48552844179358823	95.9788136099982
0.206817109259503	0.01	0.01	0.01	0.007	0.01	0.48004173551998247	0.09898063661286555	0.055493688460996636	0.04056290128542582	0.04895049649553226	1.8599732525359554	2.4403405297517042	2.999066130914368	3.7045434937753434	0.5168787790205708	95.73070059423547
0.21983996736313627	0.01	0.01	0.01	0.007	0.01	0.4999593825202145	0.101196855174668	0.05566267510597573	0.04058542333199379	0.04862866047382595	2.067660005040045	2.6784757437420454	3.235047188881629	3.973145550033294	0.5498240039121502	95.46805435737808
0.23367511452114503	0.01	0.01	0.01	0.007	0.01	0.5201242335105815	0.10330264788690509	0.055797784847358846	0.0406013922798592	0.04835693508687166	2.2964069913511995	2.9359688265384496	3.4856794035636303	4.257626121422649	0.5845063015772721	95.18981516903715
0.2483851673732691	0.01	0.01	0.01	0.007	0.01	0.5404942410531325	0.10529116229000282	0.055903994976049955	0.04061250387843201	0.04813084673527963	2.548221469235787	3.2141335435386025	3.751888214056073	4.5590593444226135	0.6210748770539383	94.89487012702553
0.2640360615984098	0.01	0.01	0.01	0.007	0.01	0.5610185238298128	0.10715608933313372	0.055985969554926435	0.04062010594587204	0.047945660779391094	2.825242889892945	3.5143091848758288	4.034641616179828	4.878562333442849	0.6596842771915544	94.58206403811909
0.2806964308022894	0.01	0.01	0.01	0.007	0.01	0.5816365339068772	0.1088918848762333	0.056048001054167844	0.04062524210974762	0.047796519962296086	3.129725151551617	3.8378378316925676	4.334936731792505	5.217277645636681	0.7004921276033917	94.25021505087061
0.29843668346415164	0.01	0.01	0.01	0.007	0.01	0.6022774238129098	0.11049401426967524	0.05609396315583813	0.04062869753107444	0.047678575625085276	3.464008000416954	4.186034660097156	4.653780741261694	5.576349567194391	0.7436561346791541	93.89813631308981
0.31732785937897096	0.01	0.01	0.01	0.007	0.01	0.6228598801811469	0.1119592191833111	0.05612727817286447	0.040631044502786894	0.047587110834066436	3.830477977112127	4.560153355571515	4.992167789525587	5.956896156648668	0.7893305867673357	93.52466184084265
0.3374404546995212	0.01	0.01	0.01	0.007	0.01	0.6432927261696292	0.11328579420296528	0.05615090146520838	0.04063268587257698	0.04751765308123083	4.2315221650609605	4.961351251804859	5.351055409546662	6.359981126070352	0.8376628463660022	93.12867267478917
0.3588436437323355	0.01	0.01	0.01	0.007	0.01	0.6634766684570681	0.11447385208488955	0.0561673241724493	0.040633894542893526	0.047466072612707286	4.669484142037213	5.390663929557631	5.73134817914428	6.78659427355396	0.8887908841150497	92.7091148133887
0.38160532781667666	0.01	0.01	0.01	0.007	0.01	0.6833072843577687	0.11552553074557363	0.05617859390805868	0.040634847748323266	0.04742866206921573	5.146633642228296	5.84899918173728	6.133896102053482	7.237648832904656	0.9428428708634007	92.26500067052861
0.4057932813534771	0.01	0.01	0.01	0.007	0.01	0.7026789605251706	0.11644508460256145	0.05618635136737681	0.040635655375024386	0.04740219239685298	5.665159617341858	6.337156557445623	6.559512040074033	7.714000458894184	0.9999394178149258	91.79538929482136
0.4314772708955439	0.01	0.01	0.01	0.007	0.01	0.7214890898323223	0.11723881349869253	0.05619187861386694	0.0406363821606497	0.04738394050538805	6.227188141776019	6.855869764591184	7.009005329330828	8.216484430861701	1.0601980857012452	91.29934852586841
0.45873157689665933	0.01	0.01	0.01	0.007	0.01	0.7396416789782045	0.1179148182442792	0.05619615243947117	0.04063706413586845	0.04737168658718224	6.834815162566193	7.405859117665024	7.48322091305147	8.745958923779853	1.1237387303127608	90.77591087761795
0.48763728370216913	0.01	0.01	0.01	0.007	0.01	0.7570498576909301	0.11848262056744907	0.05619989459366195	0.04063772008156264	0.047363683110504866	7.490139791319191	7.987879357165761	7.983072546142625	9.303341415286832	1.1906881380364793	90.22403580027847
0.5182836990187947	0.01	0.01	0.01	0.007	0.01	0.7736371464996631	0.11895270966704985	0.056203611239156015	0.04063835901229785	0.04735860195844647	8.195281342652196	8.602748313325565	8.509559016155936	9.889625886575196	1.2611824511794896	89.6425905244318
0.5507686234029955	0.01	0.01	0.01	0.007	0.01	0.7893378032042029	0.11933608239547618	0.056207618082825095	0.04063898474736684	0.04735546870599205	8.952370295801636	9.251349974831246	9.063759015195634	10.50587611766721	1.3353667809353411	89.0303542703376
0.5851973333445646	0.01	0.01	0.01	0.007	0.01	0.804096681277569	0.11964382395558601	0.05621205491005349	0.04063959851468546	0.04735359317495663	9.76350709890759	9.934609435635782	9.646803093802212	11.153193615061099	1.4133917860358975	88.38604749995659
0.6216804021617605	0.01	0.01	0.01	0.007	0.01	0.8178690677640812	0.11988675455044227	0.056216900790134784	0.04064020033109533	0.047352503551822085	10.630690170779205	10.653443308343302	10.259825873084912	11.83266400587588	1.4954076318813216	87.70838270321114
0.6603300682158613	0.01	0.01	0.01	0.007	0.01	0.8306206532241657	0.12007514589236863	0.056222003396499125	0.04064078967380901	0.047351888739577686	11.55570638210162	11.408681702207291	10.903895045373421	12.5452782725744	1.5815548473369863	86.9961407080404
0.7012539545781074	0.01	0.01	0.01	0.007	0.01	0.8423275077324126	0.12021850312261166	0.056227128645196967	0.04064136575978699	0.04735155108723014	12.53995689124675	12.200941402525595	11.579899569042055	13.2918095839354	1.6719496957788098	86.24829234391851
0.744545422814366	0.01	0.01	0.01	0.007	0.01	0.8529762508419206	0.12032541183814588	0.0562320233995618	0.040641927627616044	0.047351369735125735	13.584204240412996	13.030441567142322	12.288389180566691	14.072637515963574	1.7666629760381811	85.46417472603402
0.7902751272940928	0.01	0.01	0.01	0.007	0.01	0.8625655512393178	0.12040345244694375	0.05623647412089019	0.04064247419012075	0.04735127362773884	14.688357447718523	13.896855057317095	13.029444011050717	14.887607085094324	1.8657027662117192	84.64363546146105
0.8384936129320666	0.01	0.01	0.01	0.007	0.01	0.8711095221098036	0.12045916725862232	0.056240344686558516	0.040643004390692974	0.04735122263214973	15.851541061239393	14.799379134076547	13.802731519385532	15.736094813913057	1.969022106991353	83.78697066461659
0.8892470147071704	0.01	0.01	0.01	0.007	0.01	0.8786406310116254	0.12049805442389956	0.056243585483843124	0.04064351742987224	0.04735119497427189	17.07249750405032	15.737045997793414	14.607770548355676	16.617300602859203	2.0765542537696695	82.8946339391431
0.94259399837843	0.01	0.01	0.01	0.007	0.01	0.8852090365124338	0.12052458810489224	0.056246218180748285	0.04064401290053648	0.04735117928052086	18.350022900296956	16.709033665267576	15.444199819401147	17.530540517228573	2.18824842884117	81.96693979887053
0.9986139246948398	0.01	0.01	0.01	0.007	0.01	0.8908786164955672	0.12054228487186776	0.056248309165325874	0.04064449077121033	0.04735116979159452	19.68318150417756	17.714792605341906	16.311892284394105	18.47536747628039	2.304084944539167	81.00393695896841
1.057408116295265	0.01	0.01	0.01	0.007	0.01	0.8957221589916381	0.12055381795388403	0.05624994415892307	0.0406449512965333	0.04735116364306189	21.071340682466072	18.754035142277818	17.210953526670835	19.451563923976742	2.4240748534772036	80.00540945914982
1.1190998636457992	0.01	0.01	0.01	0.007	0.01	0.8998172560026244	0.12056115790673076	0.056251210207122704	0.040645394932365644	0.04735115940716296	22.514163248527474	19.82669787324261	18.14169750085911	20.459109556893466	2.5482566028043565	78.97090242956041
1.1838359663155966	0.01	0.01	0.01	0.007	0.01	0.903243126740122	0.12056571599193955	0.05625218565836795	0.040645822277450054	0.047351156351233686	24.011623931717565	20.93292740707211	19.104642701770782	21.498170904723384	2.6766954364281106	77.89972473655125
1.2517898063529556	0.01	0.01	0.01	0.007	0.01	0.9060781498026617	0.12056847506847582	0.05625293615927778	0.04064623403358237	0.04735115407686744	25.56404782246208	22.07308628955437	20.100526399008135	22.56910955296214	2.809485212702227	76.79093107712657
1.3231651866033451	0.01	0.01	0.01	0.007	0.01	0.9083979361230446	0.12057010093448865	0.056253514291765554	0.040646630974056484	0.04735115234983192	27.172150359957286	23.247762903911116	21.130323286037378	23.672493672811502	2.9467508018654565	75.64329863368044
1.3982005016088415	0.01	0.01	0.01	0.007	0.01	0.910273874864837	0.12057103220240274	0.056253960994197404	0.040647013915986456	0.04735115102096832	28.837066935097763	24.457775948448173	22.19526068254081	24.809104016323182	3.0886500052134545	74.4553069881139
1.4771729685932808	0.01	0.01	0.01	0.007	0.01	0.9117721079978467	0.12057154972179293	0.056254307594432756	0.04064738369462653	0.047351149988890374	30.560364543945386	25.70416744335333	23.296825252884027	25.97992873214291	3.2353743185296335	73.22512686226987
1.560402727373853	0.01	0.01	0.01	0.007	0.01	0.9129528858539709	0.12057182812853041	0.056254577836480565	0.04064774113876284	0.04735114918150886	32.34403037808393	26.98818003798958	24.436757711116	27.186143090434193	3.387148066021757	71.95062158105667
1.648255760808215	0.01	0.01	0.01	0.007	0.01	0.9138702389158241	0.12057197273850756	0.05625478963632121	0.04064808704293628	0.04735114854609994	34.19041499849314	28.311202108732093	25.617020896377735	28.429058674234287	3.5442239579530175	70.62937758967456
1.74114244547789	0.01	0.01	0.01	0.007	0.01	0.9145718995514784	0.12057204504010909	0.05625495649632511	0.04064842212619189	0.047351148043438145	36.10206788187721	29.674636355669058	26.839700991418535	29.710000483672417	3.7068697267225224	69.25880925485241
1.8395013542845062	0.01	0.01	0.01	0.007	0.01	0.915099405888251	0.12057207971104049	0.056255088594615046	0.04064874694825696	0.047351147644042926	38.08127275148433	31.079557091246222	28.106717717304768	31.02998532627096	3.8753293627383063	67.8364780672847
1.9437349141249671	0.01	0.01	0.01	0.007	0.01	0.9154883208485124	0.12057209558976974	0.05625519359216899	0.04064906170114847	0.04735114732567545	40.128686887763415	32.5257433160992	29.418959049450017	32.38881348759683	4.049707975613973	66.36106131261161
2.053986625692313	0.01	0.01	0.01	0.007	0.01	0.9157684917019201	0.12057210250042553	0.0562552771896703	0.04064936564361856	0.04735114707171562	42.23918137522185	34.00877837069292	30.773610119981697	33.782343229710214	4.229617283334543	64.83536584071743
2.169474274384724	0.01	0.01	0.01	0.007	0.01	0.915964362694955	0.12057210534212595	0.0562553434584938	0.04064965576665489	0.04735114687025309	44.39024963952447	35.5120717669732	32.15666745947706	35.19499241587799	4.4131837294829594	63.274815473072216
2.2874251590374586	0.01	0.01	0.01	0.007	0.01	0.9160960043573267	0.12057210644384116	0.05625539520123121	0.040649925793397816	0.04735114671306224	46.52551082739327	36.99578925608809	33.53218783804596	36.589331487833086	4.595628112979569	61.7197452827119
2.404125388060283	0.01	0.01	0.01	0.007	0.01	0.9161814864576253	0.12057210685457777	0.056255434978640384	0.040650170915084376	0.04735114659244547	48.57815970668666	38.413751899650265	34.85718825761524	37.92195885418759	4.771250798943076	60.21877948335613
2.518063958507886	0.01	0.01	0.01	0.007	0.01	0.9162366474229967	0.1205721070080746	0.05625546572430949	0.040650392988055	0.04735114649940942	50.526013830881254	39.751399189519965	36.11718640141113	39.17918061385147	4.938141809654659	58.78855674562088
2.6298894627204543	0.01	0.01	0.01	0.007	0.01	0.9162727463745824	0.12057210706694077	0.05625549003443899	0.04065059651026261	0.04735114642600823	52.384987524197996	41.02046163337252	37.32226429963593	40.372012149838625	5.097647155314371	57.41789263059579
2.7408353380079924	0.01	0.01	0.01	0.007	0.01	0.9162967598153107	0.12057210709006427	0.0562555097468918	0.04065078509413671	0.04735114636664397	54.1788873635712	42.23776037010329	38.487698951588875	41.51625678270778	5.251796401038456	56.0895933809476
2.8518498048880616	0.01	0.01	0.01	0.007	0.01	0.9163128957165181	0.12057210709926137	0.056255526050539795	0.040650961170148193	0.04735114631769651	55.924763564084934	43.41519514740671	39.62448175445613	42.623095086022666	5.402047462625919	54.79123000335376
2.9633829062369945	0.01	0.01	0.01	0.007	0.01	0.9163237713256784	0.12057210710292632	0.05625553971306181	0.04065112629590618	0.0473511462768215	57.63045637325646	44.55823663160119	40.737676248377845	43.697666086499275	5.549071614901769	53.517065358069026
3.07547112563557	0.01	0.01	0.01	0.007	0.01	0.9163310896457594	0.12057210710438071	0.0562555512566416	0.04065128144091507	0.0473511462424172	59.296969970981294	45.66769059362879	41.827909744225096	44.740724142351276	5.6929530221397115	52.26640998769039
3.1879396981786696	0.01	0.01	0.01	0.007	0.01	0.9163359981187592	0.12057210710495464	0.05625556106622978	0.040651427290125525	0.047351146213298105	60.92224385253573	46.74233177527106	42.89379848755363	45.751114097896135	5.83351061399503	51.04088579161601
3.300577220727519	0.01	0.01	0.01	0.007	0.01	0.9163392807578834	0.12057210710518022	0.0562555694451213	0.04065156445487057	0.04735114618852942	62.503998448047646	47.78083783305301	43.93379592530126	46.72758917746002	5.970542597947674	49.8423207139782
3.4132348238608596	0.01	0.01	0.01	0.007	0.01	0.9163414724035146	0.12057210710526862	0.056255576640589056	0.04065169355408407	0.04735114616734904	64.04112482642131	48.782700872244874	44.947107150704966	47.66966811066247	6.103946938584032	48.67169469332417
3.525850276080209	0.01	0.01	0.01	0.007	0.01	0.9163429348888783	0.1205721071053033	0.05625558285558777	0.040651815207941935	0.047351146149133085	65.53385948596681	49.74831502636136	45.93381391264846	48.577717720095734	6.2337374206705665	47.52898532600365
3.6384259482419967	0.01	0.01	0.01	0.007	0.01	0.916343910969669	0.12057210710531692	0.05625558825561507	0.040651930005639776	0.047351146133373746	66.98332847517159	50.67865326524752	46.894583767297014	49.45264922648695	6.360004963134777	46.41349388870488
3.750992915927463	0.01	0.01	0.01	0.007	0.01	0.9163445626569692	0.12057210710532223	0.05625559297453884	0.04065203848256393	0.04735114611966086	68.39098151125873	51.574886104047664	47.83030177508959	50.29555980084704	6.482868938883478	45.32426594104041
3.8635823530414286	0.01	0.01	0.01	0.007	0.01	0.9163449978720305	0.12057210710532436	0.05625559712027849	0.040652141114008444	0.04735114610766483	69.75819916234768	52.43812546332902	48.74181175372283	51.10749170035394	6.602443105196223	44.26039009646704
3.976211669727702	0.01	0.01	0.01	0.007	0.01	0.916345288533878	0.12057210710532516	0.05625560078009498	0.04065223832010851	0.04735114609711918	71.08613485382061	53.26932707144381	49.62981027336581	51.88934044672485	6.718821727877279	43.22112249594537
4.08888326877999	0.01	0.01	0.01	0.007	0.01	0.9163454826302705	0.12057210710532551	0.05625560402511441	0.04065233047513443	0.047351146087807466	72.37572737281886	54.06930357335099	50.494853148316444	52.641867112187484	6.8320805109115375	42.20588120655239
4.201590072346699	0.01	0.01	0.01	0.007	0.01	0.9163456122164912	0.12057210710532561	0.056255606913912556	0.04065241791651314	0.04735114607955158	73.62778816241209	54.83878339230655	51.33741229358256	53.36575365275225	6.942284111825047	41.21418130230473
4.314322181012969	0.01	0.01	0.01	0.007	0.01	0.9163456987161404	0.12057210710532568	0.05625560949521472	0.04065250095150156	0.04735114607220366	74.84308803822485	55.57846656044187	52.15793316092682	54.06165541088401	7.049493692709045	40.24556824512496
4.427071466973429	0.01	0.01	0.01	0.007	0.01	0.9163457564466	0.12057210710532568	0.056255611809883616	0.040652579861424634	0.04735114606564002	76.02240885159789	56.28905660389167	52.956869469762346	54.730231108522744	7.153771464843533	39.299577055895504
4.539833242278765	0.01	0.01	0.01	0.007	0.01	0.9163457949726302	0.12057210710532568	0.05625561389239327	0.04065265490432395	0.047351146059756793	77.16655710004599	56.97126796388742	53.73469273139924	55.37214983246313	7.255181919662661	38.37572072573479
4.652605805275773	0.01	0.01	0.01	0.007	0.01	0.916345820681248	0.12057210710532568	0.05625561577195817	0.040652726316939176	0.04735114605446603	78.27635417835951	57.625819121879196	54.49188603260618	55.98808456991652	7.35379100161719	37.47349717103917
4.765389104706088	0.01	0.01	0.01	0.007	0.01	0.9163458378360698	0.12057210710532568	0.05625561747342756	0.040652794316553775	0.04735114604969323	79.3526195345396	58.25342190143078	55.22893284369818	56.578702143684694	7.449664638458144	36.59240225344205
4.878183418010851	0.01	0.01	0.01	0.007	0.01	0.916345849282705	0.12057210710532568	0.056255619018013875	0.040652859102847404	0.04735114604537488	80.3961565840326	58.85477296919657	55.94630749238698	57.144655213044985	7.542867497213917	35.7319410392969
4.9909886491358	0.01	0.01	0.01	0.007	0.01	0.9163458569202185	0.12057210710532568	0.05625562042389568	0.04065292085969521	0.047351146041456786	81.40774648585655	59.43055035106654	56.644470857188104	57.68657899179672	7.633462425782232	34.89163299087345
5.103804149056444	0.01	0.01	0.01	0.007	0.01	0.9163458620159568	0.12057210710532568	0.0562556217067157	0.040652979756805804	0.047351146037892596	82.38814756801452	59.98141338388186	57.323869874370764	58.205091198825116	7.721510392818317	34.0710126566296
5.216628894938367	0.01	0.01	0.01	0.007	0.01	0.9163458654156758	0.12057210710532568	0.05625562287998966	0.040653035951145715	0.04735114603464191	83.33809796534828	60.50800449047362	57.98493926272971	58.70079372504347	7.807070715378614	33.26962769163245
5.329461774026764	0.01	0.01	0.01	0.007	0.01	0.9163458676837698	0.12057210710532568	0.05625562395544402	0.040653089588155014	0.04735114603167025	84.25831875496387	61.01095113348398	58.628103631079064	59.17427446935009	7.890201334629753	32.48703637632981
5.442301785440525	0.01	0.01	0.01	0.007	0.01	0.9163458691968546	0.12057210710532568	0.05625562494328979	0.040653140802797305	0.0473511460289475	85.14951597740732	61.490867047511365	59.253778850101554	59.62610849591174	7.970958994740134	31.722805985703275
5.555148152335327	0.01	0.01	0.01	0.007	0.01	0.9163458702062283	0.12057210710532568	0.05625562585245036	0.040653189720479925	0.04735114602644752	86.01238166829096	61.9483528660899	59.862372757434	60.05685862213897	8.049399334588061	30.976511943757448
5.668000277123384	0.01	0.01	0.01	0.007	0.01	0.9163458708795598	0.12057210710532568	0.05625562669074812	0.040653236457893094	0.04735114602414739	86.84759358837309	62.38399603246657	60.45428495498672	60.46707533249421	8.125576862057482	30.24773808041883
5.780857696671244	0.01	0.01	0.01	0.007	0.01	0.9163458713287139	0.12057210710532568	0.05625562746506202	0.04065328112376444	0.04735114602202667	87.655815030617	62.798370771781435	61.02990665253523	60.857296750063554	8.199544934614421	29.53607683989555
5.893720022531113	0.01	0.01	0.01	0.007	0.01	0.9163458716283213	0.12057210710532568	0.05625562818145838	0.040653323819544056	0.04735114602006801	88.43769459607283	63.19203806839018	61.58962048077543	61.228048612925114	8.271355736287186	28.841129535319986
6.006586881156203	0.01	0.01	0.01	0.007	0.01	0.9163458718281696	0.12057210710532568	0.05625562884530168	0.040653364640027084	0.04735114601825582	89.1938660546764	63.56554570979506	62.13380035564732	61.57984431320035	8.34106026159894	28.16250654953232
6.119457906431368	0.01	0.01	0.01	0.007	0.01	0.9163458719614728	0.12057210710532568	0.05625562946134911	0.04065340367390534	0.04735114601657633	89.92494861687898	63.919428550476454	62.662811631416346	61.91318514321469	8.40870833675882	27.499827182905776
6.232332754629065	0.01	0.01	0.01	0.007	0.01	0.9163458720503875	0.12057210710532568	0.056255630033830675	0.04065344100425956	0.04735114601501719	90.63154734675999	64.25420884235233	63.1770113566793	62.228560604492266	8.474348653994475	26.85271937177164
6.3452110819878635	0.01	0.01	0.01	0.007	0.01	0.9163458721096933	0.12057210710532568	0.05625563056651599	0.04065347670901262	0.047351146013567755	91.31425332757533	64.57039644304437	63.67674835198354	62.526448601722024	8.538028783045101	26.2208196296292
6.458092597047968	0.01	0.01	0.01	0.007	0.01	0.9163458721492499	0.12057210710532568	0.05625563106277398	0.04065351086131769	0.04735114601221807	91.97364427850476	64.8684892321139	64.16236361793841	62.80731583271965	8.59979522476114	25.603772570329806
6.570977023278103	0.01	0.01	0.01	0.007	0.01	0.9163458721756332	0.12057210710532568	0.0562556315256214	0.040653543529934756	0.04735114601095961	92.61028460483368	65.14897325670833	64.63419033172818	63.07161792354546	8.65969341213531	25.001230948615564
6.683864128984624	0.01	0.01	0.01	0.007	0.01	0.9163458721932302	0.12057210710532568	0.056255631957766346	0.04065357477955246	0.04735114600978479	93.22472584840385	65.41232305991164	65.09255413754083	63.31979973581159	8.717767748752008	24.41285532814745
6.796753689934402	0.01	0.01	0.01	0.007	0.01	0.9163458722049669	0.12057210710532568	0.056255632361644534	0.040653604671101407	0.04735114600868653	93.81750675133146	65.65900183564035	65.53777315145246	63.55229551060201	8.774061610947273	23.838314113189274
6.909645511786832	0.01	0.01	0.01	0.007	0.01	0.9163458722127947	0.12057210710532568	0.0562556327394514	0.040653633262021475	0.047351146007658634	94.38915365498505	65.88946172990414	65.97015821514874	63.76952915036509	8.82861738154578	23.27728326223008
7.022539415143573	0.01	0.01	0.01	0.007	0.01	0.9163458722180154	0.12057210710532568	0.056255633093169964	0.04065366060651745	0.04735114600669545	94.940180689439	66.10414404949965	66.39001299428729	63.97191441362681	8.881476463879494	22.72944620017583
7.135435250504333	0.01	0.01	0.01	0.007	0.01	0.9163458722214975	0.12057210710532568	0.0562556334245946	0.04065368675578194	0.04735114600579198	95.47109011220829	66.30347952942833	66.79763419019162	64.15985516510709	8.932679310091629	22.194493583164164
7.248332853407278	0.01	0.01	0.01	0.007	0.01	0.9163458722238198	0.12057210710532568	0.05625563373535176	0.04065371175822223	0.04735114600494349	95.98237236033823	66.48788848988485	67.1933115324273	64.3337455217728	8.98226542188224	21.672123350095184
7.361232081814468	0.01	0.01	0.01	0.007	0.01	0.9163458722253687	0.12057210710532568	0.0562556340269187	0.04065373565963828	0.047351146004146125	96.47450649482033	66.6577811419326	67.57732807182552	64.49397013911846	9.030273389024693	21.16204038073077
7.474132801159225	0.01	0.01	0.01	0.007	0.01	0.9163458722264016	0.12057210710532568	0.05625563430063938	0.04065375850340403	0.04735114600339573	96.9479603859674	66.81355779017397	67.9499602767925	64.64090440039057	9.07674090309306	20.663956409916302
7.5870348993015995	0.01	0.01	0.01	0.007	0.01	0.9163458722270904	0.12057210710532568	0.05625563455773846	0.040653780330623765	0.04735114600268913	97.40319102660088	66.95560907776697	68.31147822989686	64.7749146457945	9.121704783707484	20.177589808172744
7.699938279052402	0.01	0.01	0.01	0.007	0.01	0.9163458722275499	0.12057210710532568	0.056255634799333584	0.04065380118028263	0.04735114600202307	97.84064474057801	67.08431619176663	68.66214574407265	64.89635836433403	9.165200994684854	19.702665467907703
7.812842820786866	0.01	0.01	0.01	0.007	0.01	0.9163458722278565	0.12057210710532568	0.056255635026446295	0.040653821089400057	0.04735114600139501	98.260757284531	67.20005104045693	69.00222039159137	65.00558435925109	9.207264649429648	19.238914809430025
7.925748434786707	0.01	0.01	0.01	0.007	0.01	0.9163458722280607	0.12057210710532568	0.056255635240012015	0.04065384009313416	0.047351146000801835	98.66395429170588	67.3031765280039	69.33195380845008	65.10293300534495	9.247930050446364	18.786075412936665
8.038655038808727	0.01	0.01	0.01	0.007	0.01	0.916345872228197	0.12057210710532568	0.05625563544088833	0.040653858224907274	0.047351146000241595	99.05065141287463	67.39404673322537	69.65159175856584	65.18873641587658	9.28723069896607	18.34389097338514
8.15156256556289	0.01	0.01	0.01	0.007	0.01	0.9163458722282878	0.12057210710532568	0.05625563562986249	0.04065387551651004	0.047351145999711956	99.42125456839051	67.47300711819479	69.96137428807637	65.2633186376679	9.325199315715006	17.912111132461373
8.26447093280218	0.01	0.01	0.01	0.007	0.01	0.9163458722283485	0.12057210710532568	0.05625563580765816	0.04065389199821521	0.04735114599921088	99.77616007410116	67.54039470738869	70.26153577508501	65.32699581842395	9.361867848839655	17.49049145557263
8.377380073233262	0.01	0.01	0.01	0.007	0.01	0.916345872228389	0.12057210710532568	0.05625563597494172	0.040653907698856226	0.0473511459987367	100.11575496269874	67.59653830719915	70.55230514309737	65.38007641222399	9.397267501885404	17.07879318049622
8.490289927039226	0.01	0.01	0.01	0.007	0.01	0.916345872228416	0.12057210710532568	0.05625563613232714	0.040653922645915726	0.04735114599828753	100.44041717061714	67.64175868987336	70.83390596480777	65.42286135147002	9.431428748243288	16.676783116433494
8.603200441879876	0.01	0.01	0.01	0.007	0.01	0.916345872228434	0.12057210710532568	0.0562556362803811	0.040653936865605374	0.04735114599786186	100.7505157463807	67.67636877966561	71.10655658462059	65.45564422096761	9.464381347867077	16.284233516312266
8.716111557936268	0.01	0.01	0.01	0.007	0.01	0.916345872228446	0.12057210710532568	0.05625563641962696	0.04065395038294662	0.047351145997458384	101.04641101608183	67.70067383231863	71.37047020407566	65.47871142573344	9.4961543594892	15.900922002082604
8.829023222866414	0.01	0.01	0.01	0.007	0.01	0.9163458722284538	0.12057210710532568	0.05625563655054906	0.04065396322183223	0.04735114599707554	101.3284548281331	67.71497162083377	71.62585503786032	65.49234236480899	9.526776161340635	15.526631387716344
8.941935384327593	0.01	0.01	0.01	0.007	0.01	0.9163458722284591	0.12057210710532568	0.05625563667359575	0.0406539754050935	0.04735114599671229	101.59699073029512	67.71955260914672	71.87291441201482	65.49680959367659	9.556274464828947	15.161149584002878
9.054848019888162	0.01	0.01	0.01	0.007	0.01	0.9163458722284626	0.12057210710532568	0.05625563678918265	0.04065398695454512	0.04735114599636737	101.8523542299872	67.71470012250704	72.11184694059273	65.4923789836499	9.584676337527759	14.804269385831468
9.167761084682303	0.01	0.01	0.01	0.007	0.01	0.916345872228465	0.12057210710532568	0.05625563689769541	0.04065399789106617	0.04735114599603984	102.0948728578286	67.70069051295191	72.34284652175415	65.4793098765644	9.612008204594169	14.45578852630689
9.28067454879968	0.01	0.01	0.01	0.007	0.01	0.9163458722284666	0.12057210710532568	0.05625563699949208	0.040654008234633617	0.047351145995728774	102.3248664402975	67.67779332458288	72.56610252767656	65.45785523943213	9.63829587328449	14.115509443041063
9.393588359895618	0.01	0.01	0.01	0.007	0.01	0.9163458722284678	0.12057210710532568	0.056255637094906094	0.04065401800438996	0.047351145995433136	102.54264720289078	67.64627146097355	72.7817998361259	65.42826182104427	9.66356453864242	13.783239280860245
9.506502495537092	0.01	0.01	0.01	0.007	0.01	0.9163458722284684	0.12057210710532568	0.05625563718424702	0.040654027218660634	0.047351145995152125	102.7485200519699	67.60638133072038	72.990119037045	65.39077028810304	9.687838809749929	13.458789626595697
9.619416940768934	0.01	0.01	0.01	0.007	0.01	0.916345872228469	0.12057210710532568	0.05625563726780367	0.04065403589500828	0.04735114599488501	102.94278269481289	67.55837300074339	73.19123648553753	65.34561536859742	9.711142717790002	13.14197647528468
9.732331658201659	0.01	0.01	0.01	0.007	0.01	0.9163458722284693	0.12057210710532568	0.05625563734584502	0.04065404405028804	0.047351145994630923	103.12572575835361	67.50249036015131	73.38532434880985	65.29302600517124	9.733499723543183	12.832620209600051
9.845246617923602	0.01	0.01	0.01	0.007	0.01	0.9163458722284694	0.12057210710532568	0.05625563741862239	0.04065405170066905	0.04735114599438928	103.29763300975208	67.4389712571156	73.572550759122	65.23322548313247	9.754932737153188	12.530545411962397
9.958161804979097	0.01	0.01	0.01	0.007	0.01	0.9163458722284695	0.12057210710532568	0.05625563748637008	0.04065405886166482	0.047351145994159405	103.45878152440986	67.36804763481972	73.75307991823621	65.16643155758746	9.775464132107716	12.235580748619636
10.071077204412388	0.01	0.01	0.01	0.007	0.01	0.9163458722284696	0.12057210710532568	0.056255637549307076	0.04065406554817362	0.047351145993940746	103.60944181745572	67.28994567767627	73.92707216330639	65.09285659026543	9.79511575477408	11.947558915149171
10.183992786311405	0.01	0.01	0.01	0.007	0.01	0.9163458722284697	0.12057210710532568	0.05625563760763852	0.04065407177451805	0.047351145993732774	103.7498779800801	67.20488596012926	74.09468403591126	65.01270768881632	9.813908934354194	11.666316578580995
10.296908528242064	0.01	0.01	0.01	0.007	0.01	0.9163458722284697	0.12057210710532568	0.05625563766155602	0.04065407755446118	0.04735114599353485	103.88034786164869	67.1130835660104	74.25606840627077	64.92618681839213	9.831864499015573	11.391694226685996
10.409824400292058	0.01	0.01	0.01	0.007	0.01	0.9163458722284697	0.12057210710532568	0.056255637711239245	0.040654082901241936	0.04735114599334661	104.00110319794634	67.01474823028798	74.41137453749167	64.83349093434475	9.849002785194054	11.123536115099261
10.522740409939678	0.01	0.01	0.01	0.007	0.01	0.9163458722284697	0.12057210710532568	0.056255637756856394	0.04065408782757527	0.04735114599316756	104.11238980014883	66.91008442580707	74.56074823018454	64.73481206309292	9.86534365571578	10.861690074361999
10.635656534750645	0.01	0.01	0.01	0.007	0.01	0.9163458722284697	0.12057210710532568	0.05625563779856537	0.040654092345714314	0.04735114599299729	104.21444762159237	66.79929154549764	74.70433181151438	64.63033747300594	9.880906500717515	10.606007584680505
10.748572767246921	0.01	0.01	0.01	0.007	0.01	0.9163458722284697	0.12057210710532568	0.05625563783651417	0.040654096467446936	0.04735114599283523	104.30751094222668	66.68256398465216	74.84226427723014	64.52024975111205	9.895710255413313	10.356343585640374
10.861489092472292	0.01	0.01	0.01	0.007	0.01	0.9163458722284697	0.12057210710532568	0.05625563787084212	0.04065410020413065	0.04735114599268138	104.39180848062256	66.56009128077255	74.97468134095467	64.40472693410146	9.909773407619245	10.11255644589505
10.974405502948668	0.01	0.01	0.01	0.007	0.01	0.9163458722284697	0.12057210710532568	0.05625563790167934	0.04065410356670343	0.04735114599253495	104.4675635370309	66.43205821420908	75.10171552941772	64.28394260237977	9.923114010212538	9.874507849855133
11.087321976241611	0.01	0.01	0.01	0.007	0.01	0.9163458722284697	0.12057210710532568	0.0562556379291491	0.04065410656571656	0.047351145992395816	104.53499410564832	66.29864494672627	75.22349623215698	64.1580660099193	9.93574968870384	9.642062766855965
11.200238497394814	0.01	0.01	0.01	0.007	0.01	0.9163458722284697	0.12057210710532568	0.056255637953366494	0.040654109211338545	0.047351145992263824	104.59431301562812	66.16002710757967	75.34014980096939	64.02726216461836	9.94769765400883	9.415089326467836
11.313155058930125	0.01	0.01	0.01	0.007	0.01	0.9163458722284697	0.12057210710532568	0.0562556379744402	0.04065411151337285	0.04735114599213836	104.64572805000711	66.0163758997737	75.45179961980769	63.89169192771221	9.958974711986476	9.193458745663973
11.426071668325735	0.01	0.01	0.01	0.007	0.01	0.9163458722284697	0.12057210710532568	0.0562556379924725	0.04065411348126873	0.04735114599201923	104.68944206462578	65.86785819394953	75.55856618002919	63.751512101529194	9.96959727344669	8.977045243451986
11.538988318103485	0.01	0.01	0.01	0.007	0.01	0.9163458722284697	0.12057210710532568	0.05625563800755962	0.04065411512415457	0.04735114599190651	104.72565309074002	65.71463666960734	75.6605671192469	63.606875561946595	9.979581360496992	8.765726028242822
11.651904993307033	0.01	0.01	0.01	0.007	0.01	0.9163458722284697	0.12057210710532568	0.05625563801979213	0.04065411645084765	0.04735114599179942	104.75455445512989	65.55686990832935	75.75791729757982	63.457931345575645	9.988942616676784	8.559381211329612
11.764821686458207	0.01	0.01	0.01	0.007	0.01	0.9163458722284697	0.12057210710532568	0.0562556380292556	0.04065411746985893	0.04735114599169804	104.77633489557743	65.39471247171724	75.8507288763235	63.30482472252951	9.997696317168055	8.357893710961857
11.87773839007883	0.01	0.01	0.01	0.007	0.01	0.9163458722284697	0.12057210710532568	0.05625563803603074	0.04065411818941035	0.04735114599160196	104.79117866584717	65.22831500702287	75.93911137437622	63.14769729535123	10.005857376753672	8.161149200480372
11.990655104168903	0.01	0.01	0.01	0.007	0.01	0.9163458722284697	0.12057210710532568	0.05625563804019322	0.04065411861744232	0.04735114599151122	104.79926564158762	65.05782432941335	76.02317173582598	62.98668707590123	10.013440358779887	7.969036030936585
12.103571821250247	0.01	0.01	0.01	0.007	0.01	0.9163458722284697	0.12057210710532568	0.056255638041814715	0.04065411876163485	0.0473511459914255	104.80077142151241	64.88338353552368	76.10301437896929	62.82192859181084	10.020459482358703	7.781445193840122
12.21648851888833	0.01	0.01	0.01	0.007	0.01	0.9163458722284697	0.12057210710532568	0.056255638040962966	0.040654118629422725	0.047351145991344684	104.79586743081873	64.70513210603174	76.17874125211499	62.65355298259951	10.026928630231383	7.5982702698348135
12.32940520456133	0.01	0.01	0.01	0.007	0.01	0.9163458722284697	0.12057210710532568	0.05625563803770156	0.040654118227978826	0.047351145991268336	104.7847210179277	64.52320592224908	76.25045192179866	62.48168801458653	10.032861359266677	7.419407295304266
12.442321878269247	0.01	0.01	0.01	0.007	0.01	0.9163458722284697	0.12057210710532568	0.056255638032090834	0.04065411756424654	0.04735114599119653	104.76749554901424	64.33773740847477	76.31824360223374	62.30645821460671	10.038270905762172	7.244754766240066
12.555238540012086	0.01	0.01	0.01	0.007	0.01	0.9163458722284697	0.12057210710532568	0.05625563802418755	0.04065411664494475	0.04735114599112903	104.74435050216883	64.14885560379243	76.38221121598836	62.127984937107435	10.043170193464174	7.074213568065433
12.668155182311672	0.01	0.01	0.01	0.007	0.01	0.9163458722284697	0.12057210710532568	0.05625563801404549	0.04065411547658177	0.04735114599106567	104.7154415611359	63.956686256155635	76.44244744406768	61.94638645232137	10.04757184065152	6.907686930284896
12.78107179768984	0.01	0.01	0.01	0.007	0.01	0.9163458722284697	0.12057210710532568	0.05625563800171511	0.04065411406545873	0.04735114599100637	104.68092070415776	63.76135188970786	76.4990427834142	61.76177800916846	10.051488167723694	6.745080359636371
12.893988386146596	0.01	0.01	0.01	0.007	0.01	0.9163458722284697	0.12057210710532568	0.05625563798724435	0.04065411241767346	0.047351145990950916	104.64093628842396	63.562971868921956	76.55208560168698	61.57427189516301	10.054931204422278	6.586301576129734
13.006904940203778	0.01	0.01	0.01	0.007	0.01	0.9163458722284697	0.12057210710532568	0.0562556379706784	0.04065411053913755	0.047351145990899235	104.59563313990319	63.36166250005004	76.60166217996094	61.383977531602	10.057912696159198	6.431260482251102
13.1198214598614	0.01	0.01	0.01	0.007	0.01	0.9163458722284697	0.12057210710532568	0.05625563795205974	0.04065410843557397	0.04735114599085104	104.54515263132261	63.157537078655	76.64785676878049	61.1910015178104	10.06044411116047	6.2798690908154695
13.23273794511947	0.01	0.01	0.01	0.007	0.01	0.9163458722284697	0.12057210710532568	0.05625563793142881	0.04065410611252932	0.04735114599080652	104.48963276562175	62.95070597453474	76.69075163218761	60.99544771074465	10.06253664672417	6.132041485928428
13.345654388499842	0.01	0.01	0.01	0.007	0.01	0.9163458722284697	0.12057210710532568	0.05625563790882353	0.04065410357538474	0.04735114599076538	104.42920825955018	62.74127671606111	76.73042709196743	60.797417304067444	10.064201235503589	5.987693783672038
13.458570790002529	0.01	0.01	0.01	0.007	0.01	0.9163458722284697	0.12057210710532568	0.056255637884279855	0.04065410082935308	0.04735114599072741	104.36401061384662	62.52935403147722	76.76696157897727	60.597008866542616	10.065448552010979	5.846744064932404
13.571487149627549	0.01	0.01	0.01	0.007	0.01	0.9163458722284697	0.12057210710532568	0.0562556378578315	0.0406540978794899	0.047351145990692636	104.29416819215406	62.315039929418916	76.80043167456975	60.39431841752967	10.066289018517935	5.709112339052817
13.684403467374915	0.01	0.01	0.01	0.007	0.01	0.9163458722284697	0.12057210710532568	0.05625563782951047	0.040654094730698795	0.04735114599066098	104.21980629497838	62.09843376442129	76.8309121541363	60.18943948829993	10.066732810994983	5.57472049843527
13.797319743244646	0.01	0.01	0.01	0.007	0.01	0.9163458722284697	0.12057210710532568	0.05625563779934695	0.040654091387737644	0.04735114599063235	104.14104723190539	61.87963230087443	76.85847602962575	59.98246318190202	10.066789864911348	5.443492274210725
13.910235977236756	0.01	0.01	0.01	0.007	0.01	0.9163458722284697	0.12057210710532568	0.056255637767369346	0.04065408785522324	0.04735114599060657	104.05801039211761	61.65872977546495	76.88319459106182	59.77347823161072	10.066469880898179	5.31535319295299
14.023152169351258	0.01	0.01	0.01	0.007	0.01	0.9163458722284697	0.12057210710532568	0.05625563773360432	0.04065408413763681	0.04735114599058364	103.97081231325063	61.43581795813896	76.90513744708335	59.562571057992734	10.065782330278454	5.1902305344116115
14.136068312110032	0.01	0.01	0.01	0.007	0.01	0.9163458722284697	0.12057210710532568	0.056255637698076975	0.040654080239333874	0.04735114599056344	103.8795667548028	61.21098622657302	76.9243725633443	59.34982583877052	10.064736460547621	5.068053298235302
14.2489844055131	0.01	0.01	0.01	0.007	0.01	0.9163458722284697	0.12057210710532568	0.056255637660811195	0.0406540761645384	0.04735114599054574	103.78438475220933	60.98432159473616	76.94096630405738	59.13532453526243	10.063341300552853	4.948752147115877
14.361900449560483	0.01	0.01	0.01	0.007	0.01	0.9163458722284697	0.12057210710532568	0.05625563762182925	0.040654071917353	0.04735114599053081	103.68537468630936	60.75590878418592	76.9549834680084	58.91914695926792	10.061605665650472	4.832259376023254
14.474816436774075	0.01	0.01	0.01	0.007	0.01	0.9163458722284697	0.12057210710532568	0.05625563758115205	0.04065406750176747	0.04735114599051826	103.58264235286892	60.52583029474999	76.9664873247326	58.701370839394436	10.059538162881067	4.718508881223133
14.58773237463203	0.01	0.01	0.01	0.007	0.01	0.9163458722284697	0.12057210710532568	0.05625563753879942	0.04065406292164864	0.04735114599050819	103.47629100340411	60.294166412936804	76.97553965286406	58.48207182845739	10.057147195477656	4.607436100072742
14.700648263134365	0.01	0.01	0.01	0.007	0.01	0.9163458722284697	0.12057210710532568	0.05625563749478954	0.04065405818075859	0.04735114599050043	103.3664214246753	60.06099531018038	76.98220077258378	58.26132359592047	10.05444096801613	4.498977997427832
14.813564102281106	0.01	0.01	0.01	0.007	0.01	0.9163458722284697	0.12057210710532568	0.056255637449139986	0.04065405328275366	0.047351145990495065	103.25313199053524	59.826393079316006	76.98652958094672	58.03919786188926	10.051427490992111	4.39307302205958
14.926479877116046	0.01	0.01	0.01	0.007	0.01	0.9163458722284697	0.12057210710532568	0.056255637401866836	0.040654048231197816	0.047351145990492	103.13651873449865	59.590433816245074	76.98858358526415	57.815764473902476	10.048114585849671	4.289661085255893
15.039395610073552	0.01	0.01	0.01	0.007	0.01	0.9163458722284697	0.12057210710532568	0.05625563735298535	0.04065404302953172	0.04735114599049099	103.01667535112551	59.35318955962269	76.98841893669005	57.59109134929427	10.044509887897334	4.188683478860143
15.152311278719317	0.01	0.01	0.01	0.007	0.01	0.9163458722284697	0.12057210710532568	0.05625563730250945	0.04065403768113004	0.04735114599049229	102.89369333575237	59.11473051092184	76.98609046103009	57.36524468306688	10.040620853126343	4.090082916905379
15.265226898009583	0.01	0.01	0.01	0.007	0.01	0.9163458722284697	0.12057210710532568	0.056255637250452316	0.04065403218925088	0.04735114599049559	102.76766195071978	58.875124908656154	76.98165169019433	57.138288828277084	10.036454759889507	3.9938034291142532
15.378142475422472	0.01	0.01	0.01	0.007	0.01	0.9163458722284697	0.12057210710532568	0.05625563719682627	0.04065402655706748	0.04735114599050088	102.63866832393487	58.63443916807904	76.97515489217336	56.91028642783452	10.032018714416399	3.899790369871033
15.491057996001805	0.01	0.01	0.01	0.007	0.01	0.9163458722284697	0.12057210710532568	0.05625563714164274	0.04065402078768189	0.04735114599050815	102.50679751809373	58.39273795830989	76.96665110276368	56.68129848708299	10.027319655605318	3.8079903984303667
15.603973467225703	0.01	0.01	0.01	0.007	0.01	0.9163458722284697	0.12057210710532568	0.056255637084911776	0.04065401488409794	0.04735114599051744	102.37213252874183	58.15008415026382	76.95619015202432	56.4513843239938	10.022364357221532	3.7183514112845595
15.716888889094188	0.01	0.01	0.01	0.007	0.01	0.9163458722284697	0.12057210710532568	0.05625563702664336	0.04065400884924329	0.04735114599052874	102.2347543664207	57.90653892288755	76.9438206942253	56.22060166933337	10.017159432923478	3.6308225376466887
15.82980424665111	0.01	0.01	0.01	0.007	0.01	0.9163458722284697	0.12057210710532568	0.05625563696684634	0.040654002685977374	0.04735114599054165	102.09474211396915	57.662161821208834	76.92959023718294	55.98900672121228	10.011711340492598	3.5453541154646433
15.942719562330751	0.01	0.01	0.01	0.007	0.01	0.9163458722284697	0.12057210710532568	0.05625563690552876	0.04065399639705914	0.04735114599055654	101.95217290743969	57.41701068355724	76.91354516263469	55.75665407565096	10.006026382987102	3.4618976236817827
16.0	0.01	0.01	0.01	0.007	0.01	0.9163458722284697	0.12057210710532568	0.05625563687384773	0.040654002130472926	0.0473511459905647	101.8788960016891	57.292370863948015	76.9047264681674	55.638511994578565	10.00305389453206	3.4203152542818396
