0.0	0.01	0.01	0.01	0.007	0.01	0.0	0.0	0.0	0.0	0.0	0.0	0.0	0.0	0.0	0.0	100.0
0.003332139678108737	0.01	0.01	0.01	0.007	0.01	0.010330883151359296	0.0027788859317210025	0.0032446962582511497	0.004007908929739928	0.005206862230736217	0.0006039323246578462	0.0008921856861991337	0.001961499607663558	0.004717474418226922	0.0004468099487748732	99.9244204501088
0.005336574390935911	0.01	0.01	0.01	0.007	0.01	0.01647854053359708	0.004415171067143631	0.005092281610116045	0.006236309026611146	0.008216012367822982	0.001544071356936197	0.002275141545984418	0.004961380158285648	0.01185679126108437	0.0011342674574625652	99.87898340624155
0.008356725366948346	0.01	0.01	0.01	0.007	0.01	0.025647666704366898	0.006831585771101529	0.007736433427365047	0.009355342120398074	0.01258303683804117	0.0037679916884618136	0.0055304933501839106	0.011914965845574775	0.028210314656742362	0.002738748176945918	99.8105608586102
0.011140890598490173	0.01	0.01	0.01	0.007	0.01	0.03400154281501474	0.009008048802067733	0.010032970192211006	0.011995290516467359	0.01643851188660427	0.006667177103392433	0.009751031086005047	0.020777645389915597	0.0487849599583992	0.00479941349386887	99.74752617149434
0.014375095620380985	0.01	0.01	0.01	0.007	0.01	0.04358820040987383	0.01147619065776008	0.012541063496209658	0.014802494718225423	0.020722416763309884	0.011042840959395046	0.01608444299210057	0.03384383253334869	0.078719630869014	0.007861704938113891	99.67435237155587
0.01766791332064601	0.01	0.01	0.01	0.007	0.01	0.05322040870204605	0.013924295795187395	0.01492918744243279	0.01739903722719721	0.024880573210728132	0.016594051690609554	0.024069938682578847	0.050011357962368004	0.11525133182429992	0.011683304730975013	99.59990760875593
0.021215611704874827	0.01	0.01	0.01	0.007	0.01	0.06345541257720104	0.016490704152248178	0.01732781094390199	0.01992900578592901	0.029145003007442577	0.023792833164544645	0.034359044499559566	0.07044217121973848	0.1607748665477483	0.01655589714523089	99.51976266854619
0.024900127171280224	0.01	0.01	0.01	0.007	0.01	0.07393055800745196	0.019080077675992256	0.019640783692590542	0.022291530689094532	0.03335290290208038	0.03258399914051281	0.046839604589271944	0.09473042775225017	0.2141291989391743	0.022403216839380083	99.43659520457469
0.028776958499198563	0.01	0.01	0.01	0.007	0.01	0.08478495121710761	0.021723430574649778	0.021892835752043066	0.02451589585783103	0.037554833763817415	0.043254684563183154	0.06188274502816042	0.12340741874476654	0.2762314047998801	0.029375517734616975	99.34916179384983
0.03281265468763317	0.01	0.01	0.01	0.007	0.01	0.09590449821477648	0.024389369684650143	0.024054382901062543	0.026577167893292442	0.04170154631569406	0.05588151020322667	0.07955471959162809	0.15639073682720675	0.3466451615033941	0.03747833933164665	99.2582272035771
0.03702489058963663	0.01	0.01	0.01	0.007	0.01	0.10731819462214652	0.02708161999491703	0.02612743557090133	0.028482974094125934	0.045799928566523464	0.07068119807530523	0.10011283644965843	0.19394242555822655	0.42567866946516475	0.04680402346079475	99.16340349320113
0.04140700269498074	0.01	0.01	0.01	0.007	0.01	0.11898729529105823	0.029787791603161775	0.0281020788302656	0.03023035264738438	0.04982809310658362	0.0877989750709895	0.12370745321714748	0.23610551151948847	0.5131731908511983	0.05739365268158565	99.06485175593072
0.045967567962656136	0.01	0.01	0.01	0.007	0.01	0.130913615800965	0.032505197810514225	0.029976986731776945	0.03182490174179597	0.053768055830600125	0.10743860957562046	0.1505628506823881	0.28303918341670775	0.6092178224303177	0.06931788393551894	98.96239069353736
0.05070917393378073	0.01	0.01	0.01	0.007	0.01	0.14308194503701216	0.0352272777321943	0.03174889523466264	0.03327089653759401	0.05757266397376024	0.1297882332559529	0.18087373774814633	0.3348309278100477	0.7137576207482451	0.08262568841014187	98.8559746015286
0.05563974104093018	0.01	0.01	0.01	0.007	0.01	0.15548974030189586	0.03795041228251465	0.03341736879408894	0.03457526560792148	0.061158784480937006	0.1550682283079825	0.21487018222276238	0.39161114375125683	0.8268316566203093	0.09736436438899396	98.74543900635791
0.06074536117635029	0.01	0.01	0.01	0.007	0.01	0.1680795239252665	0.04065926247699764	0.03497604062408247	0.035740705517010495	0.06437790391764141	0.1833856603346688	0.2526224624494714	0.4532332191667948	0.9479438763157796	0.1134816151296258	98.63110924978307
0.06596323692035634	0.01	0.01	0.01	0.007	0.01	0.18067987389578027	0.043315669349536096	0.036408883626578556	0.03676406958403891	0.06703379940919706	0.21452047532854565	0.29376643734365526	0.5188717090089933	1.0753234266446072	0.1307026387984138	98.51440253221188
0.07133149044423405	0.01	0.01	0.01	0.007	0.01	0.19336836851521963	0.045935314293418614	0.03773130349921073	0.03766521687696161	0.06902321470585121	0.2488100440442843	0.3386763476233877	0.5889084624984848	1.2095953709964438	0.14902202275301984	98.39447647878072
0.0769556106742816	0.01	0.01	0.01	0.007	0.01	0.20636895330611127	0.048561758214036944	0.038969019939356565	0.0384685037633438	0.07032634348475955	0.28712619145118656	0.3884022978498123	0.6647071839352695	1.3532145984748973	0.16865078513548745	98.2689909897377
0.08281026602690131	0.01	0.01	0.01	0.007	0.01	0.21959143319922464	0.05117315990246602	0.04011434571280335	0.03917492665316334	0.0709786956916781	0.32954344780161376	0.44293331913083506	0.7459425924294503	1.5053914212127444	0.18933797436508767	98.13853180304018
0.08889535673096015	0.01	0.01	0.01	0.007	0.01	0.23300599395619265	0.05376076145289729	0.041167524802184656	0.03979100968575671	0.07110986407129938	0.3762891888264576	0.5024497685780184	0.8325887590194176	1.665938280431774	0.21092267275220417	98.0031213794377
0.09522169879468369	0.01	0.01	0.01	0.007	0.01	0.24660618584095792	0.05632065407022152	0.04213156455741973	0.040324749656727485	0.0708714663119623	0.42767793748798083	0.5672316793212132	0.9247592572800306	1.8349462533385372	0.23330843567570375	97.86254052505146
0.10183876843633634	0.01	0.01	0.01	0.007	0.01	0.26046331611287216	0.05886309046259306	0.04301454281636479	0.04078635227785791	0.07039152245237758	0.4843786675877508	0.6379852134707285	1.0231418523154083	2.013557376911481	0.25656504901253996	97.71571503127656
0.1088002465650866	0.01	0.01	0.01	0.007	0.01	0.27464624252609665	0.06139646081283839	0.04382271535193127	0.04118418049900908	0.0697629574327559	0.5471831996531952	0.715535042778012	1.128521420509463	2.2030635604285287	0.28079833268933957	97.56148526844687
0.1161413448175986	0.01	0.01	0.01	0.007	0.01	0.2891755707620527	0.06391944173395585	0.04455868665567998	0.04152423243627356	0.0690518745419758	0.6167971337147954	0.8005614661956639	1.2414226099842678	2.4042713086935827	0.30606388166270176	97.399108814119
0.12388531826460199	0.01	0.01	0.01	0.007	0.01	0.30404109819979647	0.06642505284974949	0.04522377366922368	0.04181168439502992	0.06830500627378969	0.6938641610425005	0.8936346949418512	1.3621825332673327	2.6176558562553893	0.33238734171061113	97.22811413072851
0.1320529794692223	0.01	0.01	0.01	0.007	0.01	0.3192227577826204	0.06890480932860854	0.04581963939974218	0.042051715332994025	0.06755465605493782	0.7790385058290137	0.9953048299258691	1.4910862092159098	2.84361467219404	0.35979531174830487	97.0480892729811
0.14066873872144517	0.01	0.01	0.01	0.007	0.01	0.3347021357997277	0.07135078742793477	0.046348816495894146	0.04224964093464302	0.06682251266964104	0.8730445802848625	1.1061711298567747	1.6284603069688415	3.082635070762537	0.38833345657395746	96.85854905659555
0.1497616493192525	0.01	0.01	0.01	0.007	0.01	0.35046327678337635	0.07375572100177227	0.0468145643744882	0.04241073957819612	0.06612284892003151	0.9766955416338444	1.226898692513659	1.7746923638841485	3.3353255950187446	0.4180675332852621	96.65891335720546
0.15936559764920116	0.01	0.01	0.01	0.007	0.01	0.36649168447293706	0.07611280709670885	0.04722067371521202	0.04254009245495553	0.06546484430764272	1.0909042653866883	1.3582248578628882	1.9302360749464105	3.6024223571531	0.4490819916993827	96.44850456767433
0.1695191182358853	0.01	0.01	0.01	0.007	0.01	0.3827726612089232	0.07841544931013483	0.04757129543536924	0.042642468584464105	0.06485418673288895	1.2166897350354218	1.5009594965386166	2.095609625051043	3.884783461651316	0.4814778098554124	96.22655350014654
0.1802654501080325	0.01	0.01	0.01	0.007	0.01	0.399290104522089	0.08065711646504278	0.04787082043511554	0.0427222550853635	0.06429412017029779	1.3551854323214119	1.6559870339368086	2.271397069363656	4.183388879222256	0.5153714798177584	95.99220020279276
0.19165258896018203	0.01	0.01	0.01	0.007	0.01	0.41602532071248927	0.08283124515159597	0.04812378294738025	0.04278341567958958	0.0637861335370347	1.5076469827957866	1.8242670580375147	2.4582490205696694	4.499339150727991	0.5508942129147684	95.74449513569945
0.20373337403327407	0.01	0.01	0.01	0.007	0.01	0.4329559363701015	0.08493119714119748	0.04833478085857255	0.04282947060619375	0.06333041099755791	1.6754593299414329	2.0068339801202226	2.6568833830934913	4.83385410726919	0.5881914007232332	95.48239989339375
0.21656547433212953	0.01	0.01	0.01	0.007	0.01	0.45005474534352496	0.08695025028452145	0.048508404235044406	0.04286349228008942	0.06292613243470666	1.8601412805261937	2.204793628372641	2.868083986672421	5.188267914880871	0.62742184350167	95.20479044928136
0.23021120209446788	0.01	0.01	0.01	0.007	0.01	0.4672884859005744	0.08888162572541618	0.04864916919994701	0.04288811375127121	0.06257167846689304	2.0633456468102787	2.419315369190776	3.0926959755179646	5.564018536921037	0.6687564915915588	94.91046446843082
0.2447370643925775	0.01	0.01	0.01	0.007	0.01	0.48461656905055167	0.09071855651558877	0.04876145552868192	0.0429055477192607	0.062264776205223527	2.2868526422799107	2.651618038090007	3.331616545864062	5.962629301649749	0.7123764130202238	94.59815455167049
0.2602129115000463	0.01	0.01	0.01	0.007	0.01	0.5019897758354812	0.09245440034004164	0.04884944721452612	0.042917614214141024	0.06200261092458102	2.532553021004327	2.9029471241342297	3.5857788072143415	6.385678943708195	0.7584695638631489	94.26655031803247
0.27671063843022864	0.01	0.01	0.01	0.007	0.01	0.5193491187524881	0.09408281278450228	0.04891707700161116	0.04292577531123511	0.061781919244463517	2.802418631093948	3.1745423115933025	3.8561282212101715	6.834759338000501	0.807226252508731	93.91433002203945
0.294302414012039	0.01	0.01	0.01	0.007	0.01	0.5366250919317331	0.09559798852865205	0.04896797589062327	0.04293117506711608	0.0615990765129747	3.0984584290305195	3.4675951325602825	4.143591440753812	7.311420780435602	0.8588332520164035	93.54020192754278
0.31305867489561245	0.01	0.01	0.01	0.007	0.01	0.5537377518678401	0.09699498167169084	0.04900542972494771	0.0429346828308202	0.06145018669679038	3.422662904538297	3.7832013661686315	4.449041716689786	7.817111900913104	0.913467294017968	93.14295000092717
0.33304637754367417	0.01	0.01	0.01	0.007	0.01	0.5705980995783043	0.0982700953367234	0.04903234511498064	0.042936937926844894	0.061331181731040824	3.7769458405542427	4.122317886625128	4.773269111244122	8.353128000011994	0.9712893980683253	92.72147319339874
0.3543281532993076	0.01	0.01	0.01	0.007	0.01	0.5871110235203252	0.09942129440191666	0.049051227339846175	0.04293839367798001	0.061237934786210174	4.16309733290265	4.485736859845011	5.116965934634768	8.920585118943489	1.0324418807797033	92.27480473320551
0.37696293851487017	0.01	0.01	0.01	0.007	0.01	0.6031796294977544	0.10044856100543896	0.04906417322071972	0.04293935882480118	0.061166386334652	4.582762927168472	4.874088960695608	5.4807361861043855	9.520434324544064	1.0970496147497597	91.80209994215173
0.4010080136532272	0.01	0.01	0.01	0.007	0.01	0.6187101063004247	0.10135409210811869	0.049072881307910585	0.042940034601763745	0.061112674753964515	5.0374528644548295	5.287875486999503	5.86512709119914	10.153512915392964	1.1652252334894233	91.30259496579045
0.42652192197137107	0.01	0.01	0.01	0.007	0.01	0.6336161320193554	0.10214228093221775	0.04907867989810198	0.042940546140981306	0.061073255481078635	5.528575118011748	5.727519775525802	6.270673361014249	10.820616877024477	1.23707667474731	90.77554854019843
0.45356725342935506	0.01	0.01	0.01	0.007	0.01	0.6478219572686652	0.10281948198911157	0.04908257002726407	0.04294096747670622	0.061044992157449976	6.0574736100900965	6.193418737499818	6.69793743290817	11.52256678818309	1.3127141433198966	90.22018857412141
0.48221270188652005	0.01	0.01	0.01	0.007	0.01	0.6612640509167967	0.10339362744684302	0.04908527769225902	0.04294134018052942	0.061025208510521047	6.625458094547589	6.685982250233773	7.147536321268454	12.260251599674602	1.3922548538183996	89.63567583896194
0.5125339969659389	0.01	0.01	0.01	0.007	0.01	0.6738915485116233	0.10387377455223022	0.049087308277642294	0.04294168633249167	0.061011699703442994	7.2338147969742295	7.205652008344277	7.6201492538296325	13.034640640619358	1.475824507711693	89.02109249552805
0.544613733485348	0.01	0.01	0.01	0.007	0.01	0.6856660032826646	0.10426965421655982	0.04908899720175363	0.04294201695836183	0.06100270958672264	7.883795428964161	7.752899597693502	8.116507213017849	13.846765731020444	1.5635556672479574	88.37545415237642
0.5785402044774703	0.01	0.01	0.01	0.007	0.01	0.6965608575036851	0.10459126235321962	0.04909055312237031	0.042942337165673604	0.06099688432750817	8.576585051701887	8.328205821712231	8.637366878853786	14.697677630209405	1.6555834271990206	87.69774231886092
0.6144054477498435	0.01	0.01	0.01	0.007	0.01	0.7065609320495367	0.10484851288665124	0.0490920925818835	0.04294264907443108	0.06099321316578287	9.313252711571861	8.932025666706993	9.18347307888611	15.588383754084939	1.7520390760875344	86.98695197967227
0.6523027878357938	0.01	0.01	0.01	0.007	0.01	0.7156620803532122	0.1050509559481222	0.04909366688135994	0.042942953386770524	0.060990965271752746	10.09469148324424	9.564744763789237	9.755514859927631	16.51977575826424	1.8530426266300577	86.2421476730782
0.6923243708040682	0.01	0.01	0.01	0.007	0.01	0.7238710409839982	0.10520755767359327	0.049095282921175556	0.04294325017856281	0.0609896291575275	10.921559892071537	10.226636696897272	10.354083336702455	17.492560479306324	1.9586956402561013	85.46251747857615
0.734559375397499	0.01	0.01	0.01	0.007	0.01	0.7312053991685546	0.10532653532721292	0.049096919761434495	0.04294353927930738	0.06098885866903685	11.794240864915492	10.91783295298078	10.979641743231028	18.50721124150976	2.0690761755027807	84.64741134181986
0.7790936787096346	0.01	0.01	0.01	0.007	0.01	0.7376934669030615	0.1054152422297065	0.049098542046525535	0.04294382045123427	0.06098842757834016	12.712835750537456	11.638317708244339	11.632518678996007	19.563957166893005	2.1842377903535892	83.79634939163981
0.8260115368762607	0.01	0.01	0.01	0.007	0.01	0.7433738308440668	0.10548009906215987	0.049100110660466316	0.042944093477470024	0.06098819331003297	13.677204876968485	12.387954637664421	12.312931288111043	20.662820888270232	2.304213776622557	82.90899139369868
0.8753993264307408	0.01	0.01	0.01	0.007	0.01	0.74829435413051	0.10552657006153157	0.049101590471426315	0.04294435820938866	0.06098806932717568	14.687053309370484	13.166543461494914	13.02103674358143	21.803701274286407	2.4290263287304916	81.98506933674095
0.9273507659048031	0.01	0.01	0.01	0.007	0.01	0.7525105583219145	0.10555918258323145	0.04910295499812454	0.04294461459193233	0.06098800509123009	15.742045737982272	13.973893695509403	13.757001135719612	22.986482772502487	2.5586987175626303	81.02429721181443
0.9819728076590232	0.01	0.01	0.01	0.007	0.01	0.7560835111977768	0.10558158594912262	0.049104188192590485	0.0429448626733403	0.060987972211073715	16.841929062832698	14.809900252441938	14.521072107449376	24.21114875456057	2.693268060762783	80.02627565361887
1.0393913492267333	0.01	0.01	0.01	0.007	0.01	0.7590774719735532	0.10559664127418016	0.049105283968934606	0.04294510260199293	0.060987955336642447	17.98664111318698	15.674606275273398	15.313641943883113	25.477877177313434	2.8327963518184283	78.99040868223724
1.0997564600882295	0.01	0.01	0.01	0.007	0.01	0.7615575911817987	0.10560653083562636	0.0491062443584042	0.042945334614432756	0.06098794646753787	19.17639646706046	16.568248252038767	16.13529639387728	26.78711093177449	2.977378924139226	77.91583864583285
1.1632471162596554	0.01	0.01	0.01	0.007	0.01	0.7635878874159271	0.10561287464183444	0.049107077133935126	0.0429455590185034	0.06098794157103153	20.411747538595066	17.491283403434398	16.986848949380988	28.139602475454332	3.1271503090778916	76.80139968373233
1.2300758017823221	0.01	0.01	0.01	0.007	0.01	0.7652296258069782	0.10561684360427842	0.04910779352107004	0.04294577617540957	0.06098793866943478	21.69362697287121	18.444404549021346	17.869365181620985	29.536440056882626	3.2822883009159844	75.64558366245372
1.3004933978189863	0.01	0.01	0.01	0.007	0.01	0.7665401267144851	0.10561926184907405	0.04910840632958092	0.04294598648306219	0.06098793680915268	23.023378308740163	19.428547655882657	18.78418194614039	30.979062959910635	3.4430170734272805	74.4465122319572
1.3747947544433188	0.01	0.01	0.01	0.007	0.01	0.7675719732152493	0.10562069409459904	0.0491089286092738	0.04294619036176821	0.06098793553001991	24.402780526669243	20.444895782233154	19.732925138986126	32.469271135020925	3.609609987946358	73.20191008633351
1.4533254114789562	0.01	0.01	0.01	0.007	0.01	0.7683725592069436	0.10562151683510496	0.04910937279172796	0.04294638824267959	0.06098793460377912	25.834072138004593	21.494882828983478	20.717529672957813	34.00923425012345	3.7823927243477553	71.90907447381848
1.5364896760531899	0.01	0.01	0.01	0.007	0.01	0.7689839092673512	0.10562197401106037	0.049109750214813744	0.04294658055814673	0.06098793391018077	27.319974072300965	22.580195584342874	21.740261004756594	35.601498043211436	3.961746598449953	70.56484162516134
1.6247603068795808	0.01	0.01	0.01	0.007	0.01	0.7694427091587506	0.10562221897909514	0.04911007091755474	0.04294676773298588	0.060987933380130935	28.863709940186148	23.702771956477587	22.803737189402256	37.24898503719513	4.1481118622576165	69.16555117571494
1.7186893796810314	0.01	0.01	0.01	0.007	0.01	0.7697804919810589	0.10562234507981162	0.049110343606741304	0.04294695017382466	0.060987932970071476	30.46900908341293	24.864783663240477	23.910941481741514	38.95497257009203	4.341989209507968	67.70702138476776
1.8189179096989734	0.01	0.01	0.01	0.007	0.01	0.7700239349210725	0.10562240716414077	0.04911057571934016	0.042947128249469994	0.06098793265036111	32.1400452357939	26.068568426734334	25.065193016001572	40.7229969569198	4.5439337786537575	66.18457765771865
1.9261738452540045	0.01	0.01	0.01	0.007	0.01	0.770195228749252	0.10562243624507542	0.049110773521766744	0.04294730224035623	0.06098793239977849	33.88114389602719	27.31639236235105	26.269959816532413	42.556508451560056	4.754521430234513	64.59328733512994
2.0412128604752096	0.01	0.01	0.01	0.007	0.01	0.7703124839627322	0.10562244912236603	0.04911094218184938	0.04294747217691812	0.06098793220272973	35.69558454772159	28.60956861533023	27.528044402120635	44.45757945050342	4.974205470116962	62.92902435899958
2.1644798067960798	0.01	0.01	0.01	0.007	0.01	0.7703901236879322	0.10562245446923028	0.04911108566064433	0.042947637243558046	0.060987932047818924	37.58035515392971	29.944741449021112	28.837944014018813	46.4214389378956	5.202681565713634	61.193289180229186
2.294526107755613	0.01	0.01	0.01	0.007	0.01	0.7704392158907216	0.10562245652680977	0.049111205992534414	0.04294779379616896	0.06098793192751335	39.50386638810453	31.2983724591029	30.178260239003833	48.41361799243385	5.4361769344296835	59.41396451635186
2.4249451034068943	0.01	0.01	0.01	0.007	0.01	0.7704682670573139	0.10562245725543279	0.04911130287384566	0.042947934333918476	0.06098793183754719	41.36782103610743	32.60092286736569	31.480725140571476	50.33182003139315	5.662783832449125	57.681499360561006
2.549601553554569	0.01	0.01	0.01	0.007	0.01	0.770484814259015	0.10562245750570881	0.04911137853715513	0.042948057906948285	0.060987931771844146	43.090245694378524	33.79605136386076	32.68773778582845	52.092945494475806	5.872508332628069	56.07282187691848
2.668692917678581	0.01	0.01	0.01	0.007	0.01	0.7704944541976504	0.10562245759562097	0.04911143866759176	0.04294817023588259	0.06098793172257621	44.68326609449035	34.89365593836884	33.80723028143043	53.711378730005606	6.066774565919049	54.577883440238
2.784987920273162	0.01	0.01	0.01	0.007	0.01	0.7705002953724249	0.1056224576298158	0.04911148825589637	0.04294827419517992	0.0609879316840031	46.19070341887981	35.92503275248078	34.86957183785587	55.233115215902465	6.250886623103755	53.156518702752706
2.9009456389503945	0.01	0.01	0.01	0.007	0.01	0.7705039337827291	0.10562245764328138	0.04911153046492284	0.04294837083095654	0.06098793165272029	47.64762634632727	36.91473609812149	35.899265469371905	56.694303897056244	6.429107824006462	51.776132742413964
3.017893000889996	0.01	0.01	0.01	0.007	0.01	0.7705062235570667	0.10562245764863498	0.049111567071432015	0.04294846108251329	0.060987931626806866	49.07154816082243	37.874858572219324	36.908625483584416	58.11276689525557	6.60357450510836	50.420269671999584
3.1361199057813334	0.01	0.01	0.01	0.007	0.01	0.7705076614731822	0.1056224576507497	0.04911159907354167	0.042948545641422996	0.06098793160512498	50.465902129603755	38.807761281641454	37.90008319702504	59.4919808375406	6.7747069906519135	49.085659248132046
3.2552763918042182	0.01	0.01	0.01	0.007	0.01	0.7705085576278413	0.10562245765157499	0.04911162710920634	0.042948624911199905	0.060987931586909946	51.82652280882331	39.71071323178882	38.87066970891546	60.82789508394187	6.941993210345971	47.77629720544322
3.3748263083995536	0.01	0.01	0.01	0.007	0.01	0.7705091120765961	0.10562245765189383	0.049111651686888726	0.0429486992151047	0.06098793157156549	53.14776218844165	40.58010946452929	39.81631174246767	62.115151218662845	7.104734363353893	46.49771133984183
3.49435232215804	0.01	0.01	0.01	0.007	0.01	0.7705094536365613	0.10562245765201639	0.04911167327221459	0.042948768919049966	0.060987931558589344	54.42599853014169	41.413801887240574	40.734333288310296	63.350531436407195	7.262476216826571	45.2535883388705
3.613665030837535	0.01	0.01	0.01	0.007	0.01	0.7705096638105281	0.10562245765206343	0.0491116922982795	0.04294883441445105	0.06098793154755348	55.66049305415041	42.2116003330495	41.62409502299507	64.53370900510714	7.415117117982909	44.04488562825472
3.73276496469883	0.01	0.01	0.01	0.007	0.01	0.7705097932498663	0.10562245765208154	0.04911170915111875	0.042948896062352825	0.06098793153810339	56.852596369352426	42.97468500460642	42.486454113010474	65.6663871005572	7.562812873067856	42.870536547072064
3.8517462395257467	0.01	0.01	0.01	0.007	0.01	0.7705098730850088	0.10562245765208846	0.049111724158291	0.04294895417003685	0.06098793152995397	58.004507162921044	43.70475955894652	43.322888781806206	66.75104881315008	7.705825077932736	41.72862211318996
3.9707109327978887	0.01	0.01	0.01	0.007	0.01	0.770509922382003	0.1056224576520912	0.04911173758836349	0.042949008998602344	0.06098793152287988	59.11833835875057	44.403439398407905	44.134828935892244	67.79005100515991	7.8444059991269155	40.6172769270946
4.089723180542818	0.01	0.01	0.01	0.007	0.01	0.7705099528369699	0.10562245765209226	0.04911174965862206	0.04294906077790301	0.06098793151670344	60.19570588334537	45.07199794232264	44.9233547123484	68.78524636075713	7.978747250186366	39.53510324461587
4.208801510298835	0.01	0.01	0.01	0.007	0.01	0.7705099716502568	0.10562245765209263	0.04911176054589576	0.042949109717078306	0.06098793151128363	61.23772865588052	45.71138115165703	45.68919024680172	69.73800296569466	8.108979205290375	38.48118511148185
4.327933264940614	0.01	0.01	0.01	0.007	0.01	0.7705099832679243	0.10562245765209279	0.0491117703966373	0.04294915600960681	0.060987931506506596	62.24522045264631	46.32233916127833	46.43283864534151	70.64939850859253	8.235194411884832	37.45490805096629
4.447094529950261	0.01	0.01	0.01	0.007	0.01	0.7705099904394463	0.10562245765209285	0.04911177933457392	0.04294919983463357	0.06098793150227894	63.218895959032544	46.90555930952256	47.15473052991025	71.52041759656322	8.35747307222894	36.45575725796643
4.566264921665567	0.01	0.01	0.01	0.007	0.01	0.7705099948652689	0.10562245765209285	0.04911178746582881	0.042949241356576885	0.06098793149852277	64.15950051247322	47.46174577114868	47.85531937362815	72.35207041666841	8.475899257277664	35.483186427071715
4.685433698629338	0.01	0.01	0.01	0.007	0.01	0.7705099975963219	0.10562245765209285	0.04911179488216188	0.04294928072482186	0.060987931495173175	65.06784995221071	47.99164118371182	48.53511203475644	73.14542534888416	8.590566004033242	34.53657460528603
4.804599053617739	0.01	0.01	0.01	0.007	0.01	0.7705099992815706	0.10562245765209285	0.04911180166312844	0.04294931807443554	0.06098793149217532	65.94481210664026	48.49601279868495	49.194656265538285	73.90158866456044	8.701573106107404	33.61524236463237
4.923764175003114	0.01	0.01	0.01	0.007	0.01	0.770510000321522	0.10562245765209285	0.04911180787771986	0.04294935352785436	0.060987931489483185	66.79126789834656	48.97562778461008	49.83451251649859	74.62166782948896	8.809022288887077	32.71849023949836
5.0429332141031775	0.01	0.01	0.01	0.007	0.01	0.7705100009632843	0.10562245765209285	0.04911181358578909	0.04294938719692491	0.06098793148705752	67.60807856832386	49.43123370671702	50.45522960730473	75.30674232631158	8.913013090436948	31.845632416341672
5.162108886222348	0.01	0.01	0.01	0.007	0.01	0.7705100013593214	0.10562245765209285	0.0491118188393544	0.042949419184670296	0.06098793148486538	68.39606978001409	49.86354987083885	51.057332572695834	75.95785059893491	9.013640830533959	30.99601388135152
5.28129186268718	0.01	0.01	0.01	0.007	0.01	0.7705100016037141	0.10562245765209285	0.049111823683776694	0.042949449586523955	0.060987931482878725	69.15603034681533	50.273267406392776	51.64132135462607	76.5759900530288	9.11099641665224	30.169012554831628
5.400481299277915	0.01	0.01	0.01	0.007	0.01	0.7705100017545223	0.10562245765209285	0.049111828158779625	0.04294947849108897	0.06098793148107338	69.88871847479861	50.661053458622106	52.20767523916283	77.1621232489569	9.205167109933644	29.364033319152938
5.519675751676005	0.01	0.01	0.01	0.007	0.01	0.7705100018475787	0.10562245765209285	0.049111832299303236	0.04294950598060884	0.060987931479428555	70.59486934518323	51.02755579097801	52.75685846262351	77.7171847615944	9.296237475835634	28.580500268817328
5.638873878025456	0.01	0.01	0.01	0.007	0.01	0.7705100019049976	0.10562245765209285	0.04911183613620099	0.04294953213136309	0.060987931477926305	71.27520017651024	51.37340571518842	53.28932402350055	78.242085564692	9.384290025184308	27.817851375631346
5.7580748258216135	0.01	0.01	0.01	0.007	0.01	0.7705100019404265	0.10562245765209285	0.04911183969681065	0.04294955701406109	0.060987931476551224	71.93041264358429	51.69921942989872	53.805515539777595	78.73771503920001	9.469405523726895	27.07553585378304
5.877278208290229	0.01	0.01	0.01	0.007	0.01	0.7705100019622865	0.10562245765209285	0.04911184300542088	0.04294958069431307	0.060987931475289886	72.5611926954367	52.00559796337827	54.30586710512241	79.20494087450334	9.551662968247458	26.35301436062233
5.996483922848062	0.01	0.01	0.01	0.007	0.01	0.7705100019757742	0.10562245765209285	0.04911184608366558	0.04294960323311456	0.060987931474130196	73.16820964374487	52.29312679666599	54.79080255062173	79.64460847654473	9.631139466073785	25.649760069275615
6.115691961645747	0.01	0.01	0.01	0.007	0.01	0.7705100019840961	0.10562245765209285	0.049111848950858704	0.04294962468730189	0.06098793147306195	73.7521154485709	52.56237565719713	55.26073482824401	80.05754062377218	9.707910137087458	24.96525959564793
6.234902253672344	0.01	0.01	0.01	0.007	0.01	0.7705100019892307	0.10562245765209285	0.04911185162428298	0.042949645109963845	0.06098793147207626	74.31354437183961	52.81389855205747	55.716065657109404	80.44453747873895	9.782048061015717	24.299013571213067
6.354114672646031	0.01	0.01	0.01	0.007	0.01	0.7705100019923985	0.10562245765209285	0.04911185411944125	0.042949664550756994	0.06098793147116503	74.85311353254907	53.04823424511064	56.157185881779576	80.80637727587221	9.853624342019241	23.650536190701118
6.47332902911526	0.01	0.01	0.01	0.007	0.01	0.7705100019943532	0.10562245765209285	0.04911185645027178	0.042949683056195	0.060987931470321353	75.37142336936358	53.265906684641955	56.58447575867983	81.14381693473388	9.922708161357031	23.019354862414225
6.59254510993309	0.01	0.01	0.01	0.007	0.01	0.7705100019955593	0.10562245765209285	0.04911185862933538	0.04294970066988908	0.06098793146953853	75.86905828919896	53.46742550009977	56.998305399620335	81.45759278229309	9.989366855196762	22.405009623535108
6.711762717734853	0.01	0.01	0.01	0.007	0.01	0.7705100019963032	0.10562245765209285	0.04911186066797548	0.0429497174327621	0.06098793146881163	76.34658726059342	53.65328645407132	57.39903517964518	81.74842120999465	10.053665985980814	21.80705259999109
6.830981702522521	0.01	0.01	0.01	0.007	0.01	0.7705100019967622	0.10562245765209285	0.04911186257645857	0.0429497333832425	0.06098793146813522	76.80456432654299	53.8239718425039	57.78701608669831	82.01699925407661	10.115669403820206	21.225047545456466
6.950201922188778	0.01	0.01	0.01	0.007	0.01	0.7705100019970453	0.10562245765209285	0.04911186436409305	0.0429497485574697	0.060987931467505245	77.24352882194665	53.97995077461814	58.16258982560712	82.26400498885519	10.175439268321913	20.658569745268586
7.06942328199681	0.01	0.01	0.01	0.007	0.01	0.7705100019972201	0.10562245765209285	0.049111866039336316	0.042949762989447964	0.060987931466917625	77.66400589249406	54.12167956328869	58.52608917798009	82.49009809437972	10.233036111281768	20.10720553615243
7.188645687207162	0.01	0.01	0.01	0.007	0.01	0.770510001997328	0.10562245765209285	0.04911186760988486	0.04294977671122243	0.06098793146636872	78.06650668186316	54.249601991407076	58.877838080920014	82.6959202291861	10.288518854458951	19.57055224806608
7.3078690430779565	0.01	0.01	0.01	0.007	0.01	0.7705100019973945	0.10562245765209285	0.04911186908275558	0.04294978975302303	0.06098793146585563	78.4515287025934	54.3641496461181	59.21815186121805	82.88209551013797	10.341944852211633	19.04821791308786
7.427093278553027	0.01	0.01	0.01	0.007	0.01	0.7705100019974355	0.10562245765209285	0.04911187046435685	0.04294980214338172	0.06098793146537519	78.81955626864745	54.46574226315782	59.54733752769454	83.04923101097052	10.393369943030976	18.539820882326577
7.5463183146786585	0.01	0.01	0.01	0.007	0.01	0.7705100019974607	0.10562245765209285	0.0491118717605503	0.04294981390926709	0.06098793146492513	79.17106073983557	54.5547880094465	59.86569389967213	83.19791716212161	10.442848475197144	18.04498969257097
7.665544080395657	0.01	0.01	0.01	0.007	0.01	0.7705100019974763	0.10562245765209285	0.04911187297670622	0.04294982507618526	0.06098793146450294	79.50650091365576	54.63168380567698	60.17351186723619	83.32872821671862	10.490433353033145	17.56336272964004
7.784770520435762	0.01	0.01	0.01	0.007	0.01	0.770510001997486	0.10562245765209285	0.0491118741177524	0.04294983566827512	0.06098793146410654	79.82632337470987	54.69681562720344	60.47107461807486	83.44222268377133	10.536176077651476	17.094587939906592
7.903997563737531	0.01	0.01	0.01	0.007	0.01	0.770510001997492	0.10562245765209285	0.04911187518821652	0.042949845708415396	0.06098793146373403	80.13096273136618	54.75055877693343	60.75865776150135	83.53894371460974	10.580126771771127	16.638322702364917
8.02322514713465	0.01	0.01	0.01	0.007	0.01	0.7705100019974955	0.10562245765209285	0.0491118761922652	0.042949855218297486	0.06098793146338379	80.42084199880713	54.793278185711465	61.036529589405816	83.61941953825033	10.62233422554437	16.194233484599533
8.142453223252367	0.01	0.01	0.01	0.007	0.01	0.7705100019974978	0.10562245765209285	0.04911187713373775	0.042949864218498106	0.060987931463053965	80.69637292043649	54.82532868835583	61.30495128533517	83.68416385886339	10.662845934074543	15.761995576408676
8.261681752611592	0.01	0.01	0.01	0.007	0.01	0.7705100019974992	0.10562245765209285	0.04911187801617673	0.0429498727285545	0.0609879314627434	80.95795624231765	54.847055286428585	61.56417709133006	83.7336762316443	10.701708128354886	15.341292889015824
8.38091070362904	0.01	0.01	0.01	0.007	0.01	0.7705100019975001	0.10562245765209285	0.04911187884285503	0.042949880767029734	0.06098793146245064	81.20598200171844	54.85879340884104	61.814454490015954	83.76844243692665	10.738965808425197	14.9318177287673
8.500140044721102	0.01	0.01	0.01	0.007	0.01	0.7705100019975006	0.10562245765209285	0.04911187961679976	0.0429498883515778	0.06098793146217446	81.44082979313028	54.860869165939974	62.05602436630719	83.78893484380032	10.774662773364538	14.533270602676588
8.619369720614987	0.01	0.01	0.01	0.007	0.01	0.7705100019975011	0.10562245765209285	0.049111880340814124	0.04294989549901181	0.06098793146191377	81.66286900350913	54.853599602283914	62.28912113755184	83.79561276977556	10.808841646620769	14.145360076151892
8.73859969972639	0.01	0.01	0.01	0.007	0.01	0.7705100019975012	0.10562245765209285	0.049111881017497576	0.04294990222533144	0.060987931461667734	81.87245917603985	54.837292940988725	62.51397302031361	83.7889228386662	10.841543921286368	13.767802402338376
8.857829958367097	0.01	0.01	0.01	0.007	0.01	0.7705100019975013	0.10562245765209285	0.04911188164926269	0.04294990854577926	0.06098793146143512	82.0699502357484	54.81224881574978	62.730802160295234	83.76929931129918	10.872809984859392	13.40032137369985
8.97706047284873	0.01	0.01	0.01	0.007	0.01	0.7705100019975014	0.10562245765209285	0.04911188223835114	0.0429499144748891	0.060987931461215276	82.25568273027758	54.77875850153907	62.93982477820633	83.73716441568696	10.902679146346514	13.042648147221156
9.09629121948277	0.01	0.01	0.01	0.007	0.01	0.7705100019975014	0.10562245765209285	0.04911188278684828	0.0429499200265273	0.060987931461007276	82.42998807981625	54.7371051395913	63.14125132760128	83.69292867017828	10.93118966499595	12.69452104821999
9.21552217458056	0.01	0.01	0.01	0.007	0.01	0.7705100019975014	0.10562245765209285	0.049111883296695656	0.04294992521393196	0.06098793146081063	82.59318882037769	54.68756395638906	63.335286648517425	83.63699119799742	10.958378778265828	12.355685379379151
9.334753306556944	0.01	0.01	0.01	0.007	0.01	0.7705100019975014	0.10562245765209285	0.0491118837697028	0.04294993004975256	0.060987931460624485	82.74559883086097	54.630402480838775	63.522130104884795	83.56974003822101	10.984282727374538	12.025893256407684
9.453984607515798	0.01	0.01	0.01	0.007	0.01	0.7705100019975014	0.10562245765209285	0.049111884207557514	0.042949934546066076	0.0609879314604482	82.88752360321071	54.56588073607841	63.70197577911514	83.49155242520622	11.008936790577122	11.704903340337623
9.573216053768167	0.01	0.01	0.01	0.007	0.01	0.7705100019975014	0.10562245765209285	0.04911188461183669	0.042949938714429516	0.060987931460281315	83.01926041464682	54.494251459166236	63.8750125508113	83.4027950991845	11.032375300182663	11.392480772011336
9.692447629521418	0.01	0.01	0.01	0.007	0.01	0.7705100019975014	0.10562245765209285	0.049111884984012893	0.042949942565896466	0.06098793146012329	83.14109857614841	54.415760286145165	64.04142427168136	83.30382457504793	11.054631672785213	11.088396935291
9.811679318982868	0.01	0.01	0.01	0.007	0.01	0.7705100019975014	0.10562245765209285	0.049111885325464226	0.04294994611104765	0.06098793145997355	83.253319634774	54.330645947025324	64.20138988730066	83.19498742145332	11.075738431967055	10.792429312177038
9.930911098463378	0.01	0.01	0.01	0.007	0.01	0.7705100019975014	0.10562245765209285	0.04911188563748075	0.04294994936002138	0.0609879314598316	83.35619757425134	54.239140458383304	64.35508355792977	83.07662053665089	11.095727230820593	10.504361339058738
10.050142967963016	0.01	0.01	0.01	0.007	0.01	0.7705100019975014	0.10562245765209285	0.04911188592127085	0.04294995232251927	0.06098793145969715	83.44999904319178	54.141469280050906	64.50267482612114	82.94905137703054	11.114628880344327	10.223982172687784
10.169374911688998	0.01	0.01	0.01	0.007	0.01	0.7705100019975014	0.10562245765209285	0.049111886177967856	0.04294995500784995	0.06098793145956983	83.5349835157907	54.037851520953865	64.64432868876906	82.81259824844805	11.132473365208222	9.951086632771325
10.288606921744941	0.01	0.01	0.01	0.007	0.01	0.7705100019975014	0.10562245765209285	0.04911188640863494	0.042949957424937533	0.06098793145944906	83.61140350308524	53.92850009263386	64.78020574814522	82.66757052938117	11.149289869661352	9.685474994965789
10.407839006027316	0.01	0.01	0.01	0.007	0.01	0.7705100019975014	0.10562245765209285	0.049111886614270475	0.04294995958233575	0.06098793145933478	83.67950474037129	53.81362186686479	64.91046233590676	82.51426889803813	11.165106799591827	9.426952830378868
10.527071148743294	0.01	0.01	0.01	0.007	0.01	0.7705100019975014	0.10562245765209285	0.04911188679581286	0.04294996148826839	0.06098793145922636	83.73952634446191	53.69341787571773	65.03525058346297	82.35298561586077	11.179951797954276	9.175330950117884
10.646303318307151	0.01	0.01	0.01	0.007	0.01	0.7705100019975014	0.10562245765209285	0.04911188695414394	0.04294996315064272	0.06098793145912373	83.79170100113951	53.5680834668574	65.15471854644296	82.18400475170813	11.193851766885322	8.930425244097444
10.76553551471889	0.01	0.01	0.01	0.007	0.01	0.7705100019975014	0.10562245765209285	0.049111887090093925	0.04294996457703829	0.06098793145902653	83.83625515775779	53.4378084081639	65.269010360737	82.00760233661418	11.206832892989036	8.69205644876942
10.884767730082078	0.01	0.01	0.01	0.007	0.01	0.7705100019975014	0.10562245765209285	0.04911188720444424	0.042949965774744484	0.060987931458934524	83.87340916903567	53.30277707680842	65.3782663057443	81.8240466316279	11.218920661460702	8.460050100485711
11.003999956500282	0.01	0.01	0.01	0.007	0.01	0.7705100019975014	0.10562245765209285	0.04911188729793104	0.04294996675077023	0.06098793145884732	83.90337746383783	53.1631685975921	65.48262291547148	81.63359832736518	11.23013987578878	8.234236391012583
11.1232321939735	0.01	0.01	0.01	0.007	0.01	0.7705100019975014	0.10562245765209285	0.04911188737124813	0.042949967511852816	0.06098793145876492	83.92636870467665	53.01915697548192	65.58221308489021	81.43651073510148	11.24051467660316	8.014450028978434
11.242464442501733	0.01	0.01	0.01	0.007	0.01	0.7705100019975014	0.10562245765209285	0.04911188742505021	0.04294996806447502	0.06098793145868695	83.94258593863438	52.8709112426003	65.67716615953766	81.23302999727338	11.250068558504653	7.800530134886345
11.361696694188543	0.01	0.01	0.01	0.007	0.01	0.7705100019975014	0.10562245765209285	0.049111887459954505	0.04294996841488188	0.0609879314586133	83.95222674694695	52.71859560325649	65.76760802441481	81.0233952952958	11.25882438675741	7.592320136958438
11.48092894903393	0.01	0.01	0.01	0.007	0.01	0.7705100019975014	0.10562245765209285	0.04911188747654423	0.042949968569082134	0.060987931458543664	83.9554833931081	52.56236954547181	65.85366120874518	80.80783901110193	11.26680441533483	7.389667628223524
11.600161191245013	0.01	0.01	0.01	0.007	0.01	0.7705100019975014	0.10562245765209285	0.049111887475370125	0.04294996853287318	0.06098793145847805	83.95254296402025	52.40238799949483	65.93544495842141	80.58658695316072	11.27403030163504	7.192424295485315
11.719393428718233	0.01	0.01	0.01	0.007	0.01	0.7705100019975014	0.10562245765209285	0.04911188745695273	0.04294996831182792	0.06098793145841608	83.9435875082943	52.238801409657775	66.01307535110726	80.3598584626684	11.28052312489275	7.000445744585786
11.838625645660715	0.01	0.01	0.01	0.007	0.01	0.7705100019975014	0.10562245765209285	0.049111887421783976	0.04294996791133162	0.06098793145835764	83.92879417194506	52.0717559188052	66.08666534870359	80.12786667516544	11.286303398774447	6.813591473176574
11.957857849968898	0.01	0.01	0.01	0.007	0.01	0.7705100019975014	0.10562245765209285	0.049111887370329205	0.042949967336563546	0.060987931458302724	83.90833532585252	51.90139342097875	66.15632491094541	79.89081859959337	11.291391089021776	6.631724691579971
12.077090033746348	0.01	0.01	0.01	0.007	0.01	0.7705100019975014	0.10562245765209285	0.04911188730302888	0.04294996659252793	0.06098793145825111	83.88237869718644	51.72785173066921	66.22216105088643	79.64891535883135	11.295805626077374	6.45471228542692
12.19632219699307	0.01	0.01	0.01	0.007	0.01	0.7705100019975014	0.10562245765209285	0.04911188722029981	0.042949965684049005	0.060987931458202464	83.85108749039419	51.55126466097935	66.2842779277786	79.40235230364713	11.29956592047991	6.2824246812642155
12.315554331812635	0.01	0.01	0.01	0.007	0.01	0.7705100019975014	0.10562245765209285	0.04911188712253668	0.04294996461578714	0.06098793145815695	83.81462051139594	51.37176215504798	66.34277691462007	79.151319200607	11.302690376162879	6.114735775203115
12.434786430308622	0.01	0.01	0.01	0.007	0.01	0.7705100019975014	0.10562245765209285	0.049111887010113736	0.042949963392241365	0.06098793145811435	83.77313228391	51.189470380374615	66.39775667710494	78.89600036819067	11.30519690432269	5.951522828474891
12.554018492481044	0.01	0.01	0.01	0.007	0.01	0.7705100019975014	0.10562245765209285	0.04911188688338479	0.04294996201775201	0.060987931458074504	83.72677316058534	51.00451181915764	66.44931324915497	78.63657480706964	11.307102936673553	5.792666367275493
12.673250534122756	0.01	0.01	0.01	0.007	0.01	0.7705100019975014	0.10562245765209285	0.04911188674268601	0.042949960496501995	0.060987931458037443	83.67568942923504	50.8170053548928	66.49754010522014	78.37321632490773	11.30842543812314	5.638050086666694
12.792482555233764	0.01	0.01	0.01	0.007	0.01	0.7705100019975014	0.10562245765209285	0.04911188658833551	0.042949958832542025	0.060987931458002895	83.62002343362354	50.62706641874949	66.54252821515333	78.10609374507939	11.309180918742952	5.487560807476095
12.911714540021231	0.01	0.01	0.01	0.007	0.01	0.7705100019975014	0.10562245765209285	0.049111886420635305	0.042949957029796045	0.06098793145797078	83.55991368208541	50.434807085928355	66.58436611304214	77.83537104537638	11.30938544628317	5.34108839067545
13.03094648058875	0.01	0.01	0.01	0.007	0.01	0.7705100019975014	0.10562245765209285	0.04911188623987167	0.042949955092053314	0.060987931457941146	83.49549493983446	50.24033613040645	66.62313997149123	77.56120743793993	11.309054658213928	5.198525626245198
13.15017838483275	0.01	0.01	0.01	0.007	0.01	0.7705100019975014	0.10562245765209285	0.049111886046316305	0.042949953022968224	0.06098793145791372	83.42689832272715	50.04375910072717	66.65893366595758	77.2837574784739	11.308203772956924	5.059768147002716
13.269410252753241	0.01	0.01	0.01	0.007	0.01	0.7705100019975014	0.10562245765209285	0.049111885840227104	0.04294995082608011	0.06098793145788859	83.35425140667708	49.84517844557863	66.69182882801309	77.00317124567698	11.3068476010528	4.924714381165871
13.388642092246648	0.01	0.01	0.01	0.007	0.01	0.7705100019975014	0.10562245765209285	0.04911188562184849	0.04294994850480802	0.06098793145786569	83.27767831333419	49.644693572747926	66.72190490994019	76.71959442670065	11.305000555944032	4.793265459577592
13.507873895416568	0.01	0.01	0.01	0.007	0.01	0.7705100019975014	0.10562245765209285	0.04911188539141277	0.04294994606246969	0.060987931457844785	83.1972998173689	49.442400971574074	66.74923923689764	76.43316849228353	11.302676664926343	4.665325169559113
13.627105662263011	0.01	0.01	0.01	0.007	0.01	0.7705100019975014	0.10562245765209285	0.049111885149140236	0.04294994350227177	0.06098793145782589	83.11323342161538	49.238394253869295	66.77390707002242	76.14403075657295	11.29988957917701	4.540799857771518
13.746337384889586	0.01	0.01	0.01	0.007	0.01	0.7705100019975014	0.10562245765209285	0.049111884895240314	0.0429499408273229	0.06098793145780894	83.02559345499832	49.032764258968285	66.79598165793614	75.85231452759442	11.296652584097666	4.419598378642197
13.86556906329631	0.01	0.01	0.01	0.007	0.01	0.7705100019975014	0.10562245765209285	0.04911188462991135	0.04294993804062926	0.06098793145779395	82.93449114636681	48.82559910287583	66.81553429367972	75.55814917849091	11.292978608714435	4.301632011165156
13.984800697483198	0.01	0.01	0.01	0.007	0.01	0.7705100019975014	0.10562245765209285	0.04911188435334197	0.04294993514510176	0.06098793145778055	82.84003471242262	48.61698426575308	66.8326343650667	75.26166027303407	11.288880235328113	4.18681440254084
14.104032287450268	0.01	0.01	0.01	0.007	0.01	0.7705100019975014	0.10562245765209285	0.04911188406571129	0.042949932143560424	0.06098793145776904	82.74232943824123	48.40700266407471	66.84734940554193	74.96296966940042	11.284369708772175	4.075061504961385
14.223263841093926	0.01	0.01	0.01	0.007	0.01	0.7705100019975014	0.10562245765209285	0.0491118837671889	0.04294992903873245	0.06098793145775932	82.64147774886207	48.195734706815855	66.85974514442832	74.66219560117929	11.279458945085423	3.9662915069767393
14.342495366310574	0.01	0.01	0.01	0.007	0.01	0.7705100019975014	0.10562245765209285	0.04911188345793611	0.04294992583326102	0.06098793145775107	82.53757929155451	47.98325837750861	66.86988555377181	74.35945279513784	11.274159540519099	3.8604247814749897
14.46172685520383	0.01	0.01	0.01	0.007	0.01	0.7705100019975014	0.10562245765209285	0.049111883138106174	0.0429499225297172	0.06098793145774452	82.43073102446746	47.76964932915514	66.87783289436571	74.05485260740785	11.268482780856893	3.7573838408097844
14.580958299877322	0.01	0.01	0.01	0.007	0.01	0.7705100019975014	0.10562245765209285	0.049111882807843975	0.042949919130593706	0.06098793145773951	82.32102727609436	47.55498092116329	66.88364776345526	73.74850307707379	11.26243964914511	3.657093265119807
14.700189692434686	0.01	0.01	0.01	0.007	0.01	0.7705100019975014	0.10562245765209285	0.04911188246728737	0.04294991563830773	0.060987931457735955	82.20855981554115	47.33932428227108	66.8873891391206	73.44050901668854	11.256040833771882	3.5594796471631263
14.819421048668698	0.01	0.01	0.01	0.007	0.01	0.7705100019975014	0.10562245765209285	0.049111882116567	0.042949912055189186	0.060987931457734	82.09341789778348	47.12274832866552	66.88911442362232	73.13097203871726	11.249296734957339	3.4644715200005707
14.938652360682994	0.01	0.01	0.01	0.007	0.01	0.7705100019975014	0.10562245765209285	0.0491118817558067	0.04294990838351235	0.06098793145773335	81.97568837499216	46.90531990931876	66.88887948400411	72.81999076372662	11.24221747495792	3.371999343468967
15.05788362847759	0.01	0.01	0.01	0.007	0.01	0.7705100019975014	0.10562245765209285	0.049111881385123915	0.04294990462547876	0.060987931457734026	81.85545573176276	46.68710380695087	66.88673869417703	72.50766082238663	11.234812903850132	3.2819954272391403
15.177114859948874	0.01	0.01	0.01	0.007	0.01	0.7705100019975014	0.10562245765209285	0.04911188100462982	0.042949900783219676	0.06098793145773626	81.73280214738811	46.46816279423015	66.88274497414598	72.19407493625856	11.227092606678212	3.1943938820924114
15.296346062993225	0.01	0.01	0.01	0.007	0.01	0.7705100019975014	0.10562245765209285	0.049111880614429566	0.04294989685880331	0.06098793145773969	81.60780756488087	46.248557703081794	66.87694982866665	71.87932301737595	11.219065910959083	3.109130578025346
15.41557722971428	0.01	0.01	0.01	0.007	0.01	0.7705100019975014	0.10562245765209285	0.04911188021462288	0.04294989285424682	0.06098793145774437	81.48054976781746	46.028347507408306	66.86940338615862	71.56349228715084	11.21074189468496	3.0261431081106323
15.534808352215691	0.01	0.01	0.01	0.007	0.01	0.7705100019975014	0.10562245765209285	0.049111879805304244	0.04294988877150815	0.06098793145775024	81.35110442271754	45.807589346234145	66.8601544352712	71.24666730991399	11.202129392048954	2.945370730767272
15.654039438393832	0.01	0.01	0.01	0.007	0.01	0.7705100019975014	0.10562245765209285	0.049111879386562536	0.042949884612479214	0.06098793145775741	81.21954511807148	45.58633854497021	66.8492504590765	70.92893002358815	11.193236998755838	2.866754315058669
15.773270488248716	0.01	0.01	0.01	0.007	0.01	0.7705100019975014	0.10562245765209285	0.04911187895848217	0.042949880379001444	0.060987931457765654	81.08594344483402	45.364648708467	66.83673767145355	70.61035987339663	11.184073080025293	2.7902363138175477
15.892501493883998	0.01	0.01	0.01	0.007	0.01	0.7705100019975014	0.10562245765209285	0.04911187852114241	0.04294987607286824	0.060987931457775174	80.95036905076842	45.14257176911914	66.82266105152132	70.29103388116329	11.17464577685276	2.7157607208147447
16.0	0.01	0.01	0.01	0.007	0.01	0.7705100019975014	0.10562245765209288	0.04911187811897983	0.042949877274060425	0.060987931457784736	80.82650043285057	44.94205732270438	66.80866532660292	70.00254389489756	11.16592691934158	2.6503192106788727
