0.0	0.01	0.01	0.01	0.007	0.01	0.0	0.0	0.0	0.0	0.0	0.0	0.0	0.0	0.0	0.0	100.0
0.003452799801409281	0.01	0.01	0.01	0.007	0.01	0.01129948430142671	0.0032207984744582244	0.003968001305191768	0.004080805799368732	0.005058634446932757	0.0007026787940256926	0.0010660322866971864	0.002387893636130083	0.0038181075331977245	0.00047924361709770634	99.9278589665399
0.005522198936176283	0.01	0.01	0.01	0.007	0.01	0.018004700773299118	0.00510767272804866	0.006208850327051327	0.0063299951292834986	0.00794966126430324	0.001791976215257079	0.00271005346428605	0.006016723411002101	0.009560515899815764	0.0012110916903302427	99.88464694458419
0.008645902409519405	0.01	0.01	0.01	0.007	0.01	0.02803190815552674	0.007895592061048217	0.009408123344295041	0.009469328119154997	0.01212381030084985	0.004372818491593492	0.0065819418743954874	0.014420656290566141	0.022704800268835104	0.002915405775972134	99.81945492495808
0.011521747607604714	0.01	0.01	0.01	0.007	0.01	0.0371643160050672	0.01039959950418521	0.01216958414588614	0.012108743561644682	0.015774764707716597	0.007733398122071813	0.011590049302113627	0.025090221785849263	0.03918082879292674	0.005092589854899931	99.75947335299561
0.014864333837630991	0.01	0.01	0.01	0.007	0.01	0.04766075368716374	0.013236382144710557	0.01517194698704502	0.01490151244546756	0.01980051266137125	0.012809407747813011	0.01910189425049114	0.04078841234162342	0.06310893216133018	0.008316575869392863	99.68980224286514
0.01826552165790641	0.01	0.01	0.01	0.007	0.01	0.05821235027987006	0.016043780262916835	0.018013436088344784	0.01746777987425097	0.02367163599472301	0.019247550996752225	0.028558385349219884	0.060150351910113434	0.09222364447431684	0.012320608430859581	99.61895961652536
0.021930009409588027	0.01	0.01	0.01	0.007	0.01	0.06943712909931933	0.01898171570754468	0.020851182803055913	0.019952709780966204	0.02760616888747368	0.027599648874020572	0.040730647055996244	0.08455288323898227	0.1284176508915936	0.017403857628299456	99.54268910988604
0.025734091336862323	0.01	0.01	0.01	0.007	0.01	0.08093390815584621	0.021939130794306004	0.023569926916395596	0.02225691618022076	0.031451139808715	0.03779877935462071	0.05547353554843874	0.11347095032728585	0.17071565322257665	0.02347446538701481	99.46357494452268
0.02973544735733924	0.01	0.01	0.01	0.007	0.01	0.09285818633383114	0.02495144814190522	0.026199686277448543	0.024410917236532725	0.03525389465301705	0.05017966961104111	0.07321885067425118	0.14750971120300188	0.21981357887266512	0.030678676423664022	99.3804258877373
0.033898464365414716	0.01	0.01	0.01	0.007	0.01	0.1050832471202637	0.02798177935368275	0.028705972152440036	0.026391778293560295	0.03896918742688302	0.06482839091784916	0.0940306102614814	0.18652977589662856	0.27531709322718406	0.039009080360007775	99.29399125905734
0.038240876569519015	0.01	0.01	0.01	0.007	0.01	0.11764138534509948	0.03103382587905013	0.0310920099759387	0.028208751504749854	0.04260182054116852	0.08199451364924856	0.11819830251567937	0.23080262344212987	0.33742663110994475	0.04854758511571253	99.20391204139196
0.042754408911043734	0.01	0.01	0.01	0.007	0.01	0.1304879831934948	0.03409245950365848	0.0333470330751835	0.029860731305951724	0.04612533004102035	0.10184003037159445	0.14587769308730109	0.28032874203877306	0.40596124001338585	0.05931915367513993	99.11036971143993
0.04744673105193056	0.01	0.01	0.01	0.007	0.01	0.14362398629488188	0.03715388278495398	0.03547066243039778	0.03135508120785818	0.04950642814188537	0.12459392424131789	0.1773090387528209	0.335244670705982	0.4809372793322776	0.0713749666846064	99.01321550054631
0.05232082603041982	0.01	0.01	0.01	0.007	0.01	0.15703592066463742	0.04021097796301179	0.037461150755869976	0.03269837226890481	0.052669266556567125	0.15047357990719315	0.21270559257750432	0.3956192871291476	0.5622840650036413	0.08473987906401051	98.91239853621954
0.05736817190991361	0.01	0.01	0.01	0.007	0.01	0.17067876641645155	0.043249916920542676	0.039314027991242013	0.03389572223069983	0.055478361957122004	0.17963270570231768	0.25218421462329005	0.4613473259487295	0.6497100116725678	0.09937310123391897	98.80810619856433
0.062499492936692574	0.01	0.01	0.01	0.007	0.01	0.18429679600899102	0.046212500202185196	0.04100261398686842	0.03493940380526566	0.05773241138114684	0.21168460125571986	0.29513435140115857	0.5311569957616075	0.7414215039241725	0.11492907189851849	98.70219142234942
0.06774333083654448	0.01	0.01	0.01	0.007	0.01	0.19795595624658519	0.04911332700271495	0.042546230424389736	0.03585117635103209	0.05933081909234766	0.246891499432495	0.3418248984989672	0.6052687330750798	0.837642147572195	0.1313475475319659	98.59407149654595
0.0732452641045036	0.01	0.01	0.01	0.007	0.01	0.21201288263845314	0.052025100860258924	0.04398929452851564	0.036664470098086294	0.06026819252750414	0.28643505809899494	0.3937123080766598	0.6856991907395036	0.94088394191597	0.14892426576561854	98.48075735993834
0.07896837472945616	0.01	0.01	0.01	0.007	0.01	0.22634243985588942	0.05491701936370827	0.04531988299760597	0.03737849231870886	0.060589309790239035	0.33033042423390463	0.4506822869732247	0.7719240723997984	1.0503490518726812	0.16737250692680083	98.36302619043602
0.08488668700055726	0.01	0.01	0.01	0.007	0.01	0.24085347979995597	0.057767498355859294	0.04653412735791934	0.03799778081119334	0.06043685325870455	0.37861211073342615	0.5126464524569295	0.863499422080962	1.1653851824322718	0.18644678733941078	98.24142751676575
0.09102791222530121	0.01	0.01	0.01	0.007	0.01	0.2555877612114361	0.06058194609718614	0.04764103726485009	0.038533373028723464	0.05996839433041063	0.431738399863582	0.5800516963046973	0.9607828632124157	1.2863692590689888	0.20610729700295857	98.11540775491974
0.09745562037440726	0.01	0.01	0.01	0.007	0.01	0.27066442881673664	0.06337900668677314	0.04865329956208954	0.038997032446691594	0.05930626002920313	0.49055607045820004	0.6538052863524909	1.0647394180389267	1.414419691612566	0.22646016279660508	97.98368241500279
0.10422738865574827	0.01	0.01	0.01	0.007	0.01	0.2861752174061231	0.06616980168009644	0.04957881618529653	0.03939725034941121	0.05853586637466356	0.5559779266654348	0.7348482233372488	1.1762904024592775	1.550574378675111	0.24761171948060218	97.84509742350734
0.11137417030913975	0.01	0.01	0.01	0.007	0.01	0.30213999662306135	0.06895098913134326	0.05041999462852169	0.03973959453133406	0.05771761426122976	0.6287558875719801	0.8238732058663905	1.2959412323659056	1.6953504696061914	0.26959815904614043	97.6990503290727
0.11891279187826193	0.01	0.01	0.01	0.007	0.01	0.3185408183853991	0.07171241681237148	0.05117785843881405	0.040028928058246545	0.05689369672395865	0.7095503229025146	0.9214195805302194	1.423951927453901	1.8489736942496438	0.29242414520741	97.54523208729165
0.12685885788847087	0.01	0.01	0.01	0.007	0.01	0.33535293523317333	0.07444319197228741	0.05185432755476776	0.040270365867240164	0.05609228443011089	0.7990403206487565	1.0280110782901655	1.5605421203425962	2.011635175648223	0.31610111731017154	97.38336249028133
0.13523311827353243	0.01	0.01	0.01	0.007	0.01	0.35255815278309666	0.07713396720955353	0.05245266371469055	0.040469301499904436	0.05533120128090445	0.8979955232194299	1.1442384812673068	1.706001746304493	2.1836241214152103	0.34066375761667084	97.21306083525904
0.14406160266818255	0.01	0.01	0.01	0.007	0.01	0.3701436120496999	0.07977659437534851	0.05297708140335525	0.04063112574847324	0.05462121120885988	1.0072901173796651	1.2707687620328298	1.8606985062378838	2.365333816433558	0.36616751525971103	97.03384441264747
0.1533753296099132	0.01	0.01	0.01	0.007	0.01	0.3880996590901839	0.08236368538935009	0.05343241716030357	0.040761023728338494	0.05396833840333212	1.1279117793699127	1.4083470944481413	2.0250763944727996	2.5572571869720866	0.39268554460797034	96.84513578515345
0.16320984849755743	0.01	0.01	0.01	0.007	0.01	0.4064174815850071	0.08488821545321973	0.0538238833255322	0.04086384530965978	0.0533754254211063	1.2609672268989685	1.5577942141706007	2.199649723195519	2.75997751341694	0.42030576942143594	96.64627354885289
0.1736052063578798	0.01	0.01	0.01	0.007	0.01	0.4250876587964765	0.0873433301989656	0.054156909651592325	0.040944033918677215	0.05284312664129244	1.407691964206843	1.7200079357218063	2.3850034805215103	2.9741668657626885	0.4491295973285924	96.43651459886308
0.1846059552639652	0.01	0.01	0.01	0.007	0.01	0.4440988010009405	0.08972221871392931	0.05443702216938594	0.04100558769118696	0.05237055760616458	1.569459934564241	1.8959637774425095	2.581793666607535	3.200584595797214	0.47927100523938027	96.2150357619425
0.19626125728184446	0.01	0.01	0.01	0.007	0.01	0.4634363733329031	0.09201806081699374	0.05466974798344921	0.041052043843395405	0.051955721549155294	1.747793876064731	2.0867156579641324	2.7907487892147937	3.440077168098925	0.5108560497752785	95.98093368976187
0.20862492835684868	0.01	0.01	0.01	0.007	0.01	0.48308143480714505	0.0942240114725573	0.054860532834348975	0.041086479071782624	0.05159580168201571	1.9443739261084823	2.2933941551161854	3.012669786022758	3.6935761212529297	0.5440222913443226	95.73322624637515
0.22175540623238033	0.01	0.01	0.01	0.007	0.01	0.503009329089408	0.09633322952387603	0.0550146681257679	0.04111152259643582	0.05128736901503391	2.161043632698673	2.517201864831357	3.2484281469050913	3.962093900347649	0.578918051852687	95.47085569708734
0.2357155359559439	0.01	0.01	0.01	0.007	0.01	0.523188250108982	0.09833894408276866	0.055137224256334015	0.041129379071566635	0.05102654029558564	2.3998108170604375	2.7594038449904916	3.498960363568479	4.246715438800724	0.6157011957181353	95.19269581762387
0.2505721103009593	0.01	0.01	0.01	0.007	0.01	0.5435777330852565	0.10023456591214537	0.05523298999200604	0.04114185942309523	0.0508091065738822	2.662840973900365	3.0213117913388334	3.7652576329962386	4.548584315986823	0.6545372612824784	94.89756411629335
0.2663950606269659	0.01	0.01	0.01	0.007	0.01	0.5641271123290993	0.10201384591851086	0.055306418177655796	0.041150417779650963	0.05063064637090152	2.9524398216684338	3.3042599302421505	4.048349033057119	4.8688815362851505	0.6955966740255837	94.58424113675999
0.2832562796329619	0.01	0.01	0.01	0.007	0.01	0.5847741536579342	0.10367109128532938	0.05536157943758755	0.04115619277494199	0.05048663125035325	3.2710228455620274	3.6095722842346722	4.3492779890643884	5.208796815316433	0.7390510132158957	94.25149702773274
0.30122808814061275	0.01	0.01	0.01	0.007	0.01	0.6054441087324477	0.10520143955813516	0.05540212561948171	0.04116005138385351	0.050372528931706136	3.6210703939523334	3.938521887840888	4.669072453479472	5.56949295210792	0.7850683919511072	93.89812490363533
0.32038161414465516	0.01	0.01	0.01	0.007	0.01	0.626049678087467	0.1066011922202945	0.05543126538950018	0.04116263345342481	0.0502839052826523	4.005072499062743	4.292287693875371	5.008713799994541	5.952069035361827	0.8338086723522753	93.52297546217483
0.340785506025169	0.01	0.01	0.01	0.007	0.01	0.6464923235794372	0.10786818279207555	0.05545175391812622	0.04116439505927788	0.050216524872011836	4.425472487914751	4.671918388934407	5.369112043343576	6.35753113341285	0.8854196108130977	93.12498444685833
0.3625055522070615	0.01	0.01	0.01	0.007	0.01	0.6666652123245985	0.10900212912841029	0.05546589825561713	0.04116564896218062	0.0501664466824022	4.884623963654178	5.078315497679089	5.751097387468826	6.786781741133634	0.9400353751558876	92.7031818927144
0.3856055861632314	0.01	0.01	0.01	0.007	0.01	0.6864575489211784	0.11000489112896573	0.0554755788610118	0.04116660068617754	0.050130108716421706	5.3847740669567195	5.512244345568048	6.155434302765595	7.240634881669678	0.997778337784885	92.25667627886743
0.41014963103964813	0.01	0.01	0.01	0.007	0.01	0.7057595216945707	0.11088055774514081	0.055482285849950366	0.04116737913137086	0.05010439271987	5.928077523350095	5.974372516374322	6.582856570521777	7.719854951308685	1.0587639452805104	91.78461527945257
0.4362047406562628	0.01	0.01	0.01	0.007	0.01	0.7244668294456995	0.11163532516398084	0.055487165693045196	0.04116806114780516	0.05008666061407705	6.516633436723084	6.465324744568168	7.034113010441139	8.225207569056135	1.1231072163059628	91.28613445485979
0.46384374918645904	0.01	0.01	0.01	0.007	0.01	0.7424839856327635	0.11227718649724941	0.055491071365083286	0.04116869009397418	0.050074758280360517	7.152527939247617	6.9857375700875455	7.5100096816482775	8.757506338199983	1.1909288466833061	90.76030959161363
0.493147352020774	0.01	0.01	0.01	0.007	0.01	0.7597261993748047	0.1128155006917654	0.055494608078505564	0.04116928897080321	0.05006698858902988	7.837867314287498	7.536300872988515	8.011438487614083	9.317644179800952	1.2623594749229872	90.20612384174373
0.5242051005138125	0.01	0.01	0.01	0.007	0.01	0.7761200226671991	0.11326051638210693	0.05549816920076749	0.041169869111748546	0.05006206114876534	8.5747882228744	8.117777010658012	8.539385317213812	9.9066016192396	1.3375411081714743	89.62245726227114
0.5571152475416471	0.01	0.01	0.01	0.007	0.01	0.7916032672983718	0.11362291448339883	0.05550196277646217	0.04117043555637949	0.05005902873299683	9.365439808266837	8.730995879474778	9.094917269915465	10.525431695039524	1.4166256217450073	89.00809924993354
0.5919834197640809	0.01	0.01	0.01	0.007	0.01	0.8061246443006015	0.11391340586323224	0.055506035671931804	0.041170990153715274	0.05005721994415797	10.211934539847027	9.376825860470532	9.679149407170826	11.175222193826402	1.4997703738093553	88.36178340348481
0.6289199358946727	0.01	0.01	0.01	0.007	0.01	0.819643413906364	0.11414239803628115	0.055510305299298825	0.041171533230786164	0.050056175395073774	11.116262310923027	10.056118504561189	10.293189182982736	11.857033344873983	1.5871306484389904	87.68224697823095
0.668035021258756	0.01	0.01	0.01	0.007	0.01	0.8321290939618218	0.11431973089392859	0.05551460461178895	0.04117206441480722	0.050055591896296214	12.080149729365036	10.769615305301395	10.938047913282142	12.571799350340804	1.6788473844811447	86.96832698272061
0.7094312535742865	0.01	0.01	0.01	0.007	0.01	0.8435613861754224	0.11445447992113059	0.055518736298694624	0.04117258299242682	0.050055276664709755	13.104850042580427	11.51780803829305	11.614511275210793	13.320185237970463	1.7750290246869942	86.21910219563806
0.753195474430509	0.01	0.01	0.01	0.007	0.01	0.8539310842615044	0.114554826962755	0.05552252390089039	0.04117308806738024	0.05005511177758447	14.190923755252324	12.300797533830815	12.323008803055227	14.102443777700163	1.875733153408927	85.4340372444192
0.7993962413189559	0.01	0.01	0.01	0.007	0.01	0.863242564922676	0.11462798752777716	0.05552584681249761	0.04117357869418032	0.050055027971499834	15.338168590861427	13.118260547052232	13.063581151794654	14.918381502203065	1.9809619557994012	84.61301940429661
0.8480908843366906	0.01	0.01	0.01	0.007	0.01	0.8715167114024831	0.11468017281188558	0.05552865251407303	0.04117405404551896	0.050054986262856226	16.54580488957122	13.969588811260271	13.836003841188795	15.767497112524541	2.0906798306351204	83.75622255789726
0.8993375701515448	0.01	0.01	0.01	0.007	0.01	0.8787918287157288	0.11471657794189598	0.05553094844744074	0.041174513549543226	0.050054965659303584	17.812797376082337	14.854106352652233	14.639984013403065	16.649198318240494	2.2048412930179193	82.86389003706851
0.9532048716344882	0.01	0.01	0.01	0.007	0.01	0.8851216692414435	0.11474141033163568	0.05553278266213764	0.041174956936679136	0.050054955341990996	19.138115757572834	15.771228046236134	15.475306789794198	17.562960763590212	2.323411660830948	81.93617270547331
1.0097768595245902	0.01	0.01	0.01	0.007	0.01	0.890571773256507	0.11475796757576433	0.055534223173042234	0.041175384214356237	0.050054949958191285	20.52087667224429	16.72052834525294	16.341902433178944	18.508398270898855	2.446376476261496	80.97305419935084
1.069156168642044	0.01	0.01	0.01	0.007	0.01	0.8952155533457318	0.11476875411431964	0.055535342066342135	0.04117579561795042	0.05005494694921167	21.960424282988704	17.701767080548688	17.239875961644458	19.485290913653504	2.573745600200806	79.97431724564846
1.1314670789394445	0.01	0.01	0.01	0.007	0.01	0.899130760580077	0.11477561590921727	0.055536205909647994	0.04117619156352952	0.050054945120199486	23.456397955661014	18.71490858143358	18.169531673353447	20.49360660372718	2.7055565884348964	78.93951509235016
1.1968591248246792	0.01	0.01	0.01	0.007	0.01	0.9023964732524612	0.11477987491509704	0.05553687140888104	0.04117657260697294	0.05005494391600586	25.008797557602808	19.760142029797887	19.131399675300397	21.533523694617156	2.841878346000535	77.86794018155486
1.2655108281764373	0.01	0.01	0.01	0.007	0.01	0.9050906129445039	0.11478245152373356	0.05553738447918861	0.04117693940661178	0.050054943072756784	26.618034765211767	20.83789531498202	20.126257364871023	22.605446665760606	2.982814048866978	76.75859790598656
1.3376336537850222	0.01	0.01	0.01	0.007	0.01	0.9072880057267393	0.11478396892354366	0.055537781120450894	0.04117729269023493	0.05005494245754702	28.284971386047914	21.94884300097887	21.155146512736913	23.710015381332127	3.1285034165715326	75.6101847155873
1.4134760528070827	0.01	0.01	0.01	0.007	0.01	0.9090589562185357	0.11478483743405436	0.0555380890035387	0.041177633225615434	0.05005494199724618	30.01094033075552	23.093905111915518	22.219383069359576	24.848104613498382	3.279123921455872	74.4210737464484
1.4933279631935923	0.01	0.01	0.01	0.007	0.01	0.9104682913059386	0.11478531964955864	0.055538329157556826	0.041177961795855006	0.05005494164747482	31.797756431438565	24.27424095857579	23.320563835882464	26.02081804456678	3.434891515015405	73.18930328712818
1.5775256243158402	0.01	0.01	0.01	0.007	0.01	0.9115747946268647	0.11478557877117483	0.05553851747619675	0.041178279177714036	0.050054941378974926	33.64771188963493	25.49123380062319	24.46056642365814	27.229472603063485	3.596060358661584	71.91257197407708
1.666456202047354	0.01	0.01	0.01	0.007	0.01	0.9124309554387123	0.11478571316683721	0.05553866595275021	0.04117858612006616	0.050054941171328755	35.5635435627688	26.74645726248583	25.64153428640983	28.475564163100426	3.762920392003097	70.5882498198587
1.7605598715916448	0.01	0.01	0.01	0.007	0.01	0.9130829564363185	0.11478578023250716	0.055538783644817534	0.04117888331436823	0.05005494100979185	37.54832226249406	28.04159056341768	26.865815749029547	29.760681992675437	3.93578834977445	69.21343994019254
1.8603223117116554	0.01	0.01	0.01	0.007	0.01	0.9135708372038357	0.11478581231164223	0.055538877405614355	0.041179171338382524	0.050054940883509036	39.60512771746565	29.378194629222957	28.135772238898834	31.086284937962304	4.11498028677233	67.78518673548228
1.9662326264077417	0.01	0.01	0.01	0.007	0.01	0.9139287681738765	0.11478582695495038	0.05553895242252727	0.04117945051510972	0.050054940784410355	41.73604665451977	30.757053858099894	29.453167961578565	32.45304734600432	4.3007251475474835	66.30115654208853
2.0786190528874813	0.01	0.01	0.01	0.007	0.01	0.9141853674986841	0.11478583330048563	0.05553901259043337	0.041179720511948764	0.050054940706504715	43.938932015260825	32.17609380175515	30.817167258529093	33.85879659467039	4.492882628746706	64.76189704825362
2.197076297947523	0.01	0.01	0.01	0.007	0.01	0.9143640049969303	0.11478583589430412	0.05553906072177588	0.04117997923634155	0.05005494064546731	46.197037470455356	33.62380298398553	32.217884143380374	35.292009758470805	4.690036863074925	63.178157936786
2.3191361377466753	0.01	0.01	0.01	0.007	0.01	0.9144834495052158	0.11478583688900358	0.05553909868001946	0.04118022119076188	0.0500549405983625	48.45683079158205	35.06535100205879	33.622485245126754	36.71811840005554	4.8875492718179	61.58675782441428
2.440363163347176	0.01	0.01	0.01	0.007	0.01	0.914560002184046	0.11478583725149466	0.055539127980936846	0.04118044046628783	0.0500549405627936	50.63547422289671	36.447972590018196	34.97958031705058	38.08492206804361	5.078192319735803	60.045894711000614
2.5583081952733533	0.01	0.01	0.01	0.007	0.01	0.914608407020959	0.11478583738290193	0.055539150560308975	0.04118063787741582	0.050054940535943664	52.693770366053926	37.74744744960214	36.264567825473655	39.36856396946965	5.258525029794044	58.58375599727098
2.673468313664505	0.01	0.01	0.01	0.007	0.01	0.9146394621736604	0.11478583743193072	0.05553916833933492	0.04118081794390043	0.05005494051519361	54.646469227428355	38.973863726452926	37.486382512169065	40.579117148962894	5.429820298331519	57.190500383834575
2.7873318703205237	0.01	0.01	0.01	0.007	0.01	0.9146597909676953	0.11478583745078591	0.05553918273179937	0.041180984272346545	0.050054940498690435	56.52313003699701	40.14635382120079	38.663312252403294	41.73554690420186	5.594655961055089	55.845511362651756
2.9011359634773295	0.01	0.01	0.01	0.007	0.01	0.914673277686627	0.11478583745816241	0.05553919464829869	0.04118113920975625	0.05005494048525972	58.34637679142964	41.27937428961661	39.80943208136363	42.8521579206694	5.7550108784107215	54.53283114569838
3.0155169606764383	0.01	0.01	0.01	0.007	0.01	0.9146822675539497	0.11478583746105936	0.05553920466143013	0.041181284272095525	0.05005494047416377	60.12730039400296	42.379978812694	40.931663977125304	43.93592529718023	5.91185688618015	53.24458565747133
3.1305778794204846	0.01	0.01	0.01	0.007	0.01	0.9146882516894913	0.11478583746219224	0.05553921314824457	0.041181420391962265	0.050054940464914086	61.86789955619541	43.44950231616033	42.03124078826789	44.98817856719986	6.065368059789145	51.97938543386787
3.246124303766041	0.01	0.01	0.01	0.007	0.01	0.9146922197925611	0.11478583746263239	0.05553922038062607	0.041181548193134195	0.05005494045715845	63.56569579022482	44.48652936642557	43.10656410687189	46.00754170839383	6.2153232716163105	50.73909990936366
3.3618907715013013	0.01	0.01	0.01	0.007	0.01	0.9146948415726225	0.11478583746280242	0.055539226572144676	0.041181668215989294	0.05005494045062289	65.21754975237025	45.489287904585794	44.155593996000945	46.992295352169464	6.3614411468600816	49.52613114169875
3.477679258189771	0.01	0.01	0.01	0.007	0.01	0.914696570059024	0.11478583746286793	0.05553923189863428	0.041181781014353665	0.05005494044508535	66.82167877034445	46.45687892062703	45.177128346452655	47.941585036911405	6.503558405156631	48.34193712251231
3.593400956660915	0.01	0.01	0.01	0.007	0.01	0.914697708820319	0.11478583746289321	0.05553923650628152	0.041181887152220605	0.05005494044036535	68.37804938804237	47.38948796725104	46.17106450448468	48.85562485081668	6.641665572264761	47.1867164563283
3.7090538309423464	0.01	0.01	0.01	0.007	0.01	0.9146984592284673	0.11478583746290288	0.055539240515487184	0.041181987168449244	0.050054940436316156	69.88785633172581	48.28804294069392	47.13808036029752	49.735357437795386	6.775861844334057	46.05976450383101
3.824677464482642	0.01	0.01	0.01	0.007	0.01	0.9146989539829476	0.11478583746290665	0.055539244024157414	0.041182081551731566	0.05005494043282084	71.35278594670301	49.15375534117229	48.07917207188805	50.58200173822205	6.906290372115483	44.96000212169459
3.940314641044817	0.01	0.01	0.01	0.007	0.01	0.9146992803130948	0.11478583746290812	0.05553924711131914	0.04118217073405489	0.05005494042978589	72.77447430835444	49.98779243152319	48.99530959255882	51.39673119112934	7.033090304725281	43.88637438171033
4.0559913129369995	0.01	0.01	0.01	0.007	0.01	0.9146994955823651	0.11478583746290864	0.055539249840805056	0.04118225509589234	0.0500549404271362	74.15427040589326	50.79113993244026	49.88728343815142	52.18053985356665	7.156375621341827	42.838030837144295
4.171713542594479	0.01	0.01	0.01	0.007	0.01	0.9146996375742169	0.11478583746290881	0.05553925226456765	0.041182334975483674	0.050054940424812254	75.49323539332957	51.56460708757237	50.75570173953418	52.934248193580814	7.2762348728644515	41.81433162506196
4.287474046562654	0.01	0.01	0.01	0.007	0.01	0.9146997312120789	0.11478583746290895	0.05553925442536633	0.04118241067751053	0.050054940422764774	76.79225193167579	52.308895046665256	51.60105878229207	53.65857053949433	7.392740784857528	40.81476921589415
4.403260886400905	0.01	0.01	0.01	0.007	0.01	0.9146997929488029	0.11478583746290899	0.05553925635879051	0.04118248247927636	0.05005494042095347	78.0521407389303	53.024666645135454	52.42380947867383	54.35418345690481	7.505960603925419	39.838881834028555
4.519063857903158	0.01	0.01	0.01	0.007	0.01	0.9146998336459186	0.11478583746290899	0.05553925809473508	0.04118255063445114	0.05005494041934474	79.27373446446427	53.71258907217967	53.224417294947564	55.021767323115206	7.615962712384421	38.88619695672162
4.634877087272917	0.01	0.01	0.01	0.007	0.01	0.9146998604709784	0.11478583746290899	0.05553925965847295	0.04118261537533124	0.05005494041791078	80.45790057394377	54.373346022143664	54.003369603143554	55.66201799968695	7.722818716987115	37.95621267785758
4.7506986499379735	0.01	0.01	0.01	0.007	0.01	0.9146998781515343	0.11478583746290899	0.05553926107146309	0.041182676914585804	0.05005494041662816	81.60553056930738	55.00763053773392	54.76117113642644	56.27563971279579	7.826602519011821	37.04840494343708
4.8665289070672255	0.01	0.01	0.01	0.007	0.01	0.914699889804573	0.11478583746290899	0.055539262351987945	0.04118273544698958	0.05005494041547676	82.7175183135246	55.61613216364606	55.498330096702404	56.8633324842263	7.927388386928472	36.16224374649285
4.982368741633023	0.01	0.01	0.01	0.007	0.01	0.9146998974847554	0.11478583746290899	0.05553926351567499	0.04118279115122764	0.05005494041444012	83.79474085481083	56.19952609222089	56.21534562522428	57.42578158917587	8.025249232590733	35.297207991351385
5.098218576445894	0.01	0.01	0.01	0.007	0.01	0.9146999025463827	0.11478583746290899	0.05553926457593038	0.04118284419163127	0.05005494041350398	84.83804949383106	56.758468397878566	56.912701833578126	57.963652974066605	8.12025579785452	34.45279271421394
5.214078013335198	0.01	0.01	0.01	0.007	0.01	0.914699905882121	0.11478583746290899	0.055539265544301164	0.04118289471973947	0.050054940412656256	85.84826788880329	57.293595307584084	57.59086641093754	58.477592602650404	8.212476472119501	33.62851089759949
5.329946109160746	0.01	0.01	0.01	0.007	0.01	0.9146999080803653	0.11478583746290899	0.05553926643077423	0.04118294287560015	0.05005494041188622	86.82619598324618	57.805525602348695	58.250293116238936	58.96822881704557	8.301977639556474	32.82389058861112
5.445821713362942	0.01	0.01	0.01	0.007	0.01	0.9146999095289464	0.11478583746290899	0.05553926724402376	0.041182988788866504	0.050054940411185314	87.77261388671643	58.29486287950693	58.89142429262972	59.43617454578933	8.388824026231607	32.03847193380125
5.561703767269712	0.01	0.01	0.01	0.007	0.01	0.914699910483488	0.11478583746290899	0.05553926799161134	0.04118303257972965	0.05005494041054554	88.68828486321688	58.76219723524689	59.51469283394318	59.882028937103456	8.473078969737124	31.271804826237176
5.677591473001917	0.01	0.01	0.01	0.007	0.01	0.9146999111124644	0.11478583746290899	0.05553926868015241	0.04118307435974051	0.050054940409960315	89.57395685214777	59.208106107769126	60.12052319594299	60.30637817565015	8.554804557176196	30.52344768183589
5.793484285863913	0.01	0.01	0.01	0.007	0.01	0.9146999115269059	0.11478583746290899	0.055539269315453686	0.04118311423256531	0.050054940409423786	90.43036245556527	59.63315430973796	60.70933137727754	60.70979552103963	8.63406162307891	29.792967468533348
5.909381791580724	0.01	0.01	0.01	0.007	0.01	0.9146999117999817	0.11478583746290899	0.055539269902625754	0.04118315229469277	0.050054940408930965	91.25821814500408	60.037893689304525	61.281524356194886	61.09284099672164	8.710909674493667	29.079940418473058
6.025283660266282	0.01	0.01	0.01	0.007	0.01	0.9146999119799081	0.11478583746290899	0.055539270446181024	0.041183188636058854	0.050054940408477376	92.05822417893575	60.422863175016396	61.83750000058085	61.456061448846	8.785406880661434	28.3839521688844
6.141189569674601	0.01	0.01	0.01	0.007	0.01	0.9146999120984571	0.11478583746290899	0.05553927095011382	0.04118322334062135	0.05005494040805898	92.83106438610874	60.788588773812286	62.377646876028585	61.79999056412902	8.857610049523126	27.704598039728413
6.257099220556796	0.01	0.01	0.01	0.007	0.01	0.9146999121765649	0.11478583746290899	0.05553927141796944	0.04118325648685541	0.05005494040767246	93.57740663438722	61.1355839097248	62.90234452479905	62.12514921118688	8.927574667636895	27.041482727678904
6.373012290605225	0.01	0.01	0.01	0.007	0.01	0.9146999122280265	0.11478583746290899	0.05553927185290354	0.0411832881482175	0.0500549404073147	94.29790289636367	61.464349572563854	63.41196346236483	62.432045603326586	8.995354902379834	26.394220356044958
6.488928465161643	0.01	0.01	0.01	0.007	0.01	0.9146999122619318	0.11478583746290899	0.05553927225773101	0.041183318393542674	0.05005494040698307	94.99318982007361	61.77537470334708	63.90686552789557	62.721175683548026	9.061003651412731	25.762434078706228
6.604847460252158	0.01	0.01	0.01	0.007	0.01	0.9146999122842697	0.11478583746290899	0.05553927263496954	0.04118334728740265	0.050054940406675325	95.66388920737376	62.06913652582105	64.38740417509118	62.9930234569412	9.124572583897335	25.14575575410665
6.720769045624298	0.01	0.01	0.01	0.007	0.01	0.9146999122989868	0.11478583746290899	0.055539272986876116	0.04118337489042772	0.05005494040638894	96.31060845663796	62.34610085233654	64.85392474228469	63.24806129733126	9.18611217870633	24.543825641019023
6.836692998688109	0.01	0.01	0.01	0.007	0.01	0.9146999123086825	0.11478583746290899	0.05553927331547835	0.04118340125962186	0.05005494040612241	96.93394060767689	62.60672221550405	65.306764437383	63.48675009269686	9.24567172492123	23.95629246052401
6.9526191198733	0.01	0.01	0.01	0.007	0.01	0.9146999123150703	0.11478583746290899	0.05553927362260178	0.04118342644863013	0.05005494040587393	97.53446474878744	62.851444159665284	65.7462525814818	63.70953953871784	9.303299356594914	23.38281312693788
7.06854723263196	0.01	0.01	0.01	0.007	0.01	0.9146999123192786	0.11478583746290899	0.05553927390989293	0.04118345050798609	0.05005494040564191	98.11274632401086	63.080699485196725	66.17271078254143	63.91686838796851	9.359042078178197	22.823052567004538
7.18447719111878	0.01	0.01	0.01	0.007	0.01	0.9146999123220511	0.11478583746290899	0.05553927417884026	0.041183473485334174	0.05005494040542512	98.66933747058856	63.29491050176965	66.58645313267785	64.10916470653125	9.412945792962994	22.27668350685263
7.300408826447783	0.01	0.01	0.01	0.007	0.01	0.9146999123238777	0.11478583746290899	0.055539274430792096	0.04118349542565761	0.0500549404052221	99.20477706406292	63.494489169262785	66.98778618785461	64.28684602978119	9.465055303193234	21.743386546696236
7.4163420157942195	0.01	0.01	0.01	0.007	0.01	0.9146999123250807	0.11478583746290899	0.055539274666971214	0.04118351637143887	0.05005494040503196	99.71959134952918	63.67983746249493	67.37700938399296	64.45031971867506	9.515414366998755	21.22284965864457
7.532276620972247	0.01	0.01	0.01	0.007	0.01	0.9146999123258736	0.11478583746290899	0.055539274888489115	0.04118353636285769	0.05005494040485363	100.2142939472655	63.85134749483416	67.75441498799847	64.59998309948833	9.564065694740753	20.714768298834098
7.648212534503996	0.01	0.01	0.01	0.007	0.01	0.9146999123263958	0.11478583746290899	0.055539275096357775	0.04118355543792932	0.05005494040468632	100.68938634740947	64.00940182111688	68.1202884166776	64.73622376247212	9.611050993056242	20.21884502950092
7.764149656586344	0.01	0.01	0.01	0.007	0.01	0.9146999123267398	0.11478583746290899	0.05553927529150018	0.04118357363266005	0.0500549404045289	101.14535808551821	64.15437362100444	68.47490831658554	64.85941975390301	9.656410977857691	19.73478945873072
7.880087887413136	0.01	0.01	0.01	0.007	0.01	0.9146999123269665	0.11478583746290899	0.05553927547475907	0.041183590981183245	0.05005494040438104	101.58268699189422	64.28662691006845	68.81854669884092	64.96993979285449	9.70018539448954	19.262318107620445
7.99602713485386	0.01	0.01	0.01	0.007	0.01	0.9146999123271158	0.11478583746290899	0.05553927564690563	0.04118360751587905	0.050054940404241785	102.0018394961645	64.40651676588166	69.1514691180263	65.06814349999425	9.742413043469393	18.80115421632104
8.111967299097177	0.01	0.01	0.01	0.007	0.01	0.9146999123272141	0.11478583746290899	0.055539275808645906	0.041183623267494585	0.050054940404110605	102.40327084034904	64.51438952398814	69.47393478023679	65.15438160048122	9.783131797152949	18.35102764662299
8.227908318722088	0.01	0.01	0.01	0.007	0.01	0.9146999123272791	0.11478583746290899	0.055539275960628104	0.041183638265227154	0.0500549404039868	102.78742549857779	64.61058302625321	69.78619681855723	65.22899616769092	9.822378637472209	17.911674549618972
8.343850124627691	0.01	0.01	0.01	0.007	0.01	0.9146999123273216	0.11478583746290899	0.05553927610344725	0.04118365253684116	0.05005494040387013	103.15473726515509	64.69542677428768	70.08850230495	65.29232078914481	9.86018966025122	17.482837398775484
8.45979265539034	0.01	0.01	0.01	0.007	0.01	0.9146999123273498	0.11478583746290899	0.05553927623765125	0.04118366610875027	0.050054940403759976	103.50562955890415	64.76924214181	70.38109243524913	65.34468077980154	9.896600101414627	17.064264782090124
8.575735857263926	0.01	0.01	0.01	0.007	0.01	0.9146999123273685	0.11478583746290899	0.05553927636374405	0.04118367900609974	0.05005494040365579	103.84051566522332	64.83234256590715	70.66420266619494	65.38639337703874	9.931644357039344	16.655711259365994
8.691679661144041	0.01	0.01	0.01	0.007	0.01	0.9146999123273807	0.11478583746290899	0.05553927648219107	0.041183691252853774	0.050054940403557416	104.15979891077284	64.88503372452409	70.93806279587017	65.41776792600875	9.965355996386263	16.25693730098019
8.807624028640154	0.01	0.01	0.01	0.007	0.01	0.9146999123273887	0.11478583746290899	0.05553927659342175	0.0411837028718441	0.05005494040346425	104.4638730275069	64.92761374403075	71.20289720694656	65.43910608226173	9.997767794957682	15.867708989362505
8.923568906003661	0.01	0.01	0.01	0.007	0.01	0.9146999123273939	0.11478583746290899	0.05553927669783303	0.0411837138848583	0.05005494040337625	104.75312225136656	64.96037335651631	71.45892488555411	65.45070198098409	10.02891173978639	15.487798044462961
9.039514239485275	0.01	0.01	0.01	0.007	0.01	0.9146999123273973	0.11478583746290899	0.055539276795792035	0.04118372431269305	0.05005494040329284	105.02792159283942	64.98359608613029	71.70635958699556	65.45284242387021	10.0588190528308	15.116981636043466
9.155459990692721	0.01	0.01	0.01	0.007	0.01	0.9146999123273996	0.11478583746290899	0.055539276887639495	0.04118373417520344	0.05005494040321392	105.28863709038332	64.99755842339637	71.94540999142782	65.44580705394927	10.087520212918667	14.755042206535624
9.271406151948666	0.01	0.01	0.01	0.007	0.01	0.914699912327401	0.11478583746290899	0.05553927697369072	0.04118374349134745	0.05005494040313897	105.53562604786326	65.00252998837139	72.176279850165	65.42986851925045	10.115044976335012	14.401767303782059
9.387352669502528	0.01	0.01	0.01	0.007	0.01	0.914699912327402	0.11478583746290899	0.05553927705423895	0.04118375227927476	0.050054940403068106	105.76923707665073	64.99877368985412	72.39916794920363	65.40529264902948	10.141422375629784	14.056949693748777
9.503299512639884	0.01	0.01	0.01	0.007	0.01	0.9146999123274026	0.11478583746290899	0.05553927712955615	0.041183760556337344	0.050054940403000736	105.9898104546953	64.98654589421108	72.61426836709143	65.3723386131519	10.166680753604755	13.720387024591153
9.619246658324958	0.01	0.01	0.01	0.007	0.01	0.9146999123274031	0.11478583746290899	0.05553927719989586	0.04118376833913991	0.050054940402936926	106.19767828698278	64.96609657772107	72.82177055360859	65.33125908024716	10.190847775660512	13.391881759685631
9.735194068163967	0.01	0.01	0.01	0.007	0.01	0.9146999123274036	0.11478583746290899	0.05553927726549359	0.04118377564359245	0.05005494040287644	106.39316465937753	64.9376694842854	73.02185939911722	65.28230038244169	10.213950441170034	13.071241127695975
9.851141719120735	0.01	0.01	0.01	0.007	0.01	0.9146999123274037	0.11478583746290899	0.05553927732656897	0.04118378248493101	0.05005494040281898	106.57658588459849	64.90150227026041	73.21471539772213	65.22570265757714	10.236015105706379	12.758276922827264
9.967089580480005	0.01	0.01	0.01	0.007	0.01	0.9146999123274038	0.11478583746290899	0.055539277383326986	0.04118378887776555	0.05005494040276446	106.74825064768244	64.85782665544137	73.40051471189835	65.161700007072	10.257067491724232	12.452805459802464
10.083037636884258	0.01	0.01	0.01	0.007	0.01	0.9146999123274039	0.11478583746290899	0.055539277435958836	0.04118379483609994	0.05005494040271258	106.90846022251314	64.80686855787877	73.57942931280151	65.09052062941191	10.277132707866011	12.154647405441217
10.198985880654861	0.01	0.01	0.01	0.007	0.01	0.9146999123274039	0.11478583746290899	0.05553927748464273	0.0411838003733668	0.05005494040266345	107.05750863255412	64.74884823305041	73.7516270653016	65.01238696337171	10.296235261815598	11.863627697545462
10.3149342887552	0.01	0.01	0.01	0.007	0.01	0.9146999123274039	0.11478583746290899	0.05553927752954615	0.041183805502469036	0.0500549404026169	107.19568279458493	64.68398042183378	73.9172717919994	64.92751584257572	10.314399070871936	11.579575500382285
10.430882830469592	0.01	0.01	0.01	0.007	0.01	0.9146999123274039	0.11478583746290899	0.05553927757082459	0.04118381023580279	0.05005494040257262	107.3232627034473	64.6124744833996	74.07652338393085	64.83611862952931	10.331647477729298	11.302324081882542
10.546831498119204	0.01	0.01	0.01	0.007	0.01	0.9146999123274039	0.11478583746290899	0.05553927760862456	0.04118381458526578	0.05005494040253052	107.44052163043887	64.53453450587732	74.22953793600946	64.73840132348491	10.348003268688618	11.031710643043613
10.662780276346187	0.01	0.01	0.01	0.007	0.01	0.9146999123274039	0.11478583746290899	0.0555392776430827	0.041183818562298594	0.05005494040249069	107.54772624754699	64.45035945017554	74.37646779427122	64.63456471197266	10.363488682176285	10.767576298245356
10.778729165150647	0.01	0.01	0.01	0.007	0.01	0.9146999123274039	0.11478583746290899	0.055539277674327495	0.04118382217789342	0.05005494040245277	107.64513680689913	64.36014325760001	74.51746167470931	64.5248044768544	10.37812542493243	10.509765929370475
10.894678141495676	0.01	0.01	0.01	0.007	0.01	0.9146999123274039	0.11478583746290899	0.055539277702479226	0.0411838254426377	0.05005494040241692	107.73300726089312	64.26407499986091	74.65266470288498	64.40931135311062	10.391934679790614	10.258128181285397
11.010627190023325	0.01	0.01	0.01	0.007	0.01	0.9146999123274039	0.11478583746290899	0.05553927772765073	0.041183828366716094	0.05005494040238281	107.8115854414724	64.16233897533085	74.7822185383826	64.2882712221141	10.404937122289798	10.012515302745795
11.126576295375616	0.01	0.01	0.01	0.007	0.01	0.9146999123274039	0.11478583746290899	0.05553927774994796	0.041183830959934165	0.05005494040235047	107.88111319933768	64.05511482974487	74.906261447986	64.16186523581305	10.417152931776496	9.772783077515474
11.242525457552578	0.01	0.01	0.01	0.007	0.01	0.9146999123274039	0.11478583746290899	0.05553927776947056	0.041183833231726995	0.0500549404023198	107.94182655455353	63.94257765351746	75.02492840216809	64.030269913656	10.428601804737216	9.538790709228364
11.358474653517192	0.01	0.01	0.01	0.007	0.01	0.9146999123274039	0.11478583746290899	0.05553927778631201	0.04118383519119765	0.050054940402290894	107.99395581479169	63.82489812806495	75.13835111414015	63.89365729731759	10.439302962470176	9.310400817270091
11.474423883269468	0.01	0.01	0.01	0.007	0.01	0.9146999123274039	0.11478583746290899	0.05553927780056028	0.041183836847107004	0.05005494040226333	108.03772573596146	63.70224258841861	75.24665816436944	63.752195007760236	10.449275166950827	9.087479263194693
11.590373154488436	0.01	0.01	0.01	0.007	0.01	0.9146999123274039	0.11478583746290899	0.055539277812298275	0.041183838207896825	0.05005494040223731	108.07335564301283	63.57477314027667	75.3499750576833	63.60604636684916	10.458536729977506	8.869895105919817
11.706322451816066	0.01	0.01	0.01	0.007	0.01	0.9146999123274039	0.11478583746290899	0.05553927782160369	0.041183839281722076	0.05005494040221267	108.10105955125778	63.44264779645971	75.44842427003329	63.45537054067147	10.467105521560374	8.657520582119508
11.822271759894322	0.01	0.01	0.01	0.007	0.01	0.9146999123274039	0.11478583746290899	0.0555392778285501	0.041183840076450734	0.050054940402189343	108.12104630438978	63.30602055373486	75.54212534341976	63.30032261446096	10.474998982634219	8.45023098541279
11.938221071044188	0.01	0.01	0.01	0.007	0.01	0.9146999123274039	0.11478583746290899	0.05553927783320619	0.041183840599672145	0.05005494040216743	108.13351969885294	63.16504148064935	75.63119496179573	63.14105368105309	10.482234135778084	8.247904580032333
12.05417038526566	0.01	0.01	0.01	0.007	0.01	0.9146999123274039	0.11478583746290899	0.055539277835637224	0.041183840858708375	0.05005494040214668	108.13867860228208	63.01985681114112	75.71574701806938	62.97771093632252	10.48882759502221	8.050422531061905
12.170119679521685	0.01	0.01	0.01	0.007	0.01	0.9146999123274039	0.11478583746290899	0.0555392778359044	0.04118384086064437	0.050054940402127206	108.13671707069234	62.870609076076214	75.79589265892236	62.81043781726156	10.49479557393206	7.857668886710529
12.2860689691703	0.01	0.01	0.01	0.007	0.01	0.9146999123274039	0.11478583746290899	0.05553927783406551	0.04118384061230156	0.050054940402108845	108.12782446412679	62.717437115571514	75.87174039347936	62.6393740064228	10.500153898450703	7.669530407181326
12.402018254211503	0.01	0.01	0.01	0.007	0.01	0.9146999123274039	0.11478583746290899	0.055539277830174885	0.041183840120280445	0.050054940402091484	108.11218555666721	62.560476234673	75.94339611780411	62.464655597674444	10.50491801315931	7.485896589866192
12.517967526966281	0.01	0.01	0.01	0.007	0.01	0.9146999123274039	0.11478583746290899	0.0555392778242841	0.04118383939096518	0.050054940402075296	108.08998064919476	62.399858281516195	76.01096318434888	62.286415174722855	10.509102991046325	7.306659589693449
12.633916787434632	0.01	0.01	0.01	0.007	0.01	0.9146999123274039	0.11478583746290899	0.05553927781644127	0.04118383843052428	0.05005494040206003	108.06138567455524	62.23571171078881	76.07454247222378	62.104781873796036	10.512723543028603	7.131714131481408
12.749866020258532	0.01	0.01	0.01	0.007	0.01	0.9146999123274039	0.11478583746290899	0.0555392778066922	0.04118383724493211	0.05005494040204577	108.0265723076511	62.06816169842165	76.13423243372884	61.91988150334675	10.515794025886736	6.960957483059789
12.865815210079967	0.01	0.01	0.01	0.007	0.01	0.9146999123274039	0.11478583746290899	0.05553927779507983	0.04118383583996907	0.05005494040203254	107.98570806579522	61.89733020116846	76.19012916191984	61.731836602766045	10.518328451389541	6.7942893704310325
12.98176436457796	0.01	0.01	0.01	0.007	0.01	0.9146999123274039	0.11478583746290899	0.055539277781644886	0.041183834221214785	0.050054940402020166	107.93895639839378	61.723335999931294	76.2423264570361	61.54076648378681	10.52034049489527	6.631611887058362
13.097713491431529	0.01	0.01	0.01	0.007	0.01	0.9146999123274039	0.11478583746290899	0.055539277766425636	0.04118383239406952	0.05005494040200863	107.88647678948654	61.54629480858649	76.29091586873025	61.346787344219386	10.52184350265882	6.472829471478473
13.213662582961675	0.01	0.01	0.01	0.007	0.01	0.9146999123274039	0.11478583746290899	0.05553927774945819	0.041183830363770726	0.05005494040199809	107.82842486094906	61.36631937272995	76.3359867442578	61.15001237029883	10.522850499619022	6.317848871392982
13.329611639168409	0.01	0.01	0.01	0.007	0.01	0.9146999123274039	0.11478583746290899	0.05553927773077666	0.04118382813538591	0.050054940401988296	107.76495245576315	61.183519507838795	76.37762629129635	60.95055177280926	10.523374197470737	6.166579056706827
13.445560660051742	0.01	0.01	0.01	0.007	0.01	0.9146999123274039	0.11478583746290899	0.05553927771041306	0.04118382571382333	0.05005494040197921	107.69620773146835	60.998002181787655	76.41591962568867	60.74851287205241	10.523427002021267	6.01893117696251
13.561509637932689	0.01	0.01	0.01	0.007	0.01	0.9146999123274039	0.11478583746290899	0.05553927768839773	0.04118382310384345	0.05005494040197102	107.62233525360087	60.80987159677981	76.45094981932141	60.5440001821427	10.523021020559232	5.874818518578924
13.677458572811267	0.01	0.01	0.01	0.007	0.01	0.9146999123274039	0.11478583746290899	0.055539277664759176	0.041183820310055	0.05005494040196345	107.5434760728158	60.619229232468385	76.48279795406982	60.33711545319122	10.5221680690102	5.734156434375517
13.79340746468749	0.01	0.01	0.01	0.007	0.01	0.9146999123274039	0.11478583746290899	0.05553927763952443	0.04118381733692507	0.050054940401956745	107.45976781311259	60.42617392406339	76.511543166651	60.12795775174029	10.520879678866686	5.5968623039902745
13.909356298203408	0.01	0.01	0.01	0.007	0.01	0.9146999123274039	0.11478583746290899	0.05553927761271846	0.04118381418879464	0.050054940401950555	107.3713447660366	60.23080195286277	76.53726269199504	59.916623554588256	10.519167104255994	5.46285550288384
14.025305096395991	0.01	0.01	0.01	0.007	0.01	0.9146999123274039	0.11478583746290899	0.05553927758436544	0.04118381086984952	0.05005494040194518	107.27833792972733	60.03320701854247	76.56003192052303	59.70320671484278	10.51704132778093	5.332057292965634
14.141253843907293	0.01	0.01	0.01	0.007	0.01	0.9146999123274039	0.11478583746290899	0.055539277554487496	0.041183807384173265	0.05005494040194042	107.18087514576622	59.83348042998067	76.57992442548687	59.487798664445535	10.51451306814448	5.204390865111594
14.257202548416311	0.01	0.01	0.01	0.007	0.01	0.9146999123274039	0.11478583746290899	0.05553927752310602	0.04118380373571352	0.05005494040193632	107.07908112785566	59.63171106127934	76.59701201933497	59.27048836286508	10.511592785497525	5.07978122366277
14.373151194565116	0.01	0.01	0.01	0.007	0.01	0.9146999123274039	0.11478583746290899	0.055539277490240506	0.041183799928315216	0.05005494040193284	106.97307757506643	59.42798548959824	76.61136478804482	59.05136244223446	10.50829068862154	4.958155193149566
14.489099790032705	0.01	0.01	0.01	0.007	0.01	0.9146999123274039	0.11478583746290899	0.05553927745590966	0.04118379596569609	0.05005494040192998	106.86298320418037	59.222387972083325	76.62305113917178	58.83050517914934	10.5046167398031	4.839441325789737
14.605048319461172	0.01	0.01	0.01	0.007	0.01	0.9146999123274039	0.11478583746290899	0.055539277420131164	0.04118379185147941	0.05005494040192763	106.7489138628069	59.01500058251223	76.63213783638541	58.60799863845147	10.500580662031878	4.723569907893479
14.720996805887436	0.01	0.01	0.01	0.007	0.01	0.9146999123274039	0.11478583746290899	0.05553927738292085	0.041183787589159346	0.050054940401925825	106.63098253911286	58.805903156182794	76.6386900441237	58.38392261107125	10.49619194268603	4.610472856937644
14.836945241632556	0.01	0.01	0.01	0.007	0.01	0.9146999123274039	0.11478583746290899	0.05553927734429443	0.041183783182148125	0.0500549404019247	106.50929949687894	58.59517346633717	76.64277136013375	58.15835480045384	10.491459841492789	4.500083751106254
14.95289362669655	0.01	0.01	0.01	0.007	0.01	0.9146999123274039	0.11478583746290899	0.05553927730426599	0.041183778633755226	0.050054940401924056	106.3839723044549	58.382887207591786	76.6444438563604	57.93137080190152	10.486393394729621	4.392337751432976
15.068841961079444	0.01	0.01	0.01	0.007	0.01	0.9146999123274039	0.11478583746290899	0.05553927726284903	0.041183773947196176	0.050054940401923945	106.25510590667702	58.169118060178434	76.64376811481523	57.70304416873876	10.481001420826683	4.287171571481298
15.184790244781258	0.01	0.01	0.01	0.007	0.01	0.9146999123274039	0.11478583746290899	0.0555392772200558	0.04118376912559483	0.050054940401924417	106.12280268781676	57.9539377392921	76.64080326325737	57.47344646255442	10.475292525585825	4.184523440169486
15.300738477802016	0.01	0.01	0.01	0.007	0.01	0.9146999123274039	0.11478583746290899	0.05553927717589814	0.041183764171987415	0.05005494040192529	105.98716253302183	57.737416043250974	76.6356070100198	57.24264730223319	10.469275107274616	4.084333065485709
15.416686652462797	0.01	0.01	0.01	0.007	0.01	0.9146999123274039	0.11478583746290899	0.05553927713038637	0.04118375908933005	0.050054940401926755	105.84828289758838	57.51962091496188	76.62823567856088	57.010714427201506	10.462957362026556	3.9865416054703213
15.532634776442569	0.01	0.01	0.01	0.007	0.01	0.9146999123274039	0.11478583746290899	0.05553927708353074	0.041183753880486784	0.05005494040192861	105.70625883799602	57.30061844455096	76.61874423924307	56.7777136980718	10.456347287447743	3.8910916141465566
15.648582834383488	0.01	0.01	0.01	0.007	0.01	0.9146999123274039	0.11478583746290899	0.05553927703534037	0.04118374854825699	0.050054940401930835	105.56118311552268	57.080472986431005	76.60718634449431	56.54370921917376	10.449452689491958	3.797927039790168
15.764530841643449	0.01	0.01	0.01	0.007	0.01	0.9146999123274039	0.11478583746290899	0.055539276985823526	0.041183743095343804	0.050054940401933624	105.41314618566423	56.859247101273674	76.59361435567622	56.30876327484496	10.442281183972797	3.7069931481237592
15.880478805901399	0.01	0.01	0.01	0.007	0.01	0.9146999123274039	0.11478583746290899	0.055539276934988065	0.04118373752438073	0.050054940401936844	105.26223629913623	56.63700167100982	76.57807937676576	56.07293644985363	10.434840203222286	3.6182365221279005
15.996426719478432	0.01	0.01	0.01	0.007	0.01	0.9146999123274039	0.11478583746290899	0.055539276882841083	0.041183731837939455	0.050054940401940515	105.10853956629123	56.413795955638186	76.56063128637824	55.83628768779144	10.427137001109504	3.5316050355700974
16.0	0.01	0.01	0.01	0.007	0.01	0.9146999123274039	0.11478583746290899	0.055539276881213656	0.04118373278118084	0.05005494040194063	105.1037595849663	56.40690257554294	76.5600637102421	55.82898221330477	10.426895515393355	3.528968432621643
