0.0	0.01	0.01	0.01	0.007	0.01	0.0	0.0	0.0	0.0	0.0	0.0	0.0	0.0	0.0	0.0	100.0
0.0034272052252533555	0.01	0.01	0.01	0.007	0.01	0.01165368523699152	0.0031746136645971344	0.0038845134980429806	0.004033872388887124	0.004409271463921317	0.0007178166760940926	0.0010627909260755948	0.002451075055942695	0.0039017261030387536	0.0004373150358111104	99.93365603325795
0.005423007836094279	0.01	0.01	0.01	0.007	0.01	0.01837370429596542	0.00497958874972323	0.006008194515895377	0.006185388499609451	0.0068649933728562665	0.0017920587508003666	0.0026442932602466942	0.006041898805412031	0.009558167793209749	0.0010828065833549628	99.89504149283972
0.008462620478760572	0.01	0.01	0.01	0.007	0.01	0.028515364905560312	0.007668245557860023	0.00905922722225829	0.009207097098905376	0.010454542130270712	0.004344741267399992	0.00637800573395927	0.014370617119660756	0.02252555228366989	0.002592778760193576	99.83626011070025
0.011235080972881426	0.01	0.01	0.01	0.007	0.01	0.037668738511018075	0.010058526495257337	0.011660390728685565	0.01171629951626804	0.013577830523997546	0.007627135716896159	0.011144387255472933	0.0247969250226717	0.03855318704728329	0.004500980915852301	99.78267519861252
0.0144612531196368	0.01	0.01	0.01	0.007	0.01	0.04820490266803507	0.012767384794665708	0.014483738367176827	0.014367040756528315	0.017041936917960073	0.012577516285541317	0.018278810267357695	0.0400918722733594	0.061763583060074165	0.007327867885469413	99.72035734933814
0.0177327397770569	0.01	0.01	0.01	0.007	0.01	0.058763979651972706	0.015436700330093818	0.017138687167183784	0.0167874662390995	0.020379792310545694	0.01882284898344881	0.027207050543117152	0.05882817092321297	0.08981680195422886	0.010827571405265782	99.65720393285444
0.02125609287391153	0.01	0.01	0.01	0.007	0.01	0.06999681030000872	0.018226671845738906	0.019781195971228314	0.019123687739805207	0.023792325761401955	0.02690909969413455	0.038670216604193584	0.08236205076317539	0.12457917328414132	0.015272418133021812	99.58923316945867
0.024908298252753765	0.01	0.01	0.01	0.007	0.01	0.08149000135612627	0.02102860240070626	0.022301407774947817	0.02128064721446638	0.027146489671047307	0.03675739882036495	0.052508890507082635	0.11013596101282933	0.16504566222067585	0.020580241387064473	99.5188255852246
0.028747932739600322	0.01	0.01	0.01	0.007	0.01	0.0934100734324143	0.02387860701235129	0.02473027029461121	0.023290197748502484	0.030489737559313727	0.04869499335138493	0.06913109551502769	0.14273275456186396	0.21189253901165905	0.026887782905936568	99.44485839712853
0.032739955064874295	0.01	0.01	0.01	0.007	0.01	0.10562857657315429	0.02674114346087722	0.027036069072830137	0.025131562542129855	0.03378499424221938	0.06279923442619605	0.088585477278779	0.17999256658261742	0.2647140225968327	0.03419341679765726	99.36801388262867
0.036902751321183355	0.01	0.01	0.01	0.007	0.01	0.11818286013037738	0.029620708953745998	0.029223332954627815	0.026815050978003137	0.03704122548366614	0.07931311200815595	0.11114252916188104	0.2221705265273156	0.32370377246671184	0.04257933413374993	99.28794529630153
0.04122882520391609	0.01	0.01	0.01	0.007	0.01	0.13103038640141043	0.032503277806444505	0.031283074853237156	0.02834070984196058	0.0402396212731152	0.09839351269052596	0.13694466727800636	0.2692573584179341	0.38868502246247894	0.05207841966376822	99.20480453693926
0.0457267529049531	0.01	0.01	0.01	0.007	0.01	0.14417637066220923	0.03538598488865925	0.03321613487506487	0.029716557426287274	0.043358065262226846	0.12026679580378967	0.16621924725471052	0.32138463231106973	0.4596842495106574	0.06275111549211262	99.11843482283426
0.05039940541248796	0.01	0.01	0.01	0.007	0.01	0.15760792919350522	0.038261993392239874	0.03502149289626069	0.030949352709772164	0.046339707313710045	0.14514396776508587	0.19916195506022155	0.37860791246021186	0.5366296328252169	0.07463555185113245	99.0287896558923
0.05524985481546645	0.01	0.01	0.01	0.007	0.01	0.1713120047225132	0.04112466986844517	0.03669941534635369	0.03204687520078715	0.04908377916321235	0.17324290995516556	0.23596684035008314	0.440966005081268	0.6194366069036475	0.08774711781619478	98.9358192055785
0.06023976205697219	0.01	0.01	0.01	0.007	0.01	0.18516090516415365	0.04394459975667062	0.03823923314085922	0.03301026570055235	0.05143044773302514	0.20451770555489143	0.2764772105870029	0.5079135067021215	0.7072696377622187	0.1019416190570839	98.84026679490125
0.0653455116116645	0.01	0.01	0.01	0.007	0.01	0.1990744051382333	0.04670436190632957	0.03964054187250104	0.03384790972886556	0.05324007939066052	0.23895080416786507	0.32057714953131433	0.5790163937471822	0.7994827507899274	0.11705058356720352	98.7425916265456
0.07065616440711449	0.01	0.01	0.01	0.007	0.01	0.2132756569344156	0.04944602082208752	0.040932092791548545	0.03458448007858065	0.05446474385139513	0.27731805168920437	0.3691527872254082	0.6554358488511987	0.8975003385997344	0.13320304147351228	98.64109898243055
0.0762170393203771	0.01	0.01	0.01	0.007	0.01	0.2278559278790454	0.052182493861794486	0.042124175818710925	0.03523177917946038	0.055109648639500936	0.3202181595555818	0.42282639428845564	0.7378187035731513	1.002045241627443	0.15038799355174054	98.53493611377952
0.08200559830253902	0.01	0.01	0.01	0.007	0.01	0.2427241996851065	0.05489197142157405	0.043211908337054496	0.0357929383451702	0.055253569855642726	0.36776509535824564	0.4815910430491234	0.8258141072285392	1.1125749708921886	0.1683799945673271	98.42454788960833
0.0880067804863633	0.01	0.01	0.01	0.007	0.01	0.2578127605765222	0.05755868003460761	0.04419536548415408	0.036274034049934234	0.055026103518938406	0.42009348292861404	0.5454607285450779	0.9191313592502814	1.2286549392939798	0.1869918259675688	98.31023548892811
0.09425566964712952	0.01	0.01	0.01	0.007	0.01	0.27317917751292203	0.06018945889040953	0.04508369085541714	0.036685256251138006	0.05455148815046924	0.47778015227307696	0.6149740773154317	1.0182457430236669	1.3508182620448939	0.20622081660496483	98.19134578386875
0.10080939374684206	0.01	0.01	0.01	0.007	0.01	0.28892560483948027	0.06279714570365386	0.04588671746419619	0.03703617487555905	0.05392332681278111	0.541691684559834	0.6909798741888671	1.1240153475818264	1.480057414485713	0.22615613842947105	98.06681083605379
0.1077091746478914	0.01	0.01	0.01	0.007	0.01	0.30510421213484246	0.0653844219126488	0.046609944124741384	0.03733366984158962	0.05320894578379402	0.6126443596739196	0.7742173329045232	1.2370725163019192	1.6170740067935763	0.24685396953473435	97.93587073242514
0.11498293796647854	0.01	0.01	0.01	0.007	0.01	0.3217272490443688	0.06794671472112371	0.04725674511983111	0.037583321635606924	0.052456407820228215	0.6913933380225434	0.8653070829324505	1.3578382017667545	1.762311271576389	0.2683423832275005	97.79802270361273
0.12265176761974443	0.01	0.01	0.01	0.007	0.01	0.3387849499843165	0.07047594711909361	0.04783012239174837	0.037790293300068716	0.05169951689377643	0.7786725073838147	0.9648010975075344	1.4866121648358415	1.9160734974848812	0.29063920555779144	97.65289772700073
0.13073866441892842	0.01	0.01	0.01	0.007	0.01	0.35626624727157397	0.07296408954845839	0.04833373794050216	0.03795971054660927	0.05096118404056769	0.8752818710119178	1.0732821561553079	1.623714570870917	2.0786996176510755	0.313775948775515	97.50009452379474
0.1392704722640307	0.01	0.01	0.01	0.007	0.01	0.3741621711580682	0.07540367728185221	0.04877188510477305	0.03809657166480344	0.0502565203658325	0.982116298127008	1.1913903233447192	1.7695202850085154	2.250603148424564	0.3378009965413217	97.33914384163205
0.14827880362397225	0.01	0.01	0.01	0.007	0.01	0.3924664948408291	0.07778785365941805	0.04914932492098459	0.03820562810602813	0.04959516745018434	1.1001873717312791	1.3198390974760064	1.9244769371879433	2.432291633751415	0.36278012976251384	97.16949200630381
0.15779977072771476	0.01	0.01	0.01	0.007	0.01	0.41117367746867833	0.08011006049425608	0.049471084837916485	0.0382912828836251	0.04898300501805019	1.2306316661044314	1.459414958461684	2.0891019940394515	2.6243611214818254	0.38879409680596083	96.99050721288481
0.16787409029673492	0.01	0.01	0.01	0.007	0.01	0.4302775899566002	0.08236389311712625	0.049742323856072565	0.03835753575320996	0.048423276749538495	1.374723258762756	1.610980620381624	2.2639853437271777	2.827497295518841	0.41593765736704147	96.80147891197193
0.17854703090140436	0.01	0.01	0.01	0.007	0.01	0.44976991434464403	0.08454296761048256	0.0499682224876407	0.038407954499369366	0.047917347070324176	1.5338837290835803	1.7754746322715345	2.4497885177349206	3.0424727351721623	0.44431848336375906	96.60162033129014
0.1898684427529555	0.01	0.01	0.01	0.007	0.01	0.4696387276531804	0.08664086753139282	0.050153898247338694	0.038445667468494676	0.047465196235573215	1.7096925080456886	1.9539106501788301	2.647244798969674	3.270145240159347	0.4740564891235178	96.39006963635752
0.20189261656049623	0.01	0.01	0.01	0.007	0.01	0.4898668397157262	0.08865112058903368	0.0503043329633458	0.038473370165446774	0.04706575413852688	1.9038934492888984	2.1473724193430876	2.857155915084834	3.511452191701152	0.5052828386587713	96.16589449334377
0.21467794544918992	0.01	0.01	0.01	0.007	0.01	0.5104299652545073	0.09056722191679241	0.05042430990281478	0.038493342949105544	0.046717127673690365	2.118396067187116	2.3570036620558046	3.0803849212601837	3.7674005197196467	0.5381385313000573	95.92810048765547
0.22828624669875022	0.01	0.01	0.01	0.007	0.01	0.5312946618693314	0.09238270252279294	0.05051835779100618	0.038507477139405194	0.046416762522239655	2.355267619831521	2.5839902032026365	3.317842857239529	4.039049533272315	0.5727721750164637	95.67564600194348
0.24278169465194066	0.01	0.01	0.01	0.007	0.01	0.5524161969378015	0.09409126060108666	0.05059070142045298	0.038517307652814525	0.04616156455757353	2.6167132037597725	2.8295332080077027	3.5704684541595144	4.3274858437400345	0.6093368197612975	95.40746433293458
0.2582293772126549	0.01	0.01	0.01	0.007	0.01	0.5737366260040181	0.09568697100841664	0.05064521887823546	0.038524050401686535	0.04594799975880602	2.90504198658334	3.094813719901386	3.8392012821216763	4.633790894236394	0.6479858807497632	95.12249264578942
0.27469366246036236	0.01	0.01	0.01	0.007	0.01	0.5951835755032646	0.09716458516052237	0.05068540624926402	0.03852864281635691	0.04577218701070595	3.2226213463240008	3.380952156188997	4.124951781058696	4.959005094447435	0.6888686146160992	94.81970412799402
0.2922368174598322	0.01	0.01	0.01	0.007	0.01	0.6166703917866442	0.0985199180512419	0.050714351391992776	0.03853178587942106	0.04562999539102079	3.571827093807235	3.6889715738235798	4.428575988034832	5.304097519142692	0.7321262288063793	94.49813506997668
0.3109184157083847	0.01	0.01	0.01	0.007	0.01	0.6380981122526301	0.09975027802533343	0.05073471896640148	0.03853398604164288	0.045517155398840124	3.9550024866788567	4.01977588501217	4.750864197878755	5.6699517015528516	0.7778899076232988	94.15689707598789
0.33079596839802405	0.01	0.01	0.01	0.007	0.01	0.6593592354105682	0.10085485746175805	0.050748749697010445	0.03853559540786282	0.04542938725736421	4.374439445115477	4.374152604859998	5.092550735750465	6.057375653588555	0.8262817673520614	93.79516676007948
0.3519267832618151	0.01	0.01	0.01	0.007	0.01	0.6803425637226052	0.10183498549343406	0.0507582765753626	0.03853684860898599	0.04536254025125231	4.832387860431895	4.752801439902161	5.454344317592923	6.467135435654877	0.8774186957428232	93.41215342282567
0.3743705700225678	0.01	0.01	0.01	0.007	0.01	0.7009379823980708	0.10269417411466304	0.05076475871311035	0.038537894947223525	0.0453127278151443	5.331087405871415	5.156380093799673	5.836970112543176	6.900002073210142	0.931417878781854	93.00705407946292
0.3981921155318559	0.01	0.01	0.01	0.007	0.01	0.7210402238188205	0.1034379532490771	0.050769329902050395	0.038538824822119185	0.04527643956541981	5.87280875076137	5.585553904926811	6.241211511388946	7.35679808614133	0.9884023833098771	92.57900856146784
0.42346347101700793	0.01	0.01	0.01	0.007	0.01	0.7405512159704887	0.10407354655567985	0.05077285502133208	0.03853969010021629	0.045250616099709505	6.459890289435655	6.041037489257287	6.6679420136914835	7.838432652271333	1.0485054808682566	92.12706492273387
0.4502653961852545	0.01	0.01	0.01	0.007	0.01	0.7593811703245147	0.10460946340091376	0.05077598496562987	0.03854051880031058	0.045232681649584834	7.094761239387544	6.523622173321317	7.118143087673628	8.34592064199374	1.111873132367597	91.65015963745707
0.4786879534098758	0.01	0.01	0.01	0.007	0.01	0.7774487894725739	0.10505507218881752	0.05077920058773741	0.038541324992749426	0.045220538525445615	7.7799448874065185	7.034186274608946	7.592906519450419	8.880383864437372	1.1786644053378017	91.14711421727479
0.5088302065116992	0.01	0.01	0.01	0.007	0.01	0.794681020539818	0.10542019906470616	0.05078283858793914	0.03854211504358123	0.04521253244296638	8.518037592635318	7.573687083033151	8.093420866635553	9.443034236774661	1.2490497457622063	90.61664862950508
0.5407989824749317	0.01	0.01	0.01	0.007	0.01	0.8110127301329927	0.10571477529773654	0.05078709775546085	0.03854289130075995	0.04520739933174575	9.31166011018448	8.143134106321652	8.62094175321919	10.035138867553574	1.3232070525279334	90.05741168087906
0.5747067822867531	0.01	0.01	0.01	0.007	0.01	0.8263866515493694	0.10594854226797336	0.05079203246699472	0.038543654130893425	0.045204203298086866	10.163382156009423	8.743545948827276	9.176747959004167	10.657969627274172	1.4013158246711552	89.46802614131096
0.6106690929113391	0.01	0.01	0.01	0.007	0.01	0.8407538640879824	0.1061308128951618	0.050797549179225014	0.03854440297442125	0.04520227336955305	11.07562692129034	9.375896427077858	9.762088087499222	11.312742902516959	1.4835500484424597	88.84714344649656
0.648800352937203	0.01	0.01	0.01	0.007	0.01	0.8540745255159916	0.10627027976710232	0.050803424224892715	0.038545136842727284	0.045201144335259326	12.050538324021097	10.041038159825055	10.378106618992526	12.000537179316368	1.5700682289051604	88.19351996891801
0.6892050482992449	0.01	0.01	0.01	0.007	0.01	0.8663179764818756	0.10637486237064442	0.050809351678590395	0.03854585447040294	0.04520050481010525	13.089722440585032	10.739545221341851	11.02569501392777	12.722128071034307	1.660992892026983	87.50617294714387
0.7319610047120768	0.01	0.01	0.01	0.007	0.01	0.87746246093657	0.10645160355106825	0.05081501236482766	0.038546554264058605	0.045200153935318954	14.19378946932202	11.471431918552765	11.705227191698093	13.477696592582841	1.756373804862144	86.78466001128305
0.7771055663110695	0.01	0.01	0.01	0.007	0.01	0.8874978186582548	0.10650663157062885	0.05082014246796965	0.03854723433204381	0.04519996703570931	15.361980968931197	12.235940241600973	12.416356600438471	14.266609189769321	1.8561597609701355	86.02929491170431
0.824647971296671	0.01	0.01	0.01	0.007	0.01	0.8964330986654145	0.10654516665622023	0.05082457935969295	0.038547892887947785	0.04519986980536958	16.592501720618223	13.031783576715013	13.158236359297414	15.087668663976395	1.960229605124964	85.24091537636242
0.8746058769023882	0.01	0.01	0.01	0.007	0.01	0.9043025679757737	0.10657152852241433	0.05082827079518615	0.038548528798758794	0.0451998198627573	17.883503229204504	13.857776749538965	13.930103747567264	15.939763739266368	2.068474179596795	84.42026391146636
0.9270311491135529	0.01	0.01	0.01	0.007	0.01	0.9111630860668197	0.10658915565328576	0.05083125149021785	0.03854914175378368	0.045199794112062416	19.23378864583743	14.713246471223966	14.73166856414825	16.822293286240434	2.180850590338364	83.56757573510644
0.9820110263381269	0.01	0.01	0.01	0.007	0.01	0.9170861632644235	0.1066006776062223	0.05083360678505857	0.03854973205086885	0.045199780490085315	20.642859569023376	15.598010545519763	15.563103957311085	17.735147374178396	2.2973806844323796	82.68258815226203
1.0396591520300777	0.01	0.01	0.01	0.007	0.01	0.9221508380621735	0.10660803667302739	0.05083544098888164	0.03855030032372152	0.0451997729155704	22.110682885726693	16.512191125411686	16.42488202363142	18.678518051017775	2.418127820942607	81.76471457544226
1.1001089406021778	0.01	0.01	0.01	0.007	0.01	0.9264391442240468	0.1066126256318772	0.05083685681094144	0.0385508473700608	0.04519976840217933	23.637507975879497	17.45607319826761	17.317649989297337	19.65275682761388	2.543179401207535	80.8131752510572
1.1635124331677615	0.01	0.01	0.01	0.007	0.01	0.9300333844130315	0.10661541650952981	0.05083794490487028	0.0385513740764385	0.04519976550313913	25.223817335119463	18.4300542061885	18.2421908975501	20.658325839848455	2.6726412840357856	79.82703785287822
1.2300429118228924	0.01	0.01	0.01	0.007	0.01	0.9330142405762459	0.10661706987059152	0.05083878027151748	0.038551881389832274	0.045199763513851236	26.870362928295293	19.434650008967363	19.19943749158533	21.695806741622437	2.806639664861396	78.80520108226435
1.299899102478861	0.01	0.01	0.01	0.007	0.01	0.9354592699438702	0.10661802262251945	0.05083942250096744	0.038552370301730504	0.04519976208015462	28.57822892631311	20.470518268986815	20.190503566364576	22.765927227050415	2.9453253920517564	77.7463592059951
1.373309477741042	0.01	0.01	0.01	0.007	0.01	0.9374416800988951	0.10661855578855613	0.05083991775068708	0.03855284182985389	0.045199761012760076	30.34888065534728	21.53847406446095	21.21670940198522	23.869579250633	3.0888774340787637	76.64897241865476
1.4505360118217034	0.01	0.01	0.01	0.007	0.01	0.9390294001796632	0.10661884497577778	0.05084030122782045	0.03855329699499786	0.04519976020171874	32.184182775775575	22.63948742092639	22.279591586086276	25.007818362300334	3.237504136718936	75.51125337833953
1.5318765395593832	0.01	0.01	0.01	0.007	0.01	0.9402844539108004	0.10661899666322347	0.050840599558527995	0.03855373679119322	0.04519975957745453	34.08636720604969	23.7746511814975	23.380885932804475	26.181832234023965	3.3914406915051285	74.33118204179368
1.6176636196280478	0.01	0.01	0.01	0.007	0.01	0.9412626113201087	0.10661907340462512	0.05084083279940562	0.03855416214282727	0.04519975909275926	36.0579060360029	24.945093012943435	24.52245735474266	27.392851270582373	3.5509391689966443	73.10657697641749
1.7082538045412936	0.01	0.01	0.01	0.007	0.01	0.9420132723347793	0.10661911073738153	0.05084101603899614	0.03855457382891731	0.045199758714056903	38.10116359746651	26.151758706596162	25.706103227449415	28.64192577915847	3.7162408800817097	71.83530249518361
1.8039897628221186	0.01	0.01	0.01	0.007	0.01	0.942579523910567	0.10661912813925951	0.05084116062031274	0.03855497232161423	0.045199758416808386	40.21747576205941	27.394864990020203	26.93302477195905	29.929360223426425	3.8875024538742244	70.51583401208136
1.9050850444492409	0.01	0.01	0.01	0.007	0.01	0.942998308908066	0.1066191358802201	0.05084127503692402	0.03855535740512647	0.04519975818288157	42.40467923260663	28.67246626412052	28.20239510731547	31.25322727350695	4.064596135579019	69.14880132161707
2.0113066201218297	0.01	0.01	0.01	0.007	0.01	0.9433006850728125	0.10661913915195101	0.050841365554641436	0.03855572731644097	0.04519975799896959	44.650769197786275	29.976831795175457	29.507662160541223	32.605605482580906	4.246595055140827	67.74099170986773
2.1213428300295716	0.01	0.01	0.01	0.007	0.01	0.9435124486766507	0.10661914046172773	0.05084143668658181	0.03855607754194268	0.04519975785548743	46.922159028477004	31.287863604191074	30.829664973675104	33.965730169144784	4.430816662731089	66.31284159009391
2.232590437275895	0.01	0.01	0.01	0.007	0.01	0.9436558322437169	0.10661914096143428	0.05084149191318004	0.03855640196243245	0.04519975774500865	49.16228268767656	32.57271473138278	32.1356968089534	35.299552207662224	4.6126982433057115	64.8995744940278
2.342760894512897	0.01	0.01	0.01	0.007	0.01	0.9437508798501337	0.10661914114778355	0.05084153459505792	0.038556698247111346	0.045199757660353654	51.32601164893307	33.80581107665133	33.39947755562594	36.580492923164336	4.7885825505295	63.52967702420978
2.4512539951247527	0.01	0.01	0.01	0.007	0.01	0.9438138425162376	0.10661914121770133	0.05084156795199278	0.03855696921187723	0.04519975759472477	53.4046444361459	34.98278090020797	34.615833803155645	37.80394830312967	4.9577566010509315	62.2088981503344
2.5585817642991557	0.01	0.01	0.01	0.007	0.01	0.9438559600357226	0.10661914124439435	0.05084159454351101	0.0385572191094018	0.045199757542810116	55.41104874158906	36.111470153741834	35.792182040300496	38.97801238820759	5.12125888777642	60.929325974732436
2.6654905601580396	0.01	0.01	0.01	0.007	0.01	0.9438844124498832	0.10661914125473239	0.05084161616608358	0.038557451480672925	0.04519975750092495	57.36127609099929	37.20131177205747	36.93784864411644	40.11245125233953	5.280390646386644	59.68091509592004
2.772519355617032	0.01	0.01	0.01	0.007	0.01	0.9439037421000727	0.10661914125876319	0.05084163402680192	0.03855766883553673	0.04519975746660294	59.26634592643893	38.25872128634283	38.05925621557586	41.213911951532374	5.43604692983849	58.456725129758006
2.8799038931135814	0.01	0.01	0.01	0.007	0.01	0.9439168919356936	0.10661914126033521	0.050841648947426196	0.038557872858861655	0.04519975743816456	61.13111669081823	39.28656778019176	39.15923363382293	42.28536088433036	5.588622190583055	57.2537018546212
2.9876495218496615	0.01	0.01	0.01	0.007	0.01	0.943925826421712	0.10661914126094639	0.050841661513684716	0.038558064710259125	0.04519975741441113	62.95618639647566	40.285326240747786	40.2381067421008	43.327273606510296	5.738163067443267	56.0715156199109
3.0956494051289187	0.01	0.01	0.01	0.007	0.01	0.9439318839409527	0.10661914126118308	0.05084167216602509	0.0385582452892518	0.04519975739444198	64.74031538709364	41.25447281481668	41.29510983658511	44.339082823789504	5.8845650387386	54.91103579750781
3.2037817112345404	0.01	0.01	0.01	0.007	0.01	0.9439359833194593	0.1066191412612745	0.050841681249653686	0.03855841540057388	0.0451997573775537	66.48219980339404	42.19347611409617	42.32942817704166	45.32021034727379	6.027717227291554	53.773194834779446
3.311961441769705	0.01	0.01	0.01	0.007	0.01	0.9439387544282904	0.10661914126130975	0.05084168904124398	0.03855857581727165	0.045199757363185336	68.18129586113497	43.102239790104846	43.34068852176112	46.27052980208572	6.167570265319115	52.65844809333195
3.420151242174857	0.01	0.01	0.01	0.007	0.01	0.9439406267995737	0.10661914126132335	0.050841695764176374	0.03855872728176371	0.04519975735088716	69.83790100005407	43.98113087733268	44.32901269224819	47.190397995277166	6.3041434772903555	51.566710086890474
3.5283485406888975	0.01	0.01	0.01	0.007	0.01	0.9439418918448674	0.10661914126132857	0.05084170159881573	0.038558870487398776	0.04519975734029803	71.45286627661228	44.8308116441879	45.29485136010839	48.08048068981327	6.437501677022036	50.4975331500238
3.636566232112198	0.01	0.01	0.01	0.007	0.01	0.9439427466175563	0.10661914126133056	0.050841706690662805	0.03855900606442656	0.045199757331128576	73.02725098749877	45.65204803870331	46.238780943876186	48.94155305143876	6.56772697406489	49.45032909925651
3.7448177149013198	0.01	0.01	0.01	0.007	0.01	0.9439433241906866	0.10661914126133132	0.05084171115727849	0.03855913457682714	0.045199757323146246	74.56208494112695	46.44558230590068	47.161362351017836	49.77436646503333	6.694899232383672	48.42452481239259
3.8531096141542567	0.01	0.01	0.01	0.007	0.01	0.9439437144306884	0.1066191412613316	0.05084171509411072	0.038559256527373395	0.045199757316163026	76.05826955426208	47.21208280426679	48.06308131912721	50.57959575565055	6.819087859298277	47.41962881992421
3.961441148292398	0.01	0.01	0.01	0.007	0.01	0.943943978057968	0.10661914126133173	0.05084171857922941	0.03855937236641999	0.04519975731002599	77.51658258786546	47.952149047681885	48.9443504660527	51.357844185439596	6.9403521263558545	46.435229831264664
4.069806954443694	0.01	0.01	0.01	0.007	0.01	0.9439441561190124	0.1066191412613318	0.05084172167702951	0.03855948250072102	0.04519975730460989	78.93772818887486	48.66633943051128	49.80553879145923	52.10967234186605	7.058745263655818	45.47096451762696
4.178200415492451	0.01	0.01	0.01	0.007	0.01	0.9439442763653474	0.10661914126133183	0.05084172444105286	0.03855958730043844	0.04519975729981069	80.32238674707337	49.355197509047265	50.64700150213941	52.83562566246907	7.174318578574118	44.52648450762437
4.286615965333633	0.01	0.01	0.01	0.007	0.01	0.9439443575573058	0.10661914126133183	0.0508417269161258	0.03855968710413447	0.045199757295542285	81.67124515545919	50.01926723020724	51.46909835990545	53.536250461920226	7.287123978324395	43.60143584591653
4.395049909347285	0.01	0.01	0.01	0.007	0.01	0.9439444123733028	0.10661914126133183	0.05084172913998965	0.03855978222224949	0.04519975729173232	82.9850047470634	50.65909640071423	52.2721986816352	54.2120976405252	7.397214649138659	42.69545321897078
4.503500203328867	0.01	0.01	0.01	0.007	0.01	0.9439444493787768	0.10661914126133183	0.0508417311445708	0.03855987293976726	0.045199757288319854	84.26437567971071	51.27523337556969	53.05667811571168	54.86371925033153	7.5046446052414195	41.8081633954844
4.6119657720725895	0.01	0.01	0.01	0.007	0.01	0.9439444743589448	0.10661914126133183	0.0508417329569905	0.03855995951852712	0.04519975728525357	85.51006671420546	51.86822170883877	53.822912531538115	55.49166288420996	7.609467845151555	40.939191988653796
4.720445834525319	0.01	0.01	0.01	0.007	0.01	0.94394449122052	0.10661914126133183	0.05084173460038146	0.03856004219938459	0.045199757282489955	86.7227764690527	52.43859580963448	54.5712727125524	56.0964670933116	7.711737622515336	40.08816940551841
4.828939530278135	0.01	0.01	0.01	0.007	0.01	0.9439445026013856	0.10661914126133183	0.05084173609455456	0.03856012120425862	0.04519975727999169	87.90318920146711	52.986878978215664	55.30212175448637	56.67865929839146	7.811506090513533	39.25473380300868
4.937445804556925	0.01	0.01	0.01	0.007	0.01	0.9439445102825581	0.10661914126133183	0.05084173745654517	0.03856019673801114	0.04519975727772723	89.05197396245894	53.513583131688485	56.01581450908909	57.23875548071198	7.908824227410694	38.43853175260995
5.045963508791728	0.01	0.01	0.01	0.007	0.01	0.9439445154664531	0.10661914126133183	0.05084173870106058	0.03856026899012749	0.04519975727566944	90.16978612715047	54.01920963765241	56.71269849603477	57.77726104904753	8.003741962619307	37.63921723288065
5.154491508437926	0.01	0.01	0.01	0.007	0.01	0.9439445189648026	0.10661914126133183	0.05084173984084761	0.03856033813618547	0.04519975727379443	91.25726880857334	54.504250050011095	57.39311475752869	58.294671608159014	8.096308294268539	36.85645067293615
5.263028783659599	0.01	0.01	0.01	0.007	0.01	0.943944521325556	0.10661914126133183	0.0508417408869943	0.03856040433914009	0.04519975727208203	92.31505401607323	54.969186687442644	58.057398568204384	58.79147356488162	8.186571386410987	36.089898147905615
5.371574465342892	0.01	0.01	0.01	0.007	0.01	0.9439445229185737	0.10661914126133183	0.0508417418491784	0.03856046775045388	0.04519975727051474	93.34376304739922	55.41449284281848	58.70587967515593	59.26814434393687	8.27457860187554	35.33923110561948
5.480127813593523	0.01	0.01	0.01	0.007	0.01	0.9439445239934908	0.10661914126133183	0.05084174273587429	0.038560528511105564	0.04519975726907693	94.34400630908824	55.840632739154245	59.33888217973473	59.7251523332185	8.360376486402808	34.604126505797296
5.58868821778774	0.01	0.01	0.01	0.007	0.01	0.9439445247187866	0.10661914126133183	0.0508417435545255	0.038560586752490876	0.04519975726775533	95.31638336952975	56.248061593603595	59.95672456343528	60.162956943855924	8.444010772445305	33.88426679480229
5.6972551247103285	0.01	0.01	0.01	0.007	0.01	0.9439445252081625	0.10661914126133183	0.05084174431168877	0.03856064259723933	0.04519975726653806	96.26148240202926	56.63722543479593	60.55971932298443	60.582008404130704	8.525526330204865	33.17934033868772
5.805828009812998	0.01	0.01	0.01	0.007	0.01	0.9439445255383481	0.10661914126133183	0.05084174501315668	0.03856069615995079	0.04519975726541482	97.17988009917482	57.00856113903846	61.14817289710841	60.982747785898994	8.604967158492412	32.489041523775626
5.91440642037556	0.01	0.01	0.01	0.007	0.01	0.9439445257611211	0.10661914126133183	0.050841745664060335	0.03856074754784904	0.045199757264376465	98.07214221127846	57.36249672282044	61.72238599164566	61.36560730716266	8.682376429429704	31.813070391389793
6.022989903610559	0.01	0.01	0.01	0.007	0.01	0.9439445259114203	0.10661914126133183	0.05084174626895666	0.03856079686138711	0.045199757263414915	98.93882311764399	57.69945124557684	62.282653284385496	61.731010213941545	8.757796449438958	31.151133000766837
6.1315780498198365	0.01	0.01	0.01	0.007	0.01	0.9439445260128213	0.10661914126133183	0.05084174683190307	0.03856084419477889	0.04519975726252291	99.7804663764559	58.019835109229994	62.82926375645288	62.07937109027487	8.831268704837361	30.50294105747447
6.240170485214351	0.01	0.01	0.01	0.007	0.01	0.943944526081231	0.10661914126133183	0.050841747356520854	0.03856088963648574	0.04519975726169436	100.59760483957128	58.32405017906032	63.362500745825265	62.4110959758375	8.902833869879885	29.868211866943078
6.348766886308245	0.01	0.01	0.01	0.007	0.01	0.9439445261273826	0.10661914126133183	0.05084174784604993	0.03856093326965336	0.04519975726092332	101.39076093108092	58.6124899656758	63.88264210758813	62.72658255022913	8.972531829133205	29.246668161085864
6.4573669439662496	0.01	0.01	0.01	0.007	0.01	0.9439445261585176	0.10661914126133183	0.05084174830339511	0.03856097517251917	0.04519975726020495	102.16044655446642	58.88553967052234	64.38996013105844	63.0262201682759	9.040401667252327	28.638038215071575
6.565970384986458	0.01	0.01	0.01	0.007	0.01	0.9439445261795218	0.10661914126133183	0.05084174873116644	0.03856101541877142	0.04519975725953471	102.9071634339973	59.1435763930632	64.88472174017474	63.31039007168774	9.106481696779056	28.042055627044014
6.674576943335045	0.01	0.01	0.01	0.007	0.01	0.9439445261936913	0.10661914126133183	0.05084174913171394	0.03856105407788797	0.04519975725890828	103.63140309593555	59.38696920873384	65.36718845689869	63.57946545919071	9.170809454218446	27.458459381801
6.783186388921462	0.01	0.01	0.01	0.007	0.01	0.9439445262032498	0.10661914126133183	0.05084174950715803	0.03856109121543122	0.04519975725832239	104.33364724904337	59.61607938558928	65.83761662880568	63.833811709358805	9.233421731417023	26.8869935966291
6.89179850602384	0.01	0.01	0.01	0.007	0.01	0.9439445262096977	0.10661914126133183	0.05084174985941536	0.038561126893330244	0.045199757257773615	105.01436781707218	59.831260479687046	66.29625742634212	64.07378647011724	9.294354576167667	26.32740754439402
7.000413100485085	0.01	0.01	0.01	0.007	0.01	0.9439445262140475	0.10661914126133183	0.05084175019022165	0.03856116117013163	0.045199757257258985	105.67402716645651	60.03285849668255	66.7433569697706	64.29973982141551	9.353643310121502	25.77945552012666
7.109029992522289	0.01	0.01	0.01	0.007	0.01	0.9439445262169819	0.10661914126133183	0.05084175050115155	0.03856119410123364	0.045199757256775774	106.3130782395954	60.22121202170108	67.17915639309038	64.51201440289412	9.411322538302986	25.24289678400926
7.217649009535123	0.01	0.01	0.01	0.007	0.01	0.9439445262189612	0.10661914126133183	0.05084175079363666	0.038561225739101056	0.04519975725632164	106.93196469351906	60.39665235218761	67.60389191096367	64.71094554473044	9.467426159051286	24.71749550131706
7.326269993301025	0.01	0.01	0.01	0.007	0.01	0.9439445262202961	0.10661914126133183	0.050841751068979646	0.03856125613345848	0.04519975725589449	107.53112112142685	60.55950365404878	68.01779494245093	64.89686142499784	9.521987381469264	24.203020612196365
7.434892792782995	0.01	0.01	0.01	0.007	0.01	0.9439445262211968	0.10661914126133183	0.05084175132836861	0.038561285331472794	0.04519975725549205	108.11097318774746	60.71008309115095	68.42109217607629	65.07008319726293	9.575038735095786	23.699245773450702
7.543517292906798	0.01	0.01	0.01	0.007	0.01	0.9439445262218045	0.10661914126133183	0.050841751572888505	0.0385613133779081	0.045199757255112806	108.67193795041767	60.848701001130145	68.81400576586371	65.23092517197354	9.626612096776647	23.205949136091284
7.652143364204664	0.01	0.01	0.01	0.007	0.01	0.9439445262222144	0.10661914126133183	0.05084175180353199	0.03856134031529655	0.04519975725475497	109.21442376228566	60.975660961984744	69.19675323447746	65.37969487225304	9.676738679014674	22.722913488958625
7.760770884397572	0.01	0.01	0.01	0.007	0.01	0.9439445262224908	0.10661914126133183	0.050841752021207796	0.0385613661840719	0.045199757254417085	109.7388305620367	61.09125996132649	69.56954764654532	65.51669320755926	9.725449053891897	22.249926065570136
7.8693997527846244	0.01	0.01	0.01	0.007	0.01	0.9439445262226773	0.10661914126133183	0.05084175222674989	0.03856139102269411	0.04519975725409774	110.24555010693511	61.19578854262789	69.93259774445458	65.64221462248457	9.772773171936468	21.786778395232464
7.978029875855639	0.01	0.01	0.01	0.007	0.01	0.943944526222803	0.10661914126133183	0.05084175242092432	0.038561414867775236	0.04519975725379568	110.73496606146584	61.2895309170884	70.28610798259679	65.7565472054698	9.818740367686205	21.33326628225796
8.086661174486162	0.01	0.01	0.01	0.007	0.01	0.9439445262228878	0.10661914126133183	0.05084175260443565	0.03856143775418791	0.04519975725350975	111.20745418918577	61.37276509735121	70.63027863519825	65.8599728236783	9.863379374859466	20.889189691677117
8.195293562354713	0.01	0.01	0.01	0.007	0.01	0.943944526222945	0.10661914126133183	0.050841752777932576	0.038561459715178416	0.04519975725323886	111.66338241642337	61.44576300677443	70.965305811394	65.95276722808933	9.906718329473472	20.454352754171694
8.30392696033186	0.01	0.01	0.01	0.007	0.01	0.9439445262229837	0.10661914126133183	0.05084175294201345	0.03856148078245639	0.04519975725298213	112.10311105542743	61.50879061755702	71.29138158598789	66.03520019428836	9.948784787986305	20.028563622201425
8.412561303675279	0.01	0.01	0.01	0.007	0.01	0.9439445262230097	0.10661914126133183	0.050841753097230755	0.03856150098628075	0.045199757252738504	112.52699298387608	61.56210807517048	71.60869410066748	66.10753564801449	9.98960574152034	19.611634362344624
8.521196506056942	0.01	0.01	0.01	0.007	0.01	0.9439445262230273	0.10661914126133183	0.05084175324409501	0.03856152035555973	0.04519975725250734	112.93537365618675	61.605969801201226	71.91742753932736	66.1700317616493	10.029207613890632	19.20338101309336
8.62983250273103	0.01	0.01	0.01	0.007	0.01	0.9439445262230389	0.10661914126133183	0.050841753383078586	0.038561538917907985	0.04519975725228784	113.32859142315608	61.64062463417916	72.21776233436653	66.22294110261898	10.0676162893422	18.8036233390849
8.73846925053467	0.01	0.01	0.01	0.007	0.01	0.9439445262230469	0.10661914126133183	0.05084175351461943	0.038561556699718745	0.04519975725207912	113.70697766509105	61.66631593767677	72.50987523695667	66.26651074114001	10.10485712265188	18.41218476104095
8.847106699109291	0.01	0.01	0.01	0.007	0.01	0.9439445262230522	0.10661914126133183	0.05084175363912327	0.038561573726243595	0.04519975725188078	114.0708568283811	61.68328170335429	72.79393931202196	66.30098234833982	10.140954939660439	18.028892387267486
8.955744790900509	0.01	0.01	0.01	0.007	0.01	0.9439445262230559	0.10661914126133183	0.050841753756967076	0.038561590021655684	0.045199757251691966	114.42054657311746	61.69175466677916	73.07012401666502	66.3265923122431	10.175934048528845	17.653576935303384
9.06438348274274	0.01	0.01	0.01	0.007	0.01	0.9439445262230585	0.10661914126133183	0.050841753868500976	0.03856160560909825	0.045199757251512256	114.75635798282303	61.69196241991667	73.33859532945267	66.34357185372755	10.20981825737183	17.286072583040625
9.17302273866463	0.01	0.01	0.01	0.007	0.01	0.94394452622306	0.10661914126133183	0.05084175397405102	0.03856162051074192	0.045199757251341205	115.07859567141125	61.68412751478086	73.5995158009756	66.35214712891282	10.242630881833195	16.926216924881157
9.281662515499315	0.01	0.01	0.01	0.007	0.01	0.9439445262230611	0.10661914126133183	0.05084175407392022	0.038561634747843625	0.04519975725117822	115.38755787311072	61.66846756963903	73.85304458958771	66.35253933320503	10.274394750834917	16.573850949215707
9.390302762884337	0.01	0.01	0.01	0.007	0.01	0.9439445262230619	0.10661914126133183	0.05084175416839138	0.0385616483407946	0.04519975725102285	115.68353657846961	61.6451953756148	74.09933753367041	66.34496480808441	10.305132216948724	16.228818966225727
9.498943452041656	0.01	0.01	0.01	0.007	0.01	0.9439445262230625	0.10661914126133183	0.050841754257728126	0.03856166130915055	0.04519975725087472	115.96681774074672	61.61451899183725	74.3385472847484	66.32963514045889	10.33486517428444	15.890968448713709
9.607584554192886	0.01	0.01	0.01	0.007	0.01	0.9439445262230627	0.10661914126133183	0.050841754342176755	0.03856167367168501	0.04519975725073351	116.23768133711896	61.57664184619211	74.57082332204897	66.30675726019712	10.363615061505573	15.560150037305329
9.716226040559325	0.01	0.01	0.01	0.007	0.01	0.9439445262230629	0.10661914126133183	0.050841754421966937	0.03856168544642828	0.04519975725059869	116.49640149263384	61.531762833229216	74.79631201825846	66.27653353811773	10.391402871270627	15.23621747478585
9.824867867971793	0.01	0.01	0.01	0.007	0.01	0.9439445262230631	0.10661914126133183	0.05084175449731423	0.03856169665071244	0.045199757250470124	116.743246569678	61.48007641732273	75.01515667536606	66.23916188736108	10.418249155984741	14.919027583367184
9.933510007650934	0.01	0.01	0.01	0.007	0.01	0.9439445262230632	0.10661914126133183	0.05084175456841975	0.03856170730119123	0.045199757250347285	116.97847935526177	61.421772714564256	75.22749764739272	66.19483584925136	10.444174044205738	14.608440115969223
10.042152452402519	0.01	0.01	0.01	0.007	0.01	0.9439445262230634	0.10661914126133183	0.05084175463547195	0.038561717413868844	0.04519975725023002	117.20235718412331	61.357037575749835	75.4334724112345	66.14374467704333	10.46919725052303	14.304317679032529
10.15079517344683	0.01	0.01	0.01	0.007	0.01	0.9439445262230634	0.10661914126133183	0.050841754698647504	0.03856172700415335	0.04519975725011792	117.41513195946658	61.28605269970369	75.63321554287543	66.08607344378855	10.49333807395542	14.006525795430766
10.259438149199097	0.01	0.01	0.01	0.007	0.01	0.9439445262230634	0.10661914126133183	0.050841754758112256	0.03856173608687092	0.04519975725001094	117.6170503278463	61.20899570651578	75.82685883338053	66.02200311939703	10.516615413395709	13.714932762528557
10.368081358074399	0.01	0.01	0.01	0.007	0.01	0.9439445262230634	0.10661914126133183	0.05084175481402189	0.0385617446762968	0.04519975724990868	117.8083537727117	61.12604022760573	76.01453133271195	65.95171065986584	10.539047774204398	13.429409614957283
10.476724778487682	0.01	0.01	0.01	0.007	0.01	0.9439445262230634	0.10661914126133183	0.05084175486652213	0.03856175278618128	0.045199757249810915	117.9892787216423	61.037355990341126	76.19635940661867	65.87536909200128	10.560653276377849	13.14983006780595
10.585368396048965	0.01	0.01	0.01	0.007	0.01	0.9439445262230634	0.10661914126133183	0.050841754915750714	0.0385617604297701	0.045199757249717504	118.16005666234138	60.94310889446938	76.37246680382393	65.79314759074273	10.58144966389812	12.876070443048489
10.69401219636819	0.01	0.01	0.01	0.007	0.01	0.9439445262230634	0.10661914126133183	0.05084175496183651	0.038561767619831024	0.0451997572496281	118.320914231897	60.84346109825723	76.54297469763833	65.70521156454151	10.601454311007862	12.608009634498144
10.802656157860014	0.01	0.01	0.01	0.007	0.01	0.9439445262230634	0.10661914126133183	0.05084175500490107	0.03856177436868014	0.04519975724954279	118.47207330794085	60.73857110514612	76.70800172871401	65.6117227413834	10.620684228644171	12.34552907157978
10.911300273329447	0.01	0.01	0.01	0.007	0.01	0.9439445262230634	0.10661914126133183	0.050841755045058834	0.03856178068818948	0.045199757249461084	118.6137511377341	60.628593820942974	76.86766409039322	65.51283922836822	10.639156075805428	12.088512614689709
11.019944521191006	0.01	0.01	0.01	0.007	0.01	0.9439445262230634	0.10661914126133183	0.05084175508241764	0.03856178658982371	0.045199757249383056	118.7461603948032	60.513680657834016	77.02207553628118	65.4087156128183	10.656886161821273	11.836846573511798
11.12858888705437	0.01	0.01	0.01	0.007	0.01	0.9439445262230634	0.10661914126133183	0.050841755117079016	0.03856179208464544	0.04519975724930836	118.86950930333674	60.393979588015185	77.17134746308508	65.29950301828033	10.67389045735993	11.590419604890446
11.237233363724421	0.01	0.01	0.01	0.007	0.01	0.9439445262230634	0.10661914126133183	0.050841755149138745	0.03856179718333265	0.04519975724923697	118.98400172789147	60.26963521518041	77.3155889580948	65.1853491760318	10.690184601249427	11.349122665452473
11.345877951201272	0.01	0.01	0.01	0.007	0.01	0.9439445262230634	0.10661914126133183	0.05084175517868719	0.03856180189619525	0.045199757249168776	119.08983726137542	60.14078884462529	77.45490684575051	65.06639849520707	10.70578390716773	11.112848965140586
11.454522627899255	0.01	0.01	0.01	0.007	0.01	0.9439445262230634	0.10661914126133183	0.050841755205809844	0.038561806233207575	0.04519975724910354	119.18721128664673	60.00757858784504	77.58940569831252	64.94279216491617	10.720703366340464	10.88149398228825
11.563167372232655	0.01	0.01	0.01	0.007	0.01	0.9439445262230634	0.10661914126133183	0.05084175523058707	0.0385618102040105	0.045199757249041135	119.27631508886455	59.87013940773638	77.71918791215468	64.81466820168036	10.73495765761408	10.654955368078685
11.671812177006249	0.01	0.01	0.01	0.007	0.01	0.9439445262230634	0.10661914126133183	0.0508417552530951	0.0385618138179168	0.04519975724898155	119.35733595084199	59.7286031666682	77.84435376921478	64.68216149880087	10.748561155701099	10.433132872362432
11.780457049415338	0.01	0.01	0.01	0.007	0.01	0.9439445262230634	0.10661914126133183	0.050841755273406015	0.03856181708392456	0.04519975724892464	119.430457231258	59.58309868957826	77.96500147827115	64.54540388939128	10.761527937114495	10.215928302509495
11.889101982264693	0.01	0.01	0.01	0.007	0.01	0.9439445262230634	0.10661914126133183	0.0508417552915878	0.03856182001074662	0.04519975724887019	119.49585842517565	59.43375186600689	78.08122718527957	64.40452424614753	10.773871782808857	10.00324553873907
11.997746968359069	0.01	0.01	0.01	0.007	0.01	0.9439445262230634	0.10661914126133183	0.050841755307704836	0.03856182260681441	0.0451997572488183	119.55371525657141	59.28068569529103	78.19312503341418	64.2596485279223	10.785606186220036	9.794990461316385
12.106391986112655	0.01	0.01	0.01	0.007	0.01	0.9439445262230634	0.10661914126133183	0.05084175532181792	0.03856182488029821	0.04519975724876867	119.60419975064572	59.12402036934724	78.30078719073965	64.11089986160569	10.796744357809667	9.591070935682357
12.21503703552546	0.01	0.01	0.01	0.007	0.01	0.9439445262230634	0.10661914126133183	0.0508417553339848	0.03856182683909563	0.04519975724872134	119.64748032858087	58.96387328184878	78.40430392731932	63.95839855409696	10.80729923470378	9.391396703512372
12.323682109402215	0.01	0.01	0.01	0.007	0.01	0.9439445262230634	0.10661914126133183	0.0508417553442601	0.03856182849085966	0.045199757248676115	119.68372186701649	58.800359127774946	78.50376362523653	63.80226218979549	10.817283483279953	9.195879398283813
12.432327200547642	0.01	0.01	0.01	0.007	0.01	0.9439445262230634	0.10661914126133183	0.050841755352695576	0.03856182984300439	0.04519975724863298	119.71308577585255	58.63358995139165	78.5992528252611	63.64260567926295	10.826709505580304	9.00443249228012
12.540972308961743	0.01	0.01	0.01	0.007	0.01	0.9439445262230634	0.10661914126133183	0.05084175535933993	0.03856183090270942	0.04519975724859188	119.73573007172064	58.463675191676614	78.69085627108956	63.47954130522412	10.835589445380863	8.816971246059603
12.649617434644522	0.01	0.01	0.01	0.007	0.01	0.9439445262230634	0.10661914126133183	0.05084175536423989	0.03856183167693369	0.04519975724855277	119.75180944567435	58.29072174847271	78.77865693991293	63.31317878833773	10.843935192866107	8.633412684312159
12.758262563205415	0.01	0.01	0.01	0.007	0.01	0.9439445262230634	0.10661914126133183	0.05084175536743949	0.038561832172432295	0.04519975724851549	119.7614753316466	58.11483406046709	78.86273606830093	63.143625364486645	10.851758388907307	8.4536755826908
12.866907694644421	0.01	0.01	0.01	0.007	0.01	0.9439445262230634	0.10661914126133183	0.05084175536898012	0.03856183239574756	0.045199757248480146	119.76487597851053	57.93611411267024	78.94317321143322	62.970985794135025	10.859070432438184	8.277680383263979
12.97555282896154	0.01	0.01	0.01	0.007	0.01	0.9439445262230634	0.10661914126133183	0.050841755368901655	0.038561832353224766	0.045199757248446396	119.7621565131057	57.75466151094604	79.0200462659753	62.795362436067464	10.865882484306038	8.10534918439289
13.084197944570926	0.01	0.01	0.01	0.007	0.01	0.9439445262230634	0.10661914126133183	0.05084175536724139	0.03856183205103401	0.04519975724841432	119.75345900763367	57.57057356997474	79.09343149037028	62.61685533440159	10.872205471021145	7.936605739424526
13.192843041472583	0.01	0.01	0.01	0.007	0.01	0.9439445262230634	0.10661914126133183	0.050841755364034937	0.03856183149514931	0.04519975724838389	119.73892254220019	57.38394529113625	79.16340356914061	62.43556219891992	10.878050092310112	7.771375354505982
13.301488134057072	0.01	0.01	0.01	0.007	0.01	0.9439445262230634	0.10661914126133183	0.050841755359316135	0.038561830691360065	0.04519975724835512	119.71868326287616	57.19486942154886	79.230035638266	62.25157846366813	10.883426825048302	7.609584869651278
13.410133215129115	0.01	0.01	0.01	0.007	0.01	0.9439445262230634	0.10661914126133183	0.05084175535311692	0.038561829645300444	0.04519975724832782	119.69287444861382	57.00343656428868	79.29339929501504	62.06499739558359	10.888345926060854	7.451162680482493
13.518778284688711	0.01	0.01	0.01	0.007	0.01	0.9439445262230634	0.10661914126133183	0.05084175534546775	0.038561828362436816	0.045199757248302046	119.66162656760501	56.80973517608084	79.35356464844729	61.875910093750434	10.892817438259755	7.296038662531004
13.62742332834531	0.01	0.01	0.01	0.007	0.01	0.9439445262230634	0.10661914126133183	0.05084175533639722	0.03856182684808791	0.045199757248277544	119.62506734182777	56.61385165164503	79.41060033840124	61.684405572953615	10.896851194198355	7.144144171163303
13.73606834609892	0.01	0.01	0.01	0.007	0.01	0.9439445262230634	0.10661914126133183	0.05084175532593276	0.03856182510741187	0.04519975724825457	119.58332179607265	56.41587031735475	79.46457358183619	61.49057075869374	10.900456821621168	6.995411970126607
13.844713345144816	0.01	0.01	0.01	0.007	0.01	0.9439445262230634	0.10661914126133183	0.050841755314100325	0.038561823145415966	0.045199757248232775	119.53651231390629	56.215873487200184	79.51555019730839	61.29449054287775	10.903643747259023	6.849776213446626
13.953358303897193	0.01	0.01	0.01	0.007	0.01	0.9439445262230634	0.10661914126133183	0.05084175530092438	0.03856182096698485	0.04519975724821252	119.48475870900319	56.01394157248307	79.5635946177648	61.09624789238913	10.906421200032357	6.707172464003529
14.062003229551332	0.01	0.01	0.01	0.007	0.01	0.9439445262230634	0.10661914126133183	0.050841755286428404	0.038561818576848865	0.045199757248193355	119.42817825416466	55.81015301806289	79.60876994610662	60.89592378754267	10.908798216839557	6.567537587856602
14.170648129302508	0.01	0.01	0.01	0.007	0.01	0.9439445262230634	0.10661914126133183	0.05084175527063434	0.03856181597960655	0.04519975724817544	119.36688574451556	55.604584395930864	79.65113796851404	60.693597314665304	10.910783645569317	6.430809766074649
14.279292995955464	0.01	0.01	0.01	0.007	0.01	0.9439445262230634	0.10661914126133183	0.0508417552535632	0.03856181317973922	0.04519975724815867	119.30099355824967	55.397310473302284	79.69075917681872	60.48934573393836	10.912386148853257	6.296928484880769
14.38793782231495	0.01	0.01	0.01	0.007	0.01	0.9439445262230634	0.10661914126133183	0.05084175523523482	0.03856181018160571	0.045199757248143055	119.23061170059158	55.18840422557202	79.72769280184997	60.28324449298902	10.913614208307113	6.165834489812581
14.496582608380981	0.01	0.01	0.01	0.007	0.01	0.9439445262230634	0.10661914126133183	0.05084175521566792	0.038561806989441304	0.04519975724812863	119.15584784814463	54.977936861069594	79.7619968418536	60.075367251942076	10.91447612834231	6.037469751114395
14.605227354153572	0.01	0.01	0.01	0.007	0.01	0.9439445262230634	0.10661914126133183	0.05084175519488057	0.03856180360736742	0.045199757248115216	119.07680740128009	54.76597787259128	79.79372808531905	59.86578593486354	10.914980039715157	5.911777447198794
14.713872066827989	0.01	0.01	0.01	0.007	0.01	0.9439445262230634	0.10661914126133183	0.050841755172889365	0.03856180003938959	0.045199757248102844	118.99359352596508	54.55259506039873	79.82294213802183	59.65457075302929	10.915133903142289	5.788701931426844
14.822516753599494	0.01	0.01	0.01	0.007	0.01	0.9439445262230634	0.10661914126133183	0.050841755149710156	0.03856179628940642	0.04519975724809159	118.9063072048303	54.337854582438304	79.84969344519094	59.441790255086175	10.914945512753592	5.668188716214743
14.931161400077597	0.01	0.01	0.01	0.007	0.01	0.9439445262230634	0.10661914126133183	0.05084175512535843	0.0385617923612273	0.04519975724808119	118.815047301273	54.1218210330557	79.87403531109511	59.22751140557263	10.914422499701496	5.550184472080718
15.039805999067067	0.01	0.01	0.01	0.007	0.01	0.9439445262230634	0.10661914126133183	0.05084175509984818	0.03856178825855725	0.045199757248071945	118.71991058218559	53.904557421390045	79.89601993055764	59.011799564031705	10.913572335614626	5.4346369712922185
15.148450550567922	0.01	0.01	0.01	0.007	0.01	0.9439445262230634	0.10661914126133183	0.05084175507319291	0.03856178398499906	0.045199757248063535	118.62099176023406	53.68612520505478	79.91569841128917	58.79471851875508	10.912402335808016	5.3214950655987145
15.257095061775425	0.01	0.01	0.01	0.007	0.01	0.9439445262230634	0.10661914126133183	0.05084175504540537	0.03856177954405698	0.04519975724805614	118.518383535324	53.46658432316168	79.93312079579043	58.5763305198722	10.910919662431562	5.210708664393876
15.36573953268959	0.01	0.01	0.01	0.007	0.01	0.9439445262230634	0.10661914126133183	0.05084175501649775	0.03856177493914959	0.04519975724804955	118.41217664957048	53.24599325798487	79.94833608096111	58.35669634096744	10.90913132781458	5.102228727517666
15.474383956115197	0.01	0.01	0.01	0.007	0.01	0.9439445262230634	0.10661914126133183	0.05084175498648087	0.038561770173612224	0.04519975724804383	118.30245992947724	53.02440906734455	79.96139224057913	58.13587531166042	10.90704419768958	4.996007242774775
15.583028332052269	0.01	0.01	0.01	0.007	0.01	0.9439445262230634	0.10661914126133183	0.050841754955365796	0.038561765250690154	0.045199757248039006	118.18932031196591	52.80188738672509	79.97233624859155	57.91392531998112	10.90466499401005	4.891997190320404
15.691672660500826	0.01	0.01	0.01	0.007	0.01	0.9439445262230634	0.10661914126133183	0.050841754923162445	0.03856176017354596	0.04519975724803507	118.07284289033484	52.5784824744685	79.9812140987314	57.690902857610894	10.902000298031199	4.790152529259336
15.800316941460888	0.01	0.01	0.01	0.007	0.01	0.9439445262230634	0.10661914126133183	0.05084175488988009	0.03856175494526269	0.045199757248031894	117.95311095272532	52.35424724181668	79.98807082492853	57.46686305005489	10.899056553240456	4.690428177263869
15.908961182127697	0.01	0.01	0.01	0.007	0.01	0.9439445262230634	0.10661914126133183	0.05084175485552745	0.03856174956884084	0.0451997572480295	117.83020601154398	52.12923326739289	79.99295052155408	57.2418596712478	10.895840068005041	4.592779984216922
16.0	0.01	0.01	0.01	0.007	0.01	0.9439445262230634	0.10661914126133183	0.05084175482592528	0.03856175200962759	0.04519975724802807	117.7248321257187	51.940118968171106	79.99554852710844	57.05261350159009	10.892939278762269	4.512522567822128
