0.0	0.01	0.01	0.01	0.007	0.01	0.0	0.0	0.0	0.0	0.0	0.0	0.0	0.0	0.0	0.0	100.0
0.0033348041814686177	0.01	0.01	0.01	0.007	0.01	0.010539824503236938	0.0025634632812857644	0.0031588244584858888	0.0038861795010460866	0.005432313468018203	0.0006428164035218821	0.0009228273500903865	0.0019322242069302923	0.004676820191497396	0.000496911185810635	99.92303656133535
0.005220911823300801	0.01	0.01	0.01	0.007	0.01	0.016441246592816323	0.003984204463720017	0.004858241884462957	0.005897097145381613	0.008383801528403251	0.0015709728348031156	0.0022498687659886314	0.004678152797999073	0.01121566675704619	0.0012058869035703368	99.87953359749962
0.008118165026372644	0.01	0.01	0.01	0.007	0.01	0.025423254994135946	0.0061264917178568985	0.007352243373706763	0.008745961600210987	0.012754515979658956	0.0037813257236576072	0.005395547694800222	0.011101109314438116	0.026236615221638213	0.0028716488821965156	99.81274550852183
0.01073636313460572	0.01	0.01	0.01	0.007	0.01	0.03345429355226241	0.008021432314165505	0.009490246937712811	0.011090291330389688	0.016540995041311613	0.006586983109808986	0.009367920786418184	0.019093411518278765	0.044562551527428045	0.0049546681992888066	99.75242867210906
0.013786246822056546	0.01	0.01	0.01	0.007	0.01	0.04270783508214902	0.010180793533014428	0.011849517014819561	0.013571075027288503	0.020765435437763626	0.010809936311030034	0.01531505288944138	0.03087862337443293	0.07105125287270916	0.008041929723107188	99.6822128210842
0.016868988202284763	0.01	0.01	0.01	0.007	0.01	0.05195115068063801	0.01231208372326925	0.014098451541535599	0.015830837657159143	0.0248415970481937	0.016108347621033837	0.02273411749744994	0.0453456124735666	0.10289696868903969	0.0118524252322853	99.6112907313394
0.020188369943325027	0.01	0.01	0.01	0.007	0.01	0.06178194512377736	0.014550667501488583	0.016376339085322256	0.018013793422874794	0.029024759287699136	0.0229543467152672	0.03226323671051261	0.06362098016146173	0.14228750289285821	0.016693428497875168	99.53498086947033
0.023625513626840525	0.01	0.01	0.01	0.007	0.01	0.07182979037226411	0.016808680072299687	0.018587560726108614	0.020029472832989663	0.0331446017462003	0.031271025352156596	0.043767421951417675	0.08530716312722048	0.18803952923623307	0.022472398719583554	99.45602536355433
0.027238922522383108	0.01	0.01	0.01	0.007	0.01	0.08225032891066443	0.019118420567141164	0.02076073063363191	0.021909742425078982	0.03725829709944042	0.041339594191508906	0.057605145007619075	0.11093494158657073	0.2409577604960264	0.029344652903257253	99.37308835461957
0.0309955923142798	0.01	0.01	0.01	0.007	0.01	0.09293119162631293	0.021452027665612473	0.02286641861987926	0.023634894794202325	0.041314691939149516	0.053223729239509535	0.07382888015768495	0.14044131512371552	0.30058626785398224	0.037309306240991366	99.28693646872426
0.034914728836040514	0.01	0.01	0.01	0.007	0.01	0.103910325050078	0.02381510881854674	0.02490781823141195	0.025215007401308782	0.04532329211199822	0.06713396578212157	0.09268738073154346	0.17410965036340123	0.3671805276860664	0.04646053492121127	99.19713832941945
0.03899046985660094	0.01	0.01	0.01	0.007	0.01	0.11515356540367643	0.026197541041374173	0.02687464654078949	0.026649925498469403	0.04926508691839182	0.08320830640347618	0.11432434709131739	0.21201468908620533	0.4405722377661203	0.05683829726176964	99.10383810057401
0.04323275608062719	0.01	0.01	0.01	0.007	0.01	0.1266700950231047	0.028598557494158298	0.02876542909494432	0.027947002583172228	0.05313214711698337	0.10164828870570664	0.13896299393014458	0.25435512232008944	0.5208385935663788	0.06851764269560963	99.00681859043432
0.04764510288362202	0.01	0.01	0.01	0.007	0.01	0.13845012175213023	0.031013343990254585	0.03057592005082327	0.029111941516713348	0.056898178242104816	0.12264043214272713	0.1667990145315566	0.30126266231955784	0.6079285708318716	0.08155466816464386	98.90601062317546
0.05223660560045798	0.01	0.01	0.01	0.007	0.01	0.15049754418660966	0.03343989492255043	0.03230461368260916	0.030152548815921443	0.06051896708134721	0.14640757316022388	0.1980685131133794	0.35291883215601977	0.7018883199841935	0.09601405514639641	98.80121849450525
0.05701508719572369	0.01	0.01	0.01	0.007	0.01	0.16281115398934703	0.03587508558303534	0.0339496318384834	0.031076452609181314	0.06391291294572178	0.17318068865423825	0.23300937324317555	0.4094875811996978	0.8027350632805484	0.11194190640628984	98.69227683721601
0.061975860105071584	0.01	0.01	0.01	0.007	0.01	0.1753567661199781	0.03830941021046418	0.035505651436165075	0.03188960519460259	0.0669483267260301	0.2031258669697893	0.2717665751454447	0.4709676949450665	0.9102069157899249	0.12931070696946215	98.57930631480923
0.0670830643028884	0.01	0.01	0.01	0.007	0.01	0.18802445806171733	0.04071956014822071	0.03696066615597656	0.03259537833498266	0.06945927116218185	0.2361915613984023	0.3142005121491527	0.536914343377003	1.023318315155933	0.14792680757248	98.46313624178661
0.0723611129100461	0.01	0.01	0.01	0.007	0.01	0.200856444270535	0.04311194732301929	0.03832230207534079	0.03320700308845348	0.07134287041667753	0.27269126635537133	0.3606372854585657	0.6076155975469174	1.1423901630623878	0.1677591696494644	98.34322393187095
0.07788895221919162	0.01	0.01	0.01	0.007	0.01	0.21401869746250693	0.04551466500747014	0.039608496343755684	0.03374036190485157	0.07257225614919963	0.3133930245714408	0.41196080040913574	0.6841561225672725	1.2690410563223034	0.18895900292449716	98.21779317305733
0.08366632075757899	0.01	0.01	0.01	0.007	0.01	0.22747857940875968	0.04791806012274302	0.040815123102804815	0.034200590413686296	0.0731795262570845	0.3585688388904311	0.46840397269015366	0.7665866273089713	1.4031293771531312	0.21136355246080854	98.08687138290477
0.08967836822965972	0.01	0.01	0.01	0.007	0.01	0.24117050553807326	0.05030724117605639	0.041937003969786626	0.03459276622756437	0.07327603178356588	0.4083647668415258	0.5300329391657956	0.8547120584190943	1.5441531062550307	0.23475228045439184	97.95081678857561
0.09593386129562498	0.01	0.01	0.01	0.007	0.01	0.25508394321423433	0.05267760009239851	0.04297521145059347	0.03492421944807109	0.0730027046384922	0.463108590117471	0.5971300194907796	0.9486489749868815	1.6921504171117574	0.25901806878163813	97.8094532737033
0.10248216592652079	0.01	0.01	0.01	0.007	0.01	0.26929360672624425	0.055038645254404335	0.04393688759790625	0.035203514959092526	0.07248251611237727	0.5235248871975855	0.6704426231644156	1.0491327548078397	1.8481335154083698	0.28423925909288195	97.66169127533438
0.1093811057938048	0.01	0.01	0.01	0.007	0.01	0.2838811071403312	0.05739965150151217	0.04482792350110481	0.03543781966925187	0.0718069426799423	0.5905128636203332	0.7508930068579196	1.1570680658085162	2.0133405553756796	0.31054711789390443	97.50625868811598
0.1166752081440525	0.01	0.01	0.01	0.007	0.01	0.2988879680213599	0.05976214103813111	0.04565055960574133	0.03563261180773875	0.07104228137454198	0.6649421032808978	0.8393248173547134	1.2731797601763657	2.188704089639397	0.3380351117193028	97.3421921495505
0.12439678647498567	0.01	0.01	0.01	0.007	0.01	0.31432113638861886	0.062121541633967034	0.04640505356598098	0.035792523912549175	0.0702366104054187	0.7476334626703774	0.936481515177803	1.3980025686258069	2.374862860410087	0.3667605833050867	97.16881117153105
0.1325731558726777	0.01	0.01	0.01	0.007	0.01	0.3301701462014194	0.06447045751239412	0.04709143762959737	0.0359219001606871	0.06942435167972612	0.8394111585423472	1.0430689773580684	1.5319792532109944	2.57232926669884	0.3967708036234619	96.98555490084198
0.141232994073773	0.01	0.01	0.01	0.007	0.01	0.3464203489794007	0.06680094951348454	0.047710429539811874	0.03602495453059683	0.06862955198604867	0.9411649460914565	1.1598258175134386	1.6755579323707759	2.7816418526216116	0.4281250191523748	96.79183954301469
0.15040830089325558	0.01	0.01	0.01	0.007	0.01	0.3630560451403899	0.0691050781413211	0.04826355668873872	0.036105707084868946	0.06786868685549242	1.0538761317240821	1.287547986831823	1.8292240587196593	3.0034129607339417	0.46089966266410404	96.58701559822707
0.16013466624312772	0.01	0.01	0.01	0.007	0.01	0.38005999442990823	0.07137488368993179	0.04875307113941811	0.03616789595727485	0.0671528242169314	1.1786271816266807	1.427092976248552	1.9935055921870357	3.2383349499493135	0.49518757361062427	96.37036340211054
0.17045076635142464	0.01	0.01	0.01	0.007	0.01	0.3974115711637518	0.07360221210470487	0.04918183244540735	0.0362149121440663	0.06648917615830026	1.316601081244343	1.5793720108500078	2.1689648459851587	3.487166950841929	0.5310948719361509	96.1411060565806
0.18139789563513936	0.01	0.01	0.01	0.007	0.01	0.41508522151811333	0.07577863705026466	0.04955322198413861	0.036249763685493944	0.06588213278771429	1.469078726376374	1.7453403373671663	2.356190354596797	3.750721849717122	0.5687383643235925	95.89842160484046
0.19301958448797837	0.01	0.01	0.01	0.007	0.01	0.4330493169262471	0.077895480715328	0.049871072055519966	0.03627506131989647	0.06533393847587884	1.637434948834289	1.9259865926415227	2.555789960437277	4.02985486814459	0.608243513385086	95.64145334068293
0.20536148702878354	0.01	0.01	0.01	0.007	0.01	0.45126566013682745	0.07994394798037129	0.050139597626977	0.03629302070106277	0.06484513170256129	1.8231360847210396	2.1223246085457754	2.7683885614336687	4.32545821533126	0.6497434534134346	95.36931422043513
0.21847158028133637	0.01	0.01	0.01	0.007	0.01	0.46968959595558785	0.08191534372247614	0.050363316093066574	0.036305477627810494	0.06441484723329131	2.027740594752694	2.335389203399809	2.994631417878725	4.638462728007573	0.6933790431871499	95.08108457756516
0.23240067293671451	0.01	0.01	0.01	0.007	0.01	0.4882705901412863	0.08380133440251726	0.050546948471146075	0.03631391413603638	0.06404104909937218	2.2529037497019617	2.5662368002273084	3.2351929696390562	4.969846291551978	0.7392998341494129	94.77580333641095
0.24720310957990835	0.01	0.01	0.01	0.007	0.01	0.5069529971415239	0.08559420653983181	0.05069530298031827	0.03631949346647749	0.06372073816696147	2.500385466897544	2.8159496366427983	3.490788993915337	5.320646132551784	0.7876655055064675	94.45245540330653
0.26293742772557055	0.01	0.01	0.01	0.007	0.01	0.5256766535418768	0.08728707932917484	0.050813148829552214	0.03632310147343618	0.06345015628522024	2.772057567367619	3.0856396682392013	3.762187606878161	5.691969096603936	0.8386469569487425	94.10996067446712
0.2796667417320466	0.01	0.01	0.01	0.007	0.01	0.5443770963586696	0.088874058376098	0.05090509272488807	0.0363253914786829	0.06322499016591938	3.0699058952489793	3.376447957491841	4.050214928874616	6.084994600774317	0.8924263656855662	93.74716960766702
0.2974585991237701	0.01	0.01	0.01	0.007	0.01	0.5629853120238419	0.09035033496132898	0.0509754695230777	0.03632682927835457	0.06304056984888977	3.396021225739208	3.6895345012409066	4.355750895825738	6.500964497621162	0.9491954628623308	93.36287076317062
0.3163842238765906	0.01	0.01	0.01	0.007	0.01	0.5814272259451145	0.09171226088586734	0.05102825550847347	0.036327735334364473	0.0628920528100215	3.752575165484999	4.02605635588774	4.679713835022937	6.941158295150982	1.0091518519914529	92.95581187062929
0.33651714627938584	0.01	0.01	0.01	0.007	0.01	0.5996232507278099	0.09295742609491071	0.05106700767648778	0.036328321944332026	0.06277458819712216	4.141778877506338	4.3871338290425985	5.02303408615327	7.406854314294646	1.0724934619501392	92.52473401773861
0.3579315410304284	0.01	0.01	0.01	0.007	0.01	0.6174884368436885	0.09408476522788291	0.05109482901334189	0.036328724180256025	0.06268345837966051	4.565829416034012	4.77381089503026	5.3866225566216155	7.89928486626227	1.139412229438782	92.06841160714843
0.38070071759513907	0.01	0.01	0.01	0.007	0.01	0.6349336341606098	0.09509468863202986	0.051114357144528735	0.03632902430323035	0.0626141988194283	5.026852766561102	5.187018940806732	5.771342070111469	8.41959607858777	1.2100884420453513	91.5856883083295
0.4048963964057371	0.01	0.01	0.01	0.007	0.01	0.6518679125925434	0.095989210742641	0.051127773248933576	0.03632927006801724	0.06256269702376226	5.526858678994919	5.627556737445431	6.177992267579904	8.968826817893843	1.2846877003060841	91.07549558814291
0.43058917624598386	0.01	0.01	0.01	0.007	0.01	0.6682019976489655	0.09677202200687587	0.05113682803910647	0.03632948775968482	0.06252526999054822	6.067719671410075	6.096095137175748	6.607314491144806	9.547915184543585	1.363361666290475	90.53684580734057
0.4578500991223096	0.01	0.01	0.01	0.007	0.01	0.6838520289362953	0.09744845027128185	0.05114288163861555	0.036329690995830936	0.06249871696929646	6.651176431210278	6.593204953541903	7.060014357529706	10.157729196264762	1.4462521764632914	89.9688027904353
0.48675278879117523	0.01	0.01	0.01	0.007	0.01	0.6987428646039308	0.09802528877559567	0.051146953632289834	0.03632988634059839	0.06248034344385	7.278861040645718	7.119397510920638	7.53679256444878	10.799108612758593	1.5334969865209471	89.3704417725556
0.5173753656721439	0.01	0.01	0.01	0.007	0.01	0.7128103718911158	0.09851050732165459	0.05114977863603343	0.03633007667124315	0.06246795478673198	7.952320962018893	7.675161738761408	8.038370344326417	11.472899374368122	1.625234650349148	88.74081584637504
0.5498014957662982	0.01	0.01	0.01	0.007	0.01	0.7260026093278521	0.09891289429382347	0.05115186239018797	0.03633026306733522	0.06245982252921476	8.673027874896173	8.260984713125703	8.565499190911819	12.179966606376341	1.7216066090597792	88.0789420435931
0.5841202705705482	0.01	0.01	0.01	0.007	0.01	0.7382801695027834	0.09924168334910559	0.05115353409461704	0.03633044579811455	0.06245463038224715	9.442362231442837	8.87734953988781	9.118950630488326	12.921180564719924	1.8227556807952678	87.38381248890697
0.620424835484681	0.01	0.01	0.01	0.007	0.01	0.7496160513988475	0.09950620517136347	0.05115499226533807	0.03633062479997508	0.06245140908344297	10.261569987131171	9.524709448432251	9.699485778665355	13.697375359535037	1.928820867906708	86.65443107348771
0.6588100299694661	0.01	0.01	0.01	0.007	0.01	0.7599954306309533	0.09971558801869926	0.05115634308834939	0.03633079988866362	0.06244946859937143	11.131697146769275	10.203443947425388	10.307810164089982	14.509288062606212	2.0399294550137426	85.88986886467735
0.6993695065316176	0.01	0.01	0.01	0.007	0.01	0.7694155369711648	0.09987851486320613	0.05115763142539619	0.03633097084567425	0.062448334223919585	12.053513985423653	10.913806763247026	10.944522392022474	15.35748992272082	2.156187945917693	85.08932755458892
0.7421931847784163	0.01	0.01	0.01	0.007	0.01	0.777885706273779	0.10000303644842236	0.05115886512444944	0.03633113745261178	0.062447690652165176	13.027450721067753	11.655881695701668	11.61007084066539	16.24232878617878	2.2776744214360596	84.25219314612598
0.7873660863335276	0.01	0.01	0.01	0.007	0.01	0.7854274775049903	0.10009643549015586	0.05116003329929151	0.03633129950884113	0.062447335916559016	14.053570742699371	12.429564476524678	12.3047344531668	17.163904030121557	2.404435244729136	83.37805965783274
0.8349693727743533	0.01	0.01	0.01	0.007	0.01	0.792074440024056	0.10016513747918142	0.05116111913447794	0.03633145684622129	0.06244714541638801	15.131600881464111	13.234582905761682	13.028638785526068	18.12208843361363	2.5364881454359005	82.46670871100778
0.8850839076365067	0.01	0.01	0.01	0.007	0.01	0.7978715197259025	0.1002146661131593	0.051162107814503165	0.03633160934371826	0.06244704519635955	16.261024083027717	14.070557196029375	13.781809503918275	19.116599199703916	2.673832076627902	81.5180420663737
0.9377956855378391	0.01	0.01	0.01	0.007	0.01	0.8028734961195377	0.10024964239006108	0.05116299039495567	0.03633175693899071	0.062446993050094386	17.44121493050974	14.937085220999133	14.564250156731916	20.14709989035963	2.816461436274114	80.53198348652907
0.9932020857941269	0.01	0.01	0.01	0.007	0.01	0.8071428153285485	0.10027382514946247	0.05116376469032868	0.0363318996340045	0.06244696580911253	18.671588507852427	15.833831914619076	15.376025947020882	21.21330851118852	2.964381320202861	79.50837275532928
1.0514179116368005	0.01	0.01	0.01	0.007	0.01	0.8107469758173075	0.1002901865321535	0.05116443434475389	0.036332037493559614	0.06244695121990367	19.951733867397856	16.760604010801462	16.21733660515512	22.315089161375738	3.117620730268349	78.44687302954036
1.1125807568188593	0.01	0.01	0.01	0.007	0.01	0.8137558547888791	0.1003010116433623	0.05116500711184495	0.03633217063818362	0.0624469430156718	21.28151820707036	17.71740253291312	17.08857125756964	23.452517882883907	3.276242450890461	77.34690042863214
1.1768557364122294	0.01	0.01	0.01	0.007	0.01	0.8162392781617039	0.10030800976324317	0.05116549306411212	0.03633229923385027	0.06244693807664124	22.661160560738193	18.704454111569003	17.990345912362606	24.62592360883746	3.4403497141435193	76.20757506812912
1.2444398920849566	0.01	0.01	0.01	0.007	0.01	0.8182650105885155	0.10031242552558825	0.05116590311858829	0.03633242348075704	0.06244693487385249	24.091280716040266	19.72222629614734	18.923527972565786	25.83591002133464	3.6100904602666124	75.02768796247719
1.31556669273772	0.01	0.01	0.01	0.007	0.01	0.8198972259200922	0.10031514150416644	0.05116624800462309	0.036332543602674544	0.06244693265612518	25.572931461834862	20.771432894211813	19.889253184087313	27.083365266124368	3.7856601767744626	73.80567693982013
1.3905110871625503	0.01	0.01	0.01	0.007	0.01	0.8211954399807901	0.1003167671675981	0.05116653764473333	0.03633265983763504	0.062446931043708964	27.107622243885046	21.853034719965933	20.888940091108857	28.369465808124183	3.9673042329220087	72.53960508787188
1.4695953536984316	0.01	0.01	0.01	0.007	0.01	0.8222138435568171	0.10031771221714252	0.05116678085321141	0.036332772429762274	0.06244692983298406	28.697336700558353	22.968236765275236	21.924303310021205	29.695675612578935	4.155319937078978	71.22713995715452
1.5531960610532631	0.01	0.01	0.01	0.007	0.01	0.8230009648533536	0.10031824452498084	0.05116698524906272	0.036332881621643484	0.06244692890541073	30.344546727010858	24.118482737298475	22.997367074768977	31.06374181790239	4.35005856601621	69.86553151980054
1.6417517009545777	0.01	0.01	0.01	0.007	0.01	0.8235995864221313	0.10031853420766891	0.05116715729564404	0.03633298764469903	0.06244692818573845	32.05220968463576	25.305436621759867	24.110470140975888	32.475674680118956	4.551925730290031	68.45159999000104
1.735769003796405	0.01	0.01	0.01	0.007	0.01	0.824046853047664	0.10031868600638559	0.051167302403681336	0.03633309070089012	0.06244692762265508	33.823707297980555	26.530921801604645	25.266234859689202	33.933676811701076	4.761375133041332	66.98176790739117
1.8358176419164052	0.01	0.01	0.01	0.007	0.01	0.8243745084048621	0.10031876229239062	0.05116742505106151	0.03633319091180432	0.06244692717944452	35.66254102275291	27.796690615271633	26.46737905195925	35.43987048749631	4.978873760836204	65.45229119108086
1.9424602063449283	0.01	0.01	0.01	0.007	0.01	0.8246091829946128	0.10031879887480033	0.05116752886739264	0.03633328813754143	0.06244692682919915	37.57088449909847	29.103415200619875	27.715780075027492	36.99509776414846	5.204731854651978	63.86044446463284
2.055801458571555	0.01	0.01	0.01	0.007	0.01	0.8247725462141097	0.10031881549235479	0.05116761652463544	0.03633338124141134	0.062446926552596725	39.541817013417244	30.445417517126746	29.007385270147445	38.59264637490416	5.4381833466378495	62.21102412737915
2.1731287266178803	0.01	0.01	0.01	0.007	0.01	0.8248810144791539	0.10031882253683462	0.0511676889149796	0.03633346594546319	0.06244692633847563	41.52130824145887	31.78519009595178	30.307172488765513	40.18790060140507	5.672872131594993	60.54845863872338
2.2863443267545627	0.01	0.01	0.01	0.007	0.01	0.8249480882464452	0.10031882530946275	0.05116774544914934	0.03633353809830861	0.06244692618103884	43.37426507303103	33.03166233712879	31.526432284487804	41.672407136003805	5.892788226431354	58.986293151834495
2.3919254524657982	0.01	0.01	0.01	0.007	0.01	0.82498907231486	0.10031882641126288	0.051167789049910116	0.03633360399777128	0.06244692606588583	45.052921126802	34.154171366837566	32.633309260088446	43.009579868856854	6.092228116141355	57.56580961356072
2.4926000564018236	0.01	0.01	0.01	0.007	0.01	0.8250153148691218	0.10031882688198208	0.05116782412084623	0.03633366739552887	0.062446925977472464	46.61026320187508	35.18956728372414	33.66229391469569	44.24325014655692	6.277448164493831	56.24321007111141
2.591872922607929	0.01	0.01	0.01	0.007	0.01	0.8250329123815561	0.10031882709548037	0.051167853685662575	0.03633372679977341	0.06244692590604827	48.10547950844328	36.177964809019755	34.65225269907984	45.42117823651084	6.455466700541626	54.96878446955115
2.6919940246266916	0.01	0.01	0.01	0.007	0.01	0.8250449978850749	0.10031882719484254	0.05116787937582717	0.03633378185799599	0.062446925846435575	49.57372341642975	37.14283455981319	35.62639759091747	46.57132296481498	6.63046389639021	53.71271627640541
2.793766171481641	0.01	0.01	0.01	0.007	0.01	0.8250533239190867	0.10031882724101905	0.051167901985847725	0.0363338331702	0.062446925795964524	51.026209133930486	38.09151129889291	36.59219815512219	47.70242702032	6.803779458752458	52.465346943873755
2.8969642726996225	0.01	0.01	0.01	0.007	0.01	0.8250590119781965	0.10031882726217023	0.0511679219194093	0.036333881203136444	0.06244692575310159	52.45885888864245	39.021248470412665	37.54698761863622	48.81121721198849	6.974931191962767	51.23007647399244
3.0009052768511912	0.01	0.01	0.01	0.007	0.01	0.8250628553258001	0.10031882727170963	0.05116793945381426	0.036333926245161574	0.062446925716729246	53.86188674076654	39.92569490710307	38.48425733247463	49.89011691249703	7.142751342937237	50.01531049793143
3.1049391732922778	0.01	0.01	0.01	0.007	0.01	0.8250654316008086	0.10031882727596982	0.051167954858212794	0.03633396858607279	0.06244692568585456	55.22699595843508	40.79962188561299	39.39843282077602	50.932881091527875	7.306244543403956	48.82830179645929
3.2087008504480496	0.01	0.01	0.01	0.007	0.01	0.8250671529886245	0.10031882727786672	0.051167968414849004	0.0363340085327802	0.062446925659557374	56.55043325182657	41.64083611223389	40.28693441350528	51.93688093351482	7.464955056716082	47.67246034671496
3.312120938109018	0.01	0.01	0.01	0.007	0.01	0.8250683037388769	0.10031882727871276	0.051167980398403375	0.03633404633291489	0.06244692563702314	57.83255902910697	42.44981243922217	41.14992342085801	52.902669804619116	7.618918499077855	46.54765030076547
3.415307361515575	0.01	0.01	0.01	0.007	0.01	0.8250690746792355	0.1003188272790913	0.051167991052604694	0.03633408214775198	0.06244692561757271	59.0758989199425	43.22838409267414	41.98902056651467	53.83242322564569	7.768430663924206	45.45183159619213
3.5184128505486396	0.01	0.01	0.01	0.007	0.01	0.8250695922549477	0.1003188272792612	0.05116800057937072	0.03633411608687936	0.06244692560066453	60.28331269256314	43.97855651785814	42.8060852041626	54.72852414581077	7.913828736557556	44.38263983483526
3.6215504936478116	0.01	0.01	0.01	0.007	0.01	0.8250699401516196	0.10031882727933752	0.051168009140066535	0.03633414824841944	0.06244692558587516	61.45698420963145	44.70187681468601	43.602533174247476	55.59280981926894	8.055369794595668	43.338277608439675
3.7247673593694044	0.01	0.01	0.01	0.007	0.01	0.8250701740536933	0.10031882727937182	0.05116801686312086	0.03633417873668047	0.06244692557287291	62.59821014343547	45.39931988228547	44.379187448379696	56.42643500235674	8.193204773663187	42.317716108067
3.8280576279393643	0.01	0.01	0.01	0.007	0.01	0.8250703312582224	0.10031882727938721	0.051168023852787285	0.03633420766234721	0.0624469255613927	63.70765095209352	46.07146132942652	45.13644165195711	57.23007773943638	8.32740810465933	41.32048727085626
3.931390575129865	0.01	0.01	0.01	0.007	0.01	0.8250704368591729	0.10031882727939412	0.05116803019622803	0.036334235135966474	0.06244692555121751	64.78570292049545	46.71871623006394	45.87450897340009	58.00422423023533	8.45802225177022	40.34636085472694
4.034734968608505	0.01	0.01	0.01	0.007	0.01	0.8250705077666862	0.10031882727939725	0.051168035968171426	0.03633426126100751	0.06244692554216643	65.832778634137	47.34151240197898	46.59361232772696	58.749375864117376	8.585091522860608	39.39509526377431
4.138071823034788	0.01	0.01	0.01	0.007	0.01	0.8250705553694944	0.10031882727939863	0.051168041233579896	0.03633428612949506	0.06244692553408698	66.84942949170656	47.94036189523132	47.294069015298014	59.46613481921441	8.708676986506445	38.466325074317204
4.241395979797149	0.01	0.01	0.01	0.007	0.01	0.8250705873266311	0.10031882727939925	0.05116804604912642	0.03633430982121528	0.06244692552684966	67.83634140559029	48.51585447092975	47.97628928735142	60.15519643770867	8.828856091702681	37.559561478204664
4.344711340090988	0.01	0.01	0.01	0.007	0.01	0.8250706087820872	0.10031882727939953	0.0511680504641601	0.03633433240567669	0.06244692552034499	68.79427125327858	49.06861688314463	48.64073383363236	60.81730063554989	8.945715060977943	36.674247429469055
4.4480246846808225	0.01	0.01	0.01	0.007	0.01	0.8250706231881589	0.10031882727939964	0.0511680545215378	0.03633435394512833	0.06244692551448001	69.72397994722004	49.599272292481515	49.287868130652605	61.45318337294087	9.059340797142106	35.809817727380754
4.551341425836725	0.01	0.01	0.01	0.007	0.01	0.8250706328614729	0.1003188272793997	0.05116805825846143	0.03633437449703976	0.06244692550917588	70.62619277265185	50.108417375529726	49.91813494703634	62.06354923229051	9.169816046291551	34.96573563054123
4.6546639518792725	0.01	0.01	0.01	0.007	0.01	0.8250706393568965	0.1003188272793997	0.05116806170729786	0.03633439411550111	0.062446925504365355	71.50158815817898	50.596616742302515	50.5319462180238	62.64906468820394	9.27721799672	34.14150400279753
4.757992050982857	0.01	0.01	0.01	0.007	0.01	0.8250706437183303	0.1003188272793997	0.05116806489633105	0.03633441285161422	0.06244692549999076	72.35080560954059	51.064408371385035	51.129688223504154	63.210364577337955	9.381619216659107	33.33665872401983
4.861324156221535	0.01	0.01	0.01	0.007	0.01	0.8250706466467705	0.1003188272793997	0.051168067850402996	0.03633443075338608	0.06244692549600277	73.17445916970081	51.512311793245686	51.711730768198976	63.7480618801747	9.483089281826825	32.550756606703324
4.964658597854892	0.01	0.01	0.01	0.007	0.01	0.8250706486129856	0.1003188272793997	0.05116807059143752	0.03633444786550452	0.06244692549235844	73.97314890559316	51.94083471399375	52.27843515671314	64.26275565343103	9.581696177365561	31.783364760594324
5.0679942467080386	0.01	0.01	0.01	0.007	0.01	0.8250706499331194	0.1003188272793997	0.05116807313885657	0.03633446422932135	0.06244692548902051	74.74746602729255	52.35047582025466	52.83015780902667	64.75503439435862	9.677506928251887	31.03405571037653
5.171330651105626	0.01	0.01	0.01	0.007	0.01	0.8250706508194614	0.1003188272793997	0.05116807550991571	0.03633447988303648	0.062446925485956595	75.4979934957701	52.74172502216744	53.367250731348896	65.22547633440116	9.77058767790803	30.302406717659196
5.274667845272187	0.01	0.01	0.01	0.007	0.01	0.8250706514145524	0.1003188272793997	0.05116807771998259	0.03633449486202041	0.06244692548313841	76.22530421326908	53.11506243107315	53.890060259700284	65.67464821153547	9.861003467237241	29.588001453014375
5.3780060482176335	0.01	0.01	0.01	0.007	0.01	0.8250706518140969	0.1003188272793997	0.05116807978277179	0.03633450919917905	0.06244692548054111	76.9299587773188	53.47095720196893	54.39892545475484	66.10310387564682	9.948817956173691	28.89043217737211
5.48134543789488	0.01	0.01	0.01	0.007	0.01	0.8250706520823504	0.1003188272793997	0.05116808171054937	0.036334522925268696	0.06244692547814278	77.61250413754972	53.809866936094714	54.89417710690034	66.51138356329733	10.034093253897089	28.209301126118508
5.584686062225958	0.01	0.01	0.01	0.007	0.01	0.8250706522624549	0.1003188272793997	0.05116808351431081	0.03633453606912485	0.062446925475924314	78.27347340001695	54.132237719070915	55.37613754721762	66.9000139350524	10.116889889960543	27.544220809952307
5.688027839095974	0.01	0.01	0.01	0.007	0.01	0.8250706523833756	0.1003188272793997	0.05116808520393575	0.03633454865782778	0.0624469254738685	78.9133862701001	54.43850448868972	55.84512091639552	67.2695085094347	10.197266864707135	26.894813691178175
5.7913706316338	0.01	0.01	0.01	0.007	0.01	0.8250706524645606	0.1003188272793997	0.05116808678832244	0.0363345607168099	0.06244692547196043	79.53274992223277	54.72909159438087	56.301433751251516	67.62036832883638	10.275281753742618	26.260711415898136
5.894714289275978	0.01	0.01	0.01	0.007	0.01	0.8250706525190667	0.1003188272793997	0.05116808827550281	0.036334572269966114	0.062446925470186695	80.13205957154152	55.00441318834997	56.7453753629787	67.95308242367798	10.350990775904279	25.6415543251912
5.998058695676874	0.01	0.01	0.01	0.007	0.01	0.8250706525556611	0.1003188272793997	0.051168089672742466	0.036334583339745825	0.062446925468535426	80.71179902674093	55.26487358966506	57.17723820886129	68.26812824486277	10.42444885953808	25.036990968667766
6.101403755021398	0.01	0.01	0.01	0.007	0.01	0.8250706525802299	0.1003188272793997	0.05116809098662677	0.03633459394726876	0.062446925466996026	81.27244085471744	55.51086746002646	57.59730798027072	68.56597186920376	10.495709660082705	24.446678010139703
6.2047494262475364	0.01	0.01	0.01	0.007	0.01	0.8250706525967251	0.1003188272793997	0.05116809222313583	0.036334604112402476	0.06244692546555868	81.81444680286643	55.74278009147239	58.00586388413356	68.84706834048518	10.564825610448652	23.870279861145924
6.308095681981341	0.01	0.01	0.01	0.007	0.01	0.8250706526077995	0.1003188272793997	0.05116809338771001	0.03633461385387435	0.06244692546421501	82.33826780588161	55.960987509022736	58.40317861404199	69.11186178663955	10.63184791867164	23.307468749747944
6.4114424811595585	0.01	0.01	0.01	0.007	0.01	0.8250706526152345	0.1003188272793997	0.05116809448530672	0.03633462318936904	0.06244692546295738	82.84434409767158	56.16585662868421	58.789518396150335	69.36078560353076	10.696826578566187	22.75792468797901
6.514789796407212	0.01	0.01	0.01	0.007	0.01	0.825070652620226	0.1003188272793997	0.05116809552045176	0.0363346321355869	0.062446925461778956	83.33310559977974	56.35774552966654	59.16514324503021	69.59426277743567	10.759810415781033	22.221335141742568
6.618137579815467	0.01	0.01	0.01	0.007	0.01	0.8250706526235775	0.1003188272793997	0.051168096497282975	0.03633464070833193	0.062446925460673305	83.80497200029453	56.53700359792252	59.53030698447816	69.81270605141734	10.820847094229428	21.69739503400778
6.721485790319369	0.01	0.01	0.01	0.007	0.01	0.8250706526258275	0.1003188272793997	0.05116809741958975	0.03633464892255915	0.062446925459634935	84.26035312681887	56.7039717854702	59.88525749399766	70.01651823260713	10.879983160386615	21.18580642599074
6.82483440054254	0.01	0.01	0.01	0.007	0.01	0.8250706526273379	0.1003188272793997	0.05116809829084815	0.036334656792426576	0.06244692545865872	84.69964920171114	56.85898281555386	60.23023686797192	70.20609243408025	10.937264072707464	20.686278320254775
6.928183383108286	0.01	0.01	0.01	0.007	0.01	0.825070652628352	0.1003188272793997	0.05116809911425108	0.03633466433135682	0.062446925457739916	85.12325100350134	57.002361351552054	60.565481502322235	70.38181227263588	10.992734218918502	20.198526567841547
7.03153271063963	0.01	0.01	0.01	0.007	0.01	0.8250706526290329	0.1003188272793997	0.0511680998927358	0.0363346715520848	0.062446925456874386	85.53154008885384	57.13442418757122	60.8912222284092	70.5440520931267	11.046436941179346	19.72227370734124
7.134882328380943	0.01	0.01	0.01	0.007	0.01	0.8250706526294899	0.1003188272793997	0.05116810062900777	0.03633467846671873	0.062446925456058344	85.92488890706916	57.255480403925425	61.20768436116951	70.69317714972485	11.098414547109495	19.25724892946284
7.2382322226438145	0.01	0.01	0.01	0.007	0.01	0.8250706526297966	0.1003188272793997	0.05116810132556271	0.036334685086740585	0.06244692545528828	86.30366127693128	57.365831632469195	61.5150880393	70.82954392267807	11.148708368746474	18.80318761207436
7.3415823728950995	0.01	0.01	0.01	0.007	0.01	0.8250706526300027	0.1003188272793997	0.05116810198470588	0.03633469142307216	0.06244692545456095	86.66821239881769	57.465772168945264	61.81364819564162	70.95350024734373	11.197358760467525	18.359831395120338
7.444932765446146	0.01	0.01	0.01	0.007	0.01	0.825070652630141	0.1003188272793997	0.05116810260856924	0.03633469748610221	0.062446925453873474	87.01888910711824	57.55558916123199	62.10357471990749	71.06538553663145	11.244405128578052	17.926927973841586
7.548283386608208	0.01	0.01	0.01	0.007	0.01	0.8250706526302338	0.1003188272793997	0.051168103199126465	0.036334703285722386	0.06244692545322316	87.35603004127793	57.63556277058259	62.38507255661682	71.16553097035641	11.289885950210646	17.50423098668574
7.651634222692451	0.01	0.01	0.01	0.007	0.01	0.8250706526302961	0.1003188272793997	0.051168103758207496	0.036334708831357906	0.06244692545260766	87.67996583873506	57.70596633724826	62.6583418214898	71.25425969020027	11.333838795196472	17.09149987541981
7.754985253165272	0.01	0.01	0.01	0.007	0.01	0.825070652630338	0.1003188272793997	0.05116810428751042	0.0363347141319989	0.06244692545202448	87.99101930314181	57.767066538456646	62.92357789780172	71.3318869853033	11.376300344658842	16.68849977490457
7.85833645749296	0.01	0.01	0.01	0.007	0.01	0.825070652630366	0.1003188272793997	0.051168104788613125	0.03633471919622247	0.06244692545147181	88.28950561180422	57.81912355243148	63.18097156672564	71.39872048575555	11.417306415012572	16.295001350848654
7.961687815141704	0.01	0.01	0.01	0.007	0.01	0.825070652630385	0.1003188272793997	0.05116810526298306	0.0363347240322168	0.06244692545094762	88.5757324951256	57.86239121242082	63.43070911558663	71.45506034391626	11.456891978305594	15.910780669705588
8.065039305577603	0.01	0.01	0.01	0.007	0.01	0.8250706526303977	0.1003188272793997	0.051168105711986676	0.03633472864780299	0.06244692545045012	88.85000041183511	57.89711715710138	63.672972443573435	71.50119941146991	11.495091182082758	15.535619071626838
8.168390935645546	0.01	0.01	0.01	0.007	0.01	0.8250706526304061	0.1003188272793997	0.051168106136897686	0.03633473305043935	0.062446925449977674	89.11260278814603	57.92354298336591	63.907939226260936	71.53742342062614	11.531937378367635	15.16930295051165
8.271742698500994	0.01	0.01	0.01	0.007	0.01	0.8250706526304119	0.1003188272793997	0.051168106538904336	0.03633473724726544	0.06244692544952893	89.36382607235913	57.94190437347991	64.13578291794767	71.56401113167722	11.567463127017696	14.81162378460327
8.37509457360992	0.01	0.01	0.01	0.007	0.01	0.8250706526304157	0.1003188272793997	0.05116810691911607	0.03633474124512097	0.06244692544910244	89.60394990602151	57.95243124083151	64.35667285508507	71.58123450467843	11.601700215147181	14.462378012134884
8.478446547282967	0.01	0.01	0.01	0.007	0.01	0.8250706526304182	0.1003188272793997	0.05116810727857029	0.03633474505054912	0.062446925448696816	89.83324733518104	57.95534787175418	64.57077439892325	71.589358867423	11.634679682480078	14.121366843222514
8.58179861267549	0.01	0.01	0.01	0.007	0.01	0.82507065263042	0.1003188272793997	0.05116810761823731	0.03633474866981282	0.06244692544831099	90.05198496249798	57.95087305661394	64.77824902719277	71.58864306972288	11.666431838583458	13.788396149705418
8.685150769787567	0.01	0.01	0.01	0.007	0.01	0.8250706526304211	0.1003188272793997	0.05116810793902594	0.03633475210890895	0.06244692544794374	90.2604230959574	57.93922021796393	64.9792544237364	71.57933963424023	11.696986279715553	13.46327635745023
8.788503011774525	0.01	0.01	0.01	0.007	0.01	0.825070652630422	0.1003188272793997	0.05116810824178784	0.03633475537359088	0.062446925447594046	90.45881586863001	57.92059753874715	65.17394454075807	71.56169490682097	11.726371901480604	13.145822382615577
8.89185531810216	0.01	0.01	0.01	0.007	0.01	0.8250706526304225	0.1003188272793997	0.05116810852732182	0.036334758469385754	0.06244692544726103	90.64741137503587	57.89520809108616	65.36246967623265	71.53594920789878	11.754616913843408	12.835853544115112
8.995207695615273	0.01	0.01	0.01	0.007	0.01	0.8250706526304228	0.1003188272793997	0.05116810879637784	0.0363347614015808	0.06244692544694375	90.82645188841717	57.863249948196405	65.54497663470359	71.5023369659131	11.781748868489668	12.53319333722474
9.098560137469146	0.01	0.01	0.01	0.007	0.01	0.825070652630423	0.1003188272793997	0.05116810904966043	0.03633476417525986	0.06244692544664139	90.99617392102739	57.824916311025156	65.72160873386933	71.46108686471806	11.807794662922342	12.237669458830993
9.201912636819051	0.01	0.01	0.01	0.007	0.01	0.8250706526304231	0.1003188272793997	0.051168109287832206	0.03633476679530615	0.06244692544635315	91.15680838621785	57.78039562217642	65.89250591232036	71.4124219782919	11.832780559751273	11.949113666889762
9.305265186820245	0.01	0.01	0.01	0.007	0.01	0.8250706526304233	0.1003188272793997	0.051168109511516256	0.03633476926641181	0.06244692544607833	91.30858073040362	57.729871679109486	66.05780480915374	71.35655990401699	11.85673220165298	11.66736168474456
9.408617773783204	0.01	0.01	0.01	0.007	0.01	0.8250706526304235	0.1003188272793997	0.051168109721299634	0.03633477159309186	0.06244692544581625	91.45171105272394	57.67352374858671	66.21763883130544	71.29371289720483	11.879674624491612	11.392253125701266
9.511970397707943	0.01	0.01	0.01	0.007	0.01	0.8250706526304235	0.1003188272793997	0.05116810991773543	0.03633477377967984	0.06244692544556632	91.58641425956107	57.6115266635666	66.3721382613794	71.2240879858801	11.901632276170902	11.123631346941227
9.615323065439252	0.01	0.01	0.01	0.007	0.01	0.8250706526304235	0.1003188272793997	0.05116811010134505	0.03633477583034012	0.06244692544532784	91.71290017378017	57.544050929537164	66.5214303185608	71.1478870956881	11.922629028558276	10.86134338185065
9.718675763287587	0.01	0.01	0.01	0.007	0.01	0.8250706526304235	0.1003188272793997	0.051168110272620616	0.03633477774909397	0.06244692544510029	91.83137362187219	57.47126284575094	66.66563919187229	71.06530719179234	11.942688185601673	10.605239922000205
9.822028491252958	0.01	0.01	0.01	0.007	0.01	0.8250706526304235	0.1003188272793997	0.051168110432026626	0.03633477953980418	0.0624469254448833	91.94203459439214	57.39332458428616	66.80488616117533	70.97654037306441	11.961832503726704	10.355175144271438
9.925381249335372	0.01	0.01	0.01	0.007	0.01	0.8250706526304235	0.1003188272793997	0.05116811058000211	0.03633478120619154	0.06244692544467611	92.04507834207375	57.310394296075685	66.93928964544007	70.88177399647721	11.980084201844665	10.11100666383683
10.028734023845267	0.01	0.01	0.01	0.007	0.01	0.8250706526304235	0.1003188272793997	0.051168110716961875	0.036334782751849606	0.06244692544447838	92.14069547545819	57.222626218712726	67.06896525333285	70.78119080368924	11.997464971782138	9.872595484294454
10.13208680793786	0.01	0.01	0.01	0.007	0.01	0.8250706526304235	0.1003188272793997	0.05116811084329852	0.03633478418023779	0.06244692544428964	92.22907209565402	57.130170754281835	67.19402587649715	70.67496901328545	12.01399599441441	9.639805869130317
10.235439608457938	0.01	0.01	0.01	0.007	0.01	0.8250706526304235	0.1003188272793997	0.051168110959383374	0.03633478549468322	0.06244692544410966	92.3103899035468	57.03317455250457	67.31458176008518	70.56328241880824	12.029697952464502	9.412505251522234
10.338792425405504	0.01	0.01	0.01	0.007	0.01	0.8250706526304235	0.1003188272793997	0.05116811106556848	0.03633478669839891	0.062446925443937894	92.38482628515794	56.93178061758543	67.43074053996082	70.44630051402883	12.044591038880977	9.190564206030864
10.442145258780561	0.01	0.01	0.01	0.007	0.01	0.8250706526304235	0.1003188272793997	0.05116811116218697	0.036334787794485054	0.06244692544377398	92.45255441985819	56.82612838968085	67.54260731276159	70.32418858907043	12.058694969539463	8.973856358928083
10.54549810858311	0.01	0.01	0.01	0.007	0.01	0.8250706526304235	0.1003188272793997	0.05116811124955498	0.03633478878593364	0.062446925443617664	92.51374337960819	56.716353829962486	67.65028469577142	70.1971078305779	12.072028994492833	8.762258316241414
10.648850967968366	0.01	0.01	0.01	0.007	0.01	0.8250706526304235	0.1003188272793997	0.051168111327972346	0.03633478967563744	0.06244692544346858	92.56855822243625	56.602589511332994	67.75387287865459	70.06521542841134	12.084611908147245	8.555649607015628
10.752203830091537	0.01	0.01	0.01	0.007	0.01	0.8250706526304235	0.1003188272793997	0.051168111397723315	0.03633479046639085	0.0624469254433264	92.61716009210164	56.48496469285671	67.85346968831013	69.92866466346075	12.096462060988632	8.353912599914622
10.855556694952623	0.01	0.01	0.01	0.007	0.01	0.8250706526304235	0.1003188272793997	0.0511681114590781	0.0363347911608884	0.062446925443190776	92.65970631299675	56.36360539069009	67.94917065075713	69.78760499129513	12.107597370758144	8.156932423421337
10.958909555706837	0.01	0.01	0.01	0.007	0.01	0.8250706526304235	0.1003188272793997	0.051168111512293335	0.03633479176173903	0.06244692544306159	92.69635047385641	56.23863447091327	68.04106903232916	69.6421821512243	12.118035331101844	7.964596927196751
11.062262426043757	0.01	0.01	0.01	0.007	0.01	0.8250706526304235	0.1003188272793997	0.05116811155761278	0.03633479227145075	0.06244692544293843	92.72724252515683	56.11017169165861	68.12925591690856	69.49253821636935	12.127793024274926	7.776796567570416
11.165615292273802	0.01	0.01	0.01	0.007	0.01	0.8250706526304235	0.1003188272793997	0.0511681115952684	0.03633479269246603	0.062446925442821245	92.75252884908389	55.978333835312036	68.21382021582501	69.33881174855915	12.136887126165107	7.593424433596048
11.268968154396974	0.01	0.01	0.01	0.007	0.01	0.8250706526304235	0.1003188272793997	0.05116811162548063	0.036334793027138566	0.06244692544270956	92.77235235765427	55.84323473053976	68.29484875476957	69.18113782496158	12.145333919911046	7.414376110061947
11.372321005568484	0.01	0.01	0.01	0.007	0.01	0.8250706526304235	0.1003188272793997	0.0511681116484595	0.036334793277750056	0.062446925442603246	92.78685256868776	55.70498534810975	68.37242630581962	69.01964815060971	12.153149303272862	7.2395496552564245
11.47567385263312	0.01	0.01	0.01	0.007	0.01	0.8250706526304235	0.1003188272793997	0.05116811166440458	0.03633479344649922	0.06244692544250226	92.79616568891372	55.56369384209977	68.44663565126132	68.85447110720195	12.160348799280477	7.068845508051906
11.57902670928046	0.01	0.01	0.01	0.007	0.01	0.8250706526304235	0.1003188272793997	0.05116811167350637	0.03633479353550939	0.06244692544240622	92.8004246886415	55.41946562452777	68.51755762396292	68.68573184085822	12.166947564276015	6.902166444824775
11.682379561820929	0.01	0.01	0.01	0.007	0.01	0.8250706526304235	0.1003188272793997	0.05116811167594605	0.036334793546854385	0.06244692544231494	92.799759377595	55.272403479033855	68.58527113053292	68.51355239565525	12.172960394490131	6.739417578580732
11.785732410254523	0.01	0.01	0.01	0.007	0.01	0.8250706526304235	0.1003188272793997	0.05116811167189656	0.036334793482533656	0.06244692544222842	92.79429648277839	55.12260756834549	68.64985322553763	68.3380517229024	12.17840173730864	6.580506237372015
11.889085247736457	0.01	0.01	0.01	0.007	0.01	0.8250706526304235	0.1003188272793997	0.05116811166152255	0.036334793344488164	0.06244692544214625	92.78415972050318	54.970175525295296	68.7113791413837	68.15934578812073	12.183285698223557	6.425341944563502
11.992438074266731	0.01	0.01	0.01	0.007	0.01	0.8250706526304235	0.1003188272793997	0.051168111644981196	0.036334793134594257	0.06244692544206863	92.76946986669573	54.815202493803184	68.76992233972696	67.9775476194359	12.18762604960622	6.273836346281374
12.095790889845347	0.01	0.01	0.01	0.007	0.01	0.8250706526304235	0.1003188272793997	0.05116811162242255	0.03633479285467008	0.06244692544199497	92.7503448261674	54.65778119793208	68.8255545487457	67.79276738884303	12.19143623815595	6.125903172009177
12.199143701317091	0.01	0.01	0.01	0.007	0.01	0.8250706526304235	0.1003188272793997	0.05116811159398946	0.03633479250647357	0.06244692544192528	92.72689969867287	54.49800198923314	68.8783458074206	67.60511246800549	12.194729392781955	5.981458176010136
12.302496501837178	0.01	0.01	0.01	0.007	0.01	0.8250706526304235	0.1003188272793997	0.05116811155981873	0.03633479209171777	0.062446925441859584	92.6992468495936	54.335952935054706	68.92836449487314	67.41468753216064	12.197518331433114	5.840419118163757
12.405849291405609	0.01	0.01	0.01	0.007	0.01	0.8250706526304235	0.1003188272793997	0.051168111520040846	0.036334791612059596	0.06244692544179759	92.66749597057347	54.17171984246532	68.97567738028651	67.2215945884238	12.199815569158808	5.702705687865187
12.509202070022386	0.01	0.01	0.01	0.007	0.01	0.8250706526304235	0.1003188272793997	0.0511681114747804	0.036334791069106094	0.062446925441739194	92.63175414371031	54.00538632258046	69.02034965717785	67.02593305151356	12.201633324989185	5.568239468208441
12.612554844532294	0.01	0.01	0.01	0.007	0.01	0.8250706526304235	0.1003188272793997	0.05116811142415645	0.036334790464411806	0.062446925441684294	92.59212590038831	53.83703383205132	69.06244498325711	66.82779979263155	12.202983528990778	5.436943882741348
12.715907608090548	0.01	0.01	0.01	0.007	0.01	0.8250706526304235	0.1003188272793997	0.051168111368282816	0.03633478979949389	0.06244692544163281	92.54871328916715	53.66674175791266	69.10202550826521	66.62728923937108	12.203877828801078	5.308744178046732
12.81926036069715	0.01	0.01	0.01	0.007	0.01	0.8250706526304235	0.1003188272793997	0.051168111307268296	0.036334789075820634	0.06244692544158453	92.5016159272511	53.494587434695084	69.13915191817915	66.42449339592648	12.204327596628671	5.183567354569585
12.922613109196883	0.01	0.01	0.01	0.007	0.01	0.8250706526304235	0.1003188272793997	0.05116811124121708	0.03633478829481222	0.06244692544153947	92.45093105658017	53.320646192843	69.17388346897707	66.21950190009888	12.204343935603182	5.061342126062433
13.025965839900186	0.01	0.01	0.01	0.007	0.01	0.8250706526304235	0.1003188272793997	0.05116811117022852	0.03633478745786169	0.06244692544149747	92.39675361347223	53.144991452799005	69.2062780113693	66.01240213415798	12.203937686145617	4.941998911179768
13.129318552807062	0.01	0.01	0.01	0.007	0.01	0.8250706526304235	0.1003188272793997	0.05116811109439796	0.0363347865663125	0.06244692544145852	92.33917626705343	52.96769471442593	69.23639203564987	65.80327921236835	12.203119432237596	4.825469752911783
13.232671254762291	0.01	0.01	0.01	0.007	0.01	0.8250706526304235	0.1003188272793997	0.05116811101381638	0.03633478562146487	0.06244692544142239	92.27828947448387	52.78882561343788	69.26428070059168	65.59221604743517	12.201899507289003	4.711688289219801
13.336023945765875	0.01	0.01	0.01	0.007	0.01	0.8250706526304235	0.1003188272793997	0.05116811092857105	0.03633478462458638	0.062446925441389016	92.21418154071671	52.608451989466616	69.28999786091168	65.37929343072571	12.200288000156517	4.600589730669748
13.439376625817815	0.01	0.01	0.01	0.007	0.01	0.8250706526304235	0.1003188272793997	0.051168110838745284	0.03633478357690853	0.062446925441358214	92.14693866590511	52.42663991799306	69.31359610019106	65.16459006988028	12.19829476089873	4.492110815540639
13.542729288073335	0.01	0.01	0.01	0.007	0.01	0.8250706526304235	0.1003188272793997	0.05116811074441905	0.036334782479632725	0.062446925441330306	92.0766449998372	52.24345376500139	69.3351267594909	64.94818265324356	12.195929406577042	4.38618978073297
13.646081939377217	0.01	0.01	0.01	0.007	0.01	0.8250706526304235	0.1003188272793997	0.05116811064566879	0.03633478133391743	0.06244692544130487	92.0033826765691	52.05895619209226	69.35463997095921	64.73014585577482	12.193201326296132	4.282766305473608
13.749434579729458	0.01	0.01	0.01	0.007	0.01	0.8250706526304235	0.1003188272793997	0.051168110542567743	0.036334780140893246	0.062446925441282	91.92723187526207	51.87320823314884	69.37218468179505	64.51055242947542	12.190119686983229	4.1817814984313415
13.85278720913006	0.01	0.01	0.01	0.007	0.01	0.8250706526304235	0.1003188272793997	0.05116811043518604	0.03633477890165926	0.06244692544126144	91.84827086207997	51.68626932187254	69.38780868378437	64.28947323580142	12.186693438511679	4.0831778569120925
13.956139820734252	0.01	0.01	0.01	0.007	0.01	0.8250706526304235	0.1003188272793997	0.05116811032359084	0.03633477761728901	0.062446925441243244	91.76657604084595	51.49819734286781	69.40155863969596	64.06697730591527	12.182931319080422	3.986899240415699
14.059492421386809	0.01	0.01	0.01	0.007	0.01	0.8250706526304235	0.1003188272793997	0.05116811020784649	0.03633477628881721	0.062446925441227354	91.6822219809842	51.309048631984155	69.41348011267242	63.84313184091225	12.178841859475224	3.892890819465638
14.16284500424296	0.01	0.01	0.01	0.007	0.01	0.8250706526304235	0.1003188272793997	0.05116811008801456	0.03633477491725964	0.062446925441213594	91.59528148220339	51.118878062915286	69.4236175885567	63.61800231409483	12.174433388944848	3.801099069904447
14.26619757614748	0.01	0.01	0.01	0.007	0.01	0.8250706526304235	0.1003188272793997	0.05116810996415408	0.036334773503595104	0.06244692544120209	91.50582559419964	50.927739033014205	69.43201450442068	63.39165245400103	12.169714038884802	3.711471717499683
14.369550137100367	0.01	0.01	0.01	0.007	0.01	0.8250706526304235	0.1003188272793997	0.051168109836321696	0.036334772048780474	0.06244692544119265	91.41392367455741	50.73568353597689	69.4387132710268	63.16414433024394	12.164691748314853	3.6239577267782828
14.472902693946393	0.01	0.01	0.01	0.007	0.01	0.8250706526304235	0.1003188272793997	0.05116810970457154	0.03633477055374219	0.06244692544118527	91.31964341700703	50.54276217077701	69.44375529813877	62.93553836389146	12.159374267800787	3.5385072600730845
14.576255239840789	0.01	0.01	0.01	0.007	0.01	0.8250706526304235	0.1003188272793997	0.0511681095689553	0.036334769019391124	0.06244692544117987	91.22305090921921	50.34902421339284	69.44718101708125	62.70589341223756	12.153769164938595	3.4550716661864636
14.679607767938789	0.01	0.01	0.01	0.007	0.01	0.8250706526304235	0.1003188272793997	0.05116810942952307	0.036334767446614034	0.062446925441176464	91.12421065928693	50.15451762414653	69.44902990499358	62.47526677730815	12.147883828076566	3.3736034407024627
14.782960271395632	0.01	0.01	0.01	0.007	0.01	0.8250706526304235	0.1003188272793997	0.051168109286322136	0.03633476583627419	0.06244692544117485	91.02318563299211	49.959289079525654	69.44934050731459	62.243714243359726	12.141725470540171	3.294056198964495
14.886312770745617	0.01	0.01	0.01	0.007	0.01	0.8250706526304235	0.1003188272793997	0.05116810913939837	0.03633476418919348	0.062446925441175166	90.92003726259357	49.76338395126812	69.44815045922707	62.01129005180842	12.135301133020949	3.2163846293580827
14.989665265988743	0.01	0.01	0.01	0.007	0.01	0.8250706526304235	0.1003188272793997	0.05116810898879523	0.03633476250618585	0.062446925441177185	90.81482552890924	49.56684642713797	69.44549650674492	61.77804704423573	12.128617690423393	3.1405445046845384
15.093017750280245	0.01	0.01	0.01	0.007	0.01	0.8250706526304235	0.1003188272793997	0.05116810883455465	0.03633476078804868	0.0624469254411811	90.70760898379548	49.369719515067644	69.44141452850762	61.54403666711421	12.12168185512819	3.066492645443077
15.196370216775362	0.01	0.01	0.01	0.007	0.01	0.8250706526304235	0.1003188272793997	0.05116810867671662	0.03633475903555865	0.062446925441186664	90.59844477740091	49.17204505915928	69.43593955628866	61.309308990570244	12.11450018043347	2.9941868899378825
15.299722658629337	0.01	0.01	0.01	0.007	0.01	0.8250706526304235	0.1003188272793997	0.05116810851531972	0.03633475724947246	0.06244692544119396	90.48738869124134	48.97386376790697	69.42910579495148	61.07391274164517	12.107079064304534	2.923586070294981
15.403075096376455	0.01	0.01	0.01	0.007	0.01	0.8250706526304235	0.1003188272793997	0.05116810835040047	0.0363347554305087	0.06244692544120281	90.37449514035029	48.77521518906775	69.42094663960137	60.83789527416749	12.099424750977176	2.854649970999174
15.506427530016715	0.01	0.01	0.01	0.007	0.01	0.8250706526304235	0.1003188272793997	0.051168108181994	0.03633475357938125	0.06244692544121334	90.25981725605452	48.57613782840303	69.4114946975979	60.60130270953439	12.09154333794149	2.7873393389886134
15.60977995270536	0.01	0.01	0.01	0.007	0.01	0.8250706526304235	0.1003188272793997	0.051168108010133995	0.036334751696790124	0.06244692544122538	90.14340690306601	48.37666914996441	69.40078180695306	60.364179936846355	12.083440778577549	2.7216158510665087
15.71313235759763	0.01	0.01	0.01	0.007	0.01	0.8250706526304235	0.1003188272793997	0.05116810783485262	0.03633474978341786	0.062446925441238955	90.02531470225178	48.1768455886213	69.3888390540621	60.12657062755566	12.07512288508004	2.6574420873702085
15.816484744693529	0.01	0.01	0.01	0.007	0.01	0.8250706526304235	0.1003188272793997	0.05116810765618058	0.036334747839924936	0.06244692544125403	89.90559005200645	47.97670256182452	69.3756967905056	59.888517249187736	12.06659533121466	2.594781505984896
15.919837127682573	0.01	0.01	0.01	0.007	0.01	0.8250706526304235	0.1003188272793997	0.05116810747414736	0.03633474586694583	0.06244692544127061	89.78428114831318	47.776274480669706	69.36138464897537	59.65006107821165	12.057863654916105	2.533598418638756
16.0	0.01	0.01	0.01	0.007	0.01	0.8250706526304235	0.10031882727939971	0.051168107330663744	0.03633475253277631	0.06244692544128446	89.68912979810756	47.62064216838021	69.34949663586866	59.464856352930624	12.050954021709293	2.4871383726116325
