0.0	0.01	0.01	0.01	0.007	0.01	0.0	0.0	0.0	0.0	0.0	0.0	0.0	0.0	0.0	0.0	100.0
0.0034567205584286743	0.01	0.01	0.01	0.007	0.01	0.011487011521636007	0.003275436972172149	0.0040084855605599665	0.004147293230509173	0.005082116116176557	0.0006780715787686539	0.0010729947771995177	0.002361614985454155	0.003818344361506608	0.00048651007478649384	99.92834988551073
0.005545707106973722	0.01	0.01	0.01	0.007	0.01	0.018359983594280826	0.0052097553168422624	0.006290994663911809	0.006455324394485391	0.008008642870600434	0.0017399918077889748	0.0027445133107300013	0.005987193860260831	0.009622898182143815	0.0012368409149255358	99.8850747383752
0.008690826740781555	0.01	0.01	0.01	0.007	0.01	0.028610806657837932	0.008059429709803893	0.009540609510895807	0.009671662772914261	0.012219628084470354	0.0042538447064827956	0.006677259714697518	0.014375854972240306	0.022904791926992664	0.0029820552370318065	99.81995623458864
0.0115941403956572	0.01	0.01	0.01	0.007	0.01	0.03797112030062272	0.010624741754403675	0.012352274676638977	0.012386151707635146	0.01590907317624517	0.007539083587067388	0.01178170693088915	0.025063661258820116	0.039622516489263834	0.005218619502708565	99.75988191469197
0.014967372499475377	0.01	0.01	0.01	0.007	0.01	0.04872438627135072	0.013528595156663284	0.015406964423917185	0.015260324980867197	0.019971397529523642	0.012503318661753146	0.01943979081669048	0.04079308580935061	0.06392345805996533	0.008530346541622736	99.69012961571148
0.018403048026308134	0.01	0.01	0.01	0.007	0.01	0.05954339752817323	0.01640373790229181	0.018299568089505565	0.017906919123375383	0.023876930115381986	0.01880930972497426	0.02909320881722877	0.06022037793375207	0.09355172980042079	0.012647585129450196	99.61913623373177
0.022104939503704634	0.01	0.01	0.01	0.007	0.01	0.07105203721973889	0.019411190392754404	0.021187194531862647	0.020472685884289056	0.027841873545250032	0.026994260383617373	0.041522891160799096	0.08471418848983936	0.13042127938763104	0.017874596135690615	99.54269845935569
0.02594931873190263	0.01	0.01	0.01	0.007	0.01	0.08284252999178116	0.022438040382224245	0.023953356482598293	0.022855534887894133	0.03171318107373614	0.03699664003218449	0.05658536209696271	0.11375684977062875	0.17356116224142834	0.024118174610900413	99.46338063461724
0.02999344889744977	0.01	0.01	0.01	0.007	0.01	0.09507091372107683	0.025519544049094667	0.026627741888098765	0.025085918023706	0.03553756174252203	0.049143300367426646	0.07471810723778317	0.1479491449244947	0.22367885288116143	0.03152650762226171	99.38000973023024
0.034201593913369785	0.01	0.01	0.01	0.007	0.01	0.10760776917906271	0.028617995674155374	0.029175419300874708	0.027139852367717567	0.039270105036722944	0.0635202116451289	0.09598712257297348	0.18715257327324203	0.28038243143743785	0.04009157724483836	99.29333180255931
0.03859126014797998	0.01	0.01	0.01	0.007	0.01	0.12048473491055614	0.03173673424889201	0.03159943699524174	0.02902632548372197	0.04291606868502128	0.08037142458638535	0.12068511868663422	0.23163478753529576	0.34387734980909956	0.04989586843304557	99.20299552329328
0.04315403553724208	0.01	0.01	0.01	0.007	0.01	0.13365571895994363	0.034860153804228224	0.03388890995770047	0.03074380480492991	0.04645039635266701	0.0998559643646851	0.14896932711916017	0.28139383712392724	0.41398312597712345	0.06096411569494137	99.10918388972034
0.04789732240693903	0.01	0.01	0.01	0.007	0.01	0.1471205037145267	0.037984050759528064	0.0360434046196855	0.03229946312167541	0.04984219764035069	0.12219699345353584	0.18108078833873698	0.3365605633254515	0.4907152530342708	0.07334763578443178	99.01175494767988
0.0528240147710195	0.01	0.01	0.01	0.007	0.01	0.16086478721547906	0.04110102002940619	0.03806126158641351	0.03369977683754803	0.053019671328915906	0.147606842898389	0.21723360236586353	0.3971997232958274	0.5740026902317364	0.08707208388284915	98.91066018856243
0.05793060669089651	0.01	0.01	0.01	0.007	0.01	0.17485617065063125	0.04419995680956689	0.039939914797280596	0.03495090624016511	0.05585439179274215	0.17626556573786148	0.25758566165253716	0.4632701693992172	0.6636407156448005	0.10211293544198399	98.80598286870891
0.06313179008590439	0.01	0.01	0.01	0.007	0.01	0.18884495264239393	0.0472240283510057	0.04165353848904652	0.03604485909864656	0.05814532795215167	0.20783069901792395	0.30156175417646186	0.5335685386686108	0.757891864491912	0.11813593899389828	98.69948044485247
0.06842814243852327	0.01	0.01	0.01	0.007	0.01	0.20282326068682183	0.05017206474037129	0.04321311319669876	0.03699849353585846	0.0597738115692029	0.24238173754045741	0.34918749607366567	0.6079244809591903	0.8564655116217845	0.13499306124197316	98.59114725427325
0.07397463545603294	0.01	0.01	0.01	0.007	0.01	0.21717904319164508	0.05312340849099929	0.04466747686932961	0.03784912741125642	0.06073016054596231	0.2811096014553427	0.4019932905042103	0.6884486890250708	0.9620645177245195	0.1530099645309603	98.47782507239201
0.07976409667852843	0.01	0.01	0.01	0.007	0.01	0.23186127326214717	0.05606238033763249	0.0460121797126643	0.03859991356319399	0.061050222498132696	0.3242449491518717	0.46015245981444797	0.7750565539286046	1.0744527589700088	0.1719873877352241	98.3596776647352
0.08573922578271351	0.01	0.01	0.01	0.007	0.01	0.24669709750838437	0.05895097528527311	0.04723587160212859	0.039250972663000934	0.060869925960488576	0.37159517807354164	0.5232654527973086	0.8668418968372414	1.192364707359931	0.19156518518439208	98.23788990794048
0.09192870300435863	0.01	0.01	0.01	0.007	0.01	0.2617325495349845	0.06179579265146395	0.04834878050695481	0.03981430518030315	0.06035323250949645	0.42359865532057794	0.5917739053786857	0.9641599320957679	1.3161919092121581	0.21169782721772554	98.11189221698582
0.09839620267527839	0.01	0.01	0.01	0.007	0.01	0.2770897715902381	0.0646161940260885	0.04936442555964704	0.040302444890016054	0.059629834667518006	0.48106440014847296	0.6665750063032713	1.0679580463656038	1.4470653953868304	0.23248725573312606	97.98040754014441
0.10520770625307323	0.01	0.01	0.01	0.007	0.01	0.29288214160727044	0.06742725902629589	0.05029246399971564	0.04072489836489629	0.05879032629393063	0.5449445684963906	0.7487010311510758	1.1792785031701305	1.5862075571526466	0.2540633502674396	97.8421197548555
0.11239914200742343	0.01	0.01	0.01	0.007	0.01	0.3091407236955504	0.07022747818704071	0.051135987967731465	0.04108752205827633	0.057899359266085644	0.6160163095806096	0.8389053763866652	1.2987033674853488	1.7342477765247188	0.2764738412819179	97.69633035565967
0.11998945895569958	0.01	0.01	0.01	0.007	0.01	0.32585091700848773	0.07300706834243303	0.051896113769348926	0.0413951551952193	0.05700269498603339	0.6949474099193039	0.9377577403104446	1.4265275589867141	1.8914621847271356	0.29972600556247864	97.54269021541121
0.12799275414549569	0.01	0.01	0.01	0.007	0.01	0.3429830262686154	0.07575414256496955	0.052574487764762166	0.04165278695711189	0.05613144693064323	0.7823876091806184	1.0457652848287073	1.5629448917008222	2.058015621483029	0.323823863397781	97.38095242425136
0.13642828145690336	0.01	0.01	0.01	0.007	0.01	0.3605143450151658	0.07845854153424531	0.05317422977557203	0.04186580973852773	0.055305367058504196	0.8790713194752576	1.1634988624757328	1.7082173422395117	2.234171164638007	0.34879627376593525	97.21076998643201
0.14532064069445427	0.01	0.01	0.01	0.007	0.01	0.37842804885794257	0.08111149623828823	0.05369951555647403	0.0420397017763262	0.054536343409355884	0.9858316493371253	1.2916030037438364	1.8626838563117603	2.420297972255767	0.3746943053010936	97.03169319432409
0.15469987449625208	0.01	0.01	0.01	0.007	0.01	0.39671178053730394	0.08370527839824349	0.054155231802770015	0.042179797207071885	0.05383090797388155	1.1036140123381573	1.4308039389277163	2.026766147581223	2.616875413417966	0.4015889747263336	96.84316904906026
0.1646006552214988	0.01	0.01	0.01	0.007	0.01	0.41535446896278444	0.08623266316939932	0.05454667444564216	0.04229112223690378	0.053192009364996656	1.2334778262705217	1.5819024612100607	2.200957079725298	2.824476579165187	0.4295669855134188	96.64455911453734
0.17506227763897012	0.01	0.01	0.01	0.007	0.01	0.43434488877106714	0.08868672821069588	0.05487937283290358	0.042378309051386766	0.05262013117071214	1.376606442195227	1.7457761065184536	2.3858217398651553	3.0437674754788366	0.45872932962828816	96.43514124340616
0.18612852385731746	0.01	0.01	0.01	0.007	0.01	0.4536700105517399	0.09106068177199741	0.05515895086794308	0.042445545369643685	0.05211403955310133	1.5343146397124587	1.923377775588387	2.581995445402138	3.2755026777825966	0.48918983493256485	96.21411404140105
0.19784776837651846	0.01	0.01	0.01	0.007	0.01	0.4733138306299521	0.09334780850032856	0.05539102520241687	0.042496552616619984	0.05167127089183111	1.7080584838132387	2.1157364960481257	2.790185345016996	3.5205253032215897	0.5210745829724447	95.98059672723026
0.21027296668748782	0.01	0.01	0.01	0.007	0.01	0.49325602906489624	0.09554144229528604	0.055581117382518634	0.04253458168152647	0.051288470853880566	1.8994426300414258	2.323954855684176	3.011169452986154	3.779763907558416	0.5545211099094199	95.73363156887375
0.22346162282202747	0.01	0.01	0.01	0.007	0.01	0.5134706856425988	0.09763499634885868	0.05573457897212724	0.042562423050362834	0.050961634979232895	2.1102258440243378	2.5492044373065808	3.24579485670078	4.0542283636359135	0.5896776091052317	95.47218699558852
0.23747558255387527	0.01	0.01	0.01	0.007	0.01	0.5339248815117908	0.09962202981420847	0.055856524241085954	0.04258242768550235	0.05068629234088196	2.3423217097929356	2.792716568237797	3.4949724214148477	4.345001580547778	0.6267016870464953	95.1951644302909
0.2523806340023702	0.01	0.01	0.01	0.007	0.01	0.5545772920236715	0.1014963623051755	0.055951770278002334	0.04259653661500768	0.050457654270455905	2.5977931182396032	3.0557678541239404	3.7596677166060575	4.653226784365558	0.6657586134135969	94.90140915403363
0.2682458191355287	0.01	0.01	0.01	0.007	0.01	0.575376793355943	0.10325223350708371	0.05602478427182839	0.042606317222045775	0.05027074420261338	2.8788376404886162	3.3396587234364343	4.040886526557702	4.980088506263897	0.7070188099795895	94.58972702223993
0.2851424510681833	0.01	0.01	0.01	0.007	0.01	0.5962612743787918	0.10488451462082482	0.056079639434867566	0.04261300447204463	0.05012051718030943	3.1877622140612334	3.645684949016764	4.339654974095177	5.326787392059045	0.7506545790355132	94.25890698934667
0.30314285514649536	0.01	0.01	0.01	0.007	0.01	0.6171568686629583	0.10638896827572232	0.05611998123537687	0.04261754521183628	0.05000197425712925	3.5269461534066044	3.9751028496773486	4.656994733479398	5.69450947580998	0.7968361401071129	93.9077489058977
0.32231902161623915	0.01	0.01	0.01	0.007	0.01	0.6379779716744036	0.10776255097945654	0.05614900616675629	0.04262064365672066	0.049910273029220714	3.8987951959123355	4.329092358980888	4.993896817567838	6.084394052049164	0.8457274863348883	93.53509272255876
0.3427414804783825	0.01	0.01	0.01	0.007	0.01	0.6586283852589622	0.10900373368338823	0.05616945497430914	0.042622806139021356	0.049840833092383484	4.305692969805725	4.708724874196032	5.351299507842378	6.497506665234931	0.8974828756508071	93.13984293568794
0.36447885467650937	0.01	0.01	0.01	0.007	0.01	0.6790038397943465	0.11011279914899709	0.0561836217333256	0.04262438329125264	0.04978943228430775	4.749960963940492	5.1149457654128545	5.730078357354469	6.934826409593928	0.9522451173569203	92.72097949668202
0.3875984216638442	0.01	0.01	0.01	0.007	0.01	0.6989957406735495	0.11109205331543212	0.0561933788250953	0.04262560805371464	0.049752287496695836	5.233837432121337	5.548578926918605	6.131053695930521	7.397253755396009	1.0101464556844961	92.27754917002277
0.4121677571824179	0.01	0.01	0.01	0.007	0.01	0.7184955981608844	0.11194589127531084	0.056200215914307544	0.04262662828484079	0.04972611230537414	5.7594811488839674	6.010355215500746	6.555016345396197	7.885639582933815	1.0713121712511466	91.80863654684381
0.4382571044774218	0.01	0.01	0.01	0.007	0.01	0.7373992994749945	0.11268068353323023	0.05620528832322532	0.042627533270266665	0.049708144791185696	6.328995977843634	6.500957472892374	7.002764699944299	8.400827346424402	1.1358659255054815	91.31332228461149
0.4659418630566343	0.01	0.01	0.01	0.007	0.01	0.7556104926213096	0.11330449427554673	0.056209467650642275	0.04262837403911981	0.049696142727496055	6.944464403575889	7.021069249108251	7.4751422197729545	8.943695586289566	1.2039352692910432	90.79064070089045
0.4953045789097972	0.01	0.01	0.01	0.007	0.01	0.773042733447606	0.11382668246533056	0.05621338642779404	0.04262917798421912	0.049688348884117065	7.607975171948878	7.571413850605599	7.973064558111529	9.515188310938301	1.275655748947541	90.23954865883044
0.5264359507193053	0.01	0.01	0.01	0.007	0.01	0.7896204563956183	0.11425745194955353	0.056217470563314526	0.04262995871527513	0.04968343405964615	8.321631237483818	8.15277325979825	8.497528244767961	10.116324033308208	1.351172427079557	89.65891466674324
0.5594347230828834	0.01	0.01	0.01	0.007	0.01	0.8052791916112425	0.11460741128531568	0.05622195891660449	0.04263072227224119	0.049680427760161794	9.087531809137603	8.76598400115619	9.049599267679131	10.74818176406268	1.4306385618086008	89.04752998006107
0.5944063636264023	0.01	0.01	0.01	0.007	0.01	0.8199654336611648	0.11488718043355987	0.05622691702047308	0.04263147078629097	0.04967864607353383	9.907723732059319	9.411908397333452	9.630380596159492	11.411863138689418	1.5142112931757015	88.40414272531522
0.6314605859818493	0.01	0.01	0.01	0.007	0.01	0.8336365485759298	0.11510706270858836	0.05623225762303817	0.04263220449315217	0.049677624020643976	10.784122625000393	10.091383496687662	10.240960775408357	12.108433363567295	1.6020446271418431	87.72751274440483
0.6707069177618669	0.01	0.01	0.01	0.007	0.01	0.8462606852327175	0.11527678199706076	0.05623777898632678	0.04263292274817805	0.04967705687591157	11.718385312984227	10.805134869267821	10.882331992562243	12.83882792404196	1.6942780221376572	87.0165002500495
0.7122468721150691	0.01	0.01	0.01	0.007	0.01	0.85781662241916	0.11540528372118784	0.056243221617813643	0.04263362446839272	0.04967675238148463	12.711700790815181	11.553632576872733	11.55525700841174	13.603701909302526	1.7910175825500623	86.27021158733903
0.7561635160181246	0.01	0.01	0.01	0.007	0.01	0.8682941969708267	0.1155006030244918	0.0562483316252511	0.04263430829984972	0.049676593927306265	13.76452262163291	12.33690918801574	12.260102268622317	14.4032422824682	1.8923123237341424	85.48818346756968
0.8025161115125515	0.01	0.01	0.01	0.007	0.01	0.8776966814738515	0.11556979799140371	0.0562529131957979	0.04263497277178062	0.04967651362777261	14.876434755056389	13.154480263409617	12.996762934454763	15.237086053087063	1.9981435640167111	84.67046652048717
0.8513485783834714	0.01	0.01	0.01	0.007	0.01	0.8860445948123811	0.11561892393414164	0.0562568564149547	0.04263561656772652	0.04967647362081395	16.046367642523222	14.005513621486001	13.76481235313064	16.104492737191954	2.1084464565544505	83.81746070057062
0.9027078330868324	0.01	0.01	0.01	0.007	0.01	0.8933775949289684	0.11565302854777136	0.05626013676831795	0.04263623879795364	0.049676453705290016	17.273064716705836	14.889158776750394	14.563798593677268	17.004680256450083	2.223152518553715	82.92958736016185
0.95665823514712	0.01	0.01	0.01	0.007	0.01	0.8997522702563062	0.11567617978540877	0.056262794265060166	0.04263683909477435	0.049676443563785914	18.5554536396283	15.804785811572101	15.393463376643748	17.937069076097135	2.342220915427855	82.00704665609697
1.013286439909385	0.01	0.01	0.01	0.007	0.01	0.905237390297321	0.11569154442390793	0.05626490589338358	0.04263741753805879	0.04967643813077965	19.89277561951436	16.752042105488623	16.253799527661265	18.90134172482697	2.4656465299411505	81.04975345938185
1.072701267418142	0.01	0.01	0.01	0.007	0.01	0.9099091009595294	0.11570150929696797	0.05626656202021364	0.04263797453137301	0.04967643499534104	21.284582454406312	17.730817304410444	17.145026633476178	19.897409610896567	2.593456310958537	80.05736357900713
1.1350336511694679	0.01	0.01	0.01	0.007	0.01	0.913847086946705	0.11570782073983087	0.056267850789511104	0.04263851070214074	0.049676433029727185	22.730723711088245	18.741206964593676	18.06756575430229	20.925378721729267	2.725705517173478	79.0293006037999
1.2004384634482657	0.01	0.01	0.01	0.007	0.01	0.917131660984361	0.11571172109797753	0.056268850009188576	0.04263902683622194	0.04967643170428274	24.231366071672635	19.78350354997142	19.022039205207015	21.98554295797343	2.862477572417516	77.9647544199685
1.2690977025883972	0.01	0.01	0.01	0.007	0.01	0.9198415108837457	0.1157140702770964	0.056269624306794476	0.042639523832155156	0.04967643076154835	25.787030514412802	20.85820323916053	20.009285272939834	23.07839309706497	3.003886058974472	76.86266261521718
1.3412244705217473	0.01	0.01	0.01	0.007	0.01	0.922051961593912	0.11571544741022084	0.05627022533009669	0.04264000266504792	0.04967643006749033	27.398631618988542	21.966016696162857	21.03037743563137	24.204629227251548	3.15007733754647	75.72168632749388
1.4170671858021713	0.01	0.01	0.01	0.007	0.01	0.9238336810980837	0.11571623187865576	0.05627069336164386	0.04264046435417921	0.049676429545572685	29.06750437152369	23.107873124730183	22.086638604354132	25.36516577351638	3.3012324249237888	74.54019105983528
1.496914017452979	0.01	0.01	0.01	0.007	0.01	0.9252517941175202	0.11571666525828733	0.05627105936244376	0.04264090993393711	0.0496764291478414	30.79541666585304	24.284915891003852	23.17964906181832	26.5611274040453	3.457567932784816	73.31623388708563
1.5810971938975964	0.01	0.01	0.01	0.007	0.01	0.9263653486135012	0.11571689691863221	0.056271346938553096	0.04264134042589154	0.04967642884198069	32.58455866680535	25.49848315603144	24.311242260762214	27.793829206352427	3.619335227377639	72.04756352416038
1.669996298404729	0.01	0.01	0.01	0.007	0.01	0.9272270758532462	0.11571701641203035	0.05627157402460746	0.04264175680812168	0.049676428605148024	34.43748998986465	26.750060208561173	25.48347614492991	29.06472768527382	3.7868160451149397	70.73164706579189
1.764037540974746	0.01	0.01	0.01	0.007	0.01	0.9278833804039045	0.11571707569936725	0.056271754236518846	0.042642159970852675	0.04967642842073576	36.35698594677236	28.041163951717838	26.698542417450085	30.375302540719627	3.9603092056153995	69.3657657434592
1.8636800577721722	0.01	0.01	0.01	0.007	0.01	0.9283745005107918	0.11571710388920776	0.05627189791627375	0.042642550630955504	0.049676428276474296	38.34561863440043	29.373050955715122	27.95850893379674	31.726759270541145	4.140093503406765	67.9472983689802
1.9693619392078878	0.01	0.01	0.01	0.007	0.01	0.9287347824997507	0.11571711667891556	0.05627201291192271	0.04264292913158463	0.04967642816322805	40.40459270092428	30.74593467326784	29.264588434186646	33.11923436825011	4.326323174824394	66.47454086394922
2.081322084021776	0.01	0.01	0.01	0.007	0.01	0.9289930155988432	0.1157171221882235	0.05627210512765229	0.042643294930150254	0.049676428074206774	42.53041342356762	32.15678734175211	30.61502294952969	34.54956795680309	4.518726662680286	64.94909889417656
2.1990873164033666	0.01	0.01	0.01	0.007	0.01	0.9291728303422455	0.11571712442917285	0.05627217887183009	0.042643645413124674	0.049676428004467546	44.7060305861404	33.593571460008775	31.999425154659196	36.00546661018924	4.7158028702996475	63.3823233835381
2.3205542728505364	0.01	0.01	0.01	0.007	0.01	0.929293499230446	0.11571712528745805	0.05627223717365904	0.042643974603415825	0.04967642795049143	46.886510560403664	35.02608805637759	33.38955101455544	37.45626237342022	4.913515027975529	61.80588546929695
2.442276519222314	0.01	0.01	0.01	0.007	0.01	0.9293715816125862	0.11571712560095762	0.05627228257438022	0.042644276177608895	0.04967642790935323	49.00834976245041	36.41258011506277	34.74505212135116	38.8596523427924	5.10612074294359	60.26546630936387
2.5620794691786957	0.01	0.01	0.01	0.007	0.01	0.9294213408601583	0.11571712571404276	0.05627231788908888	0.042644549760499695	0.04967642787800472	51.03640423241929	37.73054159508602	36.04339110481306	40.19289924469603	5.290426573571666	58.78683052908343
2.6798975579416977	0.01	0.01	0.01	0.007	0.01	0.9294532481016718	0.11571712575546371	0.056272345795347276	0.0426447994761644	0.0496764278537	52.97389409809695	38.98269371720631	37.286445406801484	41.45882023886865	5.466712770141432	57.36807946447165
2.796597671644076	0.01	0.01	0.01	0.007	0.01	0.9294739729880429	0.11571712577095065	0.05627236833179099	0.04264502967834407	0.049676427834423005	54.8386508974044	40.18108554051906	38.485489526619666	42.669652093919005	5.636589873608996	55.99654758965258
2.9130556556915703	0.01	0.01	0.01	0.007	0.01	0.9294875700213525	0.11571712577682063	0.05627238688912111	0.04264524361379539	0.04967642781882429	56.646912610998776	41.33650488230344	39.650853517190576	43.83633222296107	5.801529028874863	54.66054994361082
3.0298037212317337	0.01	0.01	0.01	0.007	0.01	0.9294965313022688	0.115717125779056	0.056272402391435716	0.04264544348576562	0.049676427806013675	58.40818066929299	42.45524406497674	40.78859433800877	44.965238200175975	5.962391998374141	53.35321805502269
3.147011593904307	0.01	0.01	0.01	0.007	0.01	0.929502438020141	0.11571712577990591	0.05627241546994955	0.0426456307478944	0.04967642779538467	60.12577346815665	43.53956833078485	41.90081031289667	46.05867320358717	6.119478441928825	52.07218909446577
3.2646140977179225	0.01	0.01	0.01	0.007	0.01	0.9295063231374803	0.11571712578022773	0.05627242658146715	0.04264580642139258	0.049676427786499645	61.799421804094415	44.5894555281114	42.98728293731178	47.116631528892746	6.272760287608832	50.81775961270343
3.3824568636615524	0.01	0.01	0.01	0.007	0.01	0.9295088722221719	0.11571712578034911	0.05627243607660671	0.04264597134234962	0.04967642777902577	63.427747458570224	45.60420796150819	44.04706373760974	48.138429181423234	6.4221070249053085	49.59107895746835
3.500399285696799	0.01	0.01	0.01	0.007	0.01	0.9295105416663686	0.11571712578039473	0.056272444235460205	0.04264612629287181	0.04967642777270106	65.00979532313168	46.58342270286691	45.07946559832793	49.123682626912114	6.5674257941286704	48.39300892524228
3.6183587647751354	0.01	0.01	0.01	0.007	0.01	0.9295116340106172	0.11571712578041186	0.0562724512857083	0.04264627203417491	0.04967642776731574	66.54555917599767	47.52730696322577	46.08441024146148	50.07262491678423	6.7087100460615465	47.223716024818565
3.7363099823048165	0.01	0.01	0.01	0.007	0.01	0.9295123485820679	0.1157171257804183	0.05627245741287664	0.04264640929216987	0.04967642776270159	68.03584909846163	48.43657819990634	47.0623492026689	50.98600311375456	6.8460279683686345	46.08275502925632
3.854262663746594	0.01	0.01	0.01	0.007	0.01	0.9295128160732764	0.11571712578042072	0.05627246276765542	0.0426465387361075	0.049676427758724155	69.48190941716469	49.31221569594184	48.014019579735546	51.86482695657904	6.979487799937226	44.969346871302974
3.9722374908206026	0.01	0.01	0.01	0.007	0.01	0.9295131219596087	0.11571712578042163	0.056272467472158444	0.04264666096774989	0.04967642775527569	70.88507142478274	50.15524234165335	48.9402188865754	52.71014891078293	7.109206053071034	43.88263832645557
4.090250406861685	0.01	0.01	0.01	0.007	0.01	0.9295133221112626	0.11571712578042198	0.05627247162549936	0.04264677652229301	0.04967642775226971	72.24655721527436	50.966605436932085	49.84167622151315	53.52294448091624	7.235289432950941	42.821852479494105
4.208307039721324	0.01	0.01	0.01	0.007	0.01	0.9295134530642352	0.11571712578042212	0.05627247530858055	0.042646885876181914	0.04967642774963671	73.56742875787573	51.74714866096994	50.719017649391176	54.30408439938854	7.357830052418054	41.78633048542493
4.326404236806938	0.01	0.01	0.01	0.007	0.01	0.9295135387273532	0.11571712578042218	0.05627247858798688	0.04264698945682895	0.049676427747319764	74.84862348739631	52.497636254783075	51.57278856492034	55.05435919868783	7.476908634421693	40.775506612678086
4.444534522432923	0.01	0.01	0.01	0.007	0.01	0.9295135947530048	0.11571712578042223	0.05627248151901224	0.0426470876511444	0.049676427745272526	76.09101580370789	53.21879132803649	52.40349374091578	55.7745177779437	7.592600155262119	39.788861881381614
4.562690148985623	0.01	0.01	0.01	0.007	0.01	0.9295136313887792	0.11571712578042222	0.056272484147945896	0.04264718081177218	0.04967642774345618	77.2954648715295	53.91132452922164	53.211628913157405	56.46529614254769	7.704978266697339	38.82588697690382
4.6808653760647285	0.01	0.01	0.01	0.007	0.01	0.9295136553421864	0.11571712578042222	0.05627248651379477	0.04264726926134195	0.04967642774183867	78.46283711375108	54.57594685881447	53.99769593306814	57.12743016786464	7.814117399725823	37.88606413173147
4.799056957962391	0.01	0.01	0.01	0.007	0.01	0.9295136710020875	0.11571712578042222	0.056272488649599904	0.04264735329549578	0.04967642774039308	79.59400766035607	55.2133698946868	54.762204007022866	57.761655748145266	7.920092920933235	36.968865352060526
4.917263409320432	0.01	0.01	0.01	0.007	0.01	0.9295136812392784	0.11571712578042222	0.056272490583466644	0.0426474331853459	0.049676427739096723	80.68985002753259	55.82429938332488	55.50566298319269	58.36870234484625	8.022980186211381	36.073760178833794
5.035484089914182	0.01	0.01	0.01	0.007	0.01	0.9295136879311477	0.11571712578042222	0.05627249233939583	0.04264750917975833	0.0496764277379305	81.75122575609245	56.40942913358217	56.22857647291465	58.949286876867376	8.122853579759681	35.20022379834885
5.15371844543459	0.01	0.01	0.01	0.007	0.01	0.9295136923052633	0.11571712578042222	0.05627249393796236	0.0426475815075209	0.049676427736878005	82.77897712079627	56.96943693818502	56.931436920318106	59.50410966560096	8.21978583077084	34.34774295622488
5.271965631595857	0.01	0.01	0.01	0.007	0.01	0.9295136951642305	0.11571712578042222	0.0562724953968734	0.04264765037937081	0.04967642773592568	83.7739243470078	57.5049831897045	57.61472365125406	60.03385308030345	8.313847747124882	33.51581837168016
5.3902245688598285	0.01	0.01	0.01	0.007	0.01	0.929513697032781	0.11571712578042222	0.056272496731431	0.042647715989819125	0.04967642773506139	84.73686688048465	58.01671176557594	58.27890366720371	60.539182439396576	8.405108329242864	32.70396385242789
5.508494036375205	0.01	0.01	0.01	0.007	0.01	0.9295136982539578	0.11571712578042222	0.05627249795490924	0.04264777851874742	0.04967642773427511	85.6685848368837	58.50525097664653	58.92443257636738	61.02074697039259	8.493634902004127	31.911705227516773
5.6267728756483075	0.01	0.01	0.01	0.007	0.01	0.9295136990520122	0.11571712578042222	0.05627249907886756	0.04264783813279497	0.04967642773355792	86.56984109855578	58.97121480610896	59.55175599414965	61.479181049621744	8.579493309798547	31.13857868116767
5.74506008460921	0.01	0.01	0.01	0.007	0.01	0.9295136995735296	0.11571712578042222	0.05627250011340751	0.04264789498657013	0.04967642773290226	87.4413822926358	59.41520350578311	60.16131019290334	61.91510480110954	8.662748007182827	30.384129981126005
5.863354841184983	0.01	0.01	0.01	0.007	0.01	0.9295136999143218	0.11571712578042222	0.056272501067385225	0.04264794922372414	0.04967642773230159	88.28393913756462	59.83780384488757	60.753522321255026	62.329124350812165	8.74346209008332	29.647914227266753
5.981656472020791	0.01	0.01	0.01	0.007	0.01	0.9295137001370095	0.11571712578042222	0.0562725019485895	0.04264800097791381	0.049676427731750086	89.09822639218586	60.23958915816572	61.3288103446921	62.72183188417089	8.821697288970611	28.92949594596633
6.099964413347098	0.01	0.01	0.01	0.007	0.01	0.9295137002825188	0.11571712578042222	0.05627250276389043	0.042648050373667666	0.04967642773124269	89.8849428052674	60.621119407656984	61.88758298050241	63.0938057189582	8.897513961609764	28.228449197967993
6.218278140486744	0.01	0.01	0.01	0.007	0.01	0.9295137003775956	0.11571712578042222	0.056272503519364525	0.0426480975271724	0.04967642773077487	90.64477092492075	60.982941193549664	62.430239525578955	63.44561033097015	8.970971071714775	27.544357828970753
6.3365971678694315	0.01	0.01	0.01	0.007	0.01	0.9295137004397179	0.11571712578042222	0.05627250422040155	0.04264814254697322	0.049676427730343184	91.37837743131553	61.32558803197437	62.957170049909415	63.777796641896465	9.042126217568368	26.876815268022554
6.454921064717781	0.01	0.01	0.01	0.007	0.01	0.929513700480307	0.11571712578042222	0.05627250487179426	0.04264818553459944	0.04967642772994362	92.08641355648048	61.64958067027685	63.46875565389538	64.09090234308206	9.111035669189214	26.225424243747955
6.57324940803965	0.01	0.01	0.01	0.007	0.01	0.9295137005068265	0.11571712578042222	0.05627250547781595	0.04264822658514215	0.049676427729573445	92.7695151240593	61.955427226510935	63.96536845175886	64.38545204915704	9.177754368566033	25.589796848688565
6.691581813982268	0.01	0.01	0.01	0.007	0.01	0.9295137005241529	0.11571712578042222	0.056272506042285064	0.04264826578775942	0.049676427729230026	93.42830307088303	62.243623552313004	64.4473719016026	64.66195766800296	9.242335976671457	24.969554163955028
6.809917930003901	0.01	0.01	0.01	0.007	0.01	0.929513700535473	0.11571712578042222	0.056272506568622406	0.04264830322614244	0.049676427728910705	94.06338371742001	62.51465347574792	64.91512095615981	64.92091865396588	9.304832896203004	24.364326109977796
6.928257442718394	0.01	0.01	0.01	0.007	0.01	0.9295137005428689	0.11571712578042222	0.05627250705989912	0.04264833897893156	0.049676427728613595	94.67534912185266	62.76898907911222	65.36896227530076	65.16282229436517	9.365296302568174	23.773751217272242
7.0466000700643345	0.01	0.01	0.01	0.007	0.01	0.9295137005477008	0.11571712578042222	0.056272507518878315	0.04264837312010054	0.04967642772833665	95.26477734314794	63.007090935261076	65.80923437254086	65.388143955956	9.423776165995445	23.197476481597562
7.164945561310308	0.01	0.01	0.01	0.007	0.01	0.9295137005508574	0.11571712578042222	0.056272507948050964	0.04264840571930161	0.04967642772807824	95.83223274465873	63.229408360177594	66.23626779170858	65.59734734674808	9.48032127765967	22.63515717986297
7.283293681383341	0.01	0.01	0.01	0.007	0.01	0.9295137005529195	0.11571712578042222	0.056272508349667724	0.04264843684218654	0.049676427727836675	96.37826622131205	63.43637963455524	66.65038522640693	65.7908847484853	9.534979268218315	22.086456761159216
7.4016442108716705	0.01	0.01	0.01	0.007	0.01	0.9295137005542667	0.11571712578042222	0.056272508725765065	0.0426484665506946	0.04967642772761087	96.90341550595316	63.62843225701145	67.05190169856364	65.96919727900215	9.587796634200664	21.551046660605564
7.5199969460272085	0.01	0.01	0.01	0.007	0.01	0.929513700555147	0.11571712578042222	0.05627250907819033	0.04264849490331643	0.049676427727399226	97.40820546927779	63.805983191998195	67.44112473324131	66.1327151490984	9.638818763844357	21.028606117098782
7.6383517144446635	0.01	0.01	0.01	0.007	0.01	0.9295137005557219	0.11571712578042222	0.056272509408620976	0.04264852195532877	0.049676427727200996	97.89314847640557	63.96943913323643	67.8183545789573	66.28185793284668	9.688089968801142	20.51882192819684
7.756708343710107	0.01	0.01	0.01	0.007	0.01	0.9295137005560975	0.11571712578042222	0.05627250971858361	0.042648547759026254	0.04967642772701483	98.35874454084878	64.11919669446027	68.18388427224518	66.41703477067207	9.735653495402254	20.021388413716217
7.87506670059511	0.01	0.01	0.01	0.007	0.01	0.929513700556343	0.11571712578042222	0.05627251000946997	0.04264857236390906	0.049676427726840056	98.80548176370826	64.25564269418473	68.53799992487663	66.53864465778567	9.781551564966513	19.536007077739107
7.9934266440267825	0.01	0.01	0.01	0.007	0.01	0.9295137005565033	0.11571712578042222	0.05627251028255029	0.0426485958168864	0.04967642772667565	99.23383642439497	64.3791543240801	68.88098073930705	66.64707662662836	9.82582537865116	19.062386638751104
8.111788032926729	0.01	0.01	0.01	0.007	0.01	0.9295137005566081	0.11571712578042222	0.05627251053898602	0.04264861816244492	0.049676427726520984	99.64427329522701	64.49009939168552	69.21309919857555	66.74270999690806	9.868515145075156	18.600242823847427
8.230150749728372	0.01	0.01	0.01	0.007	0.01	0.9295137005566764	0.11571712578042222	0.0562725107798406	0.04264863944279733	0.04967642772637533	100.03724599295182	64.58883656477184	69.53462128977513	66.82591462492817	9.909660112069894	18.14929811268304
8.34851466902228	0.01	0.01	0.01	0.007	0.01	0.9295137005567211	0.11571712578042222	0.0562725110060893	0.04264865969803987	0.04967642772623803	100.41319713330421	64.67571555883036	69.8458065696381	66.89705110295719	9.949298578061276	17.709281699760595
8.466879712429801	0.01	0.01	0.01	0.007	0.01	0.9295137005567502	0.11571712578042222	0.05627251121862781	0.04264867896626367	0.04967642772610864	100.77255876235691	64.75107738915622	70.14690845872197	66.956471011667	9.987467932599063	17.279929134109143
8.58524579373096	0.01	0.01	0.01	0.007	0.01	0.9295137005567694	0.11571712578042222	0.0562725114182797	0.042648697283700514	0.049676427725986495	101.11575242596281	64.81525453238227	70.43817423910225	67.0045170963609	10.024204658966639	16.860982375318052
8.703612826703575	0.01	0.01	0.01	0.007	0.01	0.929513700556782	0.11571712578042222	0.0562725116058032	0.04264871468483488	0.04967642772587103	101.44318944816773	64.86857114009976	70.71984522302131	67.04152348696921	10.059544358671701	16.452189609959486
8.821980732962698	0.01	0.01	0.01	0.007	0.01	0.9295137005567902	0.11571712578042222	0.056272511781896954	0.0426487312025068	0.049676427725761974	101.7552711971719	64.91134324308038	70.99215691411034	67.06781590839735	10.09352177484797	16.053305075815928
8.940349434121703	0.01	0.01	0.01	0.007	0.01	0.9295137005567956	0.11571712578042222	0.056272511947206616	0.04264874686801303	0.049676427725658834	102.05238930116344	64.94387894301387	71.25533912733214	67.083711880372	10.126170810390795	15.664088944405865
9.058718851792433	0.01	0.01	0.01	0.007	0.01	0.9295137005567988	0.11571712578042222	0.05627251210232794	0.042648761711199364	0.049676427725561405	102.3349258827459	64.96647860488696	71.50961612583937	67.08952091671277	10.157524548172987	15.284307178225834
9.177088923264124	0.01	0.01	0.01	0.007	0.01	0.929513700556801	0.11571712578042222	0.05627251224781247	0.04264877576053746	0.04967642772546909	102.60325382236846	64.97943504583749	71.75520678651974	67.08554471866438	10.187615274679995	14.913731342926106
9.295459609343268	0.01	0.01	0.01	0.007	0.01	0.9295137005568026	0.11571712578042222	0.056272512384171004	0.042648789043199964	0.04967642772538171	102.85773698901204	64.98303371224355	71.99232474026383	67.07207735733616	10.216474500334916	14.55213845353048
9.413830862996301	0.01	0.01	0.01	0.007	0.01	0.9295137005568036	0.11571712578042222	0.05627251251187735	0.042648801585148145	0.049676427725298906	103.09873038332461	64.97755285269527	72.22117843183963	67.04940545754913	10.244132969988113	14.199310942334089
9.532202637189002	0.01	0.01	0.01	0.007	0.01	0.9295137005568042	0.11571712578042222	0.05627251263137057	0.04264881341119695	0.049676427725220594	103.32658037046286	64.96326369508114	72.44197126175806	67.01780838009822	10.27062068346083	13.855036503331537
9.650574877047033	0.01	0.01	0.01	0.007	0.01	0.9295137005568045	0.11571712578042222	0.05627251274305906	0.042648824545082224	0.04967642772514632	103.54162487477704	64.9404306194153	72.65490169415851	66.97755840186909	10.295966911884978	13.519107987213767
9.768947519855898	0.01	0.01	0.01	0.007	0.01	0.9295137005568047	0.11571712578042222	0.056272512847322494	0.04264883500952089	0.04967642772507577	103.74419358738035	64.90931132745264	72.8601633781188	66.9289208914715	10.320200215615529	13.191323274781016
9.88732054993784	0.01	0.01	0.01	0.007	0.01	0.9295137005568049	0.11571712578042222	0.056272512944513936	0.042648844826238666	0.049676427725008826	103.93460825401128	64.87015698805595	73.05794535590539	66.87215445228834	10.343348472177281	12.871485007069365
10.005693920256624	0.01	0.01	0.01	0.007	0.01	0.929513700556805	0.11571712578042222	0.05627251303496271	0.04264885401606111	0.04967642772494553	104.11318273081143	64.82321241421646	73.24843203779393	66.80751111677246	10.365438876582932	12.559400686947537
10.12406760729442	0.01	0.01	0.01	0.007	0.01	0.9295137005568052	0.11571712578042222	0.05627251311897564	0.042648862598934086	0.04967642772488555	104.28022326417975	64.76871620168254	73.43180340567247	66.73523648250082	10.386497968591991	12.254882414081013
10.242441579693597	0.01	0.01	0.01	0.007	0.01	0.9295137005568052	0.11571712578042222	0.05627251319683883	0.04264887059398571	0.049676427724828526	104.43602862453471	64.70690089050393	73.60823506816567	66.65556988381873	10.406551642461642	11.957746857516419
10.360815813935943	0.01	0.01	0.01	0.007	0.01	0.9295137005568052	0.11571712578042222	0.0562725132688199	0.042648878019560306	0.04967642772477441	104.58089030908367	64.63799310592485	73.77789839038905	66.56874453568953	10.425625165314603	11.66781510533439
10.47919027866344	0.01	0.01	0.01	0.007	0.01	0.9295137005568052	0.11571712578042222	0.056272513335168375	0.04264888489326686	0.04967642772472304	104.71509269742323	64.56221371106369	73.94096057347284	66.47498769392094	10.443743189681403	11.38491259667809
10.5975649425179	0.01	0.01	0.01	0.007	0.01	0.9295137005568052	0.11571712578042222	0.05627251339611808	0.042648891232012064	0.04967642772467439	104.8389132348907	64.47977794449022	74.0975847673063	66.37452079662216	10.460929769754205	11.108868996644203
10.715939781980651	0.01	0.01	0.01	0.007	0.01	0.9295137005568052	0.11571712578042222	0.05627251345188777	0.04264889705203179	0.049676427724628276	104.95262260752732	64.39089555165951	74.24793017823497	66.26755959937171	10.477208376902874	10.83951807649589
10.834314789212275	0.01	0.01	0.01	0.007	0.01	0.9295137005568052	0.11571712578042222	0.056272513502682066	0.04264890236891928	0.04967642772458452	105.05648490913156	64.29577091057799	74.39215217199111	66.15431430448209	10.492601914494667	10.576697598904587
10.95268993285426	0.01	0.01	0.01	0.007	0.01	0.9295137005568052	0.11571712578042222	0.05627251354869291	0.04264890719767719	0.049676427724542914	105.15075776526474	64.19460319343038	74.53040231835416	66.03498973332232	10.507132726451157	10.320249308601799
11.071065205067073	0.01	0.01	0.01	0.007	0.01	0.9295137005568052	0.11571712578042222	0.05627251359010015	0.04264891155272193	0.04967642772450356	105.23569253072687	64.08758645679698	74.66282853965853	65.90978541392332	10.520822616836158	10.070018732812922
11.189440590171449	0.01	0.01	0.01	0.007	0.01	0.9295137005568052	0.11571712578042222	0.05627251362707276	0.04264891544792759	0.04967642772446625	105.31153441386142	63.974909791385954	74.78957516120207	65.77889573998556	10.533692858868367	9.825855158456177
11.307816064648382	0.01	0.01	0.01	0.007	0.01	0.9295137005568052	0.11571712578042222	0.05627251365976918	0.04264891889665223	0.0496764277244309	105.37852262837183	63.85675744584044	74.91078300000662	65.6425100990638	10.545764208025833	9.587611539508462
11.426191620658228	0.01	0.01	0.01	0.007	0.01	0.9295137005568052	0.11571712578042222	0.05627251368833829	0.04264892191174934	0.04967642772439745	105.43689055205776	63.7333089223647	75.02658947381939	65.50081296883225	10.55705691698718	9.355144361085712
11.544567234681907	0.01	0.01	0.01	0.007	0.01	0.9295137005568052	0.11571712578042222	0.056272513712919824	0.04264892450560842	0.04967642772436566	105.48686585068775	63.60473912405504	75.13712865168743	65.35398407340249	10.56759074464703	9.12831361630793
11.662942914559162	0.01	0.01	0.01	0.007	0.01	0.9295137005568052	0.11571712578042222	0.056272513733645585	0.04264892669014944	0.04967642772433574	105.52867063672971	63.471218417461124	75.24253137898761	65.20219844268796	10.577384972280605	8.90698263155343
11.781318628931158	0.01	0.01	0.01	0.007	0.01	0.9295137005568052	0.11571712578042222	0.056272513750638825	0.042648928476884014	0.049676427724307394	105.56252157584805	63.33291282057168	75.34292529117101	65.04562661523164	10.58645840902422	8.691018118573272
11.899694369958189	0.01	0.01	0.01	0.007	0.01	0.9295137005568052	0.11571712578042222	0.056272513764016256	0.04264892987689944	0.04967642772428067	105.58863004340537	63.189984041546566	75.43843494817119	64.8844346711236	10.594829408662786	8.480289975228345
12.018070137640256	0.01	0.01	0.01	0.007	0.01	0.9295137005568052	0.11571712578042222	0.056272513773887214	0.042648930900885305	0.049676427724255325	105.6072022432639	63.042589599153885	75.52918189284617	64.71878435862449	10.60251587903727	8.274671239356458
12.13644591629793	0.01	0.01	0.01	0.007	0.01	0.9295137005568052	0.11571712578042222	0.05627251378035518	0.04264893155916435	0.049676427724231545	105.61843932933003	62.890882954669756	75.61528470605658	64.54883323336907	10.609535291316897	8.074038053370208
12.25482170593121	0.01	0.01	0.01	0.007	0.01	0.9295137005568052	0.11571712578042222	0.05627251378351708	0.04264893186169135	0.049676427724209216	105.62253753292273	62.73501357310077	75.69685910219889	64.37473471833864	10.615904692595636	7.878269535211123
12.373197498700378	0.01	0.01	0.01	0.007	0.01	0.9295137005568052	0.11571712578042222	0.056272513783464616	0.042648931818081465	0.049676427724188045	105.61968827880384	62.57512705043949	75.7740179810882	64.19663823824123	10.621640714691173	7.687247746271148
12.49157327108628	0.01	0.01	0.01	0.007	0.01	0.9295137005568052	0.11571712578042222	0.05627251378028389	0.042648931437630586	0.04967642772416823	105.61007830492493	62.41136522142093	75.84687149280917	64.01468933187743	10.626759584090792	7.500857631006116
12.60994902308892	0.01	0.01	0.01	0.007	0.01	0.9295137005568052	0.11571712578042222	0.05627251377405635	0.04264893072930564	0.04967642772414957	105.59388977402845	62.243866198994645	75.91552712891765	63.82902968891242	10.631277133551276	7.318986885222957
12.7283247547083	0.01	0.01	0.01	0.007	0.01	0.9295137005568052	0.11571712578042222	0.05627251376485873	0.042648929701771705	0.049676427724132034	105.57130038323447	62.07276449582716	75.98008977065831	63.63979727824984	10.635208810351429	7.141525927787045
12.846700465944425	0.01	0.01	0.01	0.007	0.01	0.9295137005568052	0.11571712578042222	0.05627251375276317	0.04264892836340479	0.049676427724115846	105.54248347245014	61.89819111303125	76.04066175226274	63.44712643992904	10.638569685641759	6.968367834595295
12.965076141117878	0.01	0.01	0.01	0.007	0.01	0.9295137005568052	0.11571712578042222	0.05627251373783811	0.04264892672231286	0.049676427724100636	105.50760813516347	61.7202736505176	76.09734291545826	63.25114800095617	10.641374463232133	6.799408296256204
13.083451795908086	0.01	0.01	0.01	0.007	0.01	0.9295137005568052	0.11571712578042222	0.056272513720148	0.042648924786319306	0.04967642772408649	105.46683930815828	61.53913632094811	76.15023069248886	63.05198928509095	10.64363748964112	6.634545487836235
13.201827398956231	0.01	0.01	0.01	0.007	0.01	0.9295137005568052	0.11571712578042222	0.05627251369975331	0.0426489225630205	0.04967642772407342	105.42033789718775	61.3549001509731	76.19942012858564	62.84977432896933	10.645372761096171	6.47368011811511
13.320202958102037	0.01	0.01	0.01	0.007	0.01	0.9295137005568052	0.11571712578042222	0.05627251367671131	0.04264892005974475	0.04967642772406135	105.36826084644734	61.16768293015175	76.24500397845931	62.644623820753885	10.646593933740911	6.31671524899743
13.438578465505822	0.01	0.01	0.01	0.007	0.01	0.9295137005568052	0.11571712578042222	0.05627251365107603	0.04264891728359426	0.04967642772405015	105.31076125309751	60.977599373210616	76.28707273760268	62.436655273542286	10.64731433083187	6.1635563137190434
13.55695392116761	0.01	0.01	0.01	0.007	0.01	0.9295137005568052	0.11571712578042222	0.05627251362289834	0.04264891424144083	0.04967642772403983	105.24798845139019	60.78476115986541	76.32571470656735	62.22598306434458	10.647546951134487	6.014111028037346
13.675329332927113	0.01	0.01	0.01	0.007	0.01	0.9295137005568052	0.11571712578042222	0.056272513592226285	0.04264891093993444	0.04967642772403041	105.18008810219855	60.58927700856627	76.3610160431242	62.01271851050376	10.647304476633762	5.868289335868088
13.793704685104974	0.01	0.01	0.01	0.007	0.01	0.9295137005568052	0.11571712578042222	0.0562725135591052	0.04264890738553098	0.04967642772402193	105.10720230043306	60.391252801317734	76.39306080515163	61.79697000181533	10.646599280313524	5.726003393413675
13.91207996986154	0.01	0.01	0.01	0.007	0.01	0.9295137005568052	0.11571712578042222	0.05627251352357763	0.04264890358448058	0.04967642772401424	105.02946964558402	60.19079160378242	76.42193101179392	61.57884301843008	10.645443433738409	5.587167476447666
14.030455187196852	0.01	0.01	0.01	0.007	0.01	0.9295137005568052	0.11571712578042222	0.056272513485684184	0.042648899542836044	0.049676427724007474	104.94702532482303	59.987993733742854	76.44770669186909	61.35844020179917	10.64384871421019	5.451697929865877
14.148830360629967	0.01	0.01	0.01	0.007	0.01	0.9295137005568052	0.11571712578042222	0.05627251344546229	0.04264889526644971	0.04967642772400136	104.8600011823611	59.78295680067446	76.47046593397593	61.13586139435242	10.641826611463092	5.31951310111025
14.26720546664189	0.01	0.01	0.01	0.007	0.01	0.9295137005568052	0.11571712578042222	0.056272513402947755	0.0426488907610243	0.04967642772399601	104.76852585167325	59.57577589378969	76.4902849198141	60.91120384035021	10.639388335796228	5.190533370063776
14.385580505232658	0.01	0.01	0.01	0.007	0.01	0.9295137005568052	0.11571712578042222	0.056272513358174236	0.042648886032076186	0.04967642772399138	104.67272478464996	59.3665435253087	76.50723798522853	60.68456212095289	10.636544823872313	5.0646810206679005
14.503955476402313	0.01	0.01	0.01	0.007	0.01	0.9295137005568052	0.11571712578042222	0.05627251331117323	0.04264888108495579	0.04967642772398753	104.57272034440263	59.1553497333627	76.52139765967962	60.4560282628577	10.6333067456228	4.941880221337812
14.62233038015089	0.01	0.01	0.01	0.007	0.01	0.9295137005568052	0.11571712578042222	0.056272513261974494	0.042648875924853995	0.0496764277239843	104.46863188028755	58.942282143302414	76.53283471005074	60.22569180178151	10.629684510718574	4.8220569792663355
14.740705216478428	0.01	0.01	0.01	0.007	0.01	0.9295137005568052	0.11571712578042222	0.05627251321060591	0.0426488705568075	0.04967642772398177	104.36057580111033	58.72742602751242	76.54161818339334	59.993639844395155	10.625688274883727	4.705139095835917
14.85907997754532	0.01	0.01	0.01	0.007	0.01	0.9295137005568052	0.11571712578042222	0.056272513157093654	0.04264886498570997	0.04967642772397997	104.2486656540915	58.51086437816456	76.5478154483094	59.7599571442754	10.621327946356837	4.591056130574904
14.977454663351615	0.01	0.01	0.01	0.007	0.01	0.9295137005568052	0.11571712578042222	0.05627251310146231	0.042648859216307025	0.0496764277239787	104.13301218022254	58.29267793567282	76.5514922367954	59.5247261300973	10.616613191370492	4.479739343236766
15.095829281736995	0.01	0.01	0.01	0.007	0.01	0.9295137005568052	0.11571712578042222	0.0562725130437346	0.04264885325320125	0.049676427723978116	104.01372338101511	58.07294524368871	76.55271268310784	59.28802696261994	10.611553439897904	4.371121653304459
15.214203832701498	0.01	0.01	0.01	0.007	0.01	0.9295137005568052	0.11571712578042222	0.0562725129839323	0.04264884710086706	0.049676427723978143	103.89090460020486	57.851742732213374	76.55153936204034	59.04993762197274	10.606157892003129	4.265137614299407
15.332578316245165	0.01	0.01	0.01	0.007	0.01	0.9295137005568052	0.11571712578042222	0.056272512922075475	0.042648840763650386	0.049676427723978664	103.76465858121342	57.62914475618115	76.54803332722678	58.81053394697088	10.600435523148713	4.161723366695217
15.450952732368032	0.01	0.01	0.01	0.007	0.01	0.9295137005568052	0.11571712578042222	0.05627251285818265	0.04264883424577302	0.04967642772397988	103.63508553032523	57.405223647040486	76.54225414803216	58.569889688517726	10.594395089644724	4.060816599436248
15.569327081070139	0.01	0.01	0.01	0.007	0.01	0.9295137005568052	0.11571712578042222	0.05627251279227137	0.04264882755133715	0.049676427723981564	103.50228317833196	57.180049763076944	76.53425994554905	58.32807656170371	10.588045133965663	3.9623565123893236
15.687701354511908	0.01	0.01	0.01	0.007	0.01	0.9295137005568052	0.11571712578042222	0.05627251272435785	0.042648820684334135	0.04967642772398396	103.3663468497863	56.953691553537524	76.52410742846365	58.085164312755516	10.581393990388701	3.866283785990829
15.80607555269339	0.01	0.01	0.01	0.007	0.01	0.9295137005568052	0.11571712578042222	0.05627251265445703	0.04264881364863866	0.04967642772398665	103.22736950407858	56.72621557668646	76.51185192625468	57.84122073657561	10.57444978921271	3.7725405324704635
15.92444967561463	0.01	0.01	0.01	0.007	0.01	0.9295137005568052	0.11571712578042222	0.056272512582582784	0.04264880644801733	0.04967642772398999	103.08544180117747	56.497686561322396	76.49754742294311	57.59631174101536	10.567220462087402	3.6810702677329985
16.0	0.01	0.01	0.01	0.007	0.01	0.9295137005568052	0.11571712578042222	0.056272512535690516	0.04264881101683648	0.04967642772399234	102.99335707626936	56.351310119895174	76.48737088139575	57.439527362061845	10.562460966223469	3.623853751900671
