2.0
3.0
1.0
2.0
2.0
0.0
0.0
0.0
2.0
0.0
0.0
3.0
2.0
2.0
0.0
2.0
0.0
0.0
1.0
1.0
1.0
0.0
2.0
3.0
1.0
2.0
1.0
1.0
0.0
0.0
2.0
0.0
0.0
0.0
0.0
1.0
0.0
0.0
0.0
3.0
1.0
1.0
0.0
1.0
2.0
3.0
3.0
0.0
0.0
1.0
2.0
1.0
3.0
1.0
0.0
0.0
1.0
0.0
0.0
1.0
1.0
3.0
2.0
1.0
1.0
1.0
3.0
0.0
0.0
1.0
0.0
1.0
1.0
0.0
3.0
0.0
0.0
3.0
3.0
0.0
0.0
1.0
0.0
0.0
0.0
0.0
0.0
0.0
0.0
0.0
0.0
3.0
2.0
1.0
2.0
3.0
0.0
3.0
1.0
3.0
1.0
0.0
0.0
0.0
0.0
3.0
0.0
0.0
0.0
2.0
0.0
3.0
1.0
1.0
0.0
1.0
0.0
0.0
0.0
0.0
3.0
3.0
1.0
1.0
0.0
1.0
0.0
1.0
0.0
0.0
0.0
0.0
0.0
2.0
0.0
0.0
0.0
0.0
0.0
0.0
0.0
0.0
3.0
0.0
0.0
0.0
1.0
0.0
0.0
0.0
0.0
1.0
0.0
1.0
0.0
0.0
2.0
0.0
0.0
0.0
2.0
2.0
3.0
0.0
0.0
0.0
0.0
0.0
0.0
0.0
3.0
0.0
2.0
3.0
0.0
0.0
0.0
0.0
0.0
0.0
0.0
0.0
0.0
0.0
3.0
3.0
3.0
2.0
0.0
2.0
0.0
1.0
0.0
0.0
0.0
0.0
1.0
0.0
2.0
0.0
1.0
0.0
0.0
0.0
0.0
0.0
0.0
0.0
2.0
1.0
2.0
3.0
0.0
0.0
0.0
0.0
0.0
0.0
0.0
0.0
0.0
1.0
0.0
0.0
0.0
0.0
0.0
0.0
0.0
1.0
0.0
2.0
2.0
2.0
2.0
0.0
0.0
0.0
1.0
3.0
0.0
1.0
0.0
1.0
0.0
1.0
0.0
0.0
0.0
0.0
0.0
2.0
0.0
0.0
3.0
1.0
1.0
0.0
3.0
0.0
0.0
3.0
0.0
0.0
0.0
3.0
2.0
1.0
0.0
2.0
0.0
0.0
2.0
2.0
3.0
3.0
0.0
0.0
3.0
3.0
0.0
0.0
0.0
1.0
0.0
0.0
2.0
0.0
0.0
0.0
0.0
0.0
0.0
0.0
0.0
0.0
2.0
0.0
2.0
0.0
0.0
3.0
0.0
0.0
0.0
0.0
0.0
0.0
0.0
0.0
1.0
0.0
0.0
0.0
2.0
0.0
2.0
1.0
0.0
0.0
2.0
0.0
3.0
0.0
3.0
0.0
0.0
1.0
1.0
0.0
1.0
2.0
3.0
1.0
3.0
0.0
0.0
3.0
0.0
1.0
3.0
0.0
2.0
1.0
3.0
1.0
0.0
0.0
0.0
1.0
0.0
0.0
0.0
0.0
3.0
1.0
0.0
0.0
1.0
0.0
0.0
1.0
0.0
0.0
2.0
0.0
0.0
0.0
2.0
1.0
3.0
2.0
2.0
2.0
3.0
1.0
1.0
0.0
0.0
2.0
2.0
0.0
1.0
3.0
1.0
1.0
2.0
3.0
2.0
0.0
0.0
2.0
2.0
3.0
2.0
1.0
2.0
0.0
0.0
0.0
1.0
3.0
2.0
3.0
2.0
2.0
1.0
1.0
0.0
1.0
1.0
3.0
0.0
0.0
1.0
0.0
3.0
0.0
0.0
0.0
0.0
2.0
1.0
0.0
2.0
0.0
2.0
1.0
3.0
2.0
1.0
1.0
2.0
0.0
3.0
2.0
2.0
0.0
0.0
0.0
0.0
0.0
0.0
0.0
0.0
3.0
0.0
2.0
0.0
0.0
3.0
2.0
1.0
0.0
2.0
0.0
3.0
1.0
0.0
0.0
0.0
3.0
1.0
0.0
3.0
0.0
1.0
1.0
0.0
2.0
0.0
0.0
0.0
0.0
3.0
0.0
0.0
2.0
3.0
1.0
1.0
2.0
2.0
1.0
3.0
1.0
0.0
0.0
2.0
2.0
0.0
0.0
1.0
0.0
0.0
1.0
0.0
0.0
0.0
2.0
2.0
1.0
0.0
1.0
1.0
1.0
2.0
2.0
0.0
3.0
1.0
2.0
0.0
0.0
1.0
0.0
0.0
0.0
3.0
1.0
2.0
0.0
0.0
2.0
1.0
2.0
2.0
1.0
2.0
2.0
1.0
0.0
1.0
1.0
0.0
1.0
0.0
2.0
1.0
1.0
0.0
1.0
0.0
0.0
0.0
0.0
1.0
3.0
3.0
0.0
2.0
0.0
2.0
2.0
0.0
0.0
2.0
3.0
2.0
1.0
2.0
1.0
0.0
0.0
2.0
1.0
0.0
1.0
0.0
3.0
1.0
1.0
3.0
0.0
0.0
0.0
0.0
1.0
0.0
0.0
2.0
1.0
1.0
0.0
1.0
0.0
1.0
3.0
3.0
0.0
0.0
1.0
0.0
0.0
0.0
1.0
0.0
3.0
1.0
1.0
0.0
3.0
1.0
0.0
0.0
3.0
1.0
0.0
0.0
3.0
0.0
0.0
1.0
2.0
0.0
0.0
0.0
0.0
1.0
0.0
2.0
3.0
0.0
2.0
1.0
1.0
3.0
0.0
2.0
0.0
0.0
0.0
0.0
0.0
0.0
2.0
3.0
0.0
0.0
0.0
1.0
1.0
0.0
0.0
0.0
0.0
2.0
0.0
0.0
2.0
2.0
0.0
3.0
0.0
0.0
0.0
2.0
0.0
1.0
0.0
0.0
0.0
130.0
477.0
206.0
106.0
209.0
19.0
13.0
169.0
33.0
18.0
82.0
82.0
