0.0	0.01	0.01	0.01	0.007	0.01	0.0	0.0	0.0	0.0	0.0	0.0	0.0	0.0	0.0	0.0	100.0
0.0034516922489368396	0.01	0.01	0.01	0.007	0.01	0.012186783739803832	0.003397619253237382	0.0037059534862043065	0.003911743525605831	0.004150022098136595	0.0007315895059707418	0.001099658361925849	0.002309763173950089	0.003850687074572339	0.00045544665742750727	99.93588163500844
0.005469065894410737	0.01	0.01	0.01	0.007	0.01	0.019241570592020293	0.005335614891273727	0.0057417750833835095	0.006006003342907856	0.006471064733744834	0.0018314402149346466	0.0027430485451315247	0.005710298362697904	0.009458375059169454	0.0011308390239266383	99.89842609755763
0.00853806243176777	0.01	0.01	0.01	0.007	0.01	0.029878795250970792	0.008217952402317288	0.008666166246712285	0.00894396415924445	0.00986236091827045	0.0044443375244716775	0.0066207042691414884	0.013598876851133848	0.02230970409568269	0.0027106337199676355	99.8414725400546
0.011340696505680143	0.01	0.01	0.01	0.007	0.01	0.039493461188909756	0.010782259159859942	0.011165206302640266	0.011386523420025664	0.012820373661999776	0.007810099846463918	0.011577850709981206	0.023495909480099407	0.03822020983685002	0.004711168519967144	99.78949042638959
0.014601670510138193	0.01	0.01	0.01	0.007	0.01	0.05056240092293667	0.013686558818513099	0.013880518919111589	0.013966427577295165	0.01610698102529004	0.01288830060233808	0.018998124917358913	0.03802652847268235	0.06126724569887763	0.007677351373390632	99.72904127500031
0.017909985324137328	0.01	0.01	0.01	0.007	0.01	0.061663639079641966	0.016548172695098503	0.016438164310949112	0.016323031039783095	0.019284211307467953	0.019300590756123063	0.028288666924143502	0.055850090645377465	0.08914335674266358	0.011355189624273983	99.66775197934115
0.0214733836708787	0.01	0.01	0.01	0.007	0.01	0.07347786512952485	0.019537658846611038	0.018987270420651167	0.018597584117639777	0.022545701887164957	0.027607129315986564	0.04021797277442522	0.07825823369880483	0.12369718922040998	0.016032916800952667	99.60177918154315
0.02516793322932162	0.01	0.01	0.01	0.007	0.01	0.08557228122672814	0.022538716745995297	0.021422119472294138	0.02069773702823549	0.025769326236301113	0.03772959208572628	0.05462149132464339	0.10473030511200022	0.1639363858464633	0.021629099223032675	99.53342435797632
0.029052530708791314	0.01	0.01	0.01	0.007	0.01	0.09812124496432013	0.025589559514190046	0.023772139996973838	0.022654210885758447	0.02900514605000097	0.05000499846711533	0.07192209868675331	0.13582625785742358	0.2105311340706198	0.028293152070548784	99.46160394861326
0.033091785853198066	0.01	0.01	0.01	0.007	0.01	0.11099008655506794	0.028652015208968682	0.0260064746038911	0.024446767342859343	0.032222658288960496	0.06451464577154005	0.09216980024811268	0.17140080510531397	0.26307935119350195	0.03603097380646693	99.38697910879421
0.037304073741394723	0.01	0.01	0.01	0.007	0.01	0.12421776004953025	0.03173058190731416	0.028129131690133445	0.026085333524583157	0.03543573909306007	0.08150919545009519	0.11564370767046328	0.21170183383335173	0.321770948447522	0.04493855435268152	99.30921714471336
0.041681560584967046	0.01	0.01	0.01	0.007	0.01	0.1377590609315111	0.03480996675563585	0.03013102717863466	0.02756989844743419	0.03863099309133047	0.10115038743185073	0.14248873638522433	0.2567238589293033	0.38642602327131725	0.05506175472181524	99.22846995270838
0.04623237958227619	0.01	0.01	0.01	0.007	0.01	0.15161825210947377	0.037886655054273057	0.032012511301339835	0.028908178595914064	0.04179115726940738	0.12366962539986827	0.17293530697896264	0.30659191656259643	0.45706135388964775	0.06647718310548446	99.14459507789606
0.05095907686085838	0.01	0.01	0.01	0.007	0.01	0.16578119276528586	0.040953078114534955	0.033772257725707924	0.030106790288607382	0.044863753322889645	0.14928270172347538	0.20718080420270232	0.36135925541506103	0.5335976322240319	0.0792401340808251	99.05755369863192
0.055868323061610756	0.01	0.01	0.01	0.007	0.01	0.18024508988777938	0.044004324142124684	0.035411452077780875	0.031174163112950813	0.04775207902194048	0.17823601349171464	0.2454515043401918	0.42111111007262264	0.6160092357119874	0.09339463094459047	98.96723160858481
0.060930155568809576	0.01	0.01	0.01	0.007	0.01	0.19490051141982914	0.04701393657726971	0.03692153122653137	0.032112723889551276	0.050292579055849884	0.21054612396063616	0.2876620267112907	0.4854483001925239	0.7036231691777809	0.10883033743882184	98.87418841598705
0.06609478138965666	0.01	0.01	0.01	0.007	0.01	0.20958825856474986	0.04994812530941106	0.03829414819968328	0.03292605813141375	0.05231257172732474	0.24602898296654502	0.33347078524432566	0.5536263683745823	0.7953449972702389	0.12529583452238838	98.7793459017834
0.07142563784798464	0.01	0.01	0.01	0.007	0.01	0.22447277496631618	0.052838631167276856	0.03955252905105149	0.033636048574331535	0.053735049186144905	0.2852619114572367	0.38351550686412916	0.6263731866660225	0.8920847068480873	0.1428424596797424	98.68154616348063
0.07700978467300053	0.01	0.01	0.01	0.007	0.01	0.23976945837770944	0.05572301080274278	0.040717800165027185	0.03426086200709504	0.05454766051935864	0.32913627342125296	0.4387941348175187	0.7048534037087564	0.9952904985469153	0.16158744106367415	98.57920340612003
0.08286903580977886	0.01	0.01	0.01	0.007	0.01	0.25550144816725434	0.058599324475808866	0.04179222862326343	0.034807023030025926	0.054798509608624014	0.37815578829392255	0.4997719219738529	0.7893912180977163	1.1052713898208726	0.1814223560733167	98.47193281882276
0.08893888204732496	0.01	0.01	0.01	0.007	0.01	0.27146211168395634	0.06142505794118043	0.042764950408883465	0.03527472313196733	0.05460115135288986	0.4320805230188459	0.5659776097024262	0.8790236758245179	1.220687736457866	0.20195092176638507	98.36092977263758
0.09522777587555399	0.01	0.01	0.01	0.007	0.01	0.2876448734545618	0.06419619145639847	0.04364145442059144	0.035672562397662026	0.05409233332183638	0.491239586853729	0.6376442103510176	0.9737955222231467	1.3415441322607848	0.2230528968105779	98.24605284912705
0.10180249921785556	0.01	0.01	0.01	0.007	0.01	0.3041864682973376	0.06693219362743061	0.044433877035430294	0.036011314734800154	0.05338135832279696	0.556571092839834	0.7157105354039501	1.0746506197258516	1.4689877215891496	0.24483549070679828	98.12609823136181
0.10871776423558809	0.01	0.01	0.01	0.007	0.01	0.32117885023614917	0.0696423531879478	0.0451495625179149	0.0362986398231176	0.05254856479468498	0.6290229844040497	0.801069569258071	1.1823933041136345	1.6039650921315176	0.26738491130872566	98.00008852540985
0.11601601737912842	0.01	0.01	0.01	0.007	0.01	0.3386716784779117	0.07232742285913846	0.04579287666244641	0.03654038790212225	0.05165262244678736	0.7095219477346804	0.8945310341345182	1.2976576341255788	1.7471973337399305	0.290760411908255	97.8672755274511
0.12372416656049168	0.01	0.01	0.01	0.007	0.01	0.35666802221003086	0.07498023622836376	0.04636641200926085	0.0367413981284001	0.05073704994228407	0.7989032343133107	0.9967429858660215	1.420833651832377	1.8991020326707573	0.3149825799184026	97.72719871089201
0.13186571079987253	0.01	0.01	0.01	0.007	0.01	0.37515615618789133	0.07759152746172877	0.04687292499602683	0.036906330636326014	0.04983308291252567	0.8980182507528479	1.108320045064357	1.5522463608355932	2.060025211890977	0.34007198928374544	97.57946370712116
0.14046514490496276	0.01	0.01	0.01	0.007	0.01	0.39412019718991753	0.08015182076520382	0.047315778835225496	0.03703977328934995	0.04896245581509689	1.0077811481454313	1.2298937710267006	1.6922242130375953	2.2303280151570712	0.3660613486740253	97.42366243508194
0.14955146972084452	0.01	0.01	0.01	0.007	0.01	0.4135472065974464	0.08265248675543005	0.04769900702513037	0.03714618514726296	0.048139654973536866	1.1292179727864393	1.362161089276859	1.841157463947989	2.410457149568322	0.39300402567657766	97.25931014182041
0.15915806535046612	0.01	0.01	0.01	0.007	0.01	0.43342547071111887	0.08508547784112777	0.04802709081118074	0.0372297664412864	0.04737396090814771	1.2634762838011442	1.5058855626311274	1.9994983967479079	2.6009429376689783	0.42097140784925374	97.08584877393372
0.16932288825900285	0.01	0.01	0.01	0.007	0.01	0.4537434447830147	0.08744320134858966	0.04830479376088152	0.037294377286849346	0.04667088795518759	1.4118389266472986	1.6619021653508228	2.1677660398682215	2.802402830712101	0.4500517098294464	96.90264462585633
0.18008805424355367	0.01	0.01	0.01	0.007	0.01	0.4744874452811598	0.08971829845415229	0.048537011628927304	0.03734348606147918	0.04603322969510667	1.575728570076887	1.8311114070854724	2.3465400598722654	3.015531954132237	0.4803473967893139	96.7089972133618
0.19149965894760512	0.01	0.01	0.01	0.007	0.01	0.4956399721146309	0.09190357357760394	0.04872866428980404	0.0373801481897566	0.04546175517814271	1.7567138073364033	2.0144750192962197	2.5364579384392467	3.2410977352869828	0.5119736568970052	96.50414396137182
0.2036073717150134	0.01	0.01	0.01	0.007	0.01	0.5171777654194398	0.09399196132148974	0.048884603998452764	0.03740700345182346	0.04495569245142395	1.9565097325057805	2.2130061981412195	2.738207945206634	3.4799295564184436	0.5450564748042357	96.28726907842314
0.21646398551543874	0.01	0.01	0.01	0.007	0.01	0.5390700573488335	0.09597658037012237	0.04900953907320347	0.037426288000029284	0.044513059419294926	2.176974814929418	2.427757124943437	2.952521049124634	3.732907177958425	0.5797307564390457	96.05751329799223
0.23012478926852759	0.01	0.01	0.01	0.007	0.01	0.5612768736540221	0.09785084925647004	0.049107965991172974	0.03743985683108783	0.044130903315751084	2.420101081059397	2.6598016826402295	3.180159653941033	4.000945409104479	0.6161380677999129	95.81398684948982
0.24464687011811415	0.01	0.01	0.01	0.007	0.01	0.5837476889740861	0.09960867777989947	0.04918410907156323	0.037449214284891195	0.0438054839640159	2.687998467212946	2.91021532622676	3.4219050359908105	4.284977268706453	0.6544242293095979	95.5557836807389
0.260088414676561	0.01	0.01	0.01	0.007	0.01	0.6064206168908908	0.10124472233056102	0.04924186703563445	0.03745555032329805	0.043532430562346174	2.98287408346935	3.1800537867991374	3.678544694207841	4.5859370895764195	0.694736895736635	95.28199566124503
0.2765081867533425	0.01	0.01	0.01	0.007	0.01	0.6292224101054826	0.10275468956025217	0.049284767963119105	0.03745978067445645	0.0433068917131604	3.307009786091547	3.470334447213004	3.9508625726364754	4.904747090753408	0.7372235421982827	94.99172359811442
0.29396537409114126	0.01	0.01	0.01	0.007	0.01	0.6520694369804944	0.10413565440204631	0.04931593522408122	0.03746258892208079	0.04312369164649112	3.6627428340869583	3.782024768399857	4.239635275843856	5.242311123716074	0.7820303161461313	94.68408170643973
0.31251992722410415	0.01	0.01	0.01	0.007	0.01	0.6748695766854953	0.10538634291521536	0.04933806762939193	0.037464468578527386	0.04297749764339302	4.05245402870786	4.116040949393879	4.545636143527815	5.599517815364944	0.8293020465928486	94.35819349591114
0.3322334183866772	0.01	0.01	0.01	0.007	0.01	0.6975247768521583	0.10650733043940257	0.04935343682276553	0.03746576319350761	0.04286299448373455	4.478566279458454	4.473258020578623	4.8696473999239425	5.977253372651811	0.8791834776718207	94.01317879273564
0.3531702985194995	0.01	0.01	0.01	0.007	0.01	0.7199338430191546	0.10750111759078575	0.04936390330878046	0.037466702712873806	0.042775054586630945	4.943553162914928	4.85452935904934	5.21247810578562	6.376421366685439	0.9318214323384252	93.64813428846266
0.37539935798732493	0.01	0.01	0.01	0.007	0.01	0.741995048699687	0.10837207282284943	0.04937094993524998	0.0374674347125536	0.042708888856158485	5.449954512901323	5.2607117292765055	5.57498451125557	6.797965453568906	0.9873674438789621	93.26211125153178
0.3989951525802878	0.01	0.01	0.01	0.007	0.01	0.7636082581246637	0.10912625468688293	0.04937572877675952	0.03746804975081796	0.042660164849242836	6.000393828050175	5.692690734923969	5.9580887975574335	7.24289024627843	1.045980285120473	92.85409473210984
0.42403923420433315	0.01	0.01	0.01	0.007	0.01	0.7846764825005734	0.10977114600541951	0.049379115144647025	0.03746860078029965	0.042625083996237725	6.5975928659841205	6.151402830612632	6.362793586960598	7.712277165154889	1.1078280132758096	92.42298713756244
0.45062107655056705	0.01	0.01	0.01	0.007	0.01	0.8051069344739364	0.11031533641155239	0.04938176130739489	0.037469117160180504	0.04260041637054545	7.244379293587949	6.6378510616572495	6.790190507529669	8.207293172319567	1.1730892613527293	91.96759808871528
0.47883855475160236	0.01	0.01	0.01	0.007	0.01	0.8248116844866832	0.11076818473729491	0.04938414265440592	0.03746961419024016	0.04258349723936316	7.943682160339142	7.153111356887565	7.241460651367777	8.72918984092696	1.2419534226629347	91.4866429114158
0.508797856425755	0.01	0.01	0.01	0.007	0.01	0.8437080901482532	0.11113948673067188	0.04938659066920469	0.03747009922554072	0.04257219313441563	8.698510251129658	7.698326856890899	7.7178651298771115	9.279290739058682	1.314619426967427	90.97875167407119
0.5406125463290394	0.01	0.01	0.01	0.007	0.01	0.8617191072111494	0.11143916435597069	0.049389310690376956	0.037470575368408865	0.04256484673253327	9.511904574474823	8.274685334709227	8.220721569447761	9.858962512721606	1.3912924519823244	90.4424931394585
0.5744015594694015	0.01	0.01	0.01	0.007	0.01	0.8787736830735369	0.11167698872176074	0.0493923883220507	0.03747104356281814	0.0425602095991357	10.386857742636602	8.883376256981363	8.751363489338505	10.469566462114326	1.472178089584364	89.87641680471695
0.6102858413863552	0.01	0.01	0.01	0.007	0.01	0.8948074060049876	0.11186234244676317	0.04939579482208463	0.03747150370527818	0.042557370723369015	11.326192343444921	9.525523638489515	9.311078997957692	11.112386903354036	1.5574734103915655	89.27911679400792
0.6483832919344064	0.01	0.01	0.01	0.007	0.01	0.909763537076897	0.11200402345248038	0.049399404361814794	0.03747195519050474	0.042555687041566495	12.332389978339592	10.20209047240786	9.90102485842779	11.788532182092348	1.6473543021835357	88.64932193221463
0.6888007796791956	0.01	0.01	0.01	0.007	0.01	0.9235942225840991	0.11211008864413685	0.04940303016806108	0.037472397146022	0.04255472027844915	13.407340626882602	10.913735833296823	10.522099134016537	12.498789545383524	1.7419564862136365	87.98603025578122
0.731623046217697	0.01	0.01	0.01	0.007	0.01	0.9362621957034681	0.11218774187234923	0.04940647405054551	0.0374728285162243	0.042554182620961334	14.552011660983213	11.66062625273336	11.174773313149105	13.24343563791575	1.8413503052531937	87.28868752162039
0.7769045698769601	0.01	0.01	0.01	0.007	0.01	0.9477444584397465	0.11224327147033862	0.049409573738326766	0.0374732481388016	0.042553892334590865	15.76620754789085	12.44231146225367	11.858979551373388	14.022112349050666	1.9455238135866217	86.5573079837338
0.8246759497239199	0.01	0.01	0.01	0.007	0.01	0.958038456132287	0.11228202808109104	0.04941223223878163	0.037473654920858024	0.042553739337814575	17.04874278522615	13.257859051384264	12.574224020063149	14.833961249795973	2.0544001779890713	85.79235451870558
0.8749642654524663	0.01	0.01	0.01	0.007	0.01	0.9671667632617009	0.11230842597100119	0.04941442218059576	0.037474048053021736	0.0425536598246072	18.398016562577926	14.106219242982162	13.319904286711642	15.677987205452022	2.1678860125083315	84.99440069079816
0.9278111430873954	0.01	0.01	0.01	0.007	0.01	0.9751760639462626	0.11232597549146733	0.04941617023224212	0.03747442710674423	0.04255361843880217	19.812536532280024	14.986527573333667	14.095576968223194	16.55336031566945	2.285912044781844	84.16384518640635
0.9832793847840345	0.01	0.01	0.01	0.007	0.01	0.9821317230297543	0.1123373637247949	0.04941753399911424	0.03747479199392854	0.04255359640690458	21.291128027426648	15.898195956865893	14.901043283949194	17.459507886964037	2.4084460313221565	83.30082016879591
1.0414531330804113	0.01	0.01	0.01	0.007	0.01	0.988111639634868	0.11234457560335515	0.04941858184095778	0.03747514287997743	0.042553584122825054	22.832955873192258	16.84088808028912	15.736334324877735	18.396091932597745	2.535490424318493	82.4052063889531
1.1024379617283735	0.01	0.01	0.01	0.007	0.01	0.9932011534833558	0.11234903047480872	0.04941937976035017	0.03747548011167143	0.042553576809125734	24.437530355076614	17.814490856516873	16.60169316969423	19.362982907451613	2.6670795819496824	81.4766512808125
1.166362633769778	0.01	0.01	0.01	0.007	0.01	0.9974890523685653	0.11235171279532716	0.04941998492873049	0.03747580416706382	0.042553572127090905	26.10474348222983	18.819109594920505	17.497578243697944	20.360256750322442	2.8032802237691645	80.51456391740025
1.2333819784040914	0.01	0.01	0.01	0.007	0.01	1.0010644021880002	0.11235328557698993	0.049420443748894614	0.03747611561837524	0.042553568928422526	27.834919318500475	19.855075603908546	18.424678287361534	21.388203774258635	2.944193652534443	79.51809711293015
1.3036801556400242	0.01	0.01	0.01	0.007	0.01	1.0040140448528114	0.11235418257413247	0.04942079239135373	0.037476415101273315	0.042553566632840524	29.62885751051713	20.92295281078914	19.38392732617741	22.447335988932267	3.089957967428433	78.48612909726472
1.377474028541964	0.01	0.01	0.01	0.007	0.01	1.0064207022235658	0.11235467943678155	0.049421058361980734	0.03747670328837484	0.04255356492968153	31.48786165882751	22.023537885526125	20.376514947175185	23.53838738194142	3.240749549030981	77.41724978475033
1.4550167793927873	0.01	0.01	0.01	0.007	0.01	1.0083616342882173	0.11235494625999477	0.04942126228257721	0.03747698086696215	0.04255356363890277	33.413755115070664	23.157854841653005	21.403892983422814	24.66230816330052	3.3967839795564276	76.30975041620285
1.5366017605233429	0.01	0.01	0.01	0.007	0.01	1.0099077723975345	0.11235508487771967	0.04942141950462444	0.03747724851991563	0.04255356264714032	35.40888278829133	24.327142583541672	22.467777503187506	25.82025150246459	3.5583162276424516	75.16161769898514
1.62256611398819	0.01	0.01	0.01	0.007	0.01	1.0111232391603389	0.11235515436688033	0.049421541429577096	0.0374775069072981	0.04255356187791393	37.47608645591057	25.532827417392685	23.57013909103038	27.01354490236225	3.7256390306251297	73.97053994614173
1.7132923761413246	0.01	0.01	0.01	0.007	0.01	1.012065169231632	0.11235518788055265	0.04942163653105379	0.037477756642672874	0.04255356127708156	39.61861160273222	26.776455757755464	24.713158683062996	28.24362178193805	3.8990760240732554	72.73394979599867
1.8092023952449192	0.01	0.01	0.01	0.007	0.01	1.0127837531220103	0.11235520337655233	0.04942171112089563	0.037477998249559455	0.042553560805156404	41.839821337703285	28.059515722153204	25.89908199682015	29.511842981105367	4.078959471976169	71.44917631130112
1.9107237009350422	0.01	0.01	0.01	0.007	0.01	1.01332242322414	0.11235521021790026	0.049421769908992566	0.03747823205422053	0.042553560432868065	44.14229805920298	29.3829103315228	27.12974706230854	30.818974491415084	4.2655584528500885	70.11395236412969
2.018157058780201	0.01	0.01	0.01	0.007	0.01	1.0137180856374242	0.1123552130880305	0.04942181639583703	0.0374784578798103	0.04255356013845827	46.52487331897156	30.745262821514643	28.404998763936533	32.16351509446311	4.458838539364886	68.7281365559718
2.1311963138141756	0.01	0.01	0.01	0.007	0.01	1.0140012761643562	0.11235521422558861	0.04942185311286623	0.037478674174110375	0.042553559906160505	48.97264903170499	32.137303101026625	29.71732483121748	33.536170449063114	4.657649832160722	67.29957045073157
2.247667451053569	0.01	0.01	0.01	0.007	0.01	1.0141966028873763	0.11235521464918288	0.04942188175885054	0.03747887651067043	0.0425535597254016	51.43236297408178	33.52819862200347	31.038540703052437	34.90642903442131	4.857713811280152	65.8586861487779
2.36320550994432	0.01	0.01	0.01	0.007	0.01	1.0143256774808995	0.11235521479891483	0.049421903622751624	0.03747905972427146	0.042553559588042474	53.81096934859824	34.86542646785825	32.31879222878186	36.22254693392552	5.051480581217556	64.45982649156318
2.4751659525532967	0.01	0.01	0.01	0.007	0.01	1.0144096330904224	0.11235521485156325	0.049421920253227156	0.03747922466949138	0.04255355948400752	56.05870885549074	36.12177035370364	33.53114552961413	37.4578530014393	5.234881464921616	63.132634955653366
2.584096083958294	0.01	0.01	0.01	0.007	0.01	1.014465103062206	0.11235521487070978	0.04942193319868586	0.03747937554562426	0.04255355940329933	58.19262510037973	37.30765826971751	34.68454624121073	38.62274575838032	5.409279741153532	61.86759668934666
2.691651148339433	0.01	0.01	0.01	0.007	0.01	1.0145025914543602	0.11235521487792365	0.049421943589691694	0.037479515335745554	0.042553559338744905	60.249337363748026	38.444080178851536	35.798604520288414	39.73794872705394	5.5776476336187	60.64340020559987
2.7991907749258744	0.01	0.01	0.01	0.007	0.01	1.0145283139254382	0.11235521488069547	0.04942195213862375	0.037479645883529394	0.042553559285852686	62.2568004502837	39.54681602773037	36.88837458819531	40.81900312438263	5.742263768508326	59.443597861473144
2.9073931409814753	0.01	0.01	0.01	0.007	0.01	1.0145460557954256	0.11235521488176468	0.049421959282107554	0.03747976840930421	0.04255355924186132	64.2282113002642	40.62325319788919	37.96099573428803	41.873175116277935	5.904207699531011	58.260357893209864
3.016346744922321	0.01	0.01	0.01	0.007	0.01	1.0145582724480358	0.11235521488217488	0.049421965302356256	0.037479883658450765	0.042553559204973695	66.1652148767577	41.674355606350055	39.01735994050508	42.90142117664256	6.063614356830519	57.09270025664992
3.1258162458726675	0.01	0.01	0.01	0.007	0.01	1.0145666473029367	0.11235521488233104	0.04942197040144845	0.03747999211197722	0.04255355917389541	68.06377199508792	42.698010223247515	40.05525306479545	43.90168949237475	6.22015007470531	55.94308173656945
3.235498074709279	0.01	0.01	0.01	0.007	0.01	1.014572365039292	0.11235521488239007	0.049421974738602464	0.037480094192582	0.04255355914760443	69.91912096500579	43.69177758601653	41.072039611251284	44.87162045236753	6.373418460481199	54.814449213138545
3.3451736307656437	0.01	0.01	0.01	0.007	0.01	1.0145762594104282	0.11235521488241232	0.04942197844553553	0.03748019035051878	0.04255355912525688	71.72839624958753	44.654297690274824	42.06609698445016	45.80991923199819	6.523176638595806	53.70864906730107
3.454751640259627	0.01	0.01	0.01	0.007	0.01	1.0145789101279625	0.1123552148824207	0.04942198163190249	0.03748028105144248	0.04255355910615305	73.49110282514638	45.585508801471626	43.03708923897532	46.716563144029315	6.669376069782308	52.626110689380006
3.5642383768137	0.01	0.01	0.01	0.007	0.01	1.0145807150479675	0.1123552148824239	0.04942198438774523	0.03748036673826169	0.042553559089720874	75.20838295411778	46.486221960427706	43.98557813300863	47.59238062666254	6.812103502374382	51.566266258105834
3.6736842140459274	0.01	0.01	0.01	0.007	0.01	1.0145819449061082	0.11235521488242509	0.04942198678583763	0.037480447808599826	0.04255355907549977	76.88201193797747	47.35756923553711	44.9124784066053	48.43851031317998	6.951498680370971	50.52815018414099
3.783139985265672	0.01	0.01	0.01	0.007	0.01	1.0145827833611172	0.11235521488242556	0.04942198888448546	0.03748052461158685	0.04255355906312181	78.51367275107631	48.2006174672108	45.81865963054511	49.256024422114464	7.0876943518118205	49.51084174768722
3.8926353240597185	0.01	0.01	0.01	0.007	0.01	1.0145833550843735	0.11235521488242571	0.049421990730440506	0.037480597454409244	0.04255355905229258	80.10464885108809	49.01621237330882	46.70477467396068	50.04577808288805	7.220790521160188	48.513658596037104
4.002176514994561	0.01	0.01	0.01	0.007	0.01	1.01458374489366	0.11235521488242575	0.04942199236151412	0.03748066661100122	0.04255355904277459	81.65583707919664	49.80499247833999	47.571264135629185	50.80842412837948	7.3508552072422155	47.53615439516212
4.111754814302761	0.01	0.01	0.01	0.007	0.01	1.0145840106112367	0.11235521488242582	0.049421993808666805	0.0374807323292117	0.04255355903437403	83.16790527085823	50.56747587067556	48.41844184681448	51.54449816179066	7.477937362333258	46.578024799911
4.221356779717822	0.01	0.01	0.01	0.007	0.01	1.0145841916986311	0.11235521488242581	0.04942199509755971	0.037480794835394925	0.042553559026930414	84.64145638997235	51.30414659135815	49.24658543335596	52.254502602853265	7.60208050386114	45.639006377827336
4.3309714158476	0.01	0.01	0.01	0.007	0.01	1.014584315089897	0.11235521488242581	0.049421996249664625	0.0374808543368936	0.0425535590203102	86.07712857844768	52.01550532100418	50.055992296063906	52.93895565689348	7.723331114939743	44.71881338820184
4.440592879227445	0.01	0.01	0.01	0.007	0.01	1.0145843991601506	0.11235521488242581	0.049421997283063415	0.03748091102349595	0.04255355901440138	87.4756244063656	52.70208280080965	50.84699654171485	53.59840402858725	7.84174116669858	43.817118131829176
4.550219812521008	0.01	0.01	0.01	0.007	0.01	1.0145844564378417	0.11235521488242581	0.049421998213046575	0.03748096506874679	0.04255355900910934	88.83769373867916	53.364429911920745	51.61995990924863	54.23341311359248	7.9573667400937715	42.93356071999025
4.659853254338277	0.01	0.01	0.01	0.007	0.01	1.0145844954611158	0.11235521488242581	0.049421999052585736	0.03748101663144952	0.04255355900435418	90.1641014427241	54.00310086513661	52.37525390255865	54.84455067655853	8.070265338396814	42.06776906837775
4.769494671928103	0.01	0.01	0.01	0.007	0.01	1.0145845220473468	0.11235521488242581	0.04942199981272069	0.0374810658572806	0.04255355900006835	91.45560094896578	54.61864002334606	53.11324492877887	55.43237415906602	8.180493659483586	41.21937575029351
4.879144835682121	0.01	0.01	0.01	0.007	0.01	1.0145845401599227	0.11235521488242581	0.04942200050288169	0.03748111288031514	0.04255355899619409	92.71292122169304	55.211575770281236	53.83428683289758	55.99742484076139	8.288106481450699	40.3880265960093
4.98880352840839	0.01	0.01	0.01	0.007	0.01	1.014584552499198	0.11235521488242581	0.049422001131157134	0.03748115782433122	0.04255355899268237	93.93676499993475	55.78242001274036	54.53871976380688	56.54022742965967	8.393156497420826	39.573382115703104
5.098469857362415	0.01	0.01	0.01	0.007	0.01	1.014584560905079	0.11235521488242581	0.0494220017045153	0.03748120080384881	0.0425535589894907	95.12781393870227	56.33167092822764	55.22687299896723	57.06129274339918	8.495694741105455	38.77511435713963
5.208142733497952	0.01	0.01	0.01	0.007	0.01	1.014584566631215	0.11235521488242581	0.049422002228984824	0.03748124192496285	0.04255355898658278	96.28673485084202	56.85981607329676	55.89906846371958	57.56112070406615	8.595771113980701	37.99290290278415
5.317821154753382	0.01	0.01	0.01	0.007	0.01	1.014584570531774	0.11235521488242581	0.049422002709801315	0.037481281286073496	0.042553558983926924	97.41418307839314	57.367334019843355	56.555622652483486	58.04020190777398	8.693434672386351	37.2264326640609
5.427504409497654	0.01	0.01	0.01	0.007	0.01	1.0145845731887113	0.11235521488242581	0.04942200315152895	0.037481318978523595	0.04255355898149586	98.51080458285148	57.85469531964055	57.196847843108486	58.49901854138327	8.788733808219517	36.47539246399066
5.5371920475357665	0.01	0.01	0.01	0.007	0.01	1.0145845749984963	0.11235521488242581	0.049422003558158664	0.03748135508721333	0.042553558979265806	99.57723547915957	58.3223622849112	57.82305183654208	58.93804417513357	8.881716209813622	35.73947532808307
5.646883756652828	0.01	0.01	0.01	0.007	0.01	1.0145845762312178	0.11235521488242581	0.04942200393319119	0.03748138969118261	0.04255355897721598	100.61410075775824	58.77078843674516	58.43453720989883	59.35774324839263	8.972428750872142	35.01837935601805
5.756579289985934	0.01	0.01	0.01	0.007	0.01	1.0145845770708632	0.11235521488242581	0.049422004279706076	0.03748142286412876	0.04255355897532787	101.62201367906559	59.20041828689819	59.03160094827165	59.75857087619521	9.060917436150572	34.31180816315723
5.866278429708202	0.01	0.01	0.01	0.007	0.01	1.0145845776427638	0.11235521488242581	0.04942200460042041	0.03748145467486689	0.04255355897358543	102.60157560636074	59.61168732988764	59.61453432631272	60.14097285685321	9.147227384468854	33.619471035666805
5.975980907112963	0.01	0.01	0.01	0.007	0.01	1.0145845780322915	0.11235521488242581	0.049422004897737175	0.03748148518776257	0.04255355897197462	103.55337552135995	60.00502191796185	60.183622594042454	60.50538557403526	9.231402782956476	32.9410833246173
6.085686453469674	0.01	0.01	0.01	0.007	0.01	1.0145845782975997	0.11235521488242581	0.049422005173788294	0.037481514463081574	0.042553558970483005	104.47799074151598	60.380839647750925	60.73914537459144	60.85223637608884	9.313486946809324	32.27636599757866
6.195394800025892	0.01	0.01	0.01	0.007	0.01	1.0145845784782994	0.11235521488242581	0.04942200543046953	0.03748154255731961	0.042553558969099306	105.37598714550468	60.73954953131401	61.28137677297803	61.181943752961075	9.393522336145557	31.62504553001824
6.305105707073383	0.01	0.01	0.01	0.007	0.01	1.0145845786013714	0.11235521488242581	0.04942200566947074	0.03748156952348885	0.04255355896781379	106.24791962206649	61.08155225238819	61.81058562133498	61.49491759053115	9.471550592953129	30.986853631390463
6.414818963952354	0.01	0.01	0.01	0.007	0.01	1.0145845786851928	0.11235521488242581	0.049422005892302404	0.03748159541138612	0.042553558966617666	107.09433225365954	61.407240309696235	62.32703556690559	61.791559319580024	9.547612554739537	30.361527157453278
6.524534389055106	0.01	0.01	0.01	0.007	0.01	1.0145845787422811	0.11235521488242581	0.04942200610031721	0.03748162026783631	0.04255355896550307	107.9157584981323	61.71699815866149	62.83098515908767	62.07226206310427	9.621748268033853	29.74880802353597
6.634251808029903	0.01	0.01	0.01	0.007	0.01	1.0145845787811623	0.11235521488242581	0.049422006294729	0.03748164413692219	0.04255355896446309	108.7127212124431	62.011202294579924	63.32268783902036	62.33741073079443	9.69399698756953	29.148443236841583
6.743971082848482	0.01	0.01	0.01	0.007	0.01	1.0145845788076426	0.11235521488242581	0.04942200647663025	0.037481667060174584	0.04255355896349136	109.48573305549647	62.29022147794188	63.80239216200165	62.58738224211915	9.764397209712023	28.560184645488
6.853692068209101	0.01	0.01	0.01	0.007	0.01	1.014584578825677	0.11235521488242581	0.0494220066470049	0.03748168907677358	0.042553558962582116	110.2352963618036	62.554416763628886	64.27034169363444	62.82254557244455	9.832986657939664	27.98378908577642
6.963414647870386	0.01	0.01	0.01	0.007	0.01	1.0145845788379595	0.11235521488242581	0.04942200680674196	0.037481710223701836	0.04255355896173056	110.96190358885416	62.80414173966407	64.72677526079146	63.043261987459005	9.899802320434613	27.419018095494824
7.073138705586018	0.01	0.01	0.01	0.007	0.01	1.0145845788463244	0.11235521488242581	0.04942200695664575	0.037481730535910016	0.042553558960931964	111.66603730278143	63.03974259860625	65.17192691623772	63.24988512746566	9.964880445646402	26.865637978255272
7.1828641251051035	0.01	0.01	0.01	0.007	0.01	1.0145845788520211	0.11235521488242581	0.049422007097445035	0.037481750046458165	0.042553558960182224	112.34817037445625	63.26155828595283	65.60602603323419	63.442761160887436	10.028256556950687	26.32341970904639
7.2925908047065295	0.01	0.01	0.01	0.007	0.01	1.0145845788559011	0.11235521488242581	0.04942200722980182	0.037481768786637865	0.04255355895947749	113.00876625783222	63.46992067234756	66.02929745364534	63.622228957655835	10.089965475085583	25.79213877197999
7.402318657199903	0.01	0.01	0.01	0.007	0.01	1.0145845788585435	0.11235521488242581	0.04942200735431812	0.03748178678609095	0.042553558958814464	113.64827916461448	63.665154687616614	66.44196157191806	63.78862022819231	10.150041331171042	25.271575076535783
7.512047588124972	0.01	0.01	0.01	0.007	0.01	1.014584578860343	0.11235521488242581	0.049422007471542254	0.037481804072927956	0.04255355895819007	114.26715411517013	63.84757841763193	66.84423433879626	63.94225963084773	10.208517568056314	24.76151297547301
7.621777517553163	0.01	0.01	0.01	0.007	0.01	1.0145845788615686	0.11235521488242581	0.04942200758197487	0.03748182067381849	0.0425535589576013	114.86582724441256	64.01750327881503	67.23632742951375	64.08346494542147	10.265426965614745	24.261741075363602
7.731508372821027	0.01	0.01	0.01	0.007	0.01	1.014584578862403	0.11235521488242581	0.049422007686073216	0.037481836614086876	0.042553558957046	115.44472592956846	64.1752341350554	67.61844829835469	64.21254719666342	10.320801649458303	23.77205218936832
7.84124010306523	0.01	0.01	0.01	0.007	0.01	1.0145845788629713	0.11235521488242581	0.049422007784255935	0.03748185191778995	0.0425535589565214	116.0042690321366	64.32106944502655	67.99080030878196	64.3298108023937	10.374673110598305	23.292243193059733
7.950972635619184	0.01	0.01	0.01	0.007	0.01	1.0145845788633583	0.11235521488242581	0.04942200787690667	0.03748186660781729	0.04255355895602572	116.54486684040987	64.45530132995137	68.35358266484987	64.43555365712571	10.427072196341427	22.822115135891487
8.060705897814756	0.01	0.01	0.01	0.007	0.01	1.014584578863622	0.11235521488242581	0.04942200796437752	0.03748188070595338	0.04255355895555682	117.066921359231	64.57821573621294	68.70699057156044	64.53006729334426	10.47802913437157	22.361473059572067
8.170439846052155	0.01	0.01	0.01	0.007	0.01	1.0145845788638015	0.11235521488242581	0.04942200804699225	0.03748189423293072	0.04255355895511295	117.57082660658175	64.69009258863223	69.05121540468679	64.6136370315894	10.527573558060237	21.910125800010924
8.280174443998265	0.01	0.01	0.01	0.007	0.01	1.014584578863924	0.11235521488242581	0.04942200812504865	0.037481907208502495	0.04255355895469243	118.05696865764534	64.79120587993992	69.38644471150856	64.6865420798629	10.57573450734453	21.467886008111613
8.389909633516794	0.01	0.01	0.01	0.007	0.01	1.0145845788640073	0.11235521488242581	0.04942200819882103	0.037481919651515476	0.0425535589542937	118.52572567716612	64.88182376555612	69.7128621997854	64.7490556400082	10.622540428019676	21.0345701892671
8.49964537100563	0.01	0.01	0.01	0.007	0.01	1.014584578864064	0.11235521488242581	0.04942200826856283	0.0374819315799458	0.04255355895391557	118.97746823999614	64.96220871717951	70.0306479258243	64.80144505599051	10.66801919962538	20.609998479963927
8.609381620129609	0.01	0.01	0.01	0.007	0.01	1.0145845788641024	0.11235521488242581	0.04942200833450755	0.037481943010951896	0.04255355895355662	119.41255944507306	65.03261762763852	70.33997834262419	64.84397192462832	10.712198143160514	20.193994606895952
8.719118344553063	0.01	0.01	0.01	0.007	0.01	1.0145845788641286	0.11235521488242581	0.04942200839687177	0.03748195396092519	0.04255355895321558	119.83135503345504	65.09330191773869	70.6410263501475	64.87689220820138	10.755104029123203	19.78638584390439
8.828855515207504	0.01	0.01	0.01	0.007	0.01	1.0145845788641463	0.11235521488242581	0.04942200845585547	0.037481964445529585	0.04255355895289153	120.23420356227838	65.14450765095445	70.9339613857688	64.90045635112509	10.79676309127876	19.387002914601325
8.938593103024093	0.01	0.01	0.01	0.007	0.01	1.0145845788641583	0.11235521488242581	0.04942200851164411	0.03748197447974561	0.04255355895258338	120.62144651935046	65.18647563729701	71.21894947294278	64.91490938940944	10.837201034449937	18.99567995089379
9.048331057130623	0.01	0.01	0.01	0.007	0.01	1.0145845788641668	0.11235521488242581	0.049422008564409786	0.037481984077919604	0.04255355895229017	120.99341839290405	65.21944153496628	71.49615323548694	64.92049106139457	10.87644303746591	18.61225449990799
9.158069362992904	0.01	0.01	0.01	0.007	0.01	1.0145845788641725	0.11235521488242581	0.04942200861431235	0.03748199325376812	0.04255355895201116	121.3504470108555	65.24363597464878	71.76573211313541	64.91743592109215	10.914513784593982	18.23656725224595
9.267807991541163	0.01	0.01	0.01	0.007	0.01	1.0145845788641765	0.11235521488242581	0.049422008661500344	0.037482002020437645	0.04255355895174531	121.6928534973512	65.25928464284553	72.02784229506237	64.90597343777966	10.951437456964038	17.86846215787139
9.377546920973117	0.01	0.01	0.01	0.007	0.01	1.0145845788641792	0.11235521488242581	0.04942200870611201	0.03748201039052398	0.04255355895149211	122.02095248013859	65.26660838922392	72.28263683934429	64.8863281013509	10.98723775034196	17.507786285653996
9.48728614402183	0.01	0.01	0.01	0.007	0.01	1.0145845788641807	0.11235521488242581	0.04942200874827606	0.037482018376096306	0.0425535589512508	122.33505223743464	65.26582332259072	72.53026575003939	64.85871951992705	11.021937886833403	17.154389739431664
9.597025624349198	0.01	0.01	0.01	0.007	0.01	1.0145845788641819	0.11235521488242581	0.04942200878811225	0.037482025988748946	0.04255355895102064	122.635454700944	65.25714090780644	72.77087594044295	64.82336253073333	11.055560610648854	16.80812573689416
9.706765340152451	0.01	0.01	0.01	0.007	0.01	1.0145845788641827	0.11235521488242581	0.04942200882573277	0.037482033239602044	0.042553558950801124	122.92245571131944	65.24076806322562	73.00461139466307	64.78046729005516	11.088128211677784	16.468850406042183
9.816505262360877	0.01	0.01	0.01	0.007	0.01	1.0145845788641834	0.11235521488242581	0.049422008861241956	0.03748204013933777	0.04255355895059159	123.19634507961449	65.21690725420898	73.23161317819904	64.73023937522895	11.119662527856269	16.136422795718296
9.926245383707053	0.01	0.01	0.01	0.007	0.01	1.0145845788641839	0.11235521488242581	0.049422008894737475	0.03748204669820557	0.04255355895039164	123.45740678004965	65.1857565776282	73.45201955605417	64.67287986526178	11.150184962504747	15.810704729670263
10.035985696923513	0.01	0.01	0.01	0.007	0.01	1.014584578864184	0.11235521488242581	0.04942200892631074	0.037482052926055935	0.04255355895020069	123.70591900800306	65.1475098525557	73.66596600167338	64.60858543986397	11.179716486440705	15.491560818711475
10.145726180207078	0.01	0.01	0.01	0.007	0.01	1.0145845788641843	0.11235521488242581	0.049422008956046995	0.03748205883236802	0.04255355895001846	123.94215426614932	65.10235671461908	73.87358522613445	64.53754848018492	11.208277642978944	15.178858445534132
10.255466826290165	0.01	0.01	0.01	0.007	0.01	1.0145845788641845	0.11235521488242581	0.0494220089840264	0.03748206442625133	0.04255355894984422	124.16637954443644	65.0504826919187	74.07500728990338	64.45995714073011	11.235888564288903	14.87246762517734
10.365207613369448	0.01	0.01	0.01	0.007	0.01	1.0145845788641845	0.11235521488242581	0.04942200901032391	0.03748206971648032	0.04255355894967781	124.37885636926983	64.99206930124092	74.2703596017648	64.37599545526822	11.26256897218479	14.572261034023745
10.474948534177244	0.01	0.01	0.01	0.007	0.01	1.0145845788641845	0.11235521488242581	0.049422009035009894	0.037482074711493535	0.04255355894951874	124.5798409725091	64.92729411691931	74.45976702506599	64.28584340165735	11.288338193634255	14.278113875835876
10.584689566910107	0.01	0.01	0.01	0.007	0.01	1.0145845788641845	0.11235521488242581	0.049422009058150404	0.03748207941942615	0.04255355894936668	124.7695843424943	64.85633086718609	74.64335187774923	64.18967700768185	11.313215161713964	13.989903909586726
10.694430718836026	0.01	0.01	0.01	0.007	0.01	1.0145845788641845	0.11235521488242581	0.049422009079807365	0.03748208384809906	0.04255355894922132	124.9483324054791	64.7793494857189	74.82123405649567	64.08766839523376	11.337218433426331	13.7075112838181
10.804171975419363	0.01	0.01	0.01	0.007	0.01	1.0145845788641845	0.11235521488242581	0.049422009100038994	0.0374820880050621	0.04255355894908246	125.11632603903637	64.69651622128328	74.9935310004668	63.9799859042723	11.360366185737378	13.4308186215041
10.91391332212444	0.01	0.01	0.01	0.007	0.01	1.0145845788641845	0.11235521488242581	0.04942200911889997	0.03748209189759485	0.04255355894894957	125.27380121411814	64.60799370157433	75.16035777825748	63.86679415415365	11.382676228337655	13.159710912357603
11.023654751683436	0.01	0.01	0.01	0.007	0.01	1.0145845788641845	0.11235521488242581	0.049422009136442	0.03748209553271389	0.042553558948822456	125.42098910343066	64.51394100135329	75.32182714616889	63.7482541126444	11.404166012437887	12.89407544774165
11.133396249560619	0.01	0.01	0.01	0.007	0.01	1.0145845788641845	0.11235521488242581	0.049422009152713366	0.03748209891719328	0.04255355894870091	125.55811615760466	64.41451372724788	75.47804957293292	63.62452318642892	11.424852635068591	12.633801809835226
11.24313780848813	0.01	0.01	0.01	0.007	0.01	1.0145845788641845	0.11235521488242581	0.04942200916775981	0.03748210205756723	0.042553558948584744	125.68540421980087	64.30986407691313	75.62913330699539	63.49575527941382	11.44475284903776	12.378781790628853
11.352879428466006	0.01	0.01	0.01	0.007	0.01	1.0145845788641845	0.11235521488242581	0.04942200918162426	0.03748210496013992	0.04255355894847364	125.8030706156648	64.2001409074816	75.77518441979501	63.362100863575506	11.463883069639918	12.128909348758185
11.462621109494275	0.01	0.01	0.01	0.007	0.01	1.0145845788641845	0.11235521488242581	0.049422009194347374	0.03748210763099974	0.04255355894836739	125.91132823475455	64.08548981048993	75.91630683905552	63.223707057801136	11.482259380048527	11.88408058318748
11.572362829769244	0.01	0.01	0.01	0.007	0.01	1.0145845788641845	0.11235521488242581	0.049422009205967204	0.03748211007604198	0.04255355894826576	126.01038560142685	63.966053203554374	76.05260236544963	63.08071772646178	11.499897534588392	11.644193737187518
11.682104596558837	0.01	0.01	0.01	0.007	0.01	1.0145845788641845	0.11235521488242581	0.04942200921652	0.037482112300946925	0.042553558948168625	126.10044701122759	63.8419703424467	76.18417077955696	62.93327348270058	11.516812973691907	11.409149043389478
11.791846402595157	0.01	0.01	0.01	0.007	0.01	1.0145845788641845	0.11235521488242581	0.04942200922603951	0.037482114311214176	0.04255355894807583	126.18171257449094	63.713377431682765	76.31110982761142	62.78151181058369	11.533020823076733	11.178848779307913
11.90158824787822	0.01	0.01	0.01	0.007	0.01	1.0145845788641845	0.11235521488242581	0.0494220092345581	0.037482116112157696	0.04255355894798709	126.25437832004829	63.580407664074016	76.43351528911784	62.62556710207288	11.548535903531462	10.95319717921344
12.011330103336364	0.01	0.01	0.01	0.007	0.01	1.0145845788641845	0.11235521488242581	0.04942200924210597	0.03748211770893561	0.042553558947902324	126.31863625509024	63.44319132754561	76.55148097688195	62.46557077346726	11.563372732061357	10.732100468338402
12.121071976237511	0.01	0.01	0.01	0.007	0.01	1.0145845788641845	0.11235521488242581	0.0494220092487118	0.03748211910651724	0.04255355894782133	126.37467448790149	63.30185578596415	76.66509884823337	62.3016512345723	11.577545537066351	10.51546669019805
12.230813866581661	0.01	0.01	0.01	0.007	0.01	1.0145845788641845	0.11235521488242581	0.049422009254402516	0.03748212030971645	0.04255355894774391	126.42267727606878	63.15652559048724	76.77445899348345	62.13393401119047	11.591068257926471	10.303205759252876
12.340555774368818	0.01	0.01	0.01	0.007	0.01	1.0145845788641845	0.11235521488242581	0.04942200925920406	0.037482121323193986	0.04255355894767015	126.46282510932842	63.007322529354596	76.87964968170324	61.96254179530169	11.603954551865945	10.095229408351177
12.450297685063143	0.01	0.01	0.01	0.007	0.01	1.0145845788641845	0.11235521488242581	0.0494220092631403	0.03748212215147196	0.04255355894759967	126.49529478194896	62.854365705656186	76.98075738436292	61.787594527606316	11.616217798066026	9.891451178742079
12.560039605932555	0.01	0.01	0.01	0.007	0.01	1.0145845788641845	0.11235521488242581	0.049422009266234246	0.03748212279891794	0.042553558947532405	126.52025947933258	62.697771543359494	77.07786684547858	61.60920939807146	11.627871107405415	9.691786315971227
12.669781536977057	0.01	0.01	0.01	0.007	0.01	1.0145845788641845	0.11235521488242581	0.04942200926850748	0.037482123269768054	0.04255355894746834	126.53788884001303	62.537653881548096	77.17106108877371	61.427500947854575	11.638927324474444	9.49615179001425
12.779523470928726	0.01	0.01	0.01	0.007	0.01	1.0145845788641845	0.11235521488242581	0.04942200926998045	0.037482123568132554	0.042553558947407304	126.54834902977686	62.374124029450115	77.26042145357422	61.242581126020006	11.649399033133598	9.304466259400805
12.889265393251724	0.01	0.01	0.01	0.007	0.01	1.0145845788641845	0.11235521488242581	0.04942200927067261	0.03748212369800081	0.04255355894734913	126.55180281417331	62.20729082026086	77.34602762992486	61.05455934501033	11.659298561951395	9.1166500361161
12.99900731121397	0.01	0.01	0.01	0.007	0.01	1.0145845788641845	0.11235521488242581	0.04942200927060218	0.03748212366322764	0.042553558947293846	126.54840962765775	62.03726061833068	77.42795771416876	60.863542483911765	11.668637991925387	8.932625003007491
13.108749217547546	0.01	0.01	0.01	0.007	0.01	1.0145845788641845	0.11235521488242581	0.0494220092697865	0.037482123467561586	0.042553558947241076	126.53832563865848	61.86413742445817	77.50628821249136	60.66963500243738	11.677429158146959	8.7523146441589
13.218491112252451	0.01	0.01	0.01	0.007	0.01	1.0145845788641845	0.11235521488242581	0.04942200926824182	0.03748212311463425	0.042553558947191074	126.52170381606987	61.688022892218754	77.58109408967516	60.47293895465667	11.685683656687361	8.575643975885354
13.328233002596605	0.01	0.01	0.01	0.007	0.01	1.0145845788641845	0.11235521488242581	0.04942200926598391	0.03748212260796543	0.042553558947143674	126.49869399178236	61.509016375542295	77.65244879915467	60.27355403820876	11.693412849257637	8.402539516767755
13.43797488131209	0.01	0.01	0.01	0.007	0.01	1.0145845788641845	0.11235521488242581	0.04942200926302733	0.03748212195098066	0.042553558947098516	126.46944292847623	61.327215011791814	77.72042429933907	60.07157768297033	11.700627866398959	8.232929291600477
13.54771674839891	0.01	0.01	0.01	0.007	0.01	1.0145845788641845	0.11235521488242581	0.04942200925938602	0.03748212114700079	0.0425535589470558	126.43409437822152	61.14271373329066	77.78509109833738	59.867105059999766	11.707339613749946	8.066742766480909
13.65745859658915	0.01	0.01	0.01	0.007	0.01	1.0145845788641845	0.11235521488242581	0.04942200925507305	0.03748212019925564	0.0425535589470154	126.39278914717319	60.95560533704158	77.84651827430727	59.66022915539433	11.713558775638962	7.903910841971185
13.7672004186149	0.01	0.01	0.01	0.007	0.01	1.0145845788641845	0.11235521488242581	0.04942200925010067	0.03748211911088242	0.04255355894697723	126.34566515381495	60.76598051765237	77.90477350903718	59.45104080329268	11.719295820066783	7.7443658128213215
13.876942221744079	0.01	0.01	0.01	0.007	0.01	1.0145845788641845	0.11235521488242581	0.0494220092444809	0.03748211788491956	0.04255355894694117	126.29285747995125	60.57392788551794	77.95992312321192	59.23962870290719	11.724561003736946	7.588041319356715
13.986684005976688	0.01	0.01	0.01	0.007	0.01	1.0145845788641845	0.11235521488242581	0.049422009238224755	0.037482116524324136	0.04255355894690729	126.23449843639244	60.37953404703425	78.01203209196088	59.0260795040284	11.729364375119864	7.434872352119139
14.096425756776915	0.01	0.01	0.01	0.007	0.01	1.0145845788641845	0.11235521488242581	0.0494220092313426	0.03748211503197944	0.0425535589468753	126.17071762532746	60.182883660553266	78.06116406979999	58.81047786549966	11.733715778529975	7.284795233613026
14.206167474144772	0.01	0.01	0.01	0.007	0.01	1.0145845788641845	0.11235521488242581	0.04942200922384434	0.037482113410679495	0.04255355894684545	126.10164197977797	59.98405942605535	78.1073814309384	58.5929064411239	11.737624859504573	7.137747551270919
14.31590917988398	0.01	0.01	0.01	0.007	0.01	1.0145845788641845	0.11235521488242581	0.049422009215739554	0.037482111663126705	0.042553558946817324	126.02739580883394	59.78314211068063	78.15074529610563	58.37344590538828	11.741101068752164	6.993668124079038
14.425650873994538	0.01	0.01	0.01	0.007	0.01	1.0145845788641845	0.11235521488242581	0.049422009207036786	0.037482109791962766	0.04255355894679104	125.94810087797754	59.58021066734447	78.19131553970682	58.15217508077941	11.744153664553316	6.852497035530352
14.535392541940645	0.01	0.01	0.01	0.007	0.01	1.0145845788641845	0.11235521488242581	0.049422009197744525	0.03748210779976673	0.04255355894676664	125.8638764601352	59.3753422618888	78.22915082000375	57.92917096475992	11.746791717214546	6.714175596719802
14.645134169186507	0.01	0.01	0.01	0.007	0.01	1.0145845788641845	0.11235521488242581	0.04942200918787041	0.037482105689047876	0.042553558946743904	125.7748393773883	59.16861228473808	78.26430860980588	57.704508740122435	11.749024113392332	6.578646302330588
14.754875763000035	0.01	0.01	0.01	0.007	0.01	1.0145845788641845	0.11235521488242581	0.04942200917742216	0.03748210346223429	0.04255355894672304	125.68110403138569	58.960094346377346	78.29684522656527	57.478261768132974	11.750859560120084	6.44585278067103
14.864617323381239	0.01	0.01	0.01	0.007	0.01	1.0145845788641845	0.11235521488242581	0.04942200916640652	0.03748210112169345	0.04255355894670358	125.58278247398569	58.749860367922366	78.32681584565663	57.2505016850597	11.752306587720504	6.315739807060653
14.974358857598023	0.01	0.01	0.01	0.007	0.01	1.0145845788641845	0.11235521488242581	0.04942200915482982	0.03748209866972536	0.042553558946685874	125.47998444255137	58.537980589207734	78.35427452771506	57.02129840902745	11.753373553616719	6.188253263250904
15.084100372918284	0.01	0.01	0.01	0.007	0.01	1.0145845788641845	0.11235521488242581	0.04942200914269844	0.037482096108568855	0.042553558946669755	125.3728174124637	58.324523617413085	78.37927423879623	56.79072019092734	11.754068645669149	6.063340123953308
15.193841854806246	0.01	0.01	0.01	0.007	0.01	1.0145845788641845	0.11235521488242581	0.04942200913001814	0.037482093440418376	0.04255355894665497	125.26138666550598	58.109556504199226	78.4018668682435	56.55883369595863	11.754399885572644	5.940948458825693
15.303583303261918	0.01	0.01	0.01	0.007	0.01	1.0145845788641845	0.11235521488242581	0.04942200911679419	0.03748209066740168	0.04255355894664186	125.14579529989393	57.89314470879678	78.42210325899308	56.3257039620546	11.754375132498026	5.821027369098841
15.413324718285313	0.01	0.01	0.01	0.007	0.01	1.0145845788641845	0.11235521488242581	0.049422009103031704	0.03748208779159187	0.042553558946630064	125.0261442875278	57.67535215881616	78.44003322497524	56.09139446401659	11.754002086211072	5.703526983467019
15.523066114412206	0.01	0.01	0.01	0.007	0.01	1.0145845788641845	0.11235521488242581	0.04942200908873524	0.0374820848149988	0.04255355894661978	124.90253250040426	57.4562412533228	78.45570557381821	55.85596711543412	11.753288290174703	5.5883984222524985
15.632807477106835	0.01	0.01	0.01	0.007	0.01	1.0145845788641845	0.11235521488242581	0.04942200907390944	0.037482081739599694	0.042553558946610906	124.77505680167215	57.23587298135753	78.46916812083957	55.619482394671756	11.752241134965994	5.475593822975642
15.74254880636921	0.01	0.01	0.01	0.007	0.01	1.0145845788641845	0.11235521488242581	0.049422009058557995	0.03748207856731241	0.042553558946603225	124.64381203912072	57.01430686617052	78.48046771595352	55.38199928350071	11.750867861193669	5.365066273922432
15.852290094931467	0.01	0.01	0.01	0.007	0.01	1.0145845788641845	0.11235521488242581	0.049422009042685004	0.03748207530001095	0.042553558946596994	124.50889111030406	56.791601039014616	78.48965026014771	55.14357534505311	11.749175562675044	5.256769817456286
15.962031350061494	0.01	0.01	0.01	0.007	0.01	1.0145845788641845	0.11235521488242581	0.04942200902629368	0.03748207193951304	0.04255355894659188	124.37038497551448	56.56781222455992	78.49676072651981	54.90426670701121	11.74717118907626	5.150659409317174
16.0	0.01	0.01	0.01	0.007	0.01	1.0145845788641845	0.11235521488242581	0.0494220090205033	0.03748207840476596	0.04255355894659047	124.32164562852418	56.490142957397005	78.4987464089343	54.82127388877911	11.746406288070409	5.114447911183755
