0.0	0.01	0.01	0.01	0.007	0.01	0.0	0.0	0.0	0.0	0.0	0.0	0.0	0.0	0.0	0.0	100.0
0.003362331341271169	0.01	0.01	0.01	0.007	0.01	0.010590291713322715	0.00261046025215256	0.003272059022227729	0.003888681883726636	0.005455683340292035	0.0006367990899396515	0.0008966969956419509	0.001960079932681572	0.004531978021488253	0.0004997763447814752	99.92064976731866
0.005285389885718214	0.01	0.01	0.01	0.007	0.01	0.016585642667514618	0.004072941179012942	0.005050750632855756	0.005925764584467456	0.008451013952780289	0.0015688273895296775	0.002203654506844957	0.004782837399502403	0.01095795854400574	0.0012224021914047738	99.87529434344177
0.008229445204674002	0.01	0.01	0.01	0.007	0.01	0.025678027377980382	0.006269731510808183	0.007649762092132479	0.008803644686165141	0.012867965337432234	0.003785954442101898	0.005297934754906474	0.011375721026280334	0.025709439883482094	0.0029178217261821536	99.80589854529627
0.01089956907307467	0.01	0.01	0.01	0.007	0.01	0.03383526625973744	0.008218875227367507	0.009883291557218487	0.011181959745903572	0.016704613463519865	0.006613859397206324	0.009223808096523517	0.019615702199098004	0.043801521030753895	0.005047445042220176	99.74300141999335
0.014008667059811623	0.01	0.01	0.01	0.007	0.01	0.0432279235273222	0.01043779226400127	0.012343841726548115	0.013698930152420767	0.020978819900316806	0.010872793837293466	0.015103877672237753	0.03176752453983863	0.06997704027828189	0.008204414609725423	99.66981381781416
0.01715543507998772	0.01	0.01	0.01	0.007	0.01	0.05261995989467557	0.012629355829088442	0.014689143828291461	0.015995830934479097	0.025103935846303646	0.0162271454282488	0.02245289043116533	0.04670710417524644	0.10152106010249798	0.012107243122240836	99.59579415192151
0.020544314890173793	0.01	0.01	0.01	0.007	0.01	0.06260747244575855	0.014930028515833051	0.01706144449115741	0.018215984912889505	0.029333319022376344	0.02315030361523218	0.03189704040225263	0.06558271746111705	0.14057880116170035	0.01706700980164634	99.51614090196549
0.024055351810903406	0.01	0.01	0.01	0.007	0.01	0.07281772002517169	0.017250222687995975	0.019361857376511	0.02026799121840578	0.033496396661480625	0.03156866372632085	0.043307313513110776	0.08798990627753461	0.18600165141880942	0.022990924506939354	99.4336836236434
0.027747114230283677	0.01	0.01	0.01	0.007	0.01	0.08340488858712006	0.019622139176298202	0.021619223769848858	0.022183241038278134	0.037649667480609716	0.041765173058690964	0.057035951618519445	0.11446722507569834	0.23858015962457924	0.030036090742847178	99.34705566461064
0.031586140897712695	0.01	0.01	0.01	0.007	0.01	0.09425506092914762	0.022017145196565543	0.023803057092524116	0.02394156899927742	0.04174204220817876	0.05380557214839258	0.07313560324933419	0.14494730755270954	0.2978694295887446	0.03820162264550637	99.25705216631266
0.03559155966449579	0.01	0.01	0.01	0.007	0.01	0.10540491628438366	0.024440522931036067	0.02591640394899947	0.02555282013990408	0.045782810194733445	0.06790182658694843	0.09185014653358417	0.17971394387541725	0.3641188376599497	0.04758242152055191	99.1632346280737
0.03975726967064975	0.01	0.01	0.01	0.007	0.01	0.11681901188740515	0.02688167860210929	0.0279486452451492	0.0270166581547871	0.04975246944394926	0.08419312691138786	0.11332003861286434	0.21883718500548038	0.4371606963470247	0.0582183204867979	99.06575671256579
0.04409302878968202	0.01	0.01	0.01	0.007	0.01	0.12850515274806412	0.02933946612215337	0.029898217333816878	0.028340348342731712	0.05364113650597328	0.10288141141470135	0.13776236845766718	0.2625112291086038	0.5170651909961793	0.07018390656139073	98.96440140252982
0.04860209516885533	0.01	0.01	0.01	0.007	0.01	0.1404521145023494	0.03180866408359463	0.03176081334016064	0.029529560055535677	0.0574177942822414	0.12415290323161744	0.16536618925360144	0.3108603965155635	0.6037746505462619	0.08353342913291667	98.85910475442917
0.053293574031764074	0.01	0.01	0.01	0.007	0.01	0.15266298093313715	0.03428703077784951	0.03353507855058821	0.030592185536935806	0.061028841197936605	0.1482306332511421	0.19636056552550002	0.36406087945597276	0.6973300457175846	0.09832832140630572	98.74966729485867
0.058173686682333775	0.01	0.01	0.01	0.007	0.01	0.16513166281042782	0.03677040724021526	0.0352187999162868	0.031535669347764875	0.06437634552499545	0.17533617649024963	0.23096389412905743	0.4222506974201541	0.7977101182554227	0.1146019791196102	98.63595815215737
0.0632227248752739	0.01	0.01	0.01	0.007	0.01	0.1777863877921052	0.039241967959314	0.03680256219535606	0.032363946651296674	0.06730407544269894	0.2055405896927688	0.2691960096108621	0.48522667168018324	0.9043311845778075	0.13225947068091087	98.51845076706456
0.06839966077504163	0.01	0.01	0.01	0.007	0.01	0.1905073678487134	0.0416768680666422	0.03827472521494864	0.03308101876151935	0.06964411699624365	0.23873835905582355	0.3108539059803036	0.5524405824369298	1.0160929348648728	0.15106405942554352	98.39811214223683
0.07376886227072164	0.01	0.01	0.01	0.007	0.01	0.20343420447872992	0.044100246312723725	0.039654681785609956	0.033705669562331855	0.07132441306242121	0.27549489921270853	0.3565711702704873	0.624693248315621	1.1341675509558304	0.17111182057988547	98.27345955506166
0.07939888669968202	0.01	0.01	0.01	0.007	0.01	0.21670347177849555	0.04653444970202731	0.04095681791312943	0.03425172597768687	0.07233607113873743	0.3165169160204229	0.4071306862393357	0.7029457537516951	1.2599176576293825	0.1925026049922917	98.14292124570832
0.08526442439265074	0.01	0.01	0.01	0.007	0.01	0.23022361532168065	0.04895908780019624	0.0421718150506357	0.03472212536845878	0.07274118017621777	0.3618847276588774	0.46252284322502507	0.7868866753312749	1.3926391127247553	0.21497113095904063	98.00710672700023
0.09136145360483483	0.01	0.01	0.01	0.007	0.01	0.24395568439611134	0.05136432183928136	0.043297875328947195	0.03512332180269564	0.0726755576174572	0.4118101801852803	0.5228937804662315	0.876453893895247	1.532075982453924	0.2383413301080781	97.8661313165735
0.09770998708887707	0.01	0.01	0.01	0.007	0.01	0.25791388414005595	0.05374989697848778	0.04433847265710534	0.035463363680074314	0.07228357706908718	0.46670767976215255	0.5886225646464804	0.9719221230906001	1.678520446289445	0.2625573664891501	97.71955612582931
0.10437205477065509	0.01	0.01	0.01	0.007	0.01	0.27219718468493415	0.05612920901556692	0.04530238233389017	0.03575113810099522	0.07168041759905115	0.5274170186021052	0.6605718032194361	1.0742217704578843	1.8332547396899417	0.28775113564138954	97.56597809703389
0.11140089024459021	0.01	0.01	0.01	0.007	0.01	0.2868727486799301	0.05850875901547696	0.04619425011449421	0.035993268019947865	0.07094956951827056	0.594804044807843	0.7395951079621707	1.1841916349916892	1.9973818209874383	0.3140387573227842	97.4042067709464
0.11883596804162959	0.01	0.01	0.01	0.007	0.01	0.3019679606982695	0.060887543226706156	0.04701550385080185	0.0361949400611216	0.07015102103456679	0.6696911209946478	0.826454079845081	1.30247415287342	2.171690991890504	0.3414967517185145	97.23337754406488
0.12670420490582937	0.01	0.01	0.01	0.007	0.01	0.31747639487291573	0.06325881435372556	0.0477660055502778	0.036360681699598545	0.06932804156886196	0.7528379165576611	0.9217982381099445	1.429508615738512	2.3566736880361336	0.37016500083276144	97.05292228569354
0.13503128731559494	0.01	0.01	0.01	0.007	0.01	0.33338274558531633	0.06561450289000284	0.048446051707211835	0.036494918026334776	0.06851097562891185	0.8450378756542796	1.026277336643873	1.5656985947890434	2.552785108704509	0.4000874414387719	96.86230832396636
0.14384532075120174	0.01	0.01	0.01	0.007	0.01	0.3496698807202555	0.06794643931376997	0.049056792657849284	0.03660197869387998	0.0677206220819044	0.9471565042793079	1.140581516801221	1.7114690819752838	2.7605304611632375	0.4313233148940083	96.66095547413018
0.1531786871274191	0.01	0.01	0.01	0.007	0.01	0.36632144273280987	0.07024677194581005	0.04960025840458595	0.03668600412846603	0.06697088613456624	1.060158126220319	1.2654657307212651	1.8672980513283568	2.980509300731225	0.4639517174655283	96.44819494801557
0.16306745989519986	0.01	0.01	0.01	0.007	0.01	0.3833196282222095	0.07250767714807403	0.05007917354655718	0.03675083865232746	0.0662708545736317	1.1851065213391374	1.4017436258988862	2.033708033410188	3.213401452355348	0.4980677447196359	96.22328446605162
0.17355113770161384	0.01	0.01	0.01	0.007	0.01	0.4006437288557675	0.0747212331619448	0.050496840018533114	0.03679996795181041	0.06562618100182517	1.3231674202500554	1.5502834321279342	2.2112620682912607	3.459959537221167	0.5337802634935619	95.98541617608898
0.1846720936964452	0.01	0.01	0.01	0.007	0.01	0.41826838340566524	0.0768793075272928	0.05085703364583246	0.036836483399697494	0.06504001951865584	1.4756053428907117	1.7119978460850886	2.40055431194127	3.7209941337276593	0.5712090625230297	95.73373112256111
0.19647534535047764	0.01	0.01	0.01	0.007	0.01	0.43616260470208434	0.07897359284476649	0.05116392869463641	0.036863069633783184	0.06451361963600291	1.6437822270354776	1.88783636328692	2.6022057438706394	3.997365966787643	0.610483342329796	95.46732651006964
0.20900841847124618	0.01	0.01	0.01	0.007	0.01	0.45428914050758573	0.08099571470380242	0.051422020327252765	0.03688200773796637	0.06404672196986262	1.829155401814853	2.0787775143453584	2.8168614516821138	4.289979834228931	0.65174061557435	95.18526097477432
0.22232151754936452	0.01	0.01	0.01	0.007	0.01	0.472604433907423	0.08293742571909032	0.051636040455135944	0.03689519147060374	0.06363783058751242	2.0332783558410696	2.285824700620136	3.0451932245942226	4.599785196973237	0.6951266126915718	94.88655315613062
0.23646789860003445	0.01	0.01	0.01	0.007	0.01	0.4910589231420178	0.08479083499699512	0.05181085854812048	0.036904153969548284	0.06328442659038826	2.2578035840496513	2.510004764268486	3.2879056654973646	4.927780874615991	0.7407957480279266	94.57017605109347
0.25150440532939383	0.01	0.01	0.01	0.007	0.01	0.5095975524928501	0.0865486448895653	0.051951370023096785	0.03691010305851659	0.06298315790712614	2.504487416739703	2.7523691128047334	3.545744977820257	5.275022803009428	0.7889119660118276	94.23504816443585
0.26749193894027873	0.01	0.01	0.01	0.007	0.01	0.5281601732960903	0.08820435557938117	0.05206237829760837	0.03691396274598679	0.06273002545299884	2.7751932522210803	3.013993888945051	3.8195062434116434	5.642629446163104	0.8396492150262936	93.88002669388032
0.28449565471174354	0.01	0.01	0.01	0.007	0.01	0.5466816725423514	0.08975242527222585	0.05214848110400932	0.036916418101888254	0.06252056899303828	3.0718890115882473	3.2959755675112223	4.110035432357268	6.03178015387579	0.8931909258999693	93.50390734978954
0.3025846678262413	0.01	0.01	0.01	0.007	0.01	0.565091776846173	0.09118838944141945	0.052213970935938755	0.03691796041676209	0.06235004858739842	3.396633609664355	3.5994179434302356	4.418222347124643	6.443701717563485	0.9497278753602076	93.1054354861703
0.32183116639290144	0.01	0.01	0.01	0.007	0.01	0.5833147040935747	0.09250896025115174	0.052262756884780444	0.03691892979288345	0.0622136144770884	3.7515486732394807	3.925408411760773	4.744982881385281	6.8796412428696545	1.0094542028137097	92.6833304842954
0.34230900095123945	0.01	0.01	0.01	0.007	0.01	0.6012690181985202	0.0937121307261057	0.05229831121355084	0.03691955298386743	0.062106459868734726	4.1387749617442955	4.274984699938168	5.091232070924005	7.340827498785031	1.0725618865372357	92.23632143481736
0.36409208159016326	0.01	0.01	0.01	0.007	0.01	0.6188681702449667	0.09479729971674199	0.0523236407180138	0.03691997519550017	0.062023953891760984	4.560418845866757	4.649098272242037	5.457853909764454	7.828428787663109	1.1392347757942198	91.76318644419489
0.387253107495026	0.01	0.01	0.01	0.007	0.01	0.6360221171059418	0.0957654088593558	0.052341280789425966	0.036920285440013155	0.06196175439027673	5.018499811074614	5.048584533369106	5.845677014165046	8.343519402203944	1.2096438207157385	91.2627839194678
0.41186321251721114	0.01	0.01	0.01	0.007	0.01	0.6526401247372732	0.09661905606799005	0.05235330935231959	0.03692053574018219	0.06191590017098942	5.514913263753546	5.474151151556778	6.255465830470812	8.88706743100194	1.2839452477734248	90.7340633896179
0.4379928140933892	0.01	0.01	0.01	0.007	0.01	0.6686343809536311	0.09736253136840291	0.05236137763243864	0.036920754940456824	0.06188288069488856	6.051418455434522	5.926390237926967	6.687931667155677	9.459949368848633	1.362282450751682	90.17605038411043
0.4657134331054412	0.01	0.01	0.01	0.007	0.01	0.6839236732099344	0.09800172983887653	0.05236675437187639	0.03692095811546135	0.061859679341291926	6.629650454912043	6.405810122436443	7.143758925409842	10.06298511160484	1.44479075913205	89.58781136738173
0.49509984327577305	0.01	0.01	0.01	0.007	0.01	0.6984363948885257	0.09854393206891832	0.05237037926490339	0.03692115261828317	0.061843786752596774	7.251144623543259	6.912874424803053	7.623635283536147	10.696978165816196	1.5316030444870188	88.96841329024912
0.526231755321656	0.01	0.01	0.01	0.007	0.01	0.7121124577509633	0.09899748126440079	0.05237292051081987	0.03692134173350063	0.061833184224138346	7.917356288027135	7.448033134744346	8.12827259135204	11.362743365232653	1.6228537516723445	88.31689494278433
0.5591945069653966	0.01	0.01	0.01	0.007	0.01	0.7249041611866162	0.09937141013176634	0.05237483135014045	0.036921526741663144	0.06182630174923971	8.62966221434642	8.011735454731232	8.658410246059843	12.06111117610091	1.7186798359254665	87.63226085643825
0.5940784935852298	0.01	0.01	0.01	0.007	0.01	0.7367763268797549	0.09967506820087366	0.05237640153466029	0.036921708006443975	0.061821958890519335	9.38933595307974	8.604419599327015	9.21479763819642	12.792904187416555	1.8192179520226175	86.913502293323
0.6309774129177369	0.01	0.01	0.01	0.007	0.01	0.7477061031071848	0.09991778551537572	0.052377801472654056	0.03692188550582409	0.06181929763346659	10.197497418873994	9.226481464617452	9.798158036931817	13.55888912071866	1.9245982901611025	86.15964238179852
0.6699856298670861	0.01	0.01	0.01	0.007	0.01	0.7576827500251304	0.10010859016003998	0.05237911848327813	0.03692205907182594	0.061817715219482594	11.055043701962129	9.878228612785904	10.409140038024711	14.35971267951479	2.0349361405711317	85.36979758156377
0.7111953042165611	0.01	0.01	0.01	0.007	0.01	0.7667075820804469	0.10025598410067814	0.05238038566463329	0.03692222849125791	0.06181680265665182	11.962576941258956	10.559831703669945	11.048267736950002	15.195836128180767	2.1503231885994927	84.5432411156242
0.7546942047339186	0.01	0.01	0.01	0.007	0.01	0.77479405615366	0.10036777430263599	0.05238160423456167	0.03692239354805661	0.06181629216931365	12.920352021363138	11.271289418383423	11.715904416396834	16.067488062998574	2.2708212029313466	83.67944926744511
0.8005652633968016	0.01	0.01	0.01	0.007	0.01	0.781967816884641	0.10045095408191951	0.052382760114471294	0.0369225540457474	0.06181601480561643	13.92826918145651	12.012423518285253	12.412245296548518	16.974655522390684	2.3964609183486782	82.77811038541283
0.8488885498167682	0.01	0.01	0.01	0.007	0.01	0.7882663764269271	0.10051163077020554	0.052383835361769965	0.036922709824814	0.06181586797122851	14.985926357374439	12.78291263674538	13.137347679008032	17.917123797884567	2.527247610633224	81.83908568546447
0.899745618202655	0.01	0.01	0.01	0.007	0.01	0.7937381319670945	0.10055499814680129	0.052384815068373336	0.03692286077760042	0.06181579176927389	16.09272720606984	13.58236024290063	13.891194719835186	18.89455930302557	2.6631726783867244	80.86232652928035
0.9532253808834537	0.01	0.01	0.01	0.007	0.01	0.7984406081130359	0.10058535247686322	0.05238569054189717	0.036923006858438794	0.06181575259278373	17.24802098510982	14.410379413963883	14.673777032016622	19.906614223241284	2.8042283784655226	79.84776842689398
1.0094303745017696	0.01	0.01	0.01	0.007	0.01	0.8024380745343175	0.10060614832617312	0.05238645980776381	0.036923148086830934	0.061815732309395056	18.45124369614051	15.266673893746187	15.48517306178623	20.953027727847083	2.9504222805775493	78.79522628364373
1.0684826037243318	0.01	0.01	0.01	0.007	0.01	0.8057988720529177	0.10062008577057026	0.05238712652995322	0.03692328454380849	0.06181572149261881	19.70203807965257	16.15110176543775	16.325615265002817	22.03370676714903	3.10178910869078	77.70430761248848
1.1305286525822749	0.01	0.01	0.01	0.007	0.01	0.8085928002741262	0.10062921702398755	0.052387698287688876	0.036923416363374394	0.06181571540126213	21.0003428624637	17.063717180670213	17.195537462798686	23.148780524794603	3.25839914465435	76.57434967011397
1.195744230221948	0.01	0.01	0.01	0.007	0.01	0.8108888286696629	0.10063505982967362	0.05238818484856263	0.03692354372157766	0.06181571171121509	22.346453342776236	18.0047931841289	18.09560590589206	24.298631878205708	3.42036365610955	75.40437722891846
1.2643385520307167	0.01	0.01	0.01	0.007	0.01	0.8127532632866947	0.10063870696587122	0.05238859676993557	0.03692366682532799	0.061815709298106584	23.741060872643857	18.974831645650607	19.026739541281284	25.48391292733814	3.587838340304346	74.19307383820967
1.3365590345460228	0.01	0.01	0.01	0.007	0.01	0.8142483951912053	0.10064092461886787	0.05238894442683575	0.03692378590225178	0.06181570761417969	25.185280007015965	19.9745664027706	19.99012530409494	26.705551871927177	3.7610258291698213	72.93875896179642
1.4126966055623318	0.01	0.01	0.01	0.007	0.01	0.815431589306548	0.10064223584291786	0.052389237428731764	0.03692390119187109	0.06181570638298172	26.680667527048662	21.00496203635174	20.98723098600018	27.964754124210593	3.9401777072691546	71.63936758399922
1.493092098531066	0.01	0.01	0.01	0.007	0.01	0.8163547497553731	0.10064298811309166	0.0523894843341929	0.03692401293817646	0.06181570545535626	28.229239648710973	22.067211866053352	22.019819592173533	29.263002045701064	4.1255967339983215	70.29242705003738
1.5781438664514957	0.01	0.01	0.01	0.007	0.01	0.8170640850421431	0.10064340582357771	0.05238969256547379	0.03692412138261382	0.061815704743422184	29.83348553939869	23.162732914187764	23.089963695756317	30.602050613205297	4.317638985323041	68.89503288135577
1.6683164589396633	0.01	0.01	0.01	0.007	0.01	0.8176001044940342	0.10064362962532857	0.052389868442471774	0.036924226755366815	0.06181570419065169	31.49636873979753	24.293151114524417	24.20005404968409	31.983910877597992	4.516714865050302	67.4438308158658
1.7641483987521793	0.01	0.01	0.01	0.007	0.01	0.817997784281026	0.10064374491035794	0.05239001727670822	0.03692432925844458	0.06181570375808978	33.22127566421806	25.460248250432826	25.35277511158044	33.41078643783671	4.723284065486509	65.93504061106793
1.8662496563030824	0.01	0.01	0.01	0.007	0.01	0.8182868485451829	0.10064380176069056	0.0523901434822126	0.03692442901839761	0.06181570341766843	35.011748308098646	26.665761115092394	26.55093819608014	34.88482907481112	4.937824917059369	64.364664931159
1.975238768445725	0.01	0.01	0.01	0.007	0.01	0.8184920985811298	0.10064382845606247	0.05239025065365799	0.0369245259166491	0.06181570314872501	36.870192807314666	27.910497047127464	27.796628311653407	36.407058083343145	5.160680985943907	62.72959937924039
2.0913148747355703	0.01	0.01	0.01	0.007	0.01	0.8186336354698546	0.10064384030287318	0.05239034145572416	0.03692461888562503	0.06181570293634233	38.790820652993375	29.18964400081411	29.0864656357696	37.97162358969493	5.391214305289192	61.03386365507105
2.2118871553366066	0.01	0.01	0.01	0.007	0.01	0.8187266862612411	0.10064384519753845	0.052390416762193116	0.03692470369306914	0.06181570277181203	40.72334473629803	30.468960003135802	30.38709484159439	39.5366700857755	5.623435858706964	59.320964746739904
2.3284657772243706	0.01	0.01	0.01	0.007	0.01	0.8187835024536154	0.10064384706713943	0.05239047571616964	0.0369247756770122	0.06181570265095736	42.53287816526317	31.659443778989598	31.607733659340738	40.99330671982327	5.841142624969604	57.71052566152178
2.437002817487221	0.01	0.01	0.01	0.007	0.01	0.8188176764613284	0.1006438477862883	0.052390521122641476	0.0369248410962375	0.06181570256293572	44.166825322206414	32.72791610339689	32.71243009284976	42.300883997837715	6.037964780474207	56.2504995499211
2.5402618024715955	0.01	0.01	0.01	0.007	0.01	0.8188392387300569	0.10064384808453175	0.052390557582417105	0.036924904147423665	0.06181570249562716	45.67702056699048	33.70968847488781	33.735720323497205	43.502563272917484	6.220098801158796	54.89577402355361
2.6419387515863293	0.01	0.01	0.01	0.007	0.01	0.8188535151448779	0.10064384821627982	0.052390588299350956	0.03692496326053411	0.06181570244139233	47.12289893989514	34.6441740242762	34.71759831249126	44.64655653154536	6.394686583888001	53.59368920113535
2.744443295794692	0.01	0.01	0.01	0.007	0.01	0.8188632099113122	0.1006438482761144	0.05239061500523865	0.036925017974317464	0.061815702396181546	48.54017484650587	35.55470029370323	35.68223926185981	45.761410699352524	6.566033476575539	52.31226662262757
2.8486643941212213	0.01	0.01	0.01	0.007	0.01	0.818869817742443	0.10064384830326244	0.052390638537417294	0.036925068894242276	0.06181570235792107	49.94062801206699	36.44880890334323	36.63768731310542	46.85635867282521	6.735566469293058	51.040793631523705
2.9543973592196426	0.01	0.01	0.01	0.007	0.01	0.8188742835360159	0.1006438483153978	0.05239065931234665	0.03692511650834228	0.06181570232543372	51.32063256970203	37.3241050205301	37.58151513903171	47.92846831841266	6.902851268669406	49.78245190599016
3.0609356495252396	0.01	0.01	0.01	0.007	0.01	0.8188772674847437	0.10064384832073511	0.05239067760892866	0.03692516111267854	0.06181570229787247	52.67065231098747	38.1745387632485	38.50721416165594	48.970327211355716	7.0667332306521775	48.54590196875242
3.1675911121963547	0.01	0.01	0.01	0.007	0.01	0.8188792446874522	0.10064384832305817	0.05239069369781428	0.036925203000075776	0.06181570227448656	53.98246148206888	38.995045622853965	39.4091083384568	49.9757245015158	7.226210284559253	47.338757216994914
3.27396883095617	0.01	0.01	0.01	0.007	0.01	0.8188805502974694	0.10064384832406593	0.052390707866506965	0.036925242483093944	0.061815702254578615	55.25228764107094	39.78347374984318	40.28453032296646	50.94201397158608	7.380816536318255	46.16465643781072
3.3799864876556427	0.01	0.01	0.01	0.007	0.01	0.8188814128135609	0.10064384832450388	0.05239072039791385	0.03692527981533925	0.06181570223752892	56.48045776088309	40.540271613683274	41.13361533260474	51.869734538567535	7.530582888482964	45.02350300257136
3.485753079680307	0.01	0.01	0.01	0.007	0.01	0.8188819838762196	0.10064384832469479	0.05239073154478662	0.03692531516061668	0.06181570222281973	57.66948932145069	41.26723107275793	41.95801476400165	52.76107225835097	7.675807521622459	43.91316080895951
3.591429021106835	0.01	0.01	0.01	0.007	0.01	0.8188823628019324	0.10064384832477831	0.05239074151718088	0.03692534862791169	0.06181570221003809	58.82226627609306	41.966331605425594	42.75964852834501	53.6184445958609	7.816834774416971	42.83111785200279
3.6971352641375237	0.01	0.01	0.01	0.007	0.01	0.8188826145574108	0.10064384832481492	0.052390750483031906	0.03692538031390498	0.061815702198861275	59.94102025118012	42.63911852534667	43.539998444359334	54.44373797469315	7.9539306902460565	41.775438131906874
3.802923656356872	0.01	0.01	0.01	0.007	0.01	0.8188827818686373	0.10064384832483089	0.052390758575830886	0.036925410322070425	0.06181570218903701	61.02710666852143	43.286584228980416	44.299945619560255	55.238161535367794	8.08725495535149	40.7449880263964
3.9087896376175473	0.01	0.01	0.01	0.007	0.01	0.8188828930207506	0.10064384832483793	0.05239076590376483	0.0369254387631547	0.06181570218036414	62.08124478085335	43.909330758578434	45.03993033876159	56.002445917188275	8.216889581748747	39.739227472338065
4.014701424805012	0.01	0.01	0.01	0.007	0.01	0.8188829668237949	0.10064384832484097	0.05239077255720111	0.03692546574840287	0.061815702172678066	63.10388350393394	44.507799461120705	45.76020320378603	56.737124650009804	8.34288334682238	38.75787424522737
4.120625968259986	0.01	0.01	0.01	0.007	0.01	0.8188830158066552	0.1006438483248423	0.05239077861362893	0.0369254913822345	0.061815702165842	64.09548021953778	45.08243926473694	46.461019337421845	57.44274055903179	8.465285934149072	37.800641521053755
4.22654281249503	0.01	0.01	0.01	0.007	0.01	0.81888304830975	0.10064384832484287	0.052390784140475107	0.03692551575755182	0.06181570215974017	65.05662444932454	45.633777130706754	47.14272629612571	58.11993231985675	8.584163249696992	36.867117316154946
4.332446109070645	0.01	0.01	0.01	0.007	0.01	0.8188830698772013	0.10064384832484315	0.05239078919663535	0.03692553895476634	0.061815702154274905	65.98803594828792	46.16241303509076	47.80576438495468	58.76942842931961	8.699597348123195	35.95676242118532
4.438339716407401	0.01	0.01	0.01	0.007	0.01	0.818883084189471	0.10064384832484326	0.052390793833449203	0.03692556104375981	0.0618157021493631	66.8905029755921	46.668981264353256	48.45062428982638	59.39199977552039	8.811678935131255	35.06896702206096
4.5442307738582155	0.01	0.01	0.01	0.007	0.01	0.8188830936880397	0.1006438483248433	0.05239079809554098	0.03692558208695727	0.0618157021449347	67.76481742767078	47.15411200324044	49.077801599398654	59.9884124942011	8.920499395782869	34.20311244809186
4.65012506715426	0.01	0.01	0.01	0.007	0.01	0.8188830999922591	0.10064384832484333	0.05239080202166693	0.03692560214194992	0.061815702140929726	68.61173489966524	47.61840888247426	49.6877682972744	60.55940037234303	9.026145837162442	33.358610382969474
4.756025247575336	0.01	0.01	0.01	0.007	0.01	0.8188831041764146	0.10064384832484333	0.05239080564555983	0.03692562126294762	0.06181570213729743	69.43196371856227	48.062443715076896	50.28096455407822	61.10565834599048	9.128699690306885	32.5349145256037
4.8619311751634875	0.01	0.01	0.01	0.007	0.01	0.8188831069534022	0.10064384832484333	0.0523908089967071	0.036925639501216814	0.0618157021339946	70.22617208247532	48.48676138032941	50.85780345961225	61.627848470964636	9.228237561091774	31.731514435901037
4.967841250918268	0.01	0.01	0.01	0.007	0.01	0.8188831087964012	0.10064384832484333	0.05239081210101844	0.03692565690494886	0.06181570213098343	70.99500145865973	48.89188777632793	51.418680416527096	62.126609680282456	9.32483287674758	30.947922777265916
5.073753700313645	0.01	0.01	0.01	0.007	0.01	0.8188831100195054	0.10064384832484333	0.05239081498136959	0.03692567351903318	0.061815702128231884	71.73907753160948	49.27833598972016	51.96398095935589	62.602565364119435	9.418557245107579	30.183664553100297
5.17966733093105	0.01	0.01	0.01	0.007	0.01	0.8188831108312019	0.10064384832484333	0.052390817658037006	0.036925689384993125	0.06181570212571163	72.45901576529042	49.64660926599711	52.49408480234126	63.05632702330517	9.509481152401555	29.438271458145117
5.285581644753726	0.01	0.01	0.01	0.007	0.01	0.818883111369869	0.10064384832484333	0.05239082014904496	0.03692570454118305	0.06181570212339842	73.15542177536243	49.99720113159371	53.009366151325125	63.488494420093495	9.597674013810726	28.711281399757976
5.391496676858683	0.01	0.01	0.01	0.007	0.01	0.8188831117273445	0.10064384832484333	0.05239082247045424	0.03692571902309644	0.061815702121270584	73.82888989066281	50.33059460421862	53.51019267659881	63.899654604892866	9.683203994767265	28.002239907216005
5.497412651717526	0.01	0.01	0.01	0.007	0.01	0.8188831119645754	0.10064384832484333	0.05239082463660467	0.03692573286374982	0.061815702119309736	74.48000086440784	50.647261063451325	53.99692381785778	64.29038052109497	9.766137720834976	27.310702520591185
5.603329772764256	0.01	0.01	0.01	0.007	0.01	0.8188831121220085	0.10064384832484333	0.05239082666032833	0.03692574609398942	0.06181570211749908	75.10932081708697	50.947659829371474	54.469909961399715	64.66123047968142	9.84654013980876	26.63623598691681
5.7092481101589785	0.01	0.01	0.01	0.007	0.01	0.8188831122264848	0.10064384832484333	0.05239082855313295	0.036925758742731955	0.06181570211582417	75.71740098904439	51.23223818815257	54.92949219859484	65.01274818353525	9.924474484642543	25.97841865372728
5.815167586752309	0.01	0.01	0.01	0.007	0.01	0.8188831122958177	0.10064384832484333	0.052390830325363284	0.03692577083713872	0.06181570211427227	76.30477814731839	51.50143174768595	55.37600256775757	65.34546315865518	10.000002319171244	25.336840181473455
5.921088055243371	0.01	0.01	0.01	0.007	0.01	0.8188831123418281	0.10064384832484333	0.0523908319863401	0.036925782402723956	0.06181570211283209	76.87197546935141	51.755665002087234	55.80976466248692	65.65989144399411	10.073183645536828	24.711100725805455
6.027009354297462	0.01	0.01	0.01	0.007	0.01	0.8188831123723614	0.10064384832484333	0.05239083354448056	0.03692579346345793	0.061815702111493384	77.41950321599207	51.995351771746876	56.23109409212509	65.95653612856132	10.144076985703395	24.100810320778898
6.132931371681207	0.01	0.01	0.01	0.007	0.01	0.8188831123926236	0.10064384832484333	0.05239083500740221	0.036925804041852237	0.06181570211024709	77.9478593659242	52.2208956030026	56.64029892296943	66.23588783949103	10.212739458980597	23.505588280192917
6.238854023219146	0.01	0.01	0.01	0.007	0.01	0.8188831124060697	0.10064384832484333	0.0523908363820125	0.03692581415907879	0.06181570210908533	78.4575297778831	52.432689949325045	57.03767976129577	66.4984249601904	10.279226798903947	22.925063112932936
6.34477725980965	0.01	0.01	0.01	0.007	0.01	0.8188831124149927	0.10064384832484333	0.05239083767458635	0.03692582383506389	0.06181570210800087	78.94898849805848	52.63111841557511	57.423529948165786	66.74461392661267	10.343593388921551	22.35887227641152
6.45070104638048	0.01	0.01	0.01	0.007	0.01	0.818883112420914	0.10064384832484333	0.05239083889083471	0.03692583308858967	0.06181570210698727	79.42269793191365	52.81655494515996	57.79813564869492	66.97490945282627	10.405892280412479	21.806662084108403
6.556625354873989	0.01	0.01	0.01	0.007	0.01	0.8188831124248436	0.10064384832484333	0.05239084003596379	0.036925841937379314	0.061815702106038886	79.87910909076044	52.98936403993778	58.161775998643094	67.18975479716639	10.46617522036764	21.26808753036392
6.662550150216965	0.01	0.01	0.01	0.007	0.01	0.8188831124274512	0.10064384832484333	0.05239084111472825	0.03692585039818004	0.06181570210515012	80.3186618102067	53.1499009695295	58.514723228363344	67.38958201526827	10.524492675336269	20.742812149019624
6.768475397335724	0.01	0.01	0.01	0.007	0.01	0.8188831124291814	0.10064384832484333	0.05239084213147679	0.03692585848682764	0.06181570210431662	80.74178505747848	53.29851201293261	58.857242857971194	67.57481225337055	10.580893867153227	20.230507766300313
6.874401047125734	0.01	0.01	0.01	0.007	0.01	0.8188831124303299	0.10064384832484333	0.05239084309019389	0.03692586621831724	0.06181570210353387	81.14889714598442	53.4355346635552	59.18959381906887	67.74585599625537	10.635426796461696	19.730854362155718
6.980327071527605	0.01	0.01	0.01	0.007	0.01	0.8188831124310918	0.10064384832484333	0.052390843994535474	0.03692587360684085	0.06181570210279836	81.5404061335019	53.56129789334617	59.51202872741816	67.90311338913466	10.68813829093496	19.243539703823274
7.086253442481658	0.01	0.01	0.01	0.007	0.01	0.8188831124315975	0.10064384832484333	0.05239084484786085	0.03692588066585183	0.061815702102106296	81.916709987942	53.67612233154957	59.82479396901529	68.04697445333568	10.739074022667403	18.76825925716478
7.19218011789741	0.01	0.01	0.01	0.007	0.01	0.818883112431933	0.10064384832484333	0.05239084565326159	0.03692588740812189	0.06181570210145459	82.27819678892908	53.780320458237924	60.128129813915315	68.17781932036479	10.788278530224195	18.30471605773976
7.298107076729878	0.01	0.01	0.01	0.007	0.01	0.8188831124321557	0.10064384832484333	0.05239084641358643	0.03692589384576509	0.061815702100840315	82.62524509219928	53.87419684201834	60.422270667768736	68.29601852163589	10.835795262959769	17.85262037057474
7.404034290918619	0.01	0.01	0.01	0.007	0.01	0.8188831124323035	0.10064384832484333	0.05239084713146412	0.036925899990295635	0.06181570210026107	82.95822406537341	53.95804830551825	60.7074451342909	68.40193318788519	10.881666594483777	17.411689636482215
7.509961746433617	0.01	0.01	0.01	0.007	0.01	0.8188831124324015	0.10064384832484333	0.05239084780932335	0.03692590585265366	0.06181570209971417	83.27749378539876	54.03216413429822	60.98387621469709	68.49591530333039	10.925933858259702	16.98164820800894
7.615889436260092	0.01	0.01	0.01	0.007	0.01	0.8188831124324665	0.10064384832484333	0.05239084844941098	0.03692591144324388	0.061815702099197456	83.58340543494644	54.096826253751786	61.25178142352107	68.57830791982495	10.968637369563897	16.56222721221035
7.721817325321851	0.01	0.01	0.01	0.007	0.01	0.8188831124325096	0.10064384832484333	0.05239084905380811	0.03692591677198924	0.06181570209870896	83.8763014231587	54.15230939202727	61.51137283701312	68.6494453531121	11.009816436776365	16.153164520079788
7.827745399588563	0.01	0.01	0.01	0.007	0.01	0.8188831124325382	0.10064384832484333	0.0523908496244443	0.036925921848332405	0.061815702098246855	84.15651574391914	54.198881289686625	61.76285735099719	68.70965343892036	11.049509405968685	15.754204386919183
7.9336736450298275	0.01	0.01	0.01	0.007	0.01	0.8188831124325573	0.10064384832484333	0.05239085016311096	0.036925926681274826	0.061815702097809386	84.42437412025218	54.23680285792175	62.006436754213034	68.75924972398691	11.087753675903837	15.365097379280417
8.039602047615176	0.01	0.01	0.01	0.007	0.01	0.8188831124325698	0.10064384832484333	0.052390850671473047	0.03692593127940406	0.061815702097395044	84.68019420835178	54.266328348163185	62.24230785426062	68.7985436717271	11.124585721398999	14.985600219323734
8.145530586298701	0.01	0.01	0.01	0.007	0.01	0.8188831124325783	0.10064384832484333	0.05239085115107946	0.036925935650921234	0.06181570209700223	84.9242857807993	54.287705516352176	62.470662585562934	68.82783686121597	11.16004111380941	14.615475657218155
8.251459261080576	0.01	0.01	0.01	0.007	0.01	0.8188831124325838	0.10064384832484333	0.052390851603373256	0.03692593980364677	0.061815702096629975	85.1569509845442	54.301175789402855	62.69168818917453	68.84742318993221	11.19415455255503	14.254492225648598
8.357388050914793	0.01	0.01	0.01	0.007	0.01	0.8188831124325876	0.10064384832484333	0.05239085202969913	0.03692594374506647	0.06181570209627674	85.37848443325615	54.30697441409113	62.9055672389227	68.85758905297033	11.226959872713314	13.902424242449465
8.46331694878607	0.01	0.01	0.01	0.007	0.01	0.8188831124325899	0.10064384832484333	0.052390852431312265	0.0369259474823298	0.061815702095941394	85.58917347099131	54.30533061636382	63.112477829843534	68.85861353732687	11.25849007769068	13.559051548635576
8.569245954694523	0.01	0.01	0.01	0.007	0.01	0.8188831124325916	0.10064384832484333	0.052390852809385054	0.03692595102227216	0.061815702095622975	85.78929833228939	54.29646774698934	63.3125936717646	68.85076859826404	11.28877735704571	13.224159398607368
8.675175047594017	0.01	0.01	0.01	0.007	0.01	0.8188831124325926	0.10064384832484333	0.05239085316501364	0.03692595437144877	0.061815702095320516	85.97913226570171	54.280603430521	63.50608414528994	68.83431923919673	11.317853098683567	12.89753841416366
8.781104220469206	0.01	0.01	0.01	0.007	0.01	0.8188831124325934	0.10064384832484333	0.05239085349922381	0.03692595753612938	0.06181570209503309	86.1589417732074	54.25794970599817	63.69311447499435	68.8095236833036	11.345747918717514	12.578984341451775
8.88703345928931	0.01	0.01	0.01	0.007	0.01	0.8188831124325938	0.10064384832484333	0.05239085381297618	0.036925960522325565	0.06181570209475993	86.32898673792718	54.228713167831636	63.87384579305478	68.77663354380961	11.372491674629682	12.268297989733085
8.992962771069791	0.01	0.01	0.01	0.007	0.01	0.8188831124325943	0.10064384832484333	0.05239085410717167	0.036925963335787244	0.061815702094500165	86.48952063167047	54.1930950931909	64.04843528742131	68.7358939791472	11.398113490961252	11.965285025143487
9.098892148795272	0.01	0.01	0.01	0.007	0.01	0.8188831124325945	0.10064384832484333	0.05239085438265497	0.03692596598203727	0.06181570209425314	86.6407906162323	54.15129158289246	64.21703623921552	68.687543862952	11.422641768498297	11.669755953413086
9.204821578434927	0.01	0.01	0.01	0.007	0.01	0.8188831124325946	0.10064384832484333	0.05239085464021922	0.0369259684663793	0.06181570209401802	86.78303771393584	54.10349369115259	64.37979813314061	68.63181594164092	11.446104204296114	11.381525977602811
9.310751045957913	0.01	0.01	0.01	0.007	0.01	0.8188831124325947	0.10064384832484333	0.05239085488061008	0.036925970793905014	0.06181570209379427	86.91649697042307	54.04988754950316	64.53686676299861	68.56893698486887	11.468527810802799	11.100414861921129
9.416680565395115	0.01	0.01	0.01	0.007	0.01	0.8188831124325947	0.10064384832484333	0.05239085510452837	0.03692597296948662	0.06181570209358141	87.04139763411013	53.990654472904765	64.68838436214648	68.49912791474573	11.489938938287317	10.826246747492476
9.52261012271568	0.01	0.01	0.01	0.007	0.01	0.8188831124325947	0.10064384832484333	0.052390855312633815	0.03692597499782234	0.061815702093378756	87.15796322955036	53.925971107834656	64.83448960921477	68.42260398430845	11.510363279456627	10.558850191389094
9.628539710904178	0.01	0.01	0.01	0.007	0.01	0.8188831124325947	0.10064384832484333	0.0523908555055477	0.03692597688342401	0.06181570209318586	87.26641174350661	53.85600953215088	64.97531776774608	68.33957489936411	11.529825893132767	10.298057965243109
9.734469322945175	0.01	0.01	0.01	0.007	0.01	0.8188831124325947	0.10064384832484333	0.052390855683855105	0.03692597863062988	0.061815702093002245	87.36695575279609	53.78093737223161	65.11100076015946	68.25024496041621	11.548351218418214	10.043706969607905
9.840398972869568	0.01	0.01	0.01	0.007	0.01	0.8188831124325947	0.10064384832484333	0.05239085584810839	0.03692598024360006	0.06181570209282744	87.45980257557875	53.70091789756228	65.24166727568917	68.15481317769705	11.565963093403415	9.795638083373278
9.946328639631028	0.01	0.01	0.01	0.007	0.01	0.8188831124325947	0.10064384832484333	0.05239085599882835	0.03692598172635955	0.06181570209266108	87.54515435103616	53.61611017045294	65.36744278065589	68.05347345187651	11.582684760586277	9.55369619696814
10.052258316214111	0.01	0.01	0.01	0.007	0.01	0.8188831124325947	0.10064384832484333	0.05239085613650667	0.03692598308277483	0.0618157020925026	87.6232082132858	53.52666911691966	65.4884496599621	67.94641466083505	11.59853889003877	9.317729997318162
10.158188009634266	0.01	0.01	0.01	0.007	0.01	0.8188831124325947	0.10064384832484333	0.05239085626160835	0.036925984316560176	0.06181570209235171	87.69415641042272	53.43274562649679	65.60480729040289	67.8338207806594	11.613547593017179	9.087591877304789
10.264117719891495	0.01	0.01	0.01	0.007	0.01	0.8188831124325947	0.10064384832484333	0.05239085637457244	0.03692598543129852	0.0618157020922082	87.75818640883692	53.334486669745964	65.71663209055048	67.71587102787147	11.627732432528134	8.863137891304595
10.370047439970351	0.01	0.01	0.01	0.007	0.01	0.8188831124325947	0.10064384832484333	0.052390856475814776	0.03692598643044705	0.06181570209207167	87.81548101355511	53.232035397714526	65.82403759512985	67.59273998009661	11.641114437119452	8.644227663250142
10.475977169870836	0.01	0.01	0.01	0.007	0.01	0.8188831124325947	0.10064384832484333	0.05239085656572843	0.03692598731733421	0.061815702091941704	87.86621849178034	53.125531224456765	65.92713454085796	67.46459767632015	11.65371411593436	8.430724269126008
10.581906909592949	0.01	0.01	0.01	0.007	0.01	0.8188831124325947	0.10064384832484333	0.05239085664468594	0.03692598809516967	0.061815702091818074	87.91057268022352	53.015109926314885	66.02603092788709	67.33160973721944	11.66555147054509	8.222494166759635
10.687836659136693	0.01	0.01	0.01	0.007	0.01	0.8188831124325947	0.10064384832484333	0.052390856713040064	0.03692598876704985	0.06181570209170049	87.94871309459393	52.90090373281859	66.12083208739544	67.1939374754223	11.676646007490703	8.019407112294552
10.793766411486617	0.01	0.01	0.01	0.007	0.01	0.8188831124325947	0.10064384832484333	0.052390856771125545	0.036925989335967156	0.06181570209158883	87.9808050344567	52.78304142325791	66.21164074162421	67.05173801260067	11.687016749841977	7.821336091680987
10.89969615261182	0.01	0.01	0.01	0.007	0.01	0.8188831124325947	0.10064384832484333	0.05239085681925958	0.03692598980481481	0.06181570209148261	88.00700968930465	52.661648414285594	66.29855706944319	66.9051643857622	11.696682249358055	7.628157239624322
11.005625889527755	0.01	0.01	0.01	0.007	0.01	0.8188831124325947	0.10064384832484333	0.0523908568577432	0.036925990176373	0.06181570209138181	88.02748424658193	52.536846811756824	66.38167879175822	66.75436561030544	11.705660600619789	7.43974971132499
11.11155562223442	0.01	0.01	0.01	0.007	0.01	0.8188831124325947	0.10064384832484333	0.05239085688686218	0.036925990453331635	0.06181570209128613	88.0423819818669	52.408755523948685	66.461101208358	66.59948681714776	11.713969449580825	7.2559956596924255
11.217485350731815	0.01	0.01	0.01	0.007	0.01	0.8188831124325947	0.10064384832484333	0.052390856906888196	0.036925990638289115	0.06181570209119515	88.05185235782105	52.277490334066435	66.5369172637082	66.4406693407327	11.721626005342868	7.076780148349941
11.323415075019943	0.01	0.01	0.01	0.007	0.01	0.8188831124325947	0.10064384832484333	0.05239085691807897	0.03692599073375681	0.06181570209110912	88.0560411184275	52.143163978449614	66.60921760512716	66.27805081389833	11.728647050947052	6.901991079742679
11.429344809129699	0.01	0.01	0.01	0.007	0.01	0.8188831124325947	0.10064384832484333	0.05239085692067973	0.03692599074215327	0.061815702091027554	88.05509038044144	52.005886204467174	66.67809064842405	66.11176523813455	11.735048954706446	6.731519102722593
11.535274539030185	0.01	0.01	0.01	0.007	0.01	0.8188831124325947	0.10064384832484333	0.0523908569149237	0.03692599066583474	0.061815702090950275	88.04913872310426	51.86576389927893	66.74362260566426	65.94194313967918	11.740847677890226	6.565257612161345
11.641204250690508	0.01	0.01	0.01	0.007	0.01	0.8188831124325947	0.10064384832484333	0.0523908569010327	0.036925990507080696	0.061815702090877285	88.03832127860505	51.72290112787117	66.80589755958238	65.76871161578093	11.746058786827556	6.403102634325754
11.747133951126116	0.01	0.01	0.01	0.007	0.01	0.8188831124325947	0.10064384832484333	0.05239085687921779	0.036925990268082985	0.06181570209080826	88.02276981361905	51.577399174496456	66.86499752754187	65.59219438496002	11.750697463517033	6.244952730935346
11.85306364033701	0.01	0.01	0.01	0.007	0.01	0.8188831124325947	0.10064384832484333	0.05239085684968003	0.036925989950967124	0.06181570209074315	88.00261281372643	51.42935664860238	66.9210024952992	65.41251191546446	11.754778513574989	6.090708980034055
11.958993318323193	0.01	0.01	0.01	0.007	0.01	0.8188831124325947	0.10064384832484333	0.052390856812611006	0.03692598955779006	0.0618157020906817	87.9779755642908	51.278869542924504	66.97399047152442	65.22978149575921	11.758316375927254	5.940274902964678
12.064922985084664	0.01	0.01	0.01	0.007	0.01	0.8188831124325947	0.10064384832484333	0.052390856768192814	0.036925989090543516	0.06181570209062395	87.94898022956424	51.12603129909908	67.02403753663522	65.04411731412519	11.761325131867693	5.793556404020952
12.170852633605982	0.01	0.01	0.01	0.007	0.01	0.8188831124325947	0.10064384832484333	0.05239085671659945	0.036925988551160784	0.06181570209056966	87.91574593217717	50.970932881994514	67.07121788739362	64.85563054886076	11.763818513744617	5.650461720948982
12.276782270902592	0.01	0.01	0.01	0.007	0.01	0.8188831124325947	0.10064384832484333	0.05239085665799666	0.03692598794150535	0.06181570209051871	87.87838882190582	50.81366281136039	67.11560389281686	64.66442940661689	11.765809914088067	5.510901339004987
12.382711903989936	0.01	0.01	0.01	0.007	0.01	0.8188831124325947	0.10064384832484333	0.052390856592542334	0.036925987263382504	0.06181570209047098	87.83702215210606	50.654307242514385	67.15726613231357	64.47061922030345	11.767312393518262	5.37478795508542
12.488641532868014	0.01	0.01	0.01	0.007	0.01	0.8188831124325947	0.10064384832484333	0.05239085652038712	0.03692598651854609	0.061815702090426354	87.79175635448603	50.492950036495536	67.1962734374182	64.27430253424093	11.76833868889784	5.242036431749222
12.594571143505947	0.01	0.01	0.01	0.007	0.01	0.8188831124325947	0.10064384832484333	0.05239085644167511	0.03692598570870521	0.061815702090384804	87.74269911359251	50.32967282949049	67.23269293344714	64.07557918846172	11.768901221463084	5.112563751304883
12.700500735903736	0.01	0.01	0.01	0.007	0.01	0.8188831124325947	0.10064384832484333	0.05239085635654334	0.036925984835507665	0.06181570209034615	87.68995542284657	50.16455504648755	67.26659009182751	63.87454633513053	11.769012104885778	4.986288928746528
12.806430310061385	0.01	0.01	0.01	0.007	0.01	0.8188831124325947	0.10064384832484333	0.052390856265122895	0.03692598390055156	0.061815702090310384	87.63362765616135	49.99767397729062	67.29802876539244	63.67129853082737	11.768683152646018	4.863132979351743
12.912359872994333	0.01	0.01	0.01	0.007	0.01	0.8188831124325947	0.10064384832484333	0.05239085616753895	0.0369259829053818	0.06181570209027723	87.57381562862912	49.829104818979154	67.32707123020651	63.46592778800564	11.767925885384233	4.743018861419601
13.018289417687146	0.01	0.01	0.01	0.007	0.01	0.8188831124325947	0.10064384832484333	0.0523908560639109	0.03692598185150617	0.06181570209024679	87.51061667146385	49.65892076170069	67.3537782187166	63.25852367925078	11.766751538271851	4.625871452040203
13.124218951155262	0.01	0.01	0.01	0.007	0.01	0.8188831124325947	0.10064384832484333	0.05239085595435274	0.036925980740378665	0.06181570209021887	87.4441256777722	49.48719299507511	67.37820896548376	63.049173344828446	11.76517106786661	4.511617468268619
13.230148473398682	0.01	0.01	0.01	0.007	0.01	0.8188831124325947	0.10064384832484333	0.05239085583897372	0.03692597957341443	0.0618157020901935	87.37443517464054	49.31399079153151	67.4004212385877	62.83796159397041	11.76319515915818	4.400185445047396
13.336077977401974	0.01	0.01	0.01	0.007	0.01	0.8188831124325947	0.10064384832484333	0.052390855717877764	0.036925978351991816	0.061815702090170566	87.3016353828045	49.1393815553558	67.42047137654423	62.624970964411695	11.760834232410865	4.291505689558136
13.442007470180574	0.01	0.01	0.01	0.007	0.01	0.8188831124325947	0.10064384832484333	0.05239085559116461	0.03692597707743956	0.061815702090149915	87.22581425942327	48.96343083538024	67.438414327633	62.41028173756745	11.758098449250143	4.18551021594899
13.54793694471905	0.01	0.01	0.01	0.007	0.01	0.8188831124325947	0.10064384832484333	0.052390855458929166	0.03692597575105691	0.06181570209013157	87.14705757308721	48.786202417398506	67.4543036789861	62.19397205096649	11.754997719669152	4.08213273161421
13.653866401017407	0.01	0.01	0.01	0.007	0.01	0.8188831124325947	0.10064384832484333	0.0523908553212626	0.03692597437410103	0.06181570209011533	87.06544894360184	48.60775833444558	67.4681916940537	61.976117910501344	11.751541707770903	3.9813085742278598
13.759795839075647	0.01	0.01	0.01	0.007	0.01	0.8188831124325947	0.10064384832484333	0.05239085517825183	0.03692597294779307	0.061815702090101315	86.98106989972425	48.428158922223595	67.48012934393562	61.756793257756144	11.747739837983303	3.8829746785845565
13.8657252659092	0.01	0.01	0.01	0.007	0.01	0.8188831124325947	0.10064384832484333	0.05239085502997969	0.036925971473314376	0.06181570209008935	86.89399992501663	48.24746284991826	67.49016633990595	61.5360700073029	11.743601300695468	3.7870695308788305
13.97165468151807	0.01	0.01	0.01	0.007	0.01	0.8188831124325947	0.10064384832484333	0.05239085487652582	0.036925969951817364	0.06181570209007929	86.80431651947231	48.06572718575794	67.49835116297756	61.31401812644029	11.739135058538634	3.693533143240982
14.07758407888683	0.01	0.01	0.01	0.007	0.01	0.8188831124325947	0.10064384832484333	0.05239085471796622	0.03692596838442636	0.061815702090071416	86.71209524957753	47.88300743808661	67.50473109488736	61.09070568505854	11.73434985212851	3.6023070154198034
14.183513458015483	0.01	0.01	0.01	0.007	0.01	0.8188831124325947	0.10064384832484333	0.0523908545543735	0.03692596677222975	0.061815702090065365	86.61740978438208	47.69935757098668	67.50935224878255	60.866198874398265	11.729254204964729	3.5133340858118536
14.289442825919457	0.01	0.01	0.01	0.007	0.01	0.8188831124325947	0.10064384832484333	0.05239085438581706	0.0369259651162805	0.06181570209006117	86.52033194145494	47.51483004268538	67.51225959751318	60.64056205363695	11.723856428684217	3.4265586965246113
14.395372182598752	0.01	0.01	0.01	0.007	0.01	0.8188831124325947	0.10064384832484333	0.052390854212363204	0.036925963417607024	0.06181570209005878	86.42093174507227	47.329475867655354	67.51349700120073	60.41385782546941	11.718164628963471	3.341926570336486
14.501301521037947	0.01	0.01	0.01	0.007	0.01	0.8188831124325947	0.10064384832484333	0.05239085403407569	0.036925961677213764	0.061815702090058065	86.31927747149884	47.14334465372129	67.51310723527173	60.18614708116191	11.712186710713425	3.259384776027255
14.607230841237046	0.01	0.01	0.01	0.007	0.01	0.8188831124325947	0.10064384832484333	0.05239085385101501	0.036925959896072946	0.061815702090059085	86.21543567920641	46.95648461340664	67.51113201740569	59.95748901409036	11.705930382293827	3.178881684069216
14.71316014319605	0.01	0.01	0.01	0.007	0.01	0.8188831124325947	0.10064384832484333	0.052390853663239034	0.03692595807513009	0.06181570209006188	86.10947125755462	46.76894261114499	67.50761203341965	59.72794117714781	11.699403160708398	3.1003669401513223
14.819089433930385	0.01	0.01	0.01	0.007	0.01	0.8188831124325947	0.10064384832484333	0.052390853470803335	0.03692595621530005	0.06181570209006622	86.00144746085451	46.580764184946986	67.50258696237432	59.49755950890683	11.692612375874381	3.023791428673684
14.92501870642463	0.01	0.01	0.01	0.007	0.01	0.8188831124325947	0.10064384832484333	0.05239085327376086	0.036925954317482274	0.061815702090072235	85.89142597003537	46.3919936170741	67.4960955023861	59.26639841978955	11.685565176575034	2.949107257300413
15.030947967694209	0.01	0.01	0.01	0.007	0.01	0.8188831124325947	0.10064384832484333	0.05239085307216241	0.03692595238254272	0.061815702090079756	85.77946690330721	46.20267391666913	67.48817539354584	59.03451077046003	11.678268533158912	2.876267706706505
15.13687721773912	0.01	0.01	0.01	0.007	0.01	0.8188831124325947	0.10064384832484333	0.05239085286605608	0.036925950411328186	0.06181570209008875	85.66562887599639	46.012846888836236	67.478863442616	58.80194795606554	11.670729243284514	2.805227216503229
15.242806456559364	0.01	0.01	0.01	0.007	0.01	0.8188831124325947	0.10064384832484333	0.05239085265548822	0.03692594840466297	0.06181570209009921	85.5499690308118	45.822553153079106	67.46819554580807	58.56875992848743	11.66295393575684	2.7359413516050197
15.34873567713953	0.01	0.01	0.01	0.007	0.01	0.8188831124325947	0.10064384832484333	0.05239085244050278	0.03692594636335413	0.06181570209011118	85.43254308210895	45.63183218605803	67.45620671211091	58.334995248391735	11.654949075236997	2.6683667788548786
15.454664886495031	0.01	0.01	0.01	0.007	0.01	0.8188831124325947	0.10064384832484333	0.05239085222114179	0.036925944288177824	0.06181570209012454	85.31340532814106	45.44072231307082	67.44293108288382	58.10070107444071	11.64672096472749	2.6024612264397278
15.560594084625873	0.01	0.01	0.01	0.007	0.01	0.8188831124325947	0.10064384832484333	0.05239085199744562	0.03692594217989418	0.0618157020901393	85.19260870875692	45.2492607745151	67.42840195541848	57.86592324440717	11.638275751093953	2.538183471155693
15.666523264516641	0.01	0.01	0.01	0.007	0.01	0.8188831124325947	0.10064384832484333	0.052390851769452594	0.03692594003924813	0.06181570209015542	85.07020483975573	45.0574837539343	67.41265180422536	57.63070630923791	11.629619429008526	2.4754933120768694
15.772452433182751	0.01	0.01	0.01	0.007	0.01	0.8188831124325947	0.10064384832484333	0.05239085153719898	0.03692593786695563	0.06181570209017277	84.94624402157572	44.865426367149915	67.39571229829092	57.395093519382655	11.620757843011043	2.4143515329042433
15.878381590624203	0.01	0.01	0.01	0.007	0.01	0.8188831124325947	0.10064384832484333	0.05239085130071967	0.03692593566371863	0.061815702090191486	84.8207752955017	44.67312272686886	67.37761432385659	57.15912690369326	11.611696692876324	2.3547198901515025
15.984310736841	0.01	0.01	0.01	0.007	0.01	0.8188831124325947	0.10064384832484333	0.05239085106004802	0.03692593343022055	0.06181570209021149	84.69384646707242	44.48060595590663	67.35838800285511	56.922847285322284	11.602441536652643	2.2965610849133666
16.0	0.01	0.01	0.01	0.007	0.01	0.8188831124325947	0.10064384832484333	0.052390851024049376	0.036925937509402464	0.061815702090214544	84.67492562939049	44.452075967270844	67.35544623616697	56.88782750593074	11.601054583451093	2.2880701302500666
