0.0	0.01	0.01	0.01	0.007	0.01	0.0	0.0	0.0	0.0	0.0	0.0	0.0	0.0	0.0	0.0	100.0
0.0034019735692305533	0.01	0.01	0.01	0.007	0.01	0.011097077187955889	0.003374860129384235	0.0036178513600095014	0.0040359976029231215	0.002950955632305191	0.0007824536172514511	0.0011668678404964153	0.0019180645495032067	0.004297955307148648	0.00040909142940758224	99.92937592042747
0.005477735732452927	0.01	0.01	0.01	0.007	0.01	0.01779354150004924	0.005384403331487517	0.005703004264743821	0.006313095311925636	0.004665306516290485	0.0020218211000380282	0.0030051760515571267	0.004900797080703481	0.010918805734523375	0.0010472036285810759	99.8863081457513
0.008593686798079966	0.01	0.01	0.01	0.007	0.01	0.02774080595474785	0.008332058553636584	0.008669065980191458	0.009488042470944912	0.007128882349159805	0.004951293250576406	0.007323249995950475	0.011803184675579916	0.026077382995127085	0.0025300692591921827	99.82169344270321
0.011478879211822564	0.01	0.01	0.01	0.007	0.01	0.03684036777234939	0.010989427476214845	0.011249485742136313	0.012186732531741247	0.009306033815756135	0.008793147183473814	0.01294674128409231	0.020644563975214282	0.04526838831147105	0.004440258953692877	99.76190119464088
0.014828902834207104	0.01	0.01	0.01	0.007	0.01	0.04727367657270672	0.013990450836911018	0.014057939688225675	0.015054034925625657	0.011727607270931417	0.014595901376075849	0.021378528475614854	0.03367529417549171	0.07321705476313314	0.0072761078247734114	99.69252079540995
0.018244582174034962	0.01	0.01	0.01	0.007	0.01	0.057767009922828	0.0169594732888135	0.01672718763249581	0.017708833223715095	0.014100230003705739	0.02197401459379493	0.032015577136549775	0.04981668395242838	0.1074082593162019	0.010822424705802223	99.62183031744647
0.021924552527649858	0.01	0.01	0.01	0.007	0.01	0.06891133380616694	0.020058743809600307	0.019398789563729122	0.020294113856463677	0.016571928821832754	0.03154684844645199	0.04570422780032855	0.0702012113477016	0.150045098913147	0.015354826334909729	99.54572619763545
0.025747308719923475	0.01	0.01	0.01	0.007	0.01	0.080313871697728	0.02317248167682687	0.02196609521901917	0.022707457117187684	0.019071815120678022	0.043243490411758526	0.06228699146613145	0.0944185373621658	0.2000523260195596	0.02082004538509642	99.46673074126545
0.029767741962432925	0.01	0.01	0.01	0.007	0.01	0.0921174756770504	0.026334837784054183	0.024455042768226208	0.0249773022903285	0.021650375608235444	0.057436008114938174	0.08223022561901991	0.12296781311681909	0.2582502493100287	0.027379416406389554	99.3837180146519
0.03394931154092874	0.01	0.01	0.01	0.007	0.01	0.1041923598084953	0.02950597763728732	0.026832453475546712	0.027077798220326733	0.024295000197080363	0.0742145366866607	0.1055913352555364	0.15573456255170015	0.32419036681077995	0.0350680679707707	99.29745169271081
0.0383063932482499	0.01	0.01	0.01	0.007	0.01	0.11655883155862834	0.03268694383471417	0.02909952799933248	0.02901582303386466	0.02701403373032708	0.09384142915711312	0.13266034903477214	0.19292320499315202	0.3980773197094577	0.04400486162094129	99.20764419246957
0.042829254576440635	0.01	0.01	0.01	0.007	0.01	0.12916753107516366	0.035860920744516765	0.031245624521125573	0.030788579020740867	0.029774660051988054	0.11648137771614234	0.16358171741947122	0.23452128278946796	0.4796847071245274	0.05426170336553765	99.11450558609967
0.047529801727093555	0.01	0.01	0.01	0.007	0.01	0.14202960373142834	0.039026855619880556	0.03327238610470747	0.03240419207939191	0.03251356616954807	0.14240404673681012	0.19863351435177956	0.28068525332908906	0.5691258008199398	0.0659425017000495	99.01780058218579
0.05240742996129319	0.01	0.01	0.01	0.007	0.01	0.1551203805250581	0.04217488842228651	0.035176451168996675	0.03386691343989977	0.03510296967412966	0.17182411860253424	0.23800726734426014	0.3314421631354362	0.666266608069793	0.07908828743654656	98.91755221638385
0.05739904010750822	0.01	0.01	0.01	0.007	0.01	0.1682525335918242	0.04525796582055866	0.03693524742499802	0.03516754533554206	0.03734467848484507	0.20452793217035956	0.28131990594348133	0.3860937424333907	0.7696214938311164	0.09348896837938023	98.81506629476392
0.062465007864561356	0.01	0.01	0.01	0.007	0.01	0.18131216277421353	0.0482499176080703	0.03854325019115565	0.03631140713743487	0.039077786783065546	0.24034004676449677	0.32825207919260835	0.4440734084344051	0.878023739455054	0.10888960294696133	98.7111622566342
0.06769699146567772	0.01	0.01	0.01	0.007	0.01	0.1945219938790091	0.05120142184949559	0.0400355763290674	0.037331667063193484	0.04024681196291348	0.2800297792867051	0.37971484475156925	0.5063318028086523	0.9931535162272639	0.1253792967110516	98.60396788248586
0.0732098047700925	0.01	0.01	0.01	0.007	0.01	0.2081419231792849	0.05416606762587182	0.041442073121200115	0.03825427528863357	0.040844610599683195	0.32474761958605325	0.4370647657964838	0.5742621022233135	1.1174315345173467	0.14311765578700353	98.49114573333762
0.07904032095126906	0.01	0.01	0.01	0.007	0.01	0.22222034972515745	0.05714713793459773	0.04276442172666939	0.039084645421908815	0.040904075999819496	0.3751923953955313	0.5010250992336709	0.648411299970646	1.251663802375066	0.1620026029208234	98.37196211607996
0.08503223183886502	0.01	0.01	0.01	0.007	0.01	0.236346929392615	0.06005361685174276	0.04396642049006545	0.03980588775282069	0.04052615895101213	0.43031396201842476	0.5701011124521781	0.7267848317454221	1.392105302560036	0.18130398774549547	98.24962963869629
0.09121644730442707	0.01	0.01	0.01	0.007	0.01	0.25057252815473086	0.06289506399919076	0.04505970039005453	0.04043191537260851	0.0398385685433112	0.4905914057144277	0.6447460762678278	0.8096934195949494	1.5392416964402231	0.20093327919652776	98.12353054785298
0.09765419993423313	0.01	0.01	0.01	0.007	0.01	0.26500841442541345	0.06569134820455912	0.046058056048471685	0.04097656996343547	0.03894347355062956	0.5568862598526069	0.7258538517094986	0.8978972561509572	1.6943380361512306	0.22093371922489582	97.99243364215705
0.10440546188952568	0.01	0.01	0.01	0.007	0.01	0.27974917717680925	0.06845656151410273	0.04697109735761383	0.041450152845867824	0.03791817859972835	0.6301753945870621	0.8144093559079897	0.9921915939228899	1.8586885890663942	0.24136476859586256	97.85514065368181
0.11151714538873606	0.01	0.01	0.01	0.007	0.01	0.2948479629777075	0.07119504748526059	0.047804011197531936	0.041859889814254814	0.036822513052673124	0.7114116067133444	0.9113138673109697	1.0932219995196695	2.0333025757704135	0.26225901358169884	97.71072619649941
0.11902434234665348	0.01	0.01	0.01	0.007	0.01	0.3103225405742919	0.07390367559495689	0.04855949493416059	0.0422114017625422	0.03570348413233339	0.8015036581183377	1.0173627890957375	1.2014768341349473	2.2189075408349024	0.28362606702013726	97.5585114158469
0.12695135448510855	0.01	0.01	0.01	0.007	0.01	0.32616076655594134	0.07657384376305502	0.049239176769703526	0.04250964194615266	0.03459808353970069	0.9012957492148954	1.133225081990702	1.317283965384225	2.4159584606723152	0.30545801730623445	97.39804190204488
0.1353175076305436	0.01	0.01	0.01	0.007	0.01	0.3423350546553374	0.07919475345616209	0.049844940788233906	0.04275956522611909	0.033534340651703846	1.0116127778557455	1.2595001330227427	1.4408846130534532	2.6247747259154575	0.32774786800110334	97.22896896889061
0.14414134049587013	0.01	0.01	0.01	0.007	0.01	0.35881182552551316	0.08175538522856224	0.05037947982622984	0.04296629730646887	0.0325323411027244	1.1333018132167199	1.3967665800966833	1.572491930292692	2.8456442818766594	0.3505008280290246	97.05096471878392
0.1534434583180841	0.01	0.01	0.01	0.007	0.01	0.37555704767256	0.08424553904919238	0.050846393844400685	0.043135059887660705	0.031605393196397255	1.2672682288363029	1.5456215607044237	1.7123344436213181	3.078897400832308	0.373740080860513	96.86366481716821
0.16324736630199968	0.01	0.01	0.01	0.007	0.01	0.392537242017297	0.08665602037601577	0.051250020551216316	0.04327099738509519	0.030761344873331396	1.4144908268908198	1.706693834301727	1.8606710488897427	3.324930087274372	0.3975064278782465	96.66665250928817
0.1735797253622176	0.01	0.01	0.01	0.007	0.01	0.4097192291309289	0.08897861347947432	0.05159522565592087	0.043379021849384906	0.030003765413949203	1.5760303664473776	1.8806486341255602	2.0177972833346254	3.584212000608691	0.4218564450757435	96.45945449791128
0.184470252280838	0.01	0.01	0.01	0.007	0.01	0.42706924759805	0.09120598005453535	0.05188720294289254	0.04346369651995164	0.029332941093794113	1.7530325643822264	2.068186208105944	2.1840457392334693	3.857284313807611	0.4468600063606306	96.241544103722
0.19595171601217173	0.01	0.01	0.01	0.007	0.01	0.4445523035010585	0.09333161499589497	0.05213130830993879	0.0435291612756914	0.028746668100095782	1.9467316235796595	2.270041054241783	2.3597873998191843	4.144758956446696	0.4725983153557732	96.0123426043267
0.2080600224156264	0.01	0.01	0.01	0.007	0.01	0.46213170979841095	0.09534984354235557	0.052332919698989434	0.043579091068716935	0.028240888990407192	2.1584543933906177	2.4869819852566835	2.545433865235085	4.447319169790844	0.4991623504765421	95.77121894474472
0.2208344944985823	0.01	0.01	0.01	0.007	0.01	0.47976893219074435	0.09725586218390778	0.05249731942599191	0.04361668093530917	0.027810207787577576	2.3896273364703795	2.719815213968709	2.7414421478305684	4.765724105936026	0.5266518907997191	95.51748573897343
0.23431830521300626	0.01	0.01	0.01	0.007	0.01	0.4974236058393729	0.09904579448686704	0.052629594062483305	0.0436446516280357	0.027448318306606222	2.6417861238543052	2.9693900459901394	2.9483213711695675	5.100816372094221	0.5551749636013011	95.25039250517331
0.24855907138033634	0.01	0.01	0.01	0.007	0.01	0.5150536750760115	0.1007167484020792	0.05273455138233656	0.04366527158693124	0.027148365487513572	2.9165884303466534	3.236607526351333	3.166641442697061	5.453532666126835	0.5848477009746941	94.9691160581559
0.26360953304975476	0.01	0.01	0.01	0.007	0.01	0.5326155115863432	0.10226685622215188	0.052816654580348746	0.04368039128656952	0.02690325275350653	3.215828769204763	3.5224306866708512	3.397042450606427	5.8249155303152	0.6157944349034913	94.67274966061437
0.2795282678533321	0.01	0.01	0.01	0.007	0.01	0.5500639418749946	0.1036952920757184	0.05287997516947146	0.043691486353920436	0.02670590025127463	3.541454284467169	3.827895300316171	3.6402439229207193	6.216124894069627	0.6481479336111535	94.36029202069928
0.2963803246989005	0.01	0.01	0.01	0.007	0.01	0.5673520851296057	0.10500226322580772	0.05292816507018373	0.04369970586664931	0.0265494564475505	3.8955787136205844	4.154118671483817	3.897052115654332	6.628446501395174	0.6820495546866975	94.03063848604744
0.3142376795017931	0.01	0.01	0.01	0.007	0.01	0.5844309901134266	0.10618898179736584	0.05296444748839949	0.043705922512006466	0.026427463784122043	4.2804915586034245	4.502304221522218	4.168363832076133	7.063294848301956	0.7176491323563978	93.6825763741931
0.3331793580214295	0.01	0.01	0.01	0.007	0.01	0.6012490668346782	0.10725762365531091	0.05299162443213684	0.04371078166705056	0.02633398035347521	4.6986577999834225	4.873738520252294	4.455164469857939	7.522206949940992	0.75510429920292	93.31478743945966
0.3532910945018362	0.01	0.01	0.01	0.007	0.01	0.6177514077832653	0.10821128556563167	0.053012097242728644	0.04371474709321384	0.02626366051901446	5.152703493524381	5.2697779608628545	4.758518447870268	8.006823997873552	0.7945789927314677	92.9258599103648
0.3746643773124401	0.01	0.01	0.01	0.007	0.01	0.6338791358149841	0.10905394818497101	0.053027894942186585	0.04371814163660003	0.026211799040240638	5.645381931202407	5.691822168581238	5.079550002160351	8.518857744823856	0.8362408672696299	92.51431274406748
0.3973948317111489	0.01	0.01	0.01	0.007	0.01	0.6495690274401978	0.10979045044641444	0.053040704113862865	0.04372118205484678	0.026174343942793457	6.179517318790414	6.141273526648853	5.419413933016405	9.060041073629266	0.8802575357975392	92.07863268363266
0.421580049055895	0.01	0.01	0.01	0.007	0.01	0.6647537290851082	0.11042647344126526	0.05305189366274065	0.04372400772541767	0.026147883734604437	6.757927314805186	6.61948576833405	5.779258316547891	9.632066177042134	0.9267918830248695	91.61732153930461
0.44731726643913083	0.01	0.01	0.01	0.007	0.01	0.6793629188729824	0.11096852303520184	0.05306252915241892	0.043726703496476706	0.026129614256490703	7.383334254673567	7.127710733582785	6.160185511570996	10.23652071947362	0.975997256109676	91.12894550432665
0.47470149811602114	0.01	0.01	0.01	0.007	0.01	0.6933255962427821	0.11142388802507328	0.05307337541395141	0.043729317271222305	0.02611728990682184	8.058281854227872	7.667056263941964	6.563220448491145	10.874836551279495	1.028013690480959	90.61217482543573
0.5038248522805034	0.01	0.01	0.01	0.007	0.01	0.7065734176798066	0.1118005470058359	0.05308489298807749	0.04373187309568762	0.026109163201525416	8.78507954814844	8.23847022047154	6.989296701080297	11.548267773757306	1.0829665277822984	90.06580015748156
0.5347773565287638	0.01	0.01	0.01	0.007	0.01	0.7190445394575553	0.1121070013006434	0.053097241294698234	0.043734380539910134	0.026103916369748303	9.565787533984473	8.842756419755466	7.439264349232088	12.257904325296433	1.1409679377260364	89.48872030342419
0.5676486355105761	0.01	0.01	0.01	0.007	0.01	0.7306870681886577	0.11235203089159296	0.05311030444087533	0.04373684108736686	0.026100588854231853	10.402229785283009	9.48060808168756	7.913909268992315	13.004704222270993	1.2021199833324052	88.87991464835078
0.6025280751529742	0.01	0.01	0.01	0.007	0.01	0.7414611117518447	0.11254439661451995	0.053123749727634326	0.04373925211639495	0.026098505056617285	11.295975499489465	10.152611466296397	8.413949606182927	13.789490034473724	1.2665147699645554	88.2384444954071
0.639499987984176	0.01	0.01	0.01	0.007	0.01	0.7513390190120268	0.11269253774466056	0.053137115482932366	0.04374160899279993	0.02609720677122577	12.248197047458763	10.859153880476644	8.939961454286882	14.612834547990426	1.3342254425978077	87.56354539879754
0.6786330358819903	0.01	0.01	0.01	0.007	0.01	0.760304869035022	0.11280432341027677	0.05314991207529163	0.04374390594107897	0.026096394088515117	13.259383336593979	11.600227876328645	9.49222784576953	15.474828024859795	1.4052872275480341	86.85481874408859
0.7199714653769953	0.01	0.01	0.01	0.007	0.01	0.7683554660311527	0.11288689074937078	0.05316171515415834	0.04374613663527823	0.026095877132383847	14.329108409931541	12.37528164905645	10.070622237229047	16.374902300037856	1.4796827921329156	86.11238050414808
0.7635404274614157	0.01	0.01	0.01	0.007	0.01	0.7755035223693781	0.11294655041220554	0.05317223165781821	0.04374829523779259	0.02609553921159864	15.456181887607762	13.183342022487906	10.674695666457257	17.311973232365766	1.557353644666702	85.33675012288053
0.8093664782415794	0.01	0.01	0.01	0.007	0.01	0.7817801288395545	0.11298872038570634	0.053181324697641245	0.04375037765686703	0.026095310361590508	16.639208747977115	14.023409979347555	11.303970096251609	18.28489886099326	1.6382378626829177	84.52847556607516
0.857497784688063	0.01	0.01	0.01	0.007	0.01	0.7872332111029816	0.1130178881326008	0.05318899712552709	0.04375238215772666	0.026095149334160794	17.877141448271743	14.894823904097489	11.958212528695098	19.292898845129493	1.7223051929591942	83.68778286567183
0.908012292881805	0.01	0.01	0.01	0.007	0.01	0.7919226736970977	0.1130376320834468	0.05319535051309242	0.04375430909557208	0.026095031919473217	19.169505302684453	15.797378144533045	12.637530202037926	20.335690362111578	1.8095690897916679	82.81445464573999
0.9610162537125472	0.01	0.01	0.01	0.007	0.01	0.7959151099309467	0.11305070814481835	0.053200540530502084	0.04375616025736197	0.026094943737631087	20.51635714629279	16.73125649172138	13.342328766111677	21.413410745017238	1.9000811635290162	81.90788387629362
1.0166400172323842	0.01	0.01	0.01	0.007	0.01	0.7992797338335623	0.1130591752739551	0.05320474138584751	0.04375793826147269	0.026094875996167742	21.91816098202477	17.696916519683228	14.073233406056936	22.526484222677688	1.9939209200906314	80.96717465970835
1.075035295677815	0.01	0.01	0.01	0.007	0.01	0.8020856710076413	0.11306453050490546	0.05320812266289176	0.04375964616363265	0.02609482308777232	23.375692633359638	18.695002056542567	14.831030443144183	23.67552147503151	2.0911881778248964	79.99121625954035
1.1363749066009998	0.01	0.01	0.01	0.007	0.01	0.8044001834676311	0.1130678346817767	0.05321083685364409	0.0437612872372409	0.02609478126239204	24.88999956352214	19.726298839095413	15.616641086196996	24.86126871239061	2.1919996430585957	78.97871538922253
1.2008543595161847	0.01	0.01	0.01	0.007	0.01	0.8062874397920241	0.113069820588224	0.05321301439587361	0.043762864851851824	0.026094747897560226	26.462397771739486	20.791718444009387	16.431116637609314	26.084588609447128	2.2964882536206117	77.92820049487186
1.2686943420997692	0.01	0.01	0.01	0.007	0.01	0.8078076227841577	0.11307098133374117	0.05321476326349432	0.04376438239324412	0.02609472109132782	28.09447981541411	21.89229139574149	17.27564114205343	27.346450845410867	2.4048034793555453	76.83801604333948
1.3401428377478104	0.01	0.01	0.01	0.007	0.01	0.8090162837933342	0.11307163984405963	0.05321617091725255	0.04376584318602952	0.026094699426828193	29.788101691441227	23.029147026656958	18.15152460226603	28.64790644299085	2.5171104073819377	75.70632857660894
1.4154757659341544	0.01	0.01	0.01	0.007	0.01	0.809963919143877	0.11307200165166485	0.05321730721279781	0.04376725040353448	0.026094681828699604	31.545323330681676	24.203463139324093	19.060173617488147	29.99002667200788	2.633585924580969	74.53116158531631
1.4949938132630007	0.01	0.01	0.01	0.007	0.01	0.8106957450569019	0.11307219368971615	0.05321822745232535	0.04376860694159881	0.0260946674703796	33.36825356295618	25.416353197198074	20.003013819464588	31.37377013121538	2.7544087163452886	73.3104925606836
1.5790116999067274	0.01	0.01	0.01	0.007	0.01	0.811251653141961	0.11307229187638451	0.0532189751811709	0.04376991523311811	0.026094655711062894	35.25872770454674	26.66864496486181	20.981326436215074	32.79972660980357	2.879738268319222	72.0424615588236
1.667832216206701	0.01	0.01	0.01	0.007	0.01	0.8116663178635134	0.11307234008232397	0.05321958456731381	0.04377117695539353	0.026094646051217966	37.21767656201975	27.960460919946176	21.995924797271243	34.26763805014028	3.0096733994461036	70.72578867878136
1.7616928860654912	0.01	0.01	0.01	0.007	0.01	0.8119694333585701	0.11307236273285326	0.05322008234528088	0.0437723925818054	0.026094638100326903	39.24398367850997	29.29047455804067	23.046563255840166	35.775558511328335	3.1441766236267004	69.36054261153713
1.8606717983805363	0.01	0.01	0.01	0.007	0.01	0.8121860599650386	0.11307237288615013	0.05322048938613265	0.04377356078670116	0.026094631552719294	41.332656574015104	30.65474280316733	24.130983937869647	37.318548817577366	3.2829523530358062	67.94938797426032
1.9645614817665744	0.01	0.01	0.01	0.007	0.01	0.8123370634165137	0.11307237721874777	0.05322082202671992	0.04377467798815828	0.02609462616787994	43.472658896604564	32.045360887305115	25.243775365927778	38.887196508668	3.425301385648986	66.49909165097857
2.072786626120557	0.01	0.01	0.01	0.007	0.01	0.8124395932881715	0.11307237897935891	0.05322109330748135	0.04377573877613295	0.026094621752108003	45.64604751779635	33.45001675924592	26.37589432643331	40.46718143884693	3.570060668987448	65.0211820507305
2.184487342952174	0.01	0.01	0.01	0.007	0.01	0.8125074800289075	0.11307237966370463	0.053221314088342624	0.043776737788268	0.02609461814173224	47.830606767448316	34.85382505859076	27.51600223448816	42.04141707061905	3.7157752558341404	63.53024719078259
2.2987596465651543	0.01	0.01	0.01	0.007	0.01	0.8125514864025092	0.11307237992023976	0.053221493750540354	0.043777672008855996	0.026094615192751896	50.00517490676995	36.242834032438054	28.653221530165276	43.59403263762777	3.8610512978139706	62.040358362802884
2.4148499029709467	0.01	0.01	0.01	0.007	0.01	0.8125795611468437	0.11307238001384942	0.05322164035440734	0.04377854156549284	0.026094612779313662	52.15332985813581	37.60637490972366	29.77906560879897	45.112993853964326	4.004802557885872	60.56254104944479
2.532204588871924	0.01	0.01	0.01	0.007	0.01	0.8125972713838137	0.11307238004736535	0.05322176060073247	0.04377934901287092	0.026094610795372564	54.26385655655247	38.93729165936701	30.887705201732864	46.59031495313116	4.1462838704016605	59.10440375833238
2.650445977056353	0.01	0.01	0.01	0.007	0.01	0.8126083576192727	0.11307238005920932	0.053221859892155186	0.04378009829862519	0.02609460915453605	56.329770130892065	40.231245428204474	31.97548100190199	48.02123486601445	4.285028278537004	57.6707527970247
2.7693282281657323	0.01	0.01	0.01	0.007	0.01	0.8126152610484427	0.1130723800633571	0.05322194249821096	0.0437807939479959	0.02609460778797218	58.34709412686967	41.48588145751346	33.04028255630305	49.40325181676673	4.4207672418656525	56.264388186828604
2.8886999148351986	0.01	0.01	0.01	0.007	0.01	0.8126195443642017	0.11307238006480029	0.05322201175989426	0.043781440564742646	0.026094606641462233	60.313891263645374	42.70017573838315	34.08105334686831	50.73537070949876	4.553367117768607	54.88674027078693
3.0084718705737608	0.01	0.01	0.01	0.007	0.01	0.8126221951696014	0.11307238006530007	0.05322207028206448	0.04378204254167541	0.02609460567250353	62.229504219412945	43.87393084745338	35.09740077892333	52.017526933096065	4.682779171402016	53.53837389821247
3.1285910412077538	0.01	0.01	0.01	0.007	0.01	0.8126238324358749	0.11307238006547256	0.0532221200967289	0.0437826039126116	0.026094604847790193	64.0939932044538	45.007408664336324	36.089305357219494	53.25017031859017	4.8090023521423335	52.21936646902944
3.249021774187482	0.01	0.01	0.01	0.007	0.01	0.8126248420327487	0.11307238006553184	0.053222162794951684	0.04378312830034007	0.026094604141143868	65.90776576115199	46.1010925628445	37.05692808683978	54.433998091939465	4.932058676014839	50.929559624858186
3.3697347002683236	0.01	0.01	0.01	0.007	0.01	0.8126254636814119	0.1130723800655522	0.05322219963024106	0.0437836189242472	0.026094603531874153	67.67137195845471	47.15555784515092	38.000503365734865	55.56981051824619	5.051979552807251	49.66869989324511
3.4907016927780554	0.01	0.01	0.01	0.007	0.01	0.8126258459477756	0.11307238006555914	0.05322223159783648	0.04378407863815151	0.026094603003507823	69.38541645710447	48.171416792148094	38.920292848972665	56.658450009732135	5.16879990282245	48.436499500754074
3.6118947170437616	0.01	0.01	0.01	0.007	0.01	0.8126260807279924	0.11307238006556151	0.05322225949463795	0.043784509977982784	0.02609460254282491	71.05053725051697	49.149305186194084	39.81657441591833	57.700785975523935	5.282556748925549	47.23265085298926
3.7332866490521397	0.01	0.01	0.01	0.007	0.01	0.8126262247681322	0.1130723800655623	0.0532222839641883	0.04378491520794036	0.026094602139129584	72.66741345172368	50.08988620278559	40.68964662521976	58.69771842117064	5.3932897771008275	46.056820332753624
3.8548524211048885	0.01	0.01	0.01	0.007	0.01	0.8126263130529369	0.11307238006556261	0.05322230553037261	0.04378529635948246	0.02609460178370134	74.23677539935602	50.99385526055402	41.53983451170361	59.65018234340483	5.501042063816207	44.908640160065055
3.9765699130458754	0.01	0.01	0.01	0.007	0.01	0.8126263671185708	0.11307238006556267	0.05322232462282683	0.043785655262892395	0.02609460146938016	75.75940917023584	51.86194122282499	42.36749246928473	60.559148031659355	5.605860430240662	43.78770403626416
4.098420205271154	0.01	0.01	0.01	0.007	0.01	0.812626400204055	0.11307238006556274	0.05322234159624494	0.043785993572174574	0.026094601190250335	77.23615182487737	52.694902091407286	43.17300216020689	61.42561547965435	5.707795164407607	42.69356943840628
4.220387383122111	0.01	0.01	0.01	0.007	0.01	0.8126264204377991	0.11307238006556274	0.0532223567452329	0.043786312785296495	0.026094600941394888	78.6678814155255	53.49351781382091	43.95676754590793	62.250605857425235	5.80689937946844	41.625763838043945
4.342458036697617	0.01	0.01	0.01	0.007	0.01	0.8126264328050327	0.11307238006556274	0.05322237031585933	0.0437866142611168	0.026094600718705372	80.05550454691742	54.25858198086261	44.719208500387474	63.03515201998361	5.903228194697458	40.5837929323399
4.4646207393110515	0.01	0.01	0.01	0.007	0.01	0.8126264403603991	0.11307238006556274	0.05322238251473995	0.04378689923419441	0.026094600518731827	81.39994525815689	54.99089459960526	45.46075504335398	63.78029035996246	5.996837997628674	39.56714814333313
4.586865578634498	0.01	0.01	0.01	0.007	0.01	0.8126264449741002	0.11307238006556274	0.05322239351623746	0.043787168827913316	0.026094600338562497	82.70213593816011	55.69125630108662	46.18184259468698	64.48705434685724	6.087785837816639	38.57531282698525
4.709183879442791	0.01	0.01	0.01	0.007	0.01	0.8126264477903762	0.11307238006556274	0.05322240346821457	0.04378742406633728	0.026094600175728542	83.96301144371355	56.360464537713014	46.88290892016341	65.15647026054187	6.176129036122514	37.60776624631854
4.8315679488965015	0.01	0.01	0.01	0.007	0.01	0.8126264495088811	0.11307238006556274	0.053222412496642856	0.04378766588464115	0.02609460002812733	85.18350421890219	56.99931049560468	47.56439157774124	65.78955376982445	6.261924858583139	36.663986915353505
4.954010950274993	0.01	0.01	0.01	0.007	0.01	0.8126264505571967	0.11307238006556274	0.0532224207093246	0.04378789513844536	0.026094599893960367	86.3645413095451	57.60857714900038	48.22672637582194	66.38730774993081	6.3452303189198	35.743454592178104
5.076506816474078	0.01	0.01	0.01	0.007	0.01	0.812626451196509	0.11307238006556274	0.053222428198907566	0.04378811261204925	0.026094599771682454	87.50704212348285	58.189037792952625	48.87034622141758	66.95072063771407	6.426102030839229	34.84565176093367
5.199050203505942	0.01	0.01	0.01	0.007	0.01	0.8126264515862954	0.11307238006556274	0.05322243504534045	0.04378831902570275	0.026094599659961276	88.6119168249724	58.74145496862107	49.49568030432224	67.48076522048227	6.504596103112517	33.97006466798449
5.321636362361961	0.01	0.01	0.01	0.007	0.01	0.8126264518238939	0.11307238006556274	0.05322244131787739	0.04378851504191359	0.02609459955764331	89.68006421724513	59.266579194722425	50.10315297282895	67.978397285579	6.580767996429446	33.11618481020634
5.444261067270182	0.01	0.01	0.01	0.007	0.01	0.8126264519686958	0.11307238006556274	0.05322244707672998	0.043788701271087284	0.026094599463726408	90.71237040866419	59.76514816360615	50.693183030371145	68.44455476936103	6.6546724336908465	32.283509858608845
5.566920608654603	0.01	0.01	0.01	0.007	0.01	0.8126264520569279	0.11307238006556274	0.053222452374433425	0.043788878276574586	0.026094599377337192	91.70970819170313	60.23788633007826	51.26618342470619	68.88015731054621	6.726363359859858	31.471544044027432
5.689611655879808	0.01	0.01	0.01	0.007	0.01	0.8126264521106817	0.11307238006556274	0.053222457256976545	0.04378904657902978	0.02609459929771133	92.67293549101754	60.685504097274354	51.82256039052823	69.28610546215424	6.795893833735413	30.679799329899282
5.8123312172590476	0.01	0.01	0.01	0.007	0.01	0.8126264521434255	0.11307238006556274	0.05322246176474666	0.043789206660381115	0.0260945992241784	93.6028948148726	61.10869753746173	52.362713149608666	69.6632804410997	6.863315989984433	29.90779581575531
5.935076640583025	0.01	0.01	0.01	0.007	0.01	0.8126264521633684	0.11307238006556274	0.05322246593332255	0.043789358967391466	0.026094599156148417	94.50041310040342	61.50814831913631	52.887033831244594	70.01254408328276	6.928681028892281	29.155061834875035
6.057845532251011	0.01	0.01	0.01	0.007	0.01	0.8126264521755135	0.11307238006556274	0.05322246979413752	0.04378950391477679	0.026094599093100662	95.36630102770498	61.88452341853974	53.3959070759245	70.33473862719227	6.99203916678801	28.421134513599146
6.18063573320486	0.01	0.01	0.01	0.007	0.01	0.8126264521829091	0.11307238006556274	0.05322247337504137	0.043789641888038404	0.026094599034574034	96.20135286535526	62.238475102684234	53.88970993808379	70.63068676250897	7.053439624055005	27.705559913634335
6.303445319202971	0.01	0.01	0.01	0.007	0.01	0.8126264521874118	0.11307238006556274	0.053222476700776004	0.0437897732460105	0.02609459898015943	97.00634652907364	62.57064101865152	54.36881190980472	70.90119178090269	7.112930628310804	27.007893004509107
6.426272544106559	0.01	0.01	0.01	0.007	0.01	0.8126264521901531	0.11307238006556274	0.053222479793378595	0.043789898323115674	0.026094598929492896	97.78204330454295	62.88164415731178	54.83357474046204	71.14703763565767	7.170559392355735	26.327697937591367
6.549115823781366	0.01	0.01	0.01	0.007	0.01	0.8126264521918216	0.11307238006556274	0.05322248267252619	0.043790017431416875	0.02609459888224965	98.52918790741936	63.17209297905119	55.28435244942105	71.36898915224631	7.226372116291708	25.66454804724733
6.671973752517197	0.01	0.01	0.01	0.007	0.01	0.8126264521928375	0.11307238006556274	0.053222485355831316	0.04379013086247721	0.026094598838139235	99.24850876192184	63.44258163194098	55.72149146815192	71.56779231615273	7.280414005726652	25.0180256642044
6.794845021776458	0.01	0.01	0.01	0.007	0.01	0.812626452193456	0.11307238006556274	0.05322248785909341	0.043790238888999584	0.02609459879690174	99.94071772615926	63.693689968608396	56.1453304438589	71.7441744188228	7.332729248190248	24.387722431913538
6.917728477250791	0.01	0.01	0.01	0.007	0.01	0.8126264521938322	0.11307238006556274	0.053222490196518334	0.04379034176636057	0.026094598758303215	100.60651066439006	63.925983894370816	56.556200553400075	71.89884445844059	7.3833610527479125	23.77323887293525
7.040623053835871	0.01	0.01	0.01	0.007	0.01	0.812626452194061	0.11307238006556274	0.053222492380904964	0.043790439733956896	0.02609459872213331	101.24656732609304	64.14001546193725	56.95442539340852	72.03249336072435	7.43235163728737	23.174184584872027
7.1635277838311335	0.01	0.01	0.01	0.007	0.01	0.8126264521942006	0.11307238006556274	0.05322249442380892	0.043790533016450486	0.026094598688202443	101.86155166801736	64.33632313724009	57.3403211379599	72.1457943293251	7.47974224892373	22.590178042422924
7.286441805135111	0.01	0.01	0.01	0.007	0.01	0.8126264521942856	0.11307238006556274	0.053222496335683725	0.0437906218248951	0.026094598656338973	102.45211216601386	64.5154320576974	57.714196691231116	72.23940318709427	7.525573183754008	22.020846405561272
7.409364328729314	0.01	0.01	0.01	0.007	0.01	0.812626452194337	0.11307238006556274	0.05322249812600403	0.04379070635775461	0.026094598626387733	103.01888193344458	64.67785423231125	58.07635371742185	72.31395868720219	7.569883791573267	21.465825514946108
7.532294614287669	0.01	0.01	0.01	0.007	0.01	0.8126264521943685	0.11307238006556274	0.053222499803371875	0.04379078680183417	0.026094598598207692	103.56247891125362	64.82408877596845	58.42708671150733	72.37008285538887	7.612712485710056	20.92475982999976
7.655231994628829	0.01	0.01	0.01	0.007	0.01	0.8126264521943874	0.11307238006556274	0.05322250137561222	0.04379086333313627	0.026094598571671034	104.08350628461528	64.9546222085267	58.76668321464051	72.40838136136031	7.654096770563908	20.397302145517948
7.778175883886279	0.01	0.01	0.01	0.007	0.01	0.8126264521943991	0.11307238006556274	0.0532225028498553	0.04379093611763576	0.026094598546661265	104.58255280454182	65.06992871775714	59.09542397180304	72.4294438629052	7.694073262003482	19.883113393733208
7.901125720532318	0.01	0.01	0.01	0.007	0.01	0.8126264521944063	0.11307238006556274	0.053222504232607305	0.04379100531198796	0.026094598523072016	105.0601928507535	65.1704703644204	59.41358291814722	72.43384434173178	7.732677686954496	19.381862715291522
8.024080983677099	0.01	0.01	0.01	0.007	0.01	0.8126264521944107	0.11307238006556274	0.05322250552981591	0.043791071064182896	0.026094598500806313	105.51698681553135	65.25669737145098	59.72142737300361	72.42214146832498	7.769944908333356	18.893227209389973
8.147041225656928	0.01	0.01	0.01	0.007	0.01	0.8126264521944132	0.11307238006556274	0.053222506746926364	0.04379113351414049	0.026094598479775234	105.95348152181494	65.32904840551751	60.019218261784324	72.39487894279675	7.805908953244962	18.41689163491132
8.270006039475035	0.01	0.01	0.01	0.007	0.01	0.8126264521944149	0.11307238006556274	0.05322250788893097	0.04379119279425705	0.026094598459897523	106.3702103894422	65.38795080527734	60.307210170006044	72.35258583244845	7.8406030208143465	17.95254837626787
8.392975018090585	0.01	0.01	0.01	0.007	0.01	0.8126264521944158	0.11307238006556274	0.05322250896041275	0.043791249029913396	0.02609459844109851	106.76769360274268	65.43382082451542	60.58565139269253	72.29577693216973	7.874059489591721	17.499897422279965
8.515947803289208	0.01	0.01	0.01	0.007	0.01	0.8126264521944163	0.11307238006556274	0.05322250996558598	0.04379130233993617	0.026094598423309516	107.14643857886104	65.46706391513185	60.85478419229489	72.22495308948388	7.906309950063036	17.05864600830789
8.638924061258178	0.01	0.01	0.01	0.007	0.01	0.8126264521944168	0.11307238006556274	0.053222510908329836	0.043791352837025926	0.02609459840646767	107.506940175998	65.48807496600462	61.11484487927936	72.1406015436474	7.937385215743283	16.62850854206397
8.761903498881459	0.01	0.01	0.01	0.007	0.01	0.8126264521944171	0.11307238006556274	0.05322251179222072	0.043791400628147945	0.026094598390514562	107.84968102854492	65.49723855280861	61.36606398268992	72.04319624016874	7.967315345057495	16.20920638222331
8.884885847455942	0.01	0.01	0.01	0.007	0.01	0.8126264521944172	0.11307238006556274	0.053222512620559145	0.04379144581489828	0.026094598375396707	108.1751317787073	65.49492917580997	61.608666347961694	71.93319815942284	7.996129654487527	15.80046773566622
9.007870830114875	0.01	0.01	0.01	0.007	0.01	0.8126264521944172	0.11307238006556274	0.05322251339639494	0.04379148849384651	0.026094598361064467	108.48375127654796	65.48151150448471	61.84287120847997	71.8110556658424	8.02385672866097	15.402027601607479
9.130858235136655	0.01	0.01	0.01	0.007	0.01	0.8126264521944172	0.11307238006556274	0.0532225141225498	0.043791528756831274	0.02609459834747211	108.77598704456669	65.45734060859122	62.06889245834496	71.67720474854815	8.050524454252633	15.013627373167152
9.253847850787533	0.01	0.01	0.01	0.007	0.01	0.8126264521944172	0.11307238006556274	0.05322251480163664	0.0437915666912617	0.026094598334577022	109.05227537630479	65.42276219099458	62.286938652353705	71.53206938374062	8.076160021488306	14.63501489864772
9.376839473468252	0.01	0.01	0.01	0.007	0.01	0.8126264521944172	0.11307238006556274	0.053222515436078616	0.043791602380382856	0.0260945983223402	109.31304163101186	65.37811281926501	62.49721315177287	71.37606183047836	8.100789942974073	14.265944297673189
9.499832907715572	0.01	0.01	0.01	0.007	0.01	0.8126264521944172	0.11307238006556274	0.05322251602812407	0.04379163590352494	0.026094598310724738	109.55870049981601	65.32372015162588	62.6999142507324	71.20958292618427	8.12444007018552	13.90617580840826
9.622827990640928	0.01	0.01	0.01	0.007	0.01	0.8126264521944172	0.11307238006556274	0.053222516579862364	0.04379166733632519	0.026094598299696854	109.78965631011172	65.25990314399739	62.895235337743024	71.03302233910611	8.147135613986492	13.555475569567413
9.745824575641102	0.01	0.01	0.01	0.007	0.01	0.8126264521944172	0.11307238006556274	0.05322251709323633	0.043791696750946026	0.02609459828922499	110.00630323760764	65.1869722667902	63.08336498472618	70.8467588658394	8.16890115661941	13.21361552809809
9.868822524253597	0.01	0.01	0.01	0.007	0.01	0.8126264521944172	0.11307238006556274	0.05322251757005453	0.043791724216276876	0.026094598279279704	110.20902553743025	65.10522971869437	63.264487051015955	70.65116071726334	8.189760665459152	12.880373321084326
9.991821698011467	0.01	0.01	0.01	0.007	0.01	0.8126264521944172	0.11307238006556274	0.05322251801200181	0.043791749798121775	0.026094598269833846	110.3981977750347	65.01496963908447	63.43878078742549	70.44658580174229	8.209737506772113	12.555532157514945
10.114821958443784	0.01	0.01	0.01	0.007	0.01	0.8126264521944172	0.11307238006556274	0.05322251842064942	0.04379177355937399	0.026094598260861537	110.57418506775649	64.91647831195179	63.606420951075364	70.23338199084043	8.228854460693986	12.23888067943978
10.237823215952792	0.01	0.01	0.01	0.007	0.01	0.8126264521944172	0.11307238006556274	0.05322251879746376	0.04379179556015771	0.026094598252339136	110.73734338271953	64.81003432093318	63.76757798015422	70.01188728878145	8.2471337429371	11.930212705465406
10.360825356500113	0.01	0.01	0.01	0.007	0.01	0.8126264521944172	0.11307238006556274	0.05322251914381457	0.04379181585800577	0.026094598244244066	110.88801965596582	64.69590879850645	63.92241800030565	69.78243020862917	8.264597007266175	11.629327291025083
10.48382829862987	0.01	0.01	0.01	0.007	0.01	0.8126264521944172	0.11307238006556274	0.05322251946098222	0.04379183450797869	0.026094598236555896	111.0265520912043	64.57436556535296	64.07110300534194	69.5453299156201	8.281265367800257	11.336028457134226
10.606831944592134	0.01	0.01	0.01	0.007	0.01	0.8126264521944172	0.11307238006556274	0.053222519750164135	0.04379185156281524	0.026094598229254626	111.15327031545864	64.4456613584627	64.2137908980478	69.30089655689622	8.297159405423717	11.050125186266621
10.729836212927959	0.01	0.01	0.01	0.007	0.01	0.8126264521944172	0.11307238006556274	0.05322252001248186	0.04379186707304289	0.026094598222322202	111.26849563013437	64.31004597974423	64.35063563147997	69.04943143398381	8.312299185494684	10.771431221431358
10.852841022177216	0.01	0.01	0.01	0.007	0.01	0.8126264521944172	0.11307238006556274	0.053222520248985834	0.04379188108709937	0.026094598215741276	111.37254119943266	64.16776248705011	64.48178728749387	68.7912272621797	8.326704268450221	10.49976498628814
10.975846315317803	0.01	0.01	0.01	0.007	0.01	0.8126264521944172	0.11307238006556274	0.0532225204606604	0.04379189365142952	0.026094598209496056	111.46571227177488	64.01904733599866	64.60739219812817	68.52656834106652	8.340393725104658	10.23494941595141
11.09885201903422	0.01	0.01	0.01	0.007	0.01	0.8126264521944172	0.11307238006556274	0.053222520648429514	0.04379190481060562	0.026094598203570987	111.5483063426947	63.86413059390932	64.72759299593389	68.25573085726019	8.353386144110145	9.976811933606449
11.221858076303064	0.01	0.01	0.01	0.007	0.01	0.8126264521944172	0.11307238006556274	0.053222520813160125	0.043791914607406786	0.02609459819795191	111.62061337386628	63.703236064213044	64.8425287396443	67.9789830272543	8.365699647634713	9.725184268637834
11.344864430100465	0.01	0.01	0.01	0.007	0.01	0.8126264521944172	0.11307238006556274	0.05322252095566635	0.043791923082916205	0.026094598192625537	111.68291596822344	63.5365814646678	64.95233498658573	67.69658533887993	8.377351901165488	9.479902384063106
11.467871031548587	0.01	0.01	0.01	0.007	0.01	0.8126264521944172	0.11307238006556274	0.05322252107671342	0.043791930276600964	0.026094598187579282	111.73548955801304	63.36437857156118	65.05714388735626	67.40879073450498	8.38836012568193	9.240806354616367
11.590877831769319	0.01	0.01	0.01	0.007	0.01	0.8126264521944172	0.11307238006556274	0.05322252117702013	0.043791936226395274	0.02609459818280098	111.77860257941744	63.18683338177317	65.15708426347392	67.11584482623203	8.398741107961921	9.007740280336131
11.713884790030773	0.01	0.01	0.01	0.007	0.01	0.8126264521944172	0.11307238006556274	0.05322252125726349	0.043791940968769996	0.026094598178279475	111.81251665041916	63.00414624868851	65.25228169716357	66.81798606846077	8.408511212117975	8.780552170582634
11.836891890040254	0.01	0.01	0.01	0.007	0.01	0.8126264521944172	0.11307238006556274	0.05322252131808014	0.043791944538793814	0.02609459817400415	111.83748674211544	62.81651199986248	65.34285862308406	66.51544590355822	8.417686391215057	8.559093818357335
11.959899082919204	0.01	0.01	0.01	0.007	0.01	0.8126264521944172	0.11307238006556274	0.05322252136006961	0.04379194697022968	0.026094598169965184	111.85376133200675	62.624120163581324	65.42893436461115	66.20844908379557	8.426282193228852	8.343220808368198
12.082906319788968	0.01	0.01	0.01	0.007	0.01	0.8126264521944172	0.11307238006556274	0.053222521383796434	0.04379194829557985	0.02609459816615311	111.86158257965671	62.42715505976694	65.51062523844656	65.89721377253305	8.434313773986027	8.13279236079506
12.20591356806376	0.01	0.01	0.01	0.007	0.01	0.8126264521944172	0.11307238006556274	0.053222521389792644	0.04379194854613596	0.02609459816255889	111.86118648501724	62.225795906803235	65.58804464014655	65.58195167579079	8.441795907974049	7.927671213113374
12.328920811450685	0.01	0.01	0.01	0.007	0.01	0.8126264521944172	0.11307238006556274	0.05322252137855956	0.04379194775203302	0.026094598159173924	111.85280303814137	62.02021694920646	65.66130311506045	65.26286820895365	8.448742997599027	7.727723534414371
12.45192801736396	0.01	0.01	0.01	0.007	0.01	0.8126264521944172	0.11307238006556274	0.05322252135057024	0.04379194594232047	0.026094598155990224	111.83665637073778	61.810587638394054	65.7305084098285	64.94016274550974	8.455169080595695	7.532818892677463
12.574935169510718	0.01	0.01	0.01	0.007	0.01	0.8126264521944172	0.11307238006556274	0.053222521306270656	0.04379194314499316	0.026094598153000442	111.81296490165998	61.597072702480794	65.7957655620182	64.61402869358544	8.461087841028013	7.342830116885103
12.697942251598118	0.01	0.01	0.01	0.007	0.01	0.8126264521944172	0.11307238006556274	0.05322252124608153	0.04379193938704696	0.02609459815019721	111.78194148052594	61.379832293858435	65.85717695810627	64.28465369448634	8.466512617198887	7.1576332416942305
12.820949231040496	0.01	0.01	0.01	0.007	0.01	0.8126264521944172	0.11307238006556274	0.05322252117039993	0.04379193469453272	0.026094598147573627	111.74379353371198	61.159022136798555	65.91484239287638	63.95221981995012	8.471456409738519	6.977107450282833
12.943956107837936	0.01	0.01	0.01	0.007	0.01	0.8126264521944172	0.11307238006556274	0.053222521079600515	0.04379192909256925	0.026094598145123153	111.69872318655442	60.93479355504049	65.96885915766678	63.61690358931386	8.475931892089982	6.801134923609185
13.066962849404895	0.01	0.01	0.01	0.007	0.01	0.8126264521944172	0.11307238006556274	0.05322252097403709	0.04379192260542175	0.026094598142839986	111.6469274169956	60.7072937009525	66.01932207326124	63.278876290881776	8.479951416164976	6.629600859346364
13.189969431302334	0.01	0.01	0.01	0.007	0.01	0.8126264521944172	0.11307238006556274	0.053222520854043685	0.04379191525651535	0.026094598140717885	111.58859817412682	60.476665592274614	66.0663235714122	62.938304013799566	8.483527022122297	6.462393336596175
13.312975845384079	0.01	0.01	0.01	0.007	0.01	0.8126264521944172	0.11307238006556274	0.05322252071993578	0.04379190706846506	0.026094598138751552	111.52392249823909	60.24304820200187	66.10995375671723	62.595347762231256	8.486670446272585	6.2994032338232255
13.435982083503989	0.01	0.01	0.01	0.007	0.01	0.8126264521944172	0.11307238006556274	0.05322252057201123	0.04379189806311923	0.026094598136935515	111.45308265013215	60.00657659185727	66.1503004580856	62.25016363410333	8.489393128132148	6.140524181291297
13.558988145662315	0.01	0.01	0.01	0.007	0.01	0.8126264521944172	0.11307238006556274	0.05322252041055117	0.04379188826158672	0.02609459813526492	111.37625622650495	59.76738199771958	66.18744928847198	61.9029029291043	8.491706218046703	5.985652481559794
13.68199401556662	0.01	0.01	0.01	0.007	0.01	0.8126264521944172	0.11307238006556274	0.053222520235821455	0.04379187768428304	0.02609459813373476	111.29361629267524	59.525591975856926	66.22148369333219	61.553712345326424	8.493620584014922	5.834687072744658
13.804999693217203	0.01	0.01	0.01	0.007	0.01	0.8126264521944172	0.11307238006556274	0.053222520048072625	0.04379186635093756	0.02609459813234049	111.20533147691876	59.28133043585584	66.25248501499813	61.20273401171032	8.495146819414167	5.687529421552369
13.928005146029099	0.01	0.01	0.01	0.007	0.01	0.8126264521944172	0.11307238006556274	0.05322251984754185	0.04379185428065428	0.026094598131077923	111.11156611688486	59.034717831299524	66.28053253327336	60.85010574855391	8.496295249296246	5.544083517783751
14.05101039029532	0.01	0.01	0.01	0.007	0.01	0.8126264521944172	0.11307238006556274	0.053222519634452355	0.043791841491882984	0.026094598129942786	111.01248030825307	58.785871088656094	66.3057035367858	60.495960952609	8.497075938029404	5.404255715471908
14.174015393431077	0.01	0.01	0.01	0.007	0.01	0.8126264521944172	0.11307238006556274	0.0532225194090155	0.04379182800250948	0.026094598128931126	110.90823008538933	58.5349038923401	66.32807335116479	60.14042899232747	8.497498694968177	5.267954785860963
14.297020163583111	0.01	0.01	0.01	0.007	0.01	0.8126264521944172	0.11307238006556274	0.053222519171430435	0.043791813829819365	0.02609459812803917	110.7989674536061	58.28192659067978	66.34771540709808	59.78363506224528	8.497573081505951	5.135091755400129
14.420024700751863	0.01	0.01	0.01	0.007	0.01	0.8126264521944172	0.11307238006556274	0.053222518921884926	0.04379179899055297	0.02609459812726334	110.68484052815693	58.02704637893931	66.36470127760819	59.425700432610284	8.497308416933318	5.005579904177075
14.543028996791538	0.01	0.01	0.01	0.007	0.01	0.8126264521944172	0.11307238006556274	0.053222518660556	0.043791783500927106	0.026094598126600088	110.56599363434913	57.770367382539725	66.37910072577024	59.066742556264444	8.496713784659532	4.879334708174266
14.666033051702605	0.01	0.01	0.01	0.007	0.01	0.8126264521944172	0.11307238006556274	0.05322251838761121	0.04379176737664446	0.02609459812604626	110.442567388383	57.51199070374461	66.39098175258911	58.70687512494225	8.495798038128706	4.75627376694478
14.789036857339337	0.01	0.01	0.01	0.007	0.01	0.8126264521944172	0.11307238006556274	0.05322251810320758	0.04379175063292357	0.02609459812559863	110.31469880660741	57.25201453404229	66.40041063955843	58.34620821783293	8.494569806698372	4.636316766568305
14.912040413702236	0.01	0.01	0.01	0.007	0.01	0.8126264521944172	0.11307238006556274	0.053222517807493284	0.04379173328450704	0.026094598125254068	110.1825213803478	56.990534196327744	66.40745199358935	57.9848483523421	8.493037501173067	4.519385410928849
15.03504370449947	0.01	0.01	0.01	0.007	0.01	0.8126264521944172	0.11307238006556274	0.05322251750060825	0.043791715345695856	0.02609459812500998	110.04616519086485	56.727642271239255	66.41216878777666	57.622898651723055	8.49120931960867	4.4054033939680695
15.158046746023917	0.01	0.01	0.01	0.007	0.01	0.8126264521944172	0.11307238006556274	0.05322251718268309	0.04379169683033174	0.0260945981248634	109.9057569420819	56.463428565353375	66.4146224046225	57.260458794701066	8.489093251978737	4.294296304386705
15.281049538276081	0.01	0.01	0.01	0.007	0.01	0.8126264521944172	0.11307238006556274	0.053222516853841585	0.04379167775184802	0.026094598124811554	109.76142009789831	56.19798028594601	66.4148726735808	56.89762525015341	8.486697086044808	4.185991623319896
15.404052064964228	0.01	0.01	0.01	0.007	0.01	0.8126264521944172	0.11307238006556274	0.053222516514198966	0.043791658123285296	0.026094598124852098	109.61327496718167	55.931382110778664	66.41297791169532	56.534491366072714	8.484028412652048	4.080418675108608
15.527054326088933	0.01	0.01	0.01	0.007	0.01	0.8126264521944172	0.11307238006556274	0.053222516163864045	0.043791637957282616	0.026094598124982667	109.46143874574187	55.66371618491949	66.4089949618074	56.17114735977915	8.481094630069327	3.9775085524904714
15.65005632165077	0.01	0.01	0.01	0.007	0.01	0.8126264521944172	0.11307238006556274	0.05322251580293849	0.043791617266103096	0.026094598125200787	109.30602561291097	55.39506222112736	66.40297922929143	55.80768045004106	8.477902949103822	3.877194086514328
15.773058067942442	0.01	0.01	0.01	0.007	0.01	0.8126264521944172	0.11307238006556274	0.053222515431517285	0.04379159606163593	0.02609459812550427	109.14714678654705	55.125497527894666	66.3949847171374	55.444174890893905	8.474460397359485	3.7794097898973047
15.896059564964455	0.01	0.01	0.01	0.007	0.01	0.8126264521944172	0.11307238006556274	0.05322251504968905	0.04379157435543239	0.026094598125890985	108.98491063860718	54.85509714283228	66.38506406292605	55.08071214780961	8.47077382469739	3.684091840817706
16.0	0.01	0.01	0.01	0.007	0.01	0.8126264521944172	0.11307238006556274	0.053222514719004445	0.04379156254839465	0.026094598126281107	108.84527623464227	54.62600162844385	66.37521718206625	54.77366487043343	8.467473251557516	3.6054214202529766
