0.0	0.01	0.01	0.01	0.007	0.01	0.0	0.0	0.0	0.0	0.0	0.0	0.0	0.0	0.0	0.0	100.0
0.0033929315512923478	0.01	0.01	0.01	0.007	0.01	0.01096520692234596	0.0032535647418488146	0.0035928005752623934	0.004012562576216382	0.0029989644779292303	0.0008100530495050971	0.0011482082832822125	0.0018840442670017238	0.004356154185588893	0.0004166389701642133	99.93000852766039
0.0054525210303418194	0.01	0.01	0.01	0.007	0.01	0.01754780612752117	0.00518123110813261	0.005655161719123462	0.006263461139483133	0.004732058065610399	0.0020849758155722315	0.0029458028344277265	0.004796665246488524	0.011022635907219839	0.0010624218913172956	99.88754594924403
0.008548846561440714	0.01	0.01	0.01	0.007	0.01	0.02734055269903846	0.008013634575507555	0.008596667310337494	0.009405414742856857	0.007224949823741941	0.005099598464555636	0.007170345768900036	0.011543266332094376	0.026288570937471088	0.002563551479761176	99.82374292305902
0.011411197476340632	0.01	0.01	0.01	0.007	0.01	0.03628410102078111	0.010563573654058618	0.011155066058161566	0.012070578682232977	0.00942165852334893	0.00904416304092785	0.012660369374560568	0.020171195142864688	0.04556816751005119	0.004492365424703966	99.76479744020757
0.01473547366339626	0.01	0.01	0.01	0.007	0.01	0.04654092289309963	0.013444741841013463	0.013944296741349609	0.014901860415991078	0.011860724429466112	0.01500031099346157	0.020890933913126138	0.0328924526051704	0.07363313310179533	0.007353606166163646	99.69638303888257
0.018123025240779245	0.01	0.01	0.01	0.007	0.01	0.05685107538183842	0.01629447998414508	0.016598071022580537	0.017520834415561102	0.014242467356183994	0.022566389243852004	0.03126620458944125	0.04864739658153952	0.10792909593973549	0.01092560666209949	99.6267146782979
0.021772705745683952	0.01	0.01	0.01	0.007	0.01	0.06780097356741896	0.019270223179335976	0.01925872878978996	0.020070268395635183	0.016715143413225133	0.03238011543733851	0.04461630993048723	0.06855300282571794	0.15067719878647381	0.015484783830011752	99.55170985635523
0.025563427252080037	0.01	0.01	0.01	0.007	0.01	0.0790029931474205	0.022260454824433593	0.021819762747627595	0.02244885334093253	0.019206122861096363	0.0443664523284747	0.060785726112362604	0.09221076084419813	0.20078818940904786	0.02097320960189785	99.47386627449211
0.029550426983678556	0.01	0.01	0.01	0.007	0.01	0.09059988617293323	0.02529868873410895	0.024307498612669776	0.024685241529762147	0.021766450394289684	0.05890874327266935	0.08023329657615827	0.12011926933925353	0.2590915639365886	0.027550166902071464	99.39205773889
0.033697586707702655	0.01	0.01	0.01	0.007	0.01	0.10246445235691691	0.028346791481789566	0.026688658238557216	0.026754060509559103	0.02438601221896486	0.07609997369785321	0.10301727032513758	0.15217486033621047	0.32513855760951726	0.03524748731269725	99.30703429688138
0.03801936691002068	0.01	0.01	0.01	0.007	0.01	0.11461716894839934	0.03140593265158519	0.028964250361258315	0.028662217170190175	0.02707899751212991	0.09621028345929279	0.1294237729471752	0.1885868609925293	0.3991369173621891	0.04418230326424373	99.21850824357547
0.04250456294919355	0.01	0.01	0.01	0.007	0.01	0.12700521209983653	0.0344589118603629	0.031122518452595675	0.03040642575465147	0.029822054140544087	0.11940066491054546	0.15958528185136872	0.22933650268256794	0.480830653379335	0.054423469934378244	99.12671827603673
0.047162110169025453	0.01	0.01	0.01	0.007	0.01	0.1396319795917892	0.03750300165597716	0.03316370675546842	0.03199403539277327	0.03256448117714145	0.145928520601046	0.19375092204839994	0.2745534460481335	0.5702719698738293	0.0660718664601873	99.03149099892683
0.05199981653047846	0.01	0.01	0.01	0.007	0.01	0.1524959875581569	0.040534220971838036	0.035087694941028306	0.03343215685320489	0.03519646300942234	0.17606199447895995	0.2321716460915375	0.3243536089134865	0.6674879450724386	0.07920120790027434	98.93267708047534
0.05697249831134978	0.01	0.01	0.01	0.007	0.01	0.16545734502921292	0.04351711249386779	0.036876602812774745	0.03471550377024289	0.03752684562129832	0.20971183128653237	0.274637303988395	0.37825873869171467	0.7713720355034349	0.09367222882938761	98.83120894463543
0.06199436994089779	0.01	0.01	0.01	0.007	0.01	0.17828316990516707	0.04639865298265367	0.03850767433324179	0.03583767441357131	0.039355626142984296	0.2463815899140573	0.3204382812319727	0.43521034007175446	0.8797810347566957	0.10910648279428545	98.72884270183323
0.06714264984897952	0.01	0.01	0.01	0.007	0.01	0.19116230351424326	0.04922220535773296	0.04001464809165277	0.0368312883071433	0.04060942900775704	0.28670913211820176	0.3702875137108949	0.4959479075416425	0.9940408571300825	0.12554479233000015	98.62400980599809
0.07254113331796493	0.01	0.01	0.01	0.007	0.01	0.2043803830833561	0.05204744418121321	0.04143334259449074	0.037726373418394736	0.04127569480686369	0.33189589501734285	0.42555266143313847	0.5619246965589916	1.1167426660946496	0.14317334534226225	98.51420164777298
0.07828026035761408	0.01	0.01	0.01	0.007	0.01	0.21811739421762677	0.05490595804308152	0.042779267638823296	0.03853698022794517	0.04138270442496371	0.38310359434397323	0.487492061140808	0.6343479963018278	1.249922127962744	0.16206436135147367	98.39759868254636
0.08420288281765087	0.01	0.01	0.01	0.007	0.01	0.23196090314393203	0.057706910222392875	0.044012106800758	0.039244217603028056	0.04102457042764182	0.4392794974276404	0.5546692740960847	0.711267061342328	1.3898262704249988	0.18146955958587066	98.27741230582394
0.09028625734588197	0.01	0.01	0.01	0.007	0.01	0.24583669772176625	0.060434435104843066	0.04513212136742576	0.03985537056658549	0.0403418915964539	0.5004019665879254	0.6269204128349393	0.7922992790413734	1.535682011259577	0.20111882182477975	98.15411665444046
0.09661953650599937	0.01	0.01	0.01	0.007	0.01	0.2599218073598059	0.06312160096782793	0.046159142628349324	0.040387562035272044	0.03944421766958132	0.5676109371197605	0.7054354712434734	0.8785659624995206	1.6894253668029264	0.2211471054699519	98.02592036762866
0.10326022630466061	0.01	0.01	0.01	0.007	0.01	0.2743055003121463	0.06578138528639278	0.047102262938588976	0.04085064033997055	0.038414817694901085	0.6418795307932234	0.7911534131453378	0.9708326355168769	1.8523064458017306	0.2416086755597719	97.89168138683115
0.11026684135619663	0.01	0.01	0.01	0.007	0.01	0.289065821477139	0.06842264339861864	0.04796779343032585	0.04125225536919744	0.037314937520864254	0.724319731275256	0.8851193327556026	1.069915601674115	2.025635302131821	0.2625742012162733	97.7502446668831
0.11767336746857725	0.01	0.01	0.01	0.007	0.01	0.3042173096097854	0.07104148737561516	0.048757405095438335	0.04159745733363589	0.03619342537364774	0.8158650769791872	0.9881186560875842	1.1763019055802695	2.210128262466583	0.28405112590791937	97.60095744846322
0.12550445183201225	0.01	0.01	0.01	0.007	0.01	0.3197478575269473	0.07362921954100478	0.0494718847814954	0.041890812855781855	0.0350879338859333	0.9174001584755012	1.1008324395844493	1.290338194886056	2.4062609548899117	0.3060336698340006	97.44336072795201
0.13377557084565755	0.01	0.01	0.01	0.007	0.01	0.33562194371460474	0.07617368382271208	0.050112013113684545	0.042136845728287124	0.034027037028195636	1.0297332555242087	1.2238113977190286	1.4122214814113505	2.6142652727250817	0.32850562734568045	97.2771848405823
0.14250331311134454	0.01	0.01	0.01	0.007	0.01	0.3518024857848654	0.07866333891609427	0.05067977253601523	0.04234044865734618	0.03303057006413142	1.1537143375766723	1.3576089516298433	1.5421453265187017	2.8343869960686905	0.35146925823285746	97.10214216866201
0.15170647005839347	0.01	0.01	0.01	0.007	0.01	0.36825266016043123	0.08108761259300477	0.051178231053202274	0.04250668442494576	0.032111300299239816	1.2902512868646168	1.5027963031166127	1.6803184595211142	3.0669170584471077	0.37494569679620715	96.9179057979653
0.16140801623208623	0.01	0.01	0.01	0.007	0.01	0.38493880800933133	0.08343732800839782	0.05161139417662286	0.04264060122951343	0.03127632677498831	1.4403439362848152	1.6599947666423598	1.8269976096477105	3.3122446978147697	0.3989771792826023	96.72407071648432
0.1716343603342499	0.01	0.01	0.01	0.007	0.01	0.40182813260126393	0.08570432555517073	0.05198389277907968	0.04274703290981123	0.030528516058114626	1.6050804492321853	1.8298665712412114	1.9824793339357052	3.570840406300082	0.42362226186647584	96.5201699470926
0.1824154435869477	0.01	0.01	0.01	0.007	0.01	0.41888803440523353	0.08788137206275452	0.052300773311247294	0.04283047716951844	0.029867550236801706	1.78564475296041	2.0131174717027207	2.147103677176524	3.843258857847246	0.44895369912949207	96.30567378531225
0.19378437953986175	0.01	0.01	0.01	0.007	0.01	0.4360847683529548	0.08996201072714213	0.05256730805633405	0.04289501401230468	0.029290772050018097	1.9833154685473127	2.2104906376998814	2.3212502300532423	4.130129115263166	0.47505557550431593	96.07999828713363
0.20577758127484713	0.01	0.01	0.01	0.007	0.01	0.453382997920925	0.09194055831952834	0.05278885305481573	0.04294426476097424	0.02879381250022945	2.1994714383582066	2.422767600196119	2.505341062311945	4.432156218085716	0.5020218994621406	95.84250415748048
0.21843491049982428	0.01	0.01	0.01	0.007	0.01	0.47074540364279	0.09381211961013883	0.0529707247453473	0.0429813768646399	0.0283710929344944	2.4355969967085396	2.650769039163072	2.69984357320733	4.750122467582262	0.5299554130360047	95.59249539203229
0.23180010389526617	0.01	0.01	0.01	0.007	0.01	0.4881326759039386	0.09557264777385344	0.05311809693908299	0.043009030062555256	0.028016226803281842	2.6932918736109843	2.8953601521501966	2.905277178577501	5.084894850619722	0.5589671340257583	95.32921267718015
0.24592130572690768	0.01	0.01	0.01	0.007	0.01	0.5055035691429054	0.09721900245098694	0.053235912199287194	0.043029458235960265	0.027722355696380777	2.9742832432647623	3.1574578887662423	3.1222211724316224	5.437434226554465	0.5891761912417262	95.05182503624663
0.2608517241787274	0.01	0.01	0.01	0.007	0.01	0.5228150060897598	0.09874900065763333	0.053328809236387005	0.0430444833876541	0.02748243193388155	3.2804404265604656	3.4380404033223977	3.3513239449015875	5.808806635349677	0.6207099791872583	94.75941946891759
0.27665030408387553	0.01	0.01	0.01	0.007	0.01	0.5400220843143321	0.100161445727902	0.053401067117002876	0.04305555807974243	0.027289456216450167	3.613790087527103	3.7381566535158246	3.593311815829068	6.200193959470542	0.6537044018636754	94.45099078685031
0.29338232064974146	0.01	0.01	0.01	0.007	0.01	0.5570779155143752	0.10145613264572868	0.05345656757436743	0.043063812941907316	0.027136672782150904	3.976529426746987	4.058934082979069	3.848995950895299	6.6129015246090574	0.6883040181199859	94.12543357868967
0.31111978361196985	0.01	0.01	0.01	0.007	0.01	0.5739332725291384	0.10263383416389342	0.05349877546650586	0.043070106029665246	0.02701772304980882	4.371034038040383	4.401581939783411	4.119275646861797	7.0483599219625654	0.7246618730942912	93.78153848846782
0.32994147777691146	0.01	0.01	0.01	0.007	0.01	0.5905360281191603	0.10369627309000523	0.05353073562271382	0.04307507117116584	0.02692675933241876	4.799855146865411	4.767386544841717	4.405135379947527	7.508116890143721	0.7629386716220751	93.41799615087864
0.34993250536296217	0.01	0.01	0.01	0.007	0.01	0.6068304897764352	0.10464609238170666	0.053555082701560376	0.04307916303841159	0.026858520777814466	5.265701257143874	5.157695669176386	4.707633715330211	7.993816248372397	0.8033010357213859	93.03341124706377
0.37118319557514484	0.01	0.01	0.01	0.007	0.01	0.6227567892208117	0.10548683138727939	0.053574058900893735	0.043082697341203985	0.026808375347632526	5.771398991788258	5.573889432559447	5.027882280052905	8.507161081414576	0.8459185931001947	92.62632901493298
0.39378733430147034	0.01	0.01	0.01	0.007	0.01	0.6382505784025209	0.10622291299533275	0.05358953336253385	0.04308588525022028	0.026772332472523027	6.319830068242546	6.017337209179911	5.367014420383379	9.049860735495763	0.8909598298383641	92.19527472138977
0.4178399059027647	0.01	0.01	0.01	0.007	0.01	0.6532433945794207	0.10685964075447783	0.05360301739260421	0.04308886179611841	0.0267470312778499	6.913847928554344	6.489345144434289	5.726146793682709	9.6235670907267	0.9385871245454778	91.7388019411065
0.4434348146126572	0.01	0.01	0.01	0.007	0.01	0.6676640381983818	0.10740319275707755	0.05361567199090341	0.04309170848934379	0.02672970919155445	7.556186121743547	6.991104610611325	6.106341151004558	10.229812023889302	0.9889519178038146	91.25554032465189
0.4706633137805939	0.01	0.01	0.01	0.007	0.01	0.6814411411424893	0.10786058747565025	0.05362830929767823	0.04309447074331301	0.02671815512937262	8.249379499593752	7.523656945899968	6.508577135596675	10.869963590255098	1.042191449056867	90.74422893975562
0.4996138614547334	0.01	0.01	0.01	0.007	0.01	0.6945067354478633	0.10823959082659138	0.05364139633307489	0.0430971708466828	0.026710650836604885	8.995721315994132	8.087888901599628	6.933746295533351	11.545217178902961	1.0984284087024359	90.20372205992435
0.5303735085108923	0.01	0.01	0.01	0.007	0.01	0.7068001342878026	0.10854854054092886	0.05365507436771233	0.04309981723834476	0.026705903775251685	9.797264272620621	8.684560054209754	7.38266807040431	12.25662247700034	1.157773591382048	89.63296636851504
0.5630296255273048	0.01	0.01	0.01	0.007	0.01	0.7182710865467508	0.10879608732915537	0.05366920590281115	0.0431024107524793	0.02670297533216494	10.655837690294993	9.31433730372978	7.856109611394995	13.00511682873549	1.2203291158510088	89.03097277512026
0.5976693565824991	0.01	0.01	0.01	0.007	0.01	0.7288813396626069	0.10899088523306812	0.05368345198300749	0.04310494841568807	0.02670120880178951	11.57301153627897	9.977785017183278	8.354771896775038	13.791505197430835	1.2861871964524028	88.39683094266958
0.6343742298353721	0.01	0.01	0.01	0.007	0.01	0.7386046525354448	0.10914128826461755	0.05369736993471491	0.04310742539904545	0.026700161888902212	12.549935930211008	10.675263481154495	8.879207539717473	14.616332666614015	1.3554198400112747	87.72981107208702
0.6732111664342009	0.01	0.01	0.01	0.007	0.01	0.7474266402488414	0.1092551087208775	0.053710513420593284	0.04310983590873154	0.026699547799822823	13.5870880499998	11.406764652426723	9.429692217382094	15.47968550163555	1.4280623219428046	87.02952563729167
0.7142274223788683	0.01	0.01	0.01	0.007	0.01	0.755346160634628	0.10933945614629052	0.05372251600770075	0.04311217390500871	0.02669918736721659	14.684133101908277	12.171831204469566	10.006159166386258	16.381093319403817	1.5041048541763535	86.29601225304533
0.757457478901357	0.01	0.01	0.01	0.007	0.01	0.7623779854646426	0.10940063222053482	0.053733143129560915	0.04311443412526182	0.026698972644421178	15.840121185787474	12.969702620813475	10.608305504798537	17.31970013916176	1.5835067611263447	85.52959921258078
0.8029394959746026	0.01	0.01	0.01	0.007	0.01	0.7685540994894187	0.10944405483472375	0.05374230470795673	0.04311661307983141	0.02669884078755816	17.05395358400246	13.799627924419369	11.235826793432889	18.29463115054167	1.6662274005105278	84.73060846167303
0.850729863176244	0.01	0.01	0.01	0.007	0.01	0.7739217017392916	0.10947422087291432	0.053750033614669505	0.043118709429420414	0.026698756273717282	18.324797619470516	14.661122538916894	11.888613387119939	19.305293072080858	1.7522519209289251	83.89910699587531
0.9009091236363156	0.01	0.01	0.01	0.007	0.01	0.7785389098472345	0.10949473085781064	0.05375644652971143	0.04312072370192514	0.0266986994207195	19.652258364027407	15.55405009853248	12.566817769443004	20.351469087066217	1.8415999659618099	83.0348218382182
0.9535815673570702	0.01	0.01	0.01	0.007	0.01	0.7824702658108108	0.1095083734767012	0.05376170416440554	0.04312265774420018	0.026698659381291973	21.036366560961504	16.47858171103768	13.270830625841516	21.433270828731892	1.9343223675690973	82.13717053891227
1.008873118196499	0.01	0.01	0.01	0.007	0.01	0.7857831588255508	0.10951724539673893	0.053765980286163466	0.043124514226969515	0.02669863009591618	22.477509219121274	17.4351229645111	14.001232627544749	22.551053254112723	2.030494679871119	81.2053220553733
1.0669302714555402	0.01	0.01	0.01	0.007	0.01	0.7885452658220176	0.10952288061871014	0.05376944173609445	0.04312629630480435	0.02669860806288737	23.97637847475283	18.424259050333593	14.758759716875224	23.705350870072017	2.1302125287522555	80.23823997098145
1.1279207802687572	0.01	0.01	0.01	0.007	0.01	0.7908227379433403	0.10952637255726434	0.05377223778871359	0.043128007408448396	0.026698591153281256	25.533956977808824	19.446728252503927	15.544289880263808	24.89684670783913	2.233589815149032	79.2346979020038
1.1920354305514531	0.01	0.01	0.01	0.007	0.01	0.7926788693141447	0.1095284806018915	0.05377449605832862	0.04312965110876024	0.026698577995052552	27.15152100842072	20.503409790360273	16.358841073700056	26.126357251235525	2.3407583973241373	78.19328027367291
1.2594902206244818	0.01	0.01	0.01	0.007	0.01	0.7941731139328961	0.1095297183938273	0.053776322393572516	0.04313123101361157	0.026698567654174745	28.830642224202876	21.595312597265508	17.203570307214335	27.39481746522587	2.4518679267585	77.11238122472705
1.330527861880743	0.01	0.01	0.01	0.007	0.01	0.7953603811059038	0.10953042399025473	0.05377780284110885	0.0431327506675377	0.02669855946639849	30.57316040090268	22.723546635842258	18.079759814458317	28.703244519510868	2.5670839803942687	75.99021966310819
1.405417333528551	0.01	0.01	0.01	0.007	0.01	0.7962905791193877	0.10953081363437335	0.05377900643871205	0.04313421343761527	0.02669855294444416	32.381098314004845	23.889258145740726	18.988775643144745	30.0526588919956	2.6865825602157787	74.82488935992018
1.4844491721156696	0.01	0.01	0.01	0.007	0.01	0.7970083785527429	0.10953102156095236	0.053779988119106906	0.043135622364642565	0.026698547723429895	34.25646988533642	25.09349795613263	19.931973776892303	31.4439277946803	2.8105376940172007	73.61447626504801
1.5679221974402175	0.01	0.01	0.01	0.007	0.01	0.7975531652727038	0.10953112848407588	0.0537807913644629	0.04313697994893651	0.026698543526480677	36.200896534992374	26.336970004272363	20.91051035427938	32.87747132942092	2.9390964462191382	72.35729942665719
1.6561140131979752	0.01	0.01	0.01	0.007	0.01	0.7979591524571995	0.10953118130717292	0.05378145047048355	0.04313828782704192	0.026698540141714293	38.21488934494163	27.61957292200391	21.924982990582077	34.35273394431177	3.0723317865444106	71.05237067891994
1.7492237242174116	0.01	0.01	0.01	0.007	0.01	0.7982556242378327	0.10953120629837072	0.05378199240596092	0.04313954630012071	0.02669853740611358	40.296603464570524	28.93961919367863	22.974803095377574	35.8672941674692	3.2101602437087924	69.70020461457352
1.8472780820566537	0.01	0.01	0.01	0.007	0.01	0.7984672907442767	0.10953121758885012	0.05378243833988718	0.0431407537742788	0.02669853519369738	42.43998657086843	30.292695381941144	24.057255267108772	37.41558045732215	3.3522187046845557	68.3040401134997
1.9500203267670693	0.01	0.01	0.01	0.007	0.01	0.7986147289046412	0.1095312224515387	0.05378280497599859	0.04314190647955073	0.026698533406193315	44.63288247411036	31.670532707881065	25.166521558954745	38.98762701925565	3.4977369666793963	66.87112078299741
2.0568621252484007	0.01	0.01	0.01	0.007	0.01	0.7987148396154882	0.10953122445007077	0.05378310581799894	0.04314299919104948	0.026698531965076638	46.85682851652779	33.060980957562975	26.293548793022186	40.56911725437691	3.645521263162049	65.41290077906521
2.1669904030719436	0.01	0.01	0.01	0.007	0.01	0.7987812047615	0.10953122523765335	0.05378335226138122	0.043144027191895876	0.02669853080521887	49.09014510013147	34.45004527250814	27.42758106692537	42.14377684397932	3.794156205591587	63.94309890162911
2.2795853489028826	0.01	0.01	0.01	0.007	0.01	0.7988243292937542	0.10953122553760976	0.05378355421401409	0.043144988258884465	0.026698529871308125	51.31284304519251	35.824996686957796	28.558633104940206	43.696941256248586	3.9423295168669052	62.47451416869866
2.3939647596440827	0.01	0.01	0.01	0.007	0.01	0.7988519296338199	0.10953122564895361	0.05378372018815743	0.04314588305826023	0.026698529116968756	53.509393164007385	37.17607365302632	29.6789049463179	45.21746623703207	4.089017255428871	61.017185443735656
2.509620511878169	0.01	0.01	0.01	0.007	0.01	0.798869402106457	0.10953122568952668	0.0537838572762666	0.043146714425265076	0.02669852850441324	55.66901008026187	38.496602739600384	30.782947185005497	46.69781995933102	4.233504936774302	59.57815750895108
2.6261951765323293	0.01	0.01	0.01	0.007	0.01	0.7988803781606433	0.10953122570411838	0.05378397122477485	0.043147486415119424	0.026698528003625006	57.78473727759946	39.7823770727497	31.86721689552589	48.13333642297653	4.37532881827878	58.16203753970028
2.7434474609446253	0.01	0.01	0.01	0.007	0.01	0.7988872360394517	0.10953122570931739	0.05378406660808354	0.043148203589973726	0.026698527591131112	59.85241747811132	41.0309776584524	32.92957031577397	49.521415288178204	4.514209028728201	56.77163841112634
2.861221826180531	0.01	0.01	0.01	0.007	0.01	0.7988915045259324	0.10953122571115739	0.053784147035442716	0.04314887057376117	0.026698527248710795	61.86985304278222	42.24122568588735	33.96884714636551	50.86088039770828	4.649994829340349	55.40850782706476
2.9794214299034474	0.01	0.01	0.01	0.007	0.01	0.7988941539363921	0.10953122571180525	0.0537842153447069	0.043149491786821606	0.026698526962252164	63.83612612535343	43.41274513715954	34.98453171185103	52.15147203692732	4.782620055850937	54.07336182626374
3.097985417301409	0.01	0.01	0.01	0.007	0.01	0.7988957948794386	0.10953122571203239	0.05378427376779597	0.04315007130548114	0.02669852672081146	65.75107910264879	44.545633468999455	35.97649220898451	53.39346831268511	4.9120688780624935	52.766420200857034
3.2168720659944467	0.01	0.01	0.01	0.007	0.01	0.798896809423061	0.10953122571211178	0.0537843240656629	0.04315061280866936	0.02669852651586707	67.61495887042989	45.640239322089975	36.944801082959664	54.58743188758391	5.038352243900278	51.487638716279974
3.3360481122306043	0.01	0.01	0.01	0.007	0.01	0.7988974357194207	0.10953122571213939	0.05378436763523225	0.043151119580000945	0.026698526340743232	69.42820614798764	46.69703250399362	37.88962808164189	55.734063007659685	5.161493870973717	50.23684797886436
3.455483439888757	0.01	0.01	0.01	0.007	0.01	0.7988978218103551	0.10953122571214903	0.053784405592431146	0.04315159454014244	0.026698526190171244	71.19135471600224	47.71654229555075	38.8111889844613	56.834130044835725	5.281523535907941	49.01382018888108
3.5751492579700583	0.01	0.01	0.01	0.007	0.01	0.7988980595259046	0.10953122571215237	0.05378443883566011	0.043152040290094264	0.026698526059959087	72.90499532085279	48.69933514427147	39.709727350244265	57.88844414707574	5.398474683896172	47.818292830483024
3.6950182361630337	0.01	0.01	0.01	0.007	0.01	0.7988982057232483	0.10953122571215347	0.05378446809395772	0.0431524591547373	0.026698525946744406	74.56977168212059	49.646011379839784	40.58551283172988	58.89785481458105	5.512384200582138	46.64997055820169
3.815065258797264	0.01	0.01	0.01	0.007	0.01	0.7988982955468231	0.10953122571215392	0.053784493963455846	0.0431528532210568	0.0266985258478091	76.18638470170042	50.55720651650079	41.438843801627684	59.86325034296433	5.623292743935815	45.50852130721769
3.9352680838383627	0.01	0.01	0.01	0.007	0.01	0.7988983506863483	0.10953122571215403	0.053784516935071434	0.04315322436972385	0.026698525760939923	77.7555939502025	51.433590785373845	42.2700486093365	60.78555623717685	5.731244895696525	44.393574144887324
4.0556075058697525	0.01	0.01	0.01	0.007	0.01	0.7988983845088476	0.10953122571215408	0.05378453741568136	0.043153574300407435	0.02669852568432274	79.27821183651818	52.275864454571106	43.07948300035983	61.66572911914416	5.836288812996263	43.30472221589957
4.176067243286264	0.01	0.01	0.01	0.007	0.01	0.7988984052417794	0.10953122571215407	0.05378455574451024	0.04315390455274198	0.02669852561646172	80.75509457832774	53.084751453512034	43.86752580750474	62.50474894224351	5.938475656196865	42.24152803222398
4.296633476989524	0.01	0.01	0.01	0.007	0.01	0.7988984179435404	0.10953122571215408	0.05378457220591607	0.043154216523722415	0.0266985255561159	82.18712986530035	53.86099138208508	44.63457280829634	63.30360970267542	6.0378587806507085	41.203531303536685
4.417294423917578	0.01	0.01	0.01	0.007	0.01	0.7988984257211404	0.10953122571215407	0.053784587039494555	0.043154511483004816	0.02669852550225054	83.57522641127576	54.60533283476893	45.38103149159318	64.0633117488105	6.134493048949519	40.19025564101273
4.538039874700052	0.01	0.01	0.01	0.007	0.01	0.7988984304814044	0.10953122571215408	0.0537846004481076	0.04315479058628107	0.026698525453998496	84.92030442447546	55.318527484134286	46.1073162236559	64.78485508970037	6.228434197373085	39.201214815000455
4.658860904367713	0.01	0.01	0.01	0.007	0.01	0.7988984333937437	0.10953122571215407	0.053784612604325335	0.04315505488734815	0.026698525410629236	86.2232892036091	56.00132606606171	46.81384501551708	65.46923483234166	6.319738411755784	38.235916920957195
4.779749613163155	0.01	0.01	0.01	0.007	0.01	0.7988984351748796	0.10953122571215408	0.05378462365560895	0.043155305348753635	0.026698525371524857	87.48510587858078	56.654475137770575	47.50103684986938	66.11743754036108	6.408461977275089	37.293867843546735
4.9006989941219725	0.01	0.01	0.01	0.007	0.01	0.7988984362638418	0.10953122571215407	0.053784633728510216	0.04315554285133681	0.026698525336159566	88.70667612270695	57.278714996694134	48.16931003197419	66.73043886470799	6.49466106176365	36.374573367837236
5.021702839853938	0.01	0.01	0.01	0.007	0.01	0.7988984369294274	0.10953122571215408	0.053784642932087345	0.043155768202648416	0.02669852530408464	89.88891565166398	57.87477809049831	48.819080939774075	67.30920173458877	6.57839155132848	35.477540772983
5.142755656697572	0.01	0.01	0.01	0.007	0.01	0.798898437336136	0.10953122571215407	0.053784651360693894	0.04315598214435919	0.026698525274915452	91.0327320963214	58.44338768689951	49.45076295460734	67.85467486381047	6.659708909890435	34.60228020172921
5.263852586379317	0.01	0.01	0.01	0.007	0.01	0.7988984375845996	0.10953122571215408	0.05378465909626793	0.043156185358791954	0.026698525248320826	92.13902321267318	58.9852567753062	50.064765555532574	68.36779153675869	6.738668060372382	33.748305826014324
5.384989295158354	0.01	0.01	0.01	0.007	0.01	0.7988984377363576	0.10953122571215407	0.05378466621021868	0.043156378474661146	0.02669852522401452	93.20867504597531	59.5010870075007	50.66149336642472	68.84946848625555	6.815323260382472	32.91513710035908
5.506161942861643	0.01	0.01	0.01	0.007	0.01	0.7988984378290319	0.10953122571215408	0.053784672764993546	0.04315656207223939	0.02669852520174857	94.24256104115457	59.99156815430055	51.24134570954724	69.30060530667204	6.8897280435179775	32.10229932985913
5.6273670955039785	0.01	0.01	0.01	0.007	0.01	0.7988984378856163	0.10953122571215407	0.05378467881538033	0.04315673668788507	0.026698525181306863	95.2415408136194	60.45737743833744	51.8047159554716	69.7220837873682	6.96193513487676	31.30932453687708
5.748601701915982	0.01	0.01	0.01	0.007	0.01	0.7988984379201597	0.10953122571215408	0.05378468440959836	0.0431569028181278	0.02669852516250092	96.20645962425098	60.89917924102863	52.351991253444034	70.11476762660764	7.031996415763367	30.535751809116668
5.869863022047307	0.01	0.01	0.01	0.007	0.01	0.7988984379412445	0.10953122571215407	0.0537846895902113	0.043157060923267265	0.02669852514516574	97.13814757251129	61.317624708691945	52.88355209173474	70.47950208231136	7.09996286688958	29.781127898151485
5.991148595286062	0.01	0.01	0.01	0.007	0.01	0.798898437954113	0.10953122571215408	0.05378469439489884	0.0431572114306209	0.02669852512915617	98.03741923477511	61.71335159588515	53.39977209822121	70.81711386434603	7.165884542647754	29.045007490840476
6.112456216722423	0.01	0.01	0.01	0.007	0.01	0.7988984379619659	0.10953122571215407	0.05378469885710888	0.04315735473743206	0.026698525114344392	98.90507343765348	62.08698418986056	53.90101791050615	71.12841111682184	7.229810554466612	28.32695338953056
6.233783881195871	0.01	0.01	0.01	0.007	0.01	0.7988984379667577	0.10953122571215408	0.053784703006610424	0.043157491213457765	0.026698525100617515	99.74189287408417	62.43913318845456	54.38764894734649	71.41418338203292	7.291789041780969	27.62653684149022
6.355129823712566	0.01	0.01	0.01	0.007	0.01	0.7988984379696813	0.10953122571215407	0.053784706869967454	0.043157621203344904	0.026698525087875548	100.54864445192312	62.77039590614842	54.86001759856236	71.67520185020663	7.351867196490486	26.94333727350524
6.476492399085093	0.01	0.01	0.01	0.007	0.01	0.798898437971465	0.10953122571215408	0.05378471047093844	0.04315774502868338	0.02669852507602958	101.32607858816063	63.081356052272156	55.31846879580321	71.91221927743928	7.41009120871566	26.276942923637982
6.597870122261613	0.01	0.01	0.01	0.007	0.01	0.7988984379725532	0.10953122571215407	0.053784713830823665	0.04315786298994045	0.026698525065000388	102.07492966138112	63.37258401081541	55.763340251416565	72.12597032433008	7.466506297784276	25.62695051688212
6.719261676499251	0.01	0.01	0.01	0.007	0.01	0.7988984379732169	0.10953122571215408	0.053784716968763906	0.04315797536818282	0.026698525054717502	102.79591622695348	63.64463701661269	56.19496256089699	72.31717180703751	7.521156725800639	24.992965135496956
6.840665873276695	0.01	0.01	0.01	0.007	0.01	0.7988984379736218	0.10953122571215407	0.05378471990199517	0.04315808242661317	0.02669852504511764	103.48974095890425	63.89805923293971	56.61365913998425	72.48652288387039	7.574085790320786	24.374600333884633
6.962081612172504	0.01	0.01	0.01	0.007	0.01	0.7988984379738685	0.10953122571215408	0.053784722646069955	0.04315818441196789	0.026698525036144137	104.15709065149949	64.13338187032082	57.01974619010518	72.63470529033165	7.62533582080325	23.771478219255933
7.083507897012814	0.01	0.01	0.01	0.007	0.01	0.798898437974019	0.10953122571215407	0.0537847252150504	0.043158281555801835	0.02669852502774603	104.79863656676592	64.35112343937423	57.41353286946962	72.76238367183366	7.6749482011351455	23.183229231684976
7.204943835931415	0.01	0.01	0.01	0.007	0.01	0.7988984379741109	0.10953122571215408	0.05378472762167629	0.04315837407564833	0.026698525019877586	105.41503468231112	64.55178996459357	57.79532140498911	72.87020588722268	7.722963384652166	22.609492010583846
7.326388593160636	0.01	0.01	0.01	0.007	0.01	0.7988984379741669	0.10953122571215407	0.05378472987750906	0.04315846217606352	0.02669852501249734	106.00692570975835	64.73587512874049	58.165407059908574	72.95880328110526	7.769420891066807	22.0499134801976
7.447841413196701	0.01	0.01	0.01	0.007	0.01	0.798898437974201	0.10953122571215408	0.05378473199306129	0.04315854604959516	0.026698525005567873	106.5749355016832	64.90386055075737	58.524078339110574	73.0287910360296	7.814359333360489	21.504148580892547
7.569301636923709	0.01	0.01	0.01	0.007	0.01	0.7988984379742218	0.10953122571215407	0.053784733977908034	0.04315862587765832	0.026698524999055364	107.11967539262096	65.05621603298489	58.871617157183756	73.08076849673222	7.857816439904184	20.97186005290121
7.690768629243401	0.01	0.01	0.01	0.007	0.01	0.7988984379742345	0.10953122571215408	0.05378473584078379	0.04315870183132871	0.02669852499292902	107.64174214851154	65.19339970049877	59.20829875587616	73.11531945946055	7.899829045261239	20.452718604732105
7.812241819316683	0.01	0.01	0.01	0.007	0.01	0.7988984379742422	0.10953122571215407	0.053784737589670326	0.04315877407208039	0.02669852498716087	108.1417184470677	65.31585829843449	59.53439195622766	73.13301252792766	7.9404331229374066	19.94640257295991
7.933720676447729	0.01	0.01	0.01	0.007	0.01	0.7988984379742469	0.10953122571215408	0.053784739231872054	0.04315884275245541	0.026698524981725577	108.62017306217138	65.42402740295827	59.85015922313435	73.1344014343374	7.979663794647649	19.45259786817395
8.055204718144191	0.01	0.01	0.01	0.007	0.01	0.7988984379742499	0.10953122571215407	0.0537847407740842	0.0431589080166795	0.026698524976599924	109.07766118833952	65.51833166905186	60.155856820041436	73.12002536918442	8.017555350835481	18.970997782240755
8.17669352622342	0.01	0.01	0.01	0.007	0.01	0.7988984379742515	0.10953122571215408	0.053784742222452296	0.04315897000122484	0.0266985249717625	109.5147247807006	65.59918507401056	60.451734976877354	73.09040929715276	8.05414127276835	18.501302772135812
8.298186698547898	0.01	0.01	0.01	0.007	0.01	0.7988984379742526	0.10953122571215407	0.053784743582624826	0.04315902883533018	0.026698524967194173	109.93189265928264	65.66699111465286	60.73803789933741	73.04606428383461	8.08945423499617	18.043220494895216
8.419683857078187	0.01	0.01	0.01	0.007	0.01	0.7988984379742533	0.10953122571215408	0.05378474485980061	0.043159084641480085	0.026698524962877068	110.32968083567154	65.72214305415602	61.01500392494936	72.98748782139342	8.123526126046897	17.59646561312691
8.541184663973407	0.01	0.01	0.01	0.007	0.01	0.7988984379742539	0.10953122571215407	0.05378474605877079	0.043159137535843904	0.026698524958794937	110.70859285047125	65.76502416144201	61.28286569012831	72.91516413668037	8.156388070398533	17.160759579816084
8.662688789410295	0.01	0.01	0.01	0.007	0.01	0.7988984379742542	0.10953122571215408	0.05378474718395642	0.043159187628685224	0.026698524954932776	111.06911995098245	65.79600792661863	61.541850186475806	72.82956451920849	8.188070436816776	16.735830601466972
8.784195959870551	0.01	0.01	0.01	0.007	0.01	0.7988984379742543	0.10953122571215407	0.053784748239442404	0.043159235024729535	0.026698524951276743	111.4117415133884	65.81545829974878	61.792178991496925	72.7311475944334	8.218602868057832	16.321413316266394
8.905705909863395	0.01	0.01	0.01	0.007	0.01	0.7988984379742543	0.10953122571215408	0.05378474922900686	0.04315927982351721	0.026698524947814117	111.73692516580103	65.82372989592685	62.03406828752816	72.62035965380727	8.248014284597085	15.917248817158605
9.027218406070885	0.01	0.01	0.01	0.007	0.01	0.7988984379742543	0.10953122571215407	0.05378475015614865	0.043159322119719755	0.026698524944533255	112.04512712633476	65.82116821799885	62.26772903522825	72.49763493175385	8.27633290726548	15.5230844213639
9.1487332071131	0.01	0.01	0.01	0.007	0.01	0.7988984379742543	0.10953122571215408	0.05378475102411088	0.04315936200344605	0.026698524941423368	112.33679236519214	65.80810987151752	62.493367017268525	72.3633959363549	8.303586264082123	15.138673655982556
9.270250111836276	0.01	0.01	0.01	0.007	0.01	0.7988984379742543	0.10953122571215407	0.053784751835903574	0.0431593995605059	0.026698524938474456	112.61235498841114	65.7848827750141	62.7111830510033	72.2180536863065	8.32980121754924	14.763775957912824
9.391768935172534	0.01	0.01	0.01	0.007	0.01	0.7988984379742543	0.10953122571215408	0.05378475259432292	0.043159434872670994	0.026698524935677124	112.87223842749191	65.75180636421032	62.92137305695519	72.06200801149403	8.35500397441299	14.398156614638705
9.513289516189824	0.01	0.01	0.01	0.007	0.01	0.7988984379742543	0.10953122571215407	0.05378475330196946	0.04315946801790898	0.026698524933022882	113.11685570548623	65.70919179132547	63.12412818682154	71.89564781525381	8.379220102607762	14.041586603448085
9.634811693949324	0.01	0.01	0.01	0.007	0.01	0.7988984379742543	0.10953122571215408	0.05378475396126286	0.04315949907061132	0.026698524930503773	113.3466096328641	65.65734213127332	63.31963489527953	71.71935137469569	8.402474541452179	13.693842528092723
9.756335299457797	0.01	0.01	0.01	0.007	0.01	0.7988984379742543	0.10953122571215407	0.053784754574457964	0.04315952810180177	0.026698524928112345	113.56189304299815	65.59655258565249	63.50807504232536	71.53348662140199	8.424791615537584	13.354706503689647
9.877860187861359	0.01	0.01	0.01	0.007	0.01	0.7988984379742543	0.10953122571215408	0.05378475514365741	0.04315955517931778	0.026698524925841724	113.76308909147824	65.52711066088105	63.68962605454359	71.33841135309241	8.446195055543038	13.023965933492448
9.999386262592287	0.01	0.01	0.01	0.007	0.01	0.7988984379742543	0.10953122571215407	0.05378475567082337	0.04315958036797866	0.026698524923685442	113.95057151570082	65.44929633366733	63.864461061602356	71.13447343854074	8.466708015938798	12.70141332305441
10.120913386837627	0.01	0.01	0.01	0.007	0.01	0.7988984379742543	0.10953122571215408	0.05378475615778867	0.043159603729782656	0.02669852492163769	114.12470471872555	65.36338228651476	64.03274886985552	70.92201120814374	8.486353073563215	12.386846394374595
10.242441447926675	0.01	0.01	0.01	0.007	0.01	0.7988984379742543	0.10953122571215407	0.05378475660626673	0.04315962532404001	0.02669852491969275	114.28584410036673	65.26963405115472	64.19465416165443	70.70135359275	8.505152252765575	12.08006778715192
10.363970357332011	0.01	0.01	0.01	0.007	0.01	0.7988984379742543	0.10953122571215408	0.05378475701786037	0.043159645207516896	0.026698524917845513	114.43433626597447	65.16831017821258	64.35033759092201	70.4728203534654	8.523127038205338	11.780884944428863
10.485500018475786	0.01	0.01	0.01	0.007	0.01	0.7988984379742543	0.10953122571215407	0.05378475739407014	0.04315966343458331	0.02669852491609108	114.57051919636454	65.05966243302994	64.49995583787359	70.23672237006281	8.540298382938376	11.489110076969496
10.607030358924476	0.01	0.01	0.01	0.007	0.01	0.7988984379742543	0.10953122571215408	0.053784757736302286	0.043159680057327135	0.02669852491442492	114.69472249491639	64.94393593588428	64.64366174563953	69.99336180505493	8.556686725946419	11.20455996978411
10.728561290145949	0.01	0.01	0.01	0.007	0.01	0.7988984379742543	0.10953122571215407	0.05378475804587464	0.04315969512568932	0.026698524912842678	114.80726754722626	64.82136936217728	64.78160436478454	69.74303240224236	8.572311999041085	10.927055966082763
10.850092731655595	0.01	0.01	0.01	0.007	0.01	0.7988984379742543	0.10953122571215408	0.05378475832402391	0.04315970868756588	0.026698524911340494	114.90846774954073	64.69219508200865	64.91392907560173	69.48601965573829	8.587193642664309	10.656423798413742
10.971624619065373	0.01	0.01	0.01	0.007	0.01	0.7988984379742543	0.10953122571215407	0.053784758571911	0.043159720788908056	0.026698524909914634	114.99862870743384	64.55663930622408	65.04077768496198	69.22260100091005	8.601350618666146	10.392493465274987
11.093156887986572	0.01	0.01	0.01	0.007	0.01	0.7988984379742543	0.10953122571215408	0.05378475879062633	0.04315973147382781	0.02669852490856147	115.07804841102403	64.4149222551652	65.16228849537255	68.95304605212952	8.614801419924262	10.135099163278431
11.214689498176327	0.01	0.01	0.01	0.007	0.01	0.7988984379742543	0.10953122571215407	0.05378475898119474	0.043159740784677776	0.02669852490727776	115.14701743538906	64.26725827884715	65.27859641388744	68.67761674835309	8.627564084363469	9.88407913450045
11.3362223932938	0.01	0.01	0.01	0.007	0.01	0.7988984379742543	0.10953122571215408	0.05378475914458003	0.043159748762157044	0.026698524906060412	115.20581909590835	64.11385604947816	65.38983299531627	68.39656763750584	8.639656201670638	9.639275651770776
11.457755508948948	0.01	0.01	0.01	0.007	0.01	0.7988984379742543	0.10953122571215407	0.05378475928168881	0.04315975544538985	0.02669852490490654	115.2547296368112	63.954918697536755	65.49612653471173	68.11014605230295	8.651094925482726	9.400534900406363
11.579288804897935	0.01	0.01	0.01	0.007	0.01	0.7988984379742543	0.10953122571215408	0.05378475939337467	0.0431597608719851	0.02669852490381335	115.29401841788078	63.790643908681574	65.59760217538397	67.81859222040592	8.661896987104763	9.167706819308961
11.700822248945615	0.01	0.01	0.01	0.007	0.01	0.7988984379742543	0.10953122571215407	0.05378475948044166	0.04315976507811665	0.026698524902778274	115.3239480718755	63.621224077322736	65.69438196991617	67.52213948084298	8.67207870405012	8.940645042717872
11.822355784750162	0.01	0.01	0.01	0.007	0.01	0.7988984379742543	0.10953122571215408	0.05378475954364707	0.04315976809860824	0.026698524901798932	115.34477466349853	63.44684648467822	65.78658493128823	67.22101454038223	8.681655987615779	8.719206868391707
11.94388938816507	0.01	0.01	0.01	0.007	0.01	0.7988984379742543	0.10953122571215407	0.05378475958370488	0.04315976996696746	0.02669852490087284	115.35674786395005	63.26769334896	65.87432715155389	66.91543750840476	8.690644357481954	8.503253063942958
12.06542302699494	0.01	0.01	0.01	0.007	0.01	0.7988984379742543	0.10953122571215408	0.05378475960128818	0.04315977071546754	0.02669852489999812	115.36011109782858	63.08394200709151	65.95772184182773	66.60562216316416	8.699058947982305	8.292647855753028
12.186956685142064	0.01	0.01	0.01	0.007	0.01	0.7988984379742543	0.10953122571215407	0.0537847595970324	0.043159770375191184	0.02669852489917253	115.35510169865422	62.895765001768446	66.0368794200679	66.29177605514602	8.706914519305998	8.087258801810755
12.308490322362166	0.01	0.01	0.01	0.007	0.01	0.7988984379742543	0.10953122571215408	0.05378475957153658	0.043159768976107	0.02669852489839401	115.34195105986227	62.703330263369025	66.11190755346233	65.97410077094011	8.714225464078297	7.886956777567196
12.430023914508698	0.01	0.01	0.01	0.007	0.01	0.7988984379742543	0.10953122571215407	0.053784759525366425	0.04315976654709807	0.02669852489766096	115.32088478150635	62.506801165701624	66.18291125292026	65.65279198654548	8.721005819098341	7.691615826102271
12.551557429386303	0.01	0.01	0.01	0.007	0.01	0.7988984379742543	0.10953122571215408	0.053784759459056156	0.04315976311602342	0.026698524896971568	115.29212281483947	62.30633667792644	66.24999292337716	65.32803968246161	8.7272692726152	7.501113119821399
12.673090850897358	0.01	0.01	0.01	0.007	0.01	0.7988984379742543	0.10953122571215407	0.053784759373110134	0.04315975870974988	0.026698524896324183	115.2558795967206	62.102091436475234	66.31325244156238	65.00002822813505	8.733029174195996	7.315328845403159
12.794624170993108	0.01	0.01	0.01	0.007	0.01	0.7988984379742543	0.10953122571215408	0.05378475926800493	0.04315975335419912	0.026698524895717193	115.21236418428755	61.89421586534813	66.37278721241337	64.66893654702619	8.73829854245952	7.134146143579002
12.916157357478365	0.01	0.01	0.01	0.007	0.01	0.7988984379742543	0.10953122571215407	0.05378475914419067	0.043159747074408214	0.026698524895149185	115.16178040017468	61.682856337684754	66.42869221480125	64.33493834613425	8.743090071909872	6.9574510834482695
13.037690394255662	0.01	0.01	0.01	0.007	0.01	0.7988984379742543	0.10953122571215408	0.05378475900209307	0.0431597398945443	0.026698524894618797	115.10432694914249	61.46815521109317	66.48106008156032	63.998202144851334	8.747416142752037	6.785132530201517
13.159223281325186	0.01	0.01	0.01	0.007	0.01	0.7988984379742543	0.10953122571215407	0.05378475884211396	0.04315973183794035	0.02669852489412457	115.04019754016375	61.2502509264324	66.5299811553736	63.65889140766607	8.75128882837623	6.617082078262313
13.280755986491988	0.01	0.01	0.01	0.007	0.01	0.7988984379742543	0.10953122571215408	0.053784758664633676	0.04315972292716067	0.026698524893665327	114.96958103508499	61.029278192754575	66.57554352594784	63.31716481005143	8.754719901396236	6.453194050249887
13.402288509756339	0.01	0.01	0.01	0.007	0.01	0.7988984379742543	0.10953122571215407	0.053784758470011164	0.043159713183993094	0.026698524893239855	114.89266153522081	60.805367967975315	66.61783311137346	62.9731761866203	8.757720843120818	6.293365341525325
13.523820843069755	0.01	0.01	0.01	0.007	0.01	0.7988984379742543	0.10953122571215408	0.053784758258586335	0.04315970262950571	0.02669852489284697	114.80961851914799	60.578647624280684	66.6569336954591	62.62707476782381	8.760302849437046	6.137495411728795
13.64535296228631	0.01	0.01	0.01	0.007	0.01	0.7988984379742543	0.10953122571215407	0.05378475803067997	0.04315969128408216	0.026698524892485677	114.72062696559206	60.34924105579704	66.69292697928032	62.279005325400114	8.762476837881172	5.985486230185632
13.76688486740638	0.01	0.01	0.01	0.007	0.01	0.7988984379742543	0.10953122571215408	0.053784757786595715	0.04315967916742367	0.026698524892154844	114.62585743677927	60.117268692184915	66.72589264503722	61.92910817592778	8.764253455308175	5.837242163325151
13.888416558430343	0.01	0.01	0.01	0.007	0.01	0.7988984379742543	0.10953122571215407	0.053784757526620194	0.04315966629859142	0.026698524891853512	114.52547620234691	59.882847629860095	66.75590839756642	61.57751936459354	8.76564308397624	5.692669946652699
14.009948003163792	0.01	0.01	0.01	0.007	0.01	0.7988984379742543	0.10953122571215408	0.05378475725102451	0.04315965269605424	0.02669852489158079	114.41964537462734	59.64609177986263	66.7830500065167	61.22437087165834	8.76665584788399	5.551678662941342
14.131479209655907	0.01	0.01	0.01	0.007	0.01	0.7988984379742543	0.10953122571215407	0.053784756960064725	0.04315963837766386	0.026698524891335697	114.30852295167429	59.40711181038047	66.80739137147638	60.86979051238985	8.76730161992167	5.414179599494151
14.253010177907154	0.01	0.01	0.01	0.007	0.01	0.7988984379742543	0.10953122571215408	0.05378475665398262	0.04315962336071055	0.026698524891117542	114.19226295700308	59.166015319930345	66.82900455586491	60.51390218342102	8.767590027452876	5.280086250737671
14.374540899869352	0.01	0.01	0.01	0.007	0.01	0.7988984379742543	0.10953122571215407	0.05378475633300637	0.04315960766194558	0.02669852489092531	114.07101554014073	58.922906916739294	66.84795983329198	60.15682596758699	8.76753045851617	5.1493142626385
14.496071375543002	0.01	0.01	0.01	0.007	0.01	0.7988984379742543	0.10953122571215408	0.05378475599735197	0.04315959129759073	0.02669852489075837	113.94492705756318	58.67788826348332	66.86432573472034	59.79867818849506	8.767132067791875	5.021781361870845
14.617601588831379	0.01	0.01	0.01	0.007	0.01	0.7988984379742543	0.10953122571215407	0.053784755647222855	0.043159574283375614	0.026698524890615933	113.81414019149669	58.43105820063707	66.87816908831282	59.439571580748066	8.76640378244931	4.897407329527749
14.73913153973505	0.01	0.01	0.01	0.007	0.01	0.7988984379742543	0.10953122571215408	0.053784755282810716	0.04315955663453413	0.0266985248904972	113.67879400810392	58.18251275443635	66.88955506588444	59.07961529166176	8.765354307677663	4.776113916880983
14.860661228254582	0.01	0.01	0.01	0.007	0.01	0.7988984379742543	0.10953122571215407	0.05378475490429646	0.04315953836583391	0.026698524890401625	113.53902406260775	57.93234524004907	66.89854722132465	58.71891502268743	8.763992132172373	4.657824813674105
14.982190654390541	0.01	0.01	0.01	0.007	0.01	0.7988984379742543	0.10953122571215408	0.053784754511850594	0.0431595194915936	0.026698524890328545	113.394962486467	57.68064633090056	66.90520753068611	58.357573121224235	8.762325533500132	4.5424656000962695
15.103719818143494	0.01	0.01	0.01	0.007	0.01	0.7988984379742543	0.10953122571215407	0.05378475410563327	0.04315950002569957	0.026698524890277322	113.24673807239155	57.42750412626722	66.90959643128022	57.995688670101174	8.760362583330975	4.429963699946007
15.225248719514006	0.01	0.01	0.01	0.007	0.01	0.7988984379742543	0.10953122571215408	0.05378475368579571	0.043159479981621916	0.026698524890247335	113.09447635725057	57.17300421718142	66.911772859804	57.63335757478699	8.758111152540723	4.320248334955466
15.346777342405634	0.01	0.01	0.01	0.007	0.01	0.7988984379742543	0.10953122571215407	0.05378475325247944	0.043159459372441235	0.026698524890237982	112.93829972386614	56.9172297846489	66.91179428965962	57.27067269644332	8.755578916540658	4.213250494241765
15.468305694867503	0.01	0.01	0.01	0.007	0.01	0.7988984379742543	0.10953122571215408	0.05378475280581798	0.04315943821083403	0.02669852489024876	112.77832742874952	56.660261577785	66.90971676755777	56.907723814685305	8.752773359335368	4.108902855011607
15.589833776900214	0.01	0.01	0.01	0.007	0.01	0.7988984379742543	0.10953122571215407	0.05378475234593588	0.043159416509109316	0.02669852489027931	112.61467571907615	56.40217804223825	66.90559494816237	56.54459780427427	8.749701778833266	4.0071397694398625
15.711361588504369	0.01	0.01	0.01	0.007	0.01	0.7988984379742543	0.10953122571215408	0.05378475187295009	0.043159394279216896	0.0266985248903289	112.44745789772544	56.143055362940174	66.8994821287946	56.181378689812014	8.746371291322292	3.907897215996515
15.832889137729003	0.01	0.01	0.01	0.007	0.01	0.7988984379742543	0.10953122571215407	0.05378475138697009	0.04315937153275361	0.026698524890397195	112.27678438499831	55.88296750492135	66.89143028246912	55.818147698360896	8.742788835725449	3.8111127528251987
15.954416416526266	0.01	0.01	0.01	0.007	0.01	0.7988984379742543	0.10953122571215408	0.05378475088809785	0.04315934828099355	0.026698524890483622	112.10276282374669	55.62198632158263	66.8814900922356	55.45498340634344	8.738961178694568	3.7167254977525204
16.0	0.01	0.01	0.01	0.007	0.01	0.7988984379742543	0.1095312257121541	0.05378475069769991	0.043159347432311965	0.02669852489052064	112.03664716752493	55.52387884400092	66.87728477062909	55.31879693252163	8.737463580376755	3.6819278406221527
