0.0	0.01	0.01	0.01	0.007	0.01	0.0	0.0	0.0	0.0	0.0	0.0	0.0	0.0	0.0	0.0	100.0
0.003355555548717542	0.01	0.01	0.01	0.007	0.01	0.010267046847449762	0.0026536530682981386	0.003379375825607705	0.003990347766142508	0.005413040443480792	0.0006075169513432658	0.0009072986902242286	0.002074344647944227	0.004532475280264116	0.00048578475942259556	99.9193047060591
0.005341887176074308	0.01	0.01	0.01	0.007	0.01	0.01627994247035563	0.004191277192929756	0.005274182759193903	0.00616614383527425	0.008489372523113142	0.0015347516253992606	0.002286139552830092	0.005185547483037052	0.011249251231946752	0.0012183780928130103	99.87156755920982
0.008350103868012854	0.01	0.01	0.01	0.007	0.01	0.025295603777918695	0.006473949415873358	0.00800243195241699	0.009219087290336754	0.01297508992917776	0.00373203241009523	0.005537480363511713	0.012412545387564278	0.02664242309716075	0.002930735776202776	99.79931505539389
0.011108917703841953	0.01	0.01	0.01	0.007	0.01	0.033468830076387415	0.008519660738626481	0.010362429048736911	0.011781933369538878	0.01691314916566177	0.006576511787622464	0.009723332528383716	0.021563273497345943	0.04584743424831272	0.005113931455761264	99.73309875659015
0.014316173457418932	0.01	0.01	0.01	0.007	0.01	0.04285774540411297	0.010841875137536006	0.012945233960046232	0.014501310621773358	0.02129061743750097	0.010866542821286285	0.016000144609616296	0.035050895564607214	0.07373256585826812	0.008355030405918864	99.65617430168072
0.01757536506750743	0.01	0.01	0.01	0.007	0.01	0.05227591377710771	0.013141484588370183	0.01540343715224347	0.017004025557922655	0.025529854743823823	0.016293019326439364	0.023890815157430093	0.05169911792303461	0.10761639128173059	0.012386549140501234	99.57806497151581
0.021086327479806453	0.01	0.01	0.01	0.007	0.01	0.06228498217180624	0.015552612379037281	0.01787605947477392	0.019434523615049007	0.029875088475913227	0.02332293979127264	0.034047455847039026	0.07272771480306159	0.14974126997202675	0.01751997312117306	99.49399023393565
0.0247297274267448	0.01	0.01	0.01	0.007	0.01	0.07252382295936385	0.017984160912921463	0.020262584641706965	0.02169486287216881	0.03415735457606545	0.031895159905534494	0.04634907478315159	0.09770393696502318	0.19897296340740955	0.023669121363765488	99.4068191519833
0.028562280720006137	0.01	0.01	0.01	0.007	0.01	0.08313415520415884	0.020466657401759524	0.022589943713004983	0.02381527538789154	0.038430185760312825	0.04229167612769687	0.06116459662353485	0.1271869400688503	0.25615429439065873	0.030992839222046042	99.31520485784036
0.032550247757093864	0.01	0.01	0.01	0.007	0.01	0.09400314976682722	0.022970332627463667	0.024827248666799622	0.025772553805479825	0.042642022285820515	0.05458371420331279	0.07855461346025777	0.16108945199521066	0.32084873625166405	0.039493671587118404	99.21996515210508
0.03671169778526526	0.01	0.01	0.01	0.007	0.01	0.10516133241296426	0.02549920210473469	0.026976915013605163	0.02757527784809565	0.04679855828593984	0.06898264614396105	0.09877312585284737	0.19968920061957193	0.39332651201618085	0.04926751942828542	99.12067974184019
0.041039817653027916	0.01	0.01	0.01	0.007	0.01	0.11657074074216633	0.028041613635850417	0.02902846321928154	0.029221558243210485	0.05087283396532605	0.08562783365046973	0.12196552951877987	0.24303260707152785	0.4734173913442104	0.060353988699516053	99.01752325885788
0.045543320656295606	0.01	0.01	0.01	0.007	0.01	0.12823431978751187	0.03059530413101972	0.030980486188851922	0.03071779765752019	0.05483775420906762	0.1047173665007394	0.148352448316303	0.29129056114186114	0.5611885591163092	0.0728230895874611	98.91030065979125
0.05022521972319635	0.01	0.01	0.01	0.007	0.01	0.14013887644698747	0.03315446197267617	0.03282955281087704	0.032069142728250975	0.058630311711970334	0.12643561276869164	0.1781274670218669	0.3445638621229726	0.6565823674279344	0.08671964847879933	98.79895377642967
0.05508947701083142	0.01	0.01	0.01	0.007	0.01	0.15227286874332466	0.03571377072555199	0.03457359313406061	0.033282128612008896	0.06214276042562524	0.15097645222140768	0.211489282267253	0.40294580392401913	0.7595371143176309	0.10206771176926548	98.68340273720177
0.06009890932302908	0.01	0.01	0.01	0.007	0.01	0.16452429543169786	0.0382474804802028	0.036198747149694996	0.03435596583330991	0.06519813676387574	0.17830647632675228	0.24832333611558	0.46598396853452506	0.8690608580375285	0.11871241116019945	98.564544299339
0.06521891314240613	0.01	0.01	0.01	0.007	0.01	0.17679464232518713	0.04073437025804787	0.037697792266974284	0.035295742321369755	0.06763272408002946	0.2083448971845399	0.2884545973609005	0.5331589033533298	0.9841127354066224	0.13643446295165593	98.4432102708099
0.07054238525710624	0.01	0.01	0.01	0.007	0.01	0.18928851399725755	0.043214390164327224	0.03909997136049388	0.03612842961050309	0.06939666622907169	0.24177820679107953	0.3327245382889745	0.6056380016868884	1.106547747777682	0.15541637758949486	98.3172128259441
0.07611069623843787	0.01	0.01	0.01	0.007	0.01	0.20207499981875116	0.0456979808326491	0.040413463649873395	0.036865604127006055	0.07048901333115563	0.2790892255197902	0.38167691079258453	0.6840119969166424	1.2371779557044058	0.17565371394881463	98.1855930221237
0.08189711077094017	0.01	0.01	0.01	0.007	0.01	0.21506353396994832	0.04816435297382148	0.04163012792099282	0.037509379141102674	0.07099093456299742	0.32032939469900823	0.43527489770916494	0.7679153015667919	1.3752241454257674	0.1968878348556538	98.04900452774245
0.08791555875037534	0.01	0.01	0.01	0.007	0.01	0.22825723001982592	0.0506114152627989	0.042752984331630134	0.03806823294806816	0.07104610905505795	0.36581787601038285	0.4938234037839724	0.85752658600648	1.5208405464568588	0.21902238261866672	97.90714046654716
0.09418382778288108	0.01	0.01	0.01	0.007	0.01	0.24166454686665914	0.053037933366772816	0.043785622374739326	0.03855046126964389	0.07079468202434815	0.4159261480766818	0.5576791977607202	0.9530823668167068	1.6742828783012023	0.24200408571572926	97.7596059508498
0.10076074872170983	0.01	0.01	0.01	0.007	0.01	0.25537474003293487	0.055456541572203054	0.044736956883725955	0.038966105876164045	0.07034560045674726	0.4714080438738075	0.6276616700493166	1.0554655158598398	1.8368339428869058	0.265956447038632	97.60504578173143
0.10768595759823762	0.01	0.01	0.01	0.007	0.01	0.26942580553305684	0.05786946344937892	0.04561066944310925	0.03932204318831738	0.06977685591623858	0.5329432973569296	0.7044605540044311	1.165295925242268	2.009331201308961	0.29095055761237015	97.44256482144773
0.11498882969134105	0.01	0.01	0.01	0.007	0.01	0.2838268559496498	0.060273340103327105	0.046408416593745346	0.03962394372718006	0.06914344002381997	0.601181181273479	0.78869362975732	1.2830375875151308	2.1923612564006856	0.31703315405371024	97.27151603097244
0.12268944978433617	0.01	0.01	0.01	0.007	0.01	0.2985627295461947	0.06266063988509442	0.047131062831857334	0.039876982140680514	0.06848400981951472	0.676726735049465	0.8808915835493523	1.4089956841578881	2.3862721452306475	0.3442276957421959	97.09147635738361
0.1308105716610664	0.01	0.01	0.01	0.007	0.01	0.3136185458579137	0.06502405756261115	0.04778036878506076	0.040086465265239145	0.06782489246083041	0.7602436864253902	0.9816243715898947	1.5435029783687175	2.591470595181889	0.37257492476004556	96.90196641192853
0.13937806250104606	0.01	0.01	0.01	0.007	0.01	0.32897978076851736	0.06735653491889167	0.048358880389181784	0.040257673609145846	0.06718379602423208	0.8524638805073688	1.0915082384898724	1.6869289271812482	2.8084353007962117	0.4021319084546713	96.70244119052042
0.14842264808474454	0.01	0.01	0.01	0.007	0.01	0.34463439186564665	0.06965157293990336	0.0488698748105649	0.04039574348172229	0.0665723907830226	0.9542126851299673	1.211230609294206	1.8397108188593778	3.037762357389023	0.4329760077173702	96.49225084818053
0.15797911037007023	0.01	0.01	0.01	0.007	0.01	0.36057011868110134	0.07190280545991161	0.04931712528067324	0.0405055243445498	0.06599825571384728	1.066408660288933	1.3415430134646646	2.0023421015767155	3.280145121748575	0.4652003973635065	96.27066118185591
0.16808662070791616	0.01	0.01	0.01	0.007	0.01	0.3767738765446576	0.07410393604549725	0.04970479099815741	0.04059150549553752	0.06546611356675973	1.1900745992829087	1.4832670168550754	2.175378734095673	3.5363816318382337	0.49891392562901954	96.0368478402432
0.1787885363346368	0.01	0.01	0.01	0.007	0.01	0.39323024022819275	0.07624857880974328	0.05003730238051597	0.04065776430287467	0.06497867410119448	1.326341937586119	1.6372917861829672	2.359435825366666	3.8073674807988316	0.5342394132185311	95.7899032479158
0.19013259002357416	0.01	0.01	0.01	0.007	0.01	0.40992062084860925	0.07833023558043446	0.050319282850696576	0.04070794181389026	0.0645371683867269	1.4764589762746203	1.8045756426978672	2.555190427493848	4.094097828346599	0.5713134567070519	95.52883468583254
0.20217087363621514	0.01	0.01	0.01	0.007	0.01	0.4268221580351037	0.08034227029729309	0.050555471546148825	0.04074523331161365	0.06414170908054441	1.6417956586015545	1.9861433638329935	2.763380387890352	4.397663420471416	0.6102856401847438	95.25256745813063
0.2149598957841692	0.01	0.01	0.01	0.007	0.01	0.4439068170458043	0.08227794685586709	0.05075065378552767	0.04077239312101737	0.06379152739230003	1.823847952861661	2.183083026313684	2.984804105077521	4.719247753336189	0.6513180372431413	94.95994668802064
0.2285604749092053	0.01	0.01	0.01	0.007	0.01	0.4611403942454693	0.08413049145584	0.05090959026754747	0.040791750117683906	0.0634851400861991	2.0242382118611455	2.396538760304514	3.220317111057426	5.060119383904214	0.694584182252125	94.64974324907617
0.24303750392611004	0.01	0.01	0.01	0.007	0.01	0.4784815887598449	0.08589319818843356	0.05103694654560225	0.04080523267899252	0.06322047226450941	2.244711165193409	2.6276997169490697	3.4708261228500503	5.421620384027558	0.7402676134958313	94.32066296113629
0.2584594415772116	0.01	0.01	0.01	0.007	0.01	0.4958810836042745	0.08755956833518863	0.05113722212959685	0.04081440128101258	0.06299495781518935	2.4871224715647156	2.8777828386144217	3.7372780985777276	5.805147447064544	0.7885595210354598	93.97136227590123
0.27489742241947357	0.01	0.01	0.01	0.007	0.01	0.5132806970367706	0.08912348540700064	0.05121468146719536	0.04082048710552376	0.06280563023124236	2.753416868331008	3.148007560355253	4.02064251863448	6.212123225507724	0.8396551779837126	93.60047272575207
0.2924239130049754	0.01	0.01	0.01	0.007	0.01	0.5306127514564972	0.0905794305597023	0.05127328994817745	0.04082443475513219	0.06264921165523096	3.045593315819205	3.439561308618238	4.321885814185144	6.64395653056079	0.8937489676560839	93.20663548128856
0.3111109209900946	0.01	0.01	0.01	0.007	0.01	0.5477998975535427	0.09192274116712894	0.05131665836320201	0.040826946939224354	0.06252220492569549	3.365655950904827	3.7535563084085424	4.64193832212472	7.101992139062322	0.9510280825831945	92.78854546421779
0.33102808649045495	0.01	0.01	0.01	0.007	0.01	0.5647558546200855	0.09314991824944305	0.05134799944983588	0.040828528926398315	0.06242099031131102	3.7155559022982154	4.090984151898715	4.9816597124769535	7.587458914435646	1.0116659651646278	92.34499720504019
0.35224124428252274	0.01	0.01	0.01	0.007	0.01	0.5813874912068346	0.09425896462317417	0.051370099285457466	0.04082953064671535	0.06234192791473911	4.097135451415172	4.452679663143296	5.3418130909054256	8.101430952680897	1.0758173106426772	91.87491909651533
0.3748121843509881	0.01	0.01	0.01	0.007	0.01	0.5975984006756964	0.09524970348569387	0.05138530577302756	0.040830184670700216	0.06228146455982121	4.51209095910797	4.839308308358567	5.723059919957478	8.644819107664192	1.1436167990872665	91.37738015371296
0.39880002798503994	0.01	0.01	0.01	0.007	0.01	0.6132935378260078	0.09612399640659866	0.051395535761561494	0.040830638784883064	0.06223624025744876	4.961967258426493	5.251385674508397	6.125982076723163	9.218401780051124	1.2151826965884385	90.85156097600591
0.424263930950336	0.01	0.01	0.01	0.007	0.01	0.6283839258646311	0.09688578282635252	0.05140230101078548	0.040830982465862885	0.06220318454067022	5.448182943583147	5.689324143671483	6.55112510752276	9.822886266250498	1.290624302147358	90.29669660391707
0.45126622090604435	0.01	0.01	0.01	0.007	0.01	0.642790391299393	0.09754091296353311	0.05140675077032449	0.040831267166598614	0.06217959040683588	5.972071947578547	6.1534900065391325	6.999046786502021	10.458977770424543	1.3700504530209872	89.71201200861412
0.47987501152664536	0.01	0.01	0.01	0.007	0.01	0.6564457910348638	0.09809681215938959	0.05140972580504301	0.04083152090205862	0.06216315639260477	6.534922050104883	6.64425238068134	7.470354682084452	11.127432687881567	1.4535762136855659	89.09667156991101
0.5101656645226494	0.01	0.01	0.01	0.007	0.01	0.6692958108412275	0.09856205295946721	0.05141181684400916	0.04083175805654447	0.062151994396306615	7.13799499086133	7.162011261959441	7.965722673608328	11.82908176640002	1.5413259533498491	88.44975583014948
0.5422209688880233	0.01	0.01	0.01	0.007	0.01	0.6812988232905924	0.09894591186169197	0.05141342072405971	0.04083198554395381	0.062144607984943125	7.782522256909652	7.707201566274499	8.485885123306396	12.564821326502777	1.6334325498288778	87.77026738984014
0.5761300799565031	0.01	0.01	0.01	0.007	0.01	0.6924253007969173	0.09925796147365036	0.05141478953989755	0.040832206423158525	0.062139850118538745	8.469675108233536	8.28027402864669	9.03161047718409	13.335575182853882	1.7300329952924272	87.05716377371738
0.6119864579679916	0.01	0.01	0.01	0.007	0.01	0.7026571918272332	0.09950772364708708	0.05141607077736925	0.040832421882224815	0.06213686986466862	9.200512889276066	8.881657969322704	9.60365933514658	14.142234615539948	1.8312612640928754	86.30941078238264
0.6498851239232357	0.01	0.01	0.01	0.007	0.01	0.7119874842858902	0.09970438945607832	0.05141733862722002	0.0408326322574812	0.06213505619151787	9.975916814919065	9.511712628468441	10.202733181005257	14.98558538913511	1.9372395167721461	85.52604830006517
0.6899197831122985	0.01	0.01	0.01	0.007	0.01	0.7204200374788347	0.0998566022182794	0.05141861796266794	0.04083283752483513	0.062133984587315644	10.79652234561018	10.170677574244728	10.829423386466784	15.866235595492778	2.048069329070335	84.70625602327429
0.7321806053737143	0.01	0.01	0.01	0.007	0.01	0.7279696140213874	0.09997229599931162	0.05141990276716973	0.04083303752529946	0.06213336997703621	11.662668690209097	10.858635928143435	11.484173220236553	16.784562317297887	2.163825190440559	83.84940246526722
0.7767535491026373	0.01	0.01	0.01	0.007	0.01	0.7346619041412975	0.10005858250697579	0.05142117039822767	0.04083323206819467	0.06213302755824305	12.57438546829308	11.575504396457609	12.167266060870377	17.740695483797662	2.284552598970569	82.95505992994711
0.8237218880257342	0.01	0.01	0.01	0.007	0.01	0.7405332489417183	0.10012168201223497	0.05142239241079511	0.04083342098272458	0.06213284184723107	13.531430166990413	12.321058678338494	12.87884819358403	18.734550196491618	2.4102722250985833	82.02297438848915
0.8731700274159228	0.01	0.01	0.01	0.007	0.01	0.7456297948251255	0.10016689674787267	0.05142354216884041	0.040833604147734105	0.06213274336384544	14.533375839009492	13.094992227300269	13.618984759205883	19.765904809574018	2.5409898807203044	81.05299197556545
0.9251889393197102	0.01	0.01	0.01	0.007	0.01	0.7500059579259514	0.10019862590261373	0.051424599371313155	0.04083378150897544	0.06213269189150677	15.57973090870987	13.896994007773978	14.387735707986982	20.834505648732314	2.676709962689862	80.04495914074825
0.9798822685381465	0.01	0.01	0.01	0.007	0.01	0.7537223113338671	0.10022041915712591	0.05142555185452766	0.04083395308617948	0.06213266503357606	16.670066579198128	14.726827530347556	15.185235179587458	21.9401746922843	2.8174494400324046	78.9986180149022
1.037372225236366	0.01	0.01	0.01	0.007	0.01	0.7568431679669584	0.10023506133980914	0.051426395343895995	0.04083411897110708	0.06213265077541434	17.804129447572883	15.584396067917492	16.011759882095983	23.082899871214973	2.9632498411251444	77.91351579268947
1.0978048506538873	0.01	0.01	0.01	0.007	0.01	0.7594341794431033	0.10024467717618056	0.05142713198548413	0.0408342793189802	0.0621326428912819	18.98192804298473	16.469787596886555	16.8677800349484	24.262899035654677	3.114186112387318	76.78893651581586
1.1613547908731465	0.01	0.01	0.01	0.007	0.01	0.7615602062190939	0.10025084395916906	0.05142776841729919	0.040834434336536975	0.06213263824884153	20.203794303701578	17.38330178461787	17.75399479252838	25.48066030408119	3.270372693534539	75.62385271493817
1.2282298360137993	0.01	0.01	0.01	0.007	0.01	0.7632835923279475	0.10025470146606681	0.05142831391438943	0.04083458426910875	0.06213263530402835	21.470424022731454	18.32546280704973	18.671355579397755	26.73696353002546	3.431967417788164	74.41689237798889
1.2986757226309305	0.01	0.01	0.01	0.007	0.01	0.764662885141444	0.10025705159812225	0.051428778890044685	0.040834729388634534	0.06213263329978948	22.782904774534014	19.29702442889004	19.621083543011693	28.032891270241322	3.5991743293825578	73.16631303919903
1.3729816426755719	0.01	0.01	0.01	0.007	0.01	0.7657519708095086	0.1002584435812175	0.051429173834001154	0.04083486998342923	0.06213263185831654	24.142737822669744	20.29897171863467	20.6046856124578	29.369835019008445	3.772246201714559	71.86997698839403
1.4514868446811193	0.01	0.01	0.01	0.007	0.01	0.7665995647146635	0.1002592433949058	0.05142950864897781	0.040835006349786894	0.062132630781876454	25.55185809572931	21.332521640729478	21.623971848824358	30.749499738683618	3.9514872159522296	70.52532391218215
1.534588715889649	0.01	0.01	0.01	0.007	0.01	0.7672489887646169	0.10025968805639465	0.05142979229680962	0.040835138785086496	0.06213262995883429	27.01265475646607	22.399123401252968	22.68107570286616	32.17390797238472	4.137256065563974	69.12933861801528
1.6227526472583556	0.01	0.01	0.01	0.007	0.01	0.7677381704341207	0.10025992651647878	0.05143003265888088	0.040835267581499704	0.062132629320318815	28.52799146336679	23.500456757274872	23.778476438602684	33.645401319688666	4.329969331271068	67.67851452071311
1.7165235351692183	0.01	0.01	0.01	0.007	0.01	0.7680998066476247	0.10026004941796827	0.05143023652989529	0.04083539301811575	0.06213262882030187	30.101216015290813	24.638419577328374	24.919016305644558	35.16662783606437	4.530103792885828	66.1688223219587
1.8165372878800254	0.01	0.01	0.01	0.007	0.01	0.7683616458007986	0.10026011003094894	0.051430409684254566	0.040835515345770325	0.06213262842617752	31.736124423158007	25.815078317327163	26.105887231262127	36.74048033027598	4.738193221416608	64.59571691015114
1.9235233760331876	0.01	0.01	0.01	0.007	0.01	0.768546847227996	0.100260138487761	0.05143055696877677	0.04083563474478661	0.062132628114007105	33.43673448340608	27.03247740082084	27.342481581009874	38.36984639870541	4.954801171536174	62.9543223268112
2.03825317495273	0.01	0.01	0.01	0.007	0.01	0.7686743772701405	0.10026015112559371	0.05143068237074061	0.04083575117640556	0.06213262786592619	35.20620740421225	28.291841907872197	28.631623131420774	40.05654576487371	5.180385265623444	61.240439970029236
2.161167401323843	0.01	0.01	0.01	0.007	0.01	0.7687593671304094	0.10026015639039619	0.05143078891329677	0.04083586376674767	0.062132627668841214	37.0411946193067	29.589576687949197	29.971446514006143	41.795968279153186	5.414576628095805	59.4560320220682
2.2902469862680626	0.01	0.01	0.01	0.007	0.01	0.7688133001784243	0.10026015841880015	0.05143087782695711	0.040835968589736614	0.06213262751476644	38.90248218188967	30.896849229042378	31.33383978268591	43.54965159161186	5.652422614209294	57.638061997108245
2.4170262515019467	0.01	0.01	0.01	0.007	0.01	0.7688450175972976	0.10026015913475768	0.051430948113673935	0.04083605910525776	0.06213262740032071	40.66695334172404	32.127178293968264	32.62877558770746	45.20158391922615	5.87820270441577	55.90661025599628
2.5357119971456257	0.01	0.01	0.01	0.007	0.01	0.7688631534564369	0.10026015938492028	0.05143100216401682	0.04083613899345018	0.06213262731700991	42.263294515402684	33.23229563902816	33.80341362044152	46.68671266665546	6.082748504218296	54.332862045533766
2.648303443909214	0.01	0.01	0.01	0.007	0.01	0.768873968870422	0.10026015947877535	0.0514310451212833	0.040836214178266675	0.062132627253820585	43.729474193641394	34.24020967950581	34.88505621534127	48.042387113537956	6.270868509845934	52.88088949659362
2.758569988061761	0.01	0.01	0.01	0.007	0.01	0.7688807446782777	0.10026015951645235	0.05143108090269703	0.040836284565066036	0.06213262720335916	45.12113431924973	35.19022983450868	35.914359213819395	49.32129887684443	6.4496667207307	51.49651416543174
2.8692434165422482	0.01	0.01	0.01	0.007	0.01	0.7688851137032554	0.10026015953209656	0.05143111173673226	0.0408363498281424	0.062132627161562766	46.475075476293135	36.107895801682695	36.918393960494264	50.55775496780075	6.623858019224356	50.143471876032294
2.9815176873324583	0.01	0.01	0.01	0.007	0.01	0.7688879501582251	0.10026015953861407	0.05143113875061846	0.04083641058163217	0.062132627126305	47.80590014422409	37.003159652959994	37.90798332957429	51.76515060798562	6.795320598405914	48.807179280192166
3.095388230750376	0.01	0.01	0.01	0.007	0.01	0.7688897794437249	0.10026015954129432	0.0514311625206425	0.04083646736855591	0.06213262709638891	49.112901515941	37.87549578022257	38.88263699640705	52.94278011850753	6.963966546583566	47.48825759899544
3.210223593875831	0.01	0.01	0.01	0.007	0.01	0.7688909463922843	0.1002601595423788	0.05143118341396282	0.04083652050686373	0.06213262707099329	50.38857325101868	38.719907817615095	39.8367665526648	54.08389076574688	7.128828020108231	46.19425360736141
3.325315050927889	0.01	0.01	0.01	0.007	0.01	0.7688916843241834	0.10026015954281252	0.051431201756845256	0.04083657028813463	0.06213262704942445	51.625542425563886	39.53165756366224	40.76481420116286	55.18204982955045	7.288948087619798	44.93274139710103
3.44020313708432	0.01	0.01	0.01	0.007	0.01	0.7688921490201769	0.10026015954298523	0.05143121788102131	0.040836617043861746	0.062132627031050436	52.8199900278133	40.30849105541076	41.663825995276014	56.23415960397694	7.443824154851231	43.707818078406724
3.5547441931827137	0.01	0.01	0.01	0.007	0.01	0.7688924416005289	0.10026015954305409	0.05143123211053967	0.0408366610799643	0.06213262701530945	53.97182163011516	41.05065352144652	42.53361908689753	57.24049431472223	7.593433634111502	42.519837482648875
3.669012271107767	0.01	0.01	0.01	0.007	0.01	0.7688926261629362	0.10026015954308162	0.051431244736915946	0.04083670262635395	0.06213262700172853	55.083169728333694	41.75982913430552	43.37568973820612	58.20327893488949	7.738042959834937	41.36686285416165
3.7831601450288983	0.01	0.01	0.01	0.007	0.01	0.7688927428365492	0.10026015954309266	0.051431256004904	0.040836741850355976	0.06213262698992686	56.156752136836175	42.43803878426159	44.19199212243082	59.125202211841355	7.877996038614243	40.24631632004905
3.897317774839969	0.01	0.01	0.01	0.007	0.01	0.768892816695123	0.1002601595430971	0.05143126611177421	0.04083677889223505	0.062132626979605414	57.194851942479005	43.0869837370804	44.9841678817017	60.00852647552858	8.013581741920667	39.156031274235126
4.011550698016136	0.01	0.01	0.01	0.007	0.01	0.7688928634695804	0.10026015954309889	0.051431275214838486	0.04083681388720624	0.06213262697052981	58.19900662592479	43.70786543368411	45.75330319882266	60.85483981946255	8.144992785694143	38.094592330588185
4.125864880856872	0.01	0.01	0.01	0.007	0.01	0.7688928930840047	0.1002601595430996	0.05143128344129184	0.04083684697089359	0.062132626962513524	59.17015387721572	44.30149719551851	46.50003159540417	61.665204536651615	8.272344008127872	37.061202266779745
4.2402331624636265	0.01	0.01	0.01	0.007	0.01	0.7688929118242355	0.10026015954309987	0.051431290896731686	0.04083687827637752	0.06213262695540466	60.108935099383295	44.86850647088353	47.224760321380465	62.44043023148672	8.395711538965097	36.05537565634501
4.354622151443369	0.01	0.01	0.01	0.007	0.01	0.768892923677895	0.1002601595431	0.051431297671081795	0.04083690792897834	0.06213262694907762	61.01595160283587	45.409497190438564	47.92786491849693	63.18129443943191	8.515166176802317	35.07667204428239
4.46900853747753	0.01	0.01	0.01	0.007	0.01	0.7688929311738014	0.10026015954310004	0.05143130384215785	0.04083693604215898	0.062132626943426014	61.89189415155087	45.92512699590674	48.60978964108331	63.88864840295927	8.630790450902214	34.124556180156056
4.583383435645542	0.01	0.01	0.01	0.007	0.01	0.7688929359137519	0.10026015954310008	0.05143130947770193	0.04083696271614767	0.062132626938360205	62.73755949074946	46.41611309428183	49.2710619599578	64.56342580939514	8.74268095083087	33.198376156406454
4.697748755586645	0.01	0.01	0.01	0.007	0.01	0.7688929389111825	0.10026015954310008	0.0514313146366646	0.04083698803924233	0.062132626933804114	63.553805565720666	46.88320205422612	49.91225934468308	65.20660204898661	8.850942563598098	32.2974081561672
4.81211095810664	0.01	0.01	0.01	0.007	0.01	0.7688929408068427	0.10026015954310008	0.05143131937023822	0.04083701209049331	0.06213262692969327	64.34149602067038	47.327135458442704	50.533966790277134	65.81914739032936	8.955681213491644	31.42091501770213
4.926476056962938	0.01	0.01	0.01	0.007	0.01	0.7688929420057765	0.10026015954310008	0.05143132372284641	0.040837034942294154	0.062132626925972996	65.10146290629105	47.74862824968371	51.136747678046035	66.40199721153915	9.056998929599294	30.568187015002653
5.040847256325753	0.01	0.01	0.01	0.007	0.01	0.7688929427640652	0.10026015954310008	0.05143132773310962	0.040837056662096353	0.06213262692259668	65.83449337704423	48.148362040527566	51.72113294748443	66.95604260914574	9.15499204716012	29.73855743724184
5.155224874684544	0.01	0.01	0.01	0.007	0.01	0.7688929432436489	0.10026015954310008	0.051431331434734044	0.04083707731317762	0.062132626919524064	66.54133338264334	48.526988289889665	52.28762355152408	67.48213456932183	9.249751657024857	28.931399571771887
5.2696075260485165	0.01	0.01	0.01	0.007	0.01	0.7688929435469531	0.10026015954310008	0.05143133485728353	0.040837096954777254	0.062132626916721084	67.22269851064114	48.88513512261981	52.836698719547705	67.98109323971732	9.341365020749619	28.146115340156072
5.383993392444755	0.01	0.01	0.01	0.007	0.01	0.7688929437387664	0.10026015954310008	0.05143133802681189	0.04083711564205552	0.062132626914158016	67.87928353835345	49.22341294474742	53.368823407069634	68.45371562887532	9.429916832536712	27.382124878858885
5.498381095166	0.01	0.01	0.01	0.007	0.01	0.7688929438600688	0.10026015954310008	0.05143134096637367	0.04083713342611284	0.06213262691180885	68.51176805350684	49.54241755937131	53.88445276632153	68.9007799095411	9.515489969538303	26.638860197225394
5.612769967571569	0.01	0.01	0.01	0.007	0.01	0.7688929439367791	0.10026015954310008	0.05143134369643321	0.04083715035419824	0.06213262690965137	69.12081784533592	49.84273087671396	54.384033289204105	69.32304640610037	9.598165680695894	25.915763515635632
5.727159896036076	0.01	0.01	0.01	0.007	0.01	0.7688929439852898	0.10026015954310008	0.05143134623520171	0.04083716647007107	0.062132626907665786	69.70708383192922	50.12492036186918	54.8680019510815	69.72125681676411	9.678023443069064	25.21228847586091
5.8415510245112765	0.01	0.01	0.01	0.007	0.01	0.7688929440159672	0.10026015954310008	0.05143134859892086	0.04083718181440322	0.062132626905834966	70.27120055919588	50.38953836407292	55.336784962461806	70.09613324972194	9.7551407563614	24.52790195792427
5.955943527257658	0.01	0.01	0.01	0.007	0.01	0.768892944035367	0.10026015954310008	0.051431350802108394	0.04083719642513385	0.06213262690414362	70.81378537873604	50.63712187670056	55.79079703478441	70.4483778450599	9.829593025780232	23.862085194113288
6.0703374724766554	0.01	0.01	0.01	0.007	0.01	0.7688929440476352	0.10026015954310008	0.05143135285777059	0.040837210337762664	0.062132626902578564	71.33543828547175	50.86819267430236	56.23044116387667	70.7786729163123	9.901453532361051	23.214334156648025
6.1847327844244795	0.01	0.01	0.01	0.007	0.01	0.7688929440553933	0.10026015954310008	0.05143135477758673	0.040837223585576995	0.062132626901127606	71.83674231101071	51.0832577310459	56.65610886537116	71.08768148643614	9.970793478391311	22.58415929524486
6.299129296439473	0.01	0.01	0.01	0.007	0.01	0.7688929440602991	0.10026015954310008	0.05143135657206961	0.04083723619981416	0.06213262689978094	72.31826431016067	51.282809803845254	57.06818074515954	71.37604806161666	10.037682087330309	21.9710847778561
6.413526849431293	0.01	0.01	0.01	0.007	0.01	0.7688929440634016	0.10026015954310008	0.051431358250704	0.04083724820978131	0.062132626898528796	72.78055585223377	51.46732802492476	57.46702717443788	71.64439942721395	10.10218671962101	21.37464756210104
6.5279252918818464	0.01	0.01	0.01	0.007	0.01	0.7688929440653635	0.10026015954310008	0.05143135982206525	0.04083725964300548	0.06213262689736294	73.22415362536239	51.6372782644014	57.85300856042563	71.89334511839762	10.164372921964977	20.794397056792107
6.642324525304577	0.01	0.01	0.01	0.007	0.01	0.7688929440666041	0.10026015954310008	0.05143136129392228	0.040837270525346234	0.06213262689627605	73.64957999592639	51.79311354271693	58.226475756085996	72.12347796647354	10.224304498705152	20.22989457092572
6.756724473940339	0.01	0.01	0.01	0.007	0.01	0.7688929440673885	0.10026015954310008	0.05143136267332685	0.0408372808811344	0.06213262689526127	74.05734325200746	51.935274312165454	58.58777019911245	72.33537445618678	10.282043539290918	19.68071316592569
6.871125084758099	0.01	0.01	0.01	0.007	0.01	0.7688929440678846	0.10026015954310008	0.05143136396669176	0.04083729073328342	0.06213262689431303	74.4479379680038	52.064188785215094	58.93722415584063	72.52959515162568	10.337650462688144	19.14643735076286
6.985526312302465	0.01	0.01	0.01	0.007	0.01	0.7688929440681982	0.10026015954310008	0.051431365179858815	0.04083730010339989	0.06213262689342583	74.82184531199188	52.1802732403487	59.27516091524929	72.70668508949856	10.3911840537594	18.626662852355377
7.099928111117325	0.01	0.01	0.01	0.007	0.01	0.7688929440683966	0.10026015954310008	0.051431366318158624	0.04083730901188051	0.062132626892594654	75.179533380329	52.28393233631182	59.601895007240515	72.86717418541802	10.442701503519036	18.120996349103226
7.214330428169305	0.01	0.01	0.01	0.007	0.01	0.768892944068522	0.10026015954310008	0.051431367386463714	0.04083731747800209	0.062132626891815465	75.52145752909067	52.37555942268471	59.9177324189352	73.01157763560758	10.492258449017912	17.629055206865765
7.328733225577591	0.01	0.01	0.01	0.007	0.01	0.7688929440686013	0.10026015954310008	0.05143136838923538	0.04083732551998712	0.06213262689108398	75.84806078649893	52.45553686614116	60.22297088821492	73.14039634572038	10.539909025187402	17.15046709265019
7.443136450307594	0.01	0.01	0.01	0.007	0.01	0.7688929440686516	0.10026015954310008	0.051431369330563644	0.040837333155092095	0.06213262689039683	76.15977409702515	52.524236325511104	60.51790004426028	73.25411728138381	10.585705892511678	16.68486982459662
7.557540056900832	0.01	0.01	0.01	0.007	0.01	0.7688929440686831	0.10026015954310008	0.051431370214204956	0.04083734039966094	0.062132626889750776	76.45701671447834	52.58201906085553	60.80280168811636	73.35321387468778	10.629700286511484	16.231911001900315
7.671944022628478	0.01	0.01	0.01	0.007	0.01	0.7688929440687032	0.10026015954310008	0.051431371043613956	0.040837347269176615	0.062132626889142846	76.7401965506656	52.62923621879245	61.07795003745044	73.43814639775472	10.671942061255981	15.791247686023022
7.786348309608056	0.01	0.01	0.01	0.007	0.01	0.768892944068716	0.10026015954310008	0.05143137182197188	0.04083735377833766	0.0621326268885704	77.00971038335877	52.66622908768522	61.34361183741569	73.50936228619206	10.712479712140414	15.362546294127052
7.900752895110257	0.01	0.01	0.01	0.007	0.01	0.7688929440687241	0.10026015954310008	0.05143137255221245	0.04083735994109259	0.062132626888030944	77.26594423192563	52.69332937895127	61.600046634929505	73.56729651076961	10.751360423723934	14.945482230537277
8.015157748828845	0.01	0.01	0.01	0.007	0.01	0.7688929440687292	0.10026015954310008	0.051431373237044664	0.04083736577069918	0.062132626887522094	77.5092735939946	52.71085947953132	61.84750692025728	73.61237190071687	10.788630097048665	14.539739728912666
8.129562848034142	0.01	0.01	0.01	0.007	0.01	0.7688929440687323	0.10026015954310008	0.05143137387897327	0.04083737127976051	0.06213262688704196	77.74006376406183	52.71913270999485	62.08623835168571	73.64499948203525	10.824333389493269	14.145011558558702
8.243968154842776	0.01	0.01	0.01	0.007	0.01	0.7688929440687342	0.10026015954310008	0.05143137448031621	0.04083737648027681	0.06213262688658873	77.9586700640885	52.71845357012321	62.31647989328317	73.66557879217734	10.858513741380017	13.760998871307006
8.358373654101541	0.01	0.01	0.01	0.007	0.01	0.7688929440687355	0.10026015954310008	0.051431375043222434	0.040837381383662275	0.06213262688616045	78.1654381873339	52.709117981036	62.53846407304488	73.67449820178061	10.89121342039101	13.387410846900682
8.47277933823396	0.01	0.01	0.01	0.007	0.01	0.7688929440687363	0.10026015954310008	0.051431375569685196	0.040837386000787665	0.062132626885755896	78.36070442379979	52.6914135139767	62.75241712261118	73.67213520878478	10.922473548029735	13.02396453110285
8.587185184509893	0.01	0.01	0.01	0.007	0.01	0.7688929440687369	0.10026015954310008	0.05143137606155648	0.040837390342025125	0.06213262688537307	78.54479587648503	52.66561962187275	62.958559105616594	73.65885673516675	10.952334124502242	12.67038469428461
8.701591185352752	0.01	0.01	0.01	0.007	0.01	0.7688929440687373	0.10026015954310008	0.051431376520557945	0.04083739441726078	0.062132626885011116	78.71803076163037	52.632007856772724	63.15710414085962	73.63501941491519	10.980834067294957	12.326403526978142
8.81599731803226	0.01	0.01	0.01	0.007	0.01	0.7688929440687374	0.10026015954310008	0.05143137694829216	0.04083739823593922	0.06213262688466858	78.88071860163552	52.590842092692824	63.34826050960824	73.60096987821066	11.008011232728125	11.991760531100075
8.930403567394894	0.01	0.01	0.01	0.007	0.01	0.7688929440687375	0.10026015954310008	0.05143137734625251	0.04083740180707686	0.0621326268843443	79.03316049641948	52.542378730389345	63.53223085383812	73.55704502149656	11.033902450509975	11.666202253054292
9.044809925863934	0.01	0.01	0.01	0.007	0.01	0.7688929440687376	0.10026015954310008	0.051431377715831776	0.04083740513928559	0.06213262688403731	79.17564934878955	52.486866899383685	63.70921232711061	73.50357226984889	11.058543551199307	11.349482095121198
9.159216370708943	0.01	0.01	0.01	0.007	0.01	0.7688929440687376	0.10026015954310008	0.05143137805832992	0.04083740824080739	0.06213262688374659	79.30847005845267	52.42454866772371	63.8793967083423	73.44086984581604	11.08196938841182	11.041360192176173
9.273622901929988	0.01	0.01	0.01	0.007	0.01	0.7688929440687376	0.10026015954310008	0.051431378374961874	0.04083741111951426	0.06213262688347126	79.43189978425437	52.35565921607065	64.04297060443321	73.36924700174511	11.104213873191211	10.741603126755493
9.388029504373423	0.01	0.01	0.01	0.007	0.01	0.7688929440687376	0.10026015954310008	0.051431378666864	0.04083741378294908	0.06213262688321026	79.54620810940932	52.28042704557046	64.20011553402124	73.2890042837839	11.125309991751205	10.449983855924724
9.50243617803929	0.01	0.01	0.01	0.007	0.01	0.7688929440687376	0.10026015954310008	0.051431378935099574	0.04083741623832576	0.06213262688296307	79.65165727941171	52.199074142946344	64.35100810829718	73.20043375115807	11.145289836386056	10.166281459974998
9.616842900197046	0.01	0.01	0.01	0.007	0.01	0.7688929440687376	0.10026015954310008	0.051431379180665045	0.04083741849256903	0.06213262688272886	79.74850236518489	52.11181618468785	64.49582011368203	73.1038192357768	11.16418462299513	9.890281070539418
9.73124966326985	0.01	0.01	0.01	0.007	0.01	0.7688929440687376	0.10026015954310008	0.05143137940449431	0.04083742055230742	0.062132626882506814	79.83699149356313	52.01886268452125	64.63471869286384	72.99943653961786	11.18202472154635	9.621773612754101
9.845656474834582	0.01	0.01	0.01	0.007	0.01	0.7688929440687376	0.10026015954310008	0.05143137960746406	0.040837422423888554	0.06213262688229647	79.9173660306033	51.92041715833114	64.76786646739934	72.887553648813	11.198839678400109	9.360555652035124
9.960063327314392	0.01	0.01	0.01	0.007	0.01	0.7688929440687376	0.10026015954310008	0.051431379790397025	0.040837424113410604	0.062132626882097156	79.98986074206834	51.81667731306204	64.89542162414062	72.76843097479896	11.214658234005912	9.106429311143737
10.074470213132425	0.01	0.01	0.01	0.007	0.01	0.7688929440687376	0.10026015954310008	0.05143137995406657	0.040837425626726515	0.0621326268819084	80.05470398563178	51.70783519525349	65.01753805461203	72.6423215496093	11.229508347275623	8.859202083341248
10.188877124711818	0.01	0.01	0.01	0.007	0.01	0.7688929440687376	0.10026015954310008	0.05143138009920017	0.040837426969456164	0.062132626881729595	80.11211788484015	51.59407734640397	65.13436547155787	72.50947122779813	11.243417216791542	8.61868668666952
10.303284054475702	0.01	0.01	0.01	0.007	0.01	0.7688929440687376	0.10026015954310008	0.051431380226481936	0.040837428146998006	0.062132626881560474	80.16231849835673	51.475584954110055	65.24604952232889	72.37011888287823	11.256411301439243	8.384700922183919
10.417690994847208	0.01	0.01	0.01	0.007	0.01	0.7688929440687376	0.10026015954310008	0.051431380336556226	0.04083742916453997	0.06213262688140019	80.20551598461434	51.352533999095414	65.35273189919329	72.2244965984223	11.268516340480746	8.157067536031585
10.532097945826335	0.01	0.01	0.01	0.007	0.01	0.7688929440687376	0.10026015954310008	0.05143138043003019	0.04083743002706478	0.06213262688124846	80.24191476419186	51.225095389659685	65.4545504532408	72.07282984373225	11.279757373799622	7.935614070805368
10.646504907413085	0.01	0.01	0.01	0.007	0.01	0.7688929440687376	0.10026015954310008	0.051431380507476455	0.04083743073936462	0.06213262688110504	80.27171367174311	51.09343510830343	65.55163929097004	71.9153376634218	11.29015875996432	7.720172751039
10.760911872030585	0.01	0.01	0.01	0.007	0.01	0.7688929440687376	0.10026015954310008	0.051431380569434824	0.0408374313060539	0.062132626880969384	80.2951061063958	50.957714356308344	65.64412886997381	71.75223286448193	11.299744194118972	7.5105803697909606
10.875318839678835	0.01	0.01	0.01	0.007	0.01	0.7688929440687376	0.10026015954310008	0.05143138061641508	0.0408374317315693	0.062132626880841334	80.31228018327171	50.818089668031575	65.73214611066825	71.5837221666613	11.30853672735219	7.306678136492209
10.98972580278096	0.01	0.01	0.01	0.007	0.01	0.7688929440687376	0.10026015954310008	0.05143138064889869	0.040837432020186894	0.0621326268807204	80.3234188739274	50.67471305700659	65.81581448020894	71.41000639062375	11.316558782926732	7.108311584470726
11.104132761336961	0.01	0.01	0.01	0.007	0.01	0.7688929440687376	0.10026015954310008	0.051431380667340564	0.04083743217602024	0.062132626880606334	80.32870014830108	50.527732122109505	65.89525409772534	71.23128059768429	11.323832174472006	6.915330426945712
11.21853971534684	0.01	0.01	0.01	0.007	0.01	0.7688929440687376	0.10026015954310008	0.0514313806721707	0.04083743220303236	0.06213262688049872	80.32829710888011	50.37729017771936	65.97058181911189	71.0477342581269	11.330378121893823	6.727588457239083
11.332946657233721	0.01	0.01	0.01	0.007	0.01	0.7688929440687376	0.10026015954310008	0.05143138066379603	0.04083743210504673	0.06213262688039746	80.3223781235082	50.223526382009574	66.04191132102893	70.85955141722617	11.33621726713208	6.544943449935901
11.447353586997608	0.01	0.01	0.01	0.007	0.01	0.7688929440687376	0.10026015954310008	0.05143138064260147	0.040837431885745144	0.062132626880302244	80.31110695393679	50.066575831774415	66.10935319704217	70.66691082012652	11.34136969070651	6.367257028289206
11.561760504638501	0.01	0.01	0.01	0.007	0.01	0.7688929440687376	0.10026015954310008	0.05143138060895171	0.04083743154867797	0.06213262688021265	80.29464288043934	49.906569683708824	66.17301503607459	70.46998606869381	11.34585492646874	6.1943945723378055
11.676167417733273	0.01	0.01	0.01	0.007	0.01	0.7688929440687376	0.10026015954310008	0.05143138056319194	0.04083743109726515	0.062132626880128765	80.27314082198187	49.743635252145175	66.2330015078351	70.26894574929727	11.349691976679427	6.026225105928185
11.790574311128184	0.01	0.01	0.01	0.007	0.01	0.7688929440687376	0.10026015954310008	0.05143138050564916	0.04083743053482016	0.06213262688005017	80.24675146070626	49.57789615807405	66.28941442653252	70.06395362372714	11.352899325475947	5.862621241727935
11.904981184823239	0.01	0.01	0.01	0.007	0.01	0.7688929440687376	0.10026015954310008	0.05143138043663383	0.04083742986453222	0.06213262687997654	80.21562135082272	49.40947237841229	66.34235284851496	69.8551686968893	11.355494954292215	5.703459028280027
12.019388038818441	0.01	0.01	0.01	0.007	0.01	0.7688929440687376	0.10026015954310008	0.051431380356440105	0.04083742908948027	0.06213262687990786	80.17989303255992	49.23848036698319	66.39191313870128	69.64274537262267	11.357496354888735	5.548617879303913
12.133794865536931	0.01	0.01	0.01	0.007	0.01	0.7688929440687376	0.10026015954310008	0.05143138026534689	0.04083742821264234	0.0621326268798439	80.1397051440373	49.06503316334396	66.43818904069563	69.42683359458643	11.358920542573834	5.397980492172959
12.248201680132437	0.01	0.01	0.01	0.007	0.01	0.7688929440687376	0.10026015954310008	0.051431380163618916	0.04083742723688116	0.06213262687978451	80.09519251642682	48.889240441285544	66.48127175991662	69.20757891186379	11.359784069478362	5.25143271940689
12.362608475028102	0.01	0.01	0.01	0.007	0.01	0.7688929440687376	0.10026015954310008	0.05143138005150772	0.04083742616497623	0.062132626879729556	80.04648629315945	48.711208669798154	66.52125001437668	68.98512268445681	11.360103036576017	5.108863542049677
12.477015250223927	0.01	0.01	0.01	0.007	0.01	0.7688929440687376	0.10026015954310008	0.05143137992925212	0.04083742499960955	0.06213262687967875	79.99371401998471	48.53104115680206	66.55821011443234	68.7596021427359	11.35989310634049	4.97016494537369
12.591422005719915	0.01	0.01	0.01	0.007	0.01	0.7688929440687376	0.10026015954310008	0.05143137979707887	0.040837423743373555	0.06213262687963194	79.93699974518061	48.34883814763897	66.59223602506624	68.531150514883	11.35916951454275	4.835231847156669
12.705828726362357	0.01	0.01	0.01	0.007	0.01	0.7688929440687376	0.10026015954310008	0.051431379655203294	0.040837422398784594	0.06213262687958915	79.87646412286159	48.164696934297204	66.62340942562072	68.2998971678767	11.357947082032535	4.703962035215399
12.820235412151264	0.01	0.01	0.01	0.007	0.01	0.7688929440687376	0.10026015954310008	0.05143137950383006	0.040837420968266674	0.062132626879550006	79.81222449035661	47.97871188949821	66.65180978072023	68.06596765408533	11.356240225811986	4.576256054256816
12.934642085817206	0.01	0.01	0.01	0.007	0.01	0.7688929440687376	0.10026015954310008	0.051431379343154	0.04083741945415126	0.06213262687951465	79.74439495106198	47.79097453311167	66.67751440029154	67.82948379796939	11.354062969517416	4.452017124802696
13.04904874736018	0.01	0.01	0.01	0.007	0.01	0.7688929440687376	0.10026015954310008	0.05143137917336004	0.04083741785870759	0.06213262687948275	79.67308648756425	47.601573684099144	66.70059848696856	67.5905638905493	11.351428954777155	4.33115112055557
13.163455381626488	0.01	0.01	0.01	0.007	0.01	0.7688929440687376	0.10026015954310008	0.05143137899462395	0.04083741618414126	0.06213262687945428	79.59840704522912	47.41059552535574	66.72113519704922	67.34932277449049	11.348351451833045	4.213566486005114
13.277861996192984	0.01	0.01	0.01	0.007	0.01	0.7688929440687376	0.10026015954310008	0.05143137880711334	0.040837414432573216	0.06213262687942907	79.52046159080925	47.218123614472404	66.73919570317929	67.10587186052938	11.344843368686952	4.099174127605054
13.392268575905977	0.01	0.01	0.01	0.007	0.01	0.7688929440687376	0.10026015954310008	0.051431378610987115	0.04083741260607129	0.06213262687940709	79.43935222263308	47.02423903134011	66.75484924013593	66.86031931662913	11.340917262139703	3.9878873930511234
13.506675120765477	0.01	0.01	0.01	0.007	0.01	0.7688929440687376	0.10026015954310008	0.05143137840639684	0.040837410706628594	0.06213262687938827	79.35517822368224	46.8290203844383	66.76816316371088	66.61277007850492	11.336585346252642	3.879621967241726
13.621081645925182	0.01	0.01	0.01	0.007	0.01	0.7688929440687376	0.10026015954310008	0.051431378193486664	0.040837408736166404	0.0621326268793724	79.26803613578724	46.632543877828	66.77920300023229	66.36332593660991	11.331859501372119	3.774295810424882
13.735488151385093	0.01	0.01	0.01	0.007	0.01	0.7688929440687376	0.10026015954310008	0.051431377972393354	0.040837406696554834	0.062132626879359436	79.17801985616221	46.43488342895553	66.78803249277703	66.11208568770131	11.326751284327926	3.67182912468983
13.849894644722056	0.01	0.01	0.01	0.007	0.01	0.7688929440687376	0.10026015954310008	0.05143137774324729	0.04083740458960143	0.06213262687934922	79.08522069280406	46.236110694109996	66.79471365213026	65.85914516924018	11.3212719363648	3.5721442720528147
13.964301103205553	0.01	0.01	0.01	0.007	0.01	0.7688929440687376	0.10026015954310008	0.051431377506172576	0.04083740241707684	0.062132626879341776	78.98972746588412	46.036295196913585	66.79930680196458	65.6045974247364	11.315432393577229	3.4751657481970954
14.078707526835597	0.01	0.01	0.01	0.007	0.01	0.7688929440687376	0.10026015954310008	0.05143137726128734	0.040837400180683034	0.06213262687933695	78.89162653343739	45.83550429710023	66.80187062802078	65.34853266581136	11.309243292751614	3.3808200786264107
14.193113930765865	0.01	0.01	0.01	0.007	0.01	0.7688929440687376	0.10026015954310008	0.05143137700870361	0.0408373978820613	0.062132626879334844	78.79100186192665	45.633803262029296	66.80246222061132	65.09103836469126	11.302714979558893	3.2890357716445635
14.30752031499636	0.01	0.01	0.01	0.007	0.01	0.7688929440687376	0.10026015954310008	0.05143137674852824	0.040837395522811744	0.06213262687933513	78.68793511692058	45.43125537742561	66.80113711728539	64.83219939693562	11.295857518081226	3.19974328915545
14.421926679527086	0.01	0.01	0.01	0.007	0.01	0.7688929440687376	0.10026015954310008	0.05143137648086295	0.04083739310448647	0.062132626879337814	78.58250571351255	45.22792197692443	66.7979493457125	64.57209808063429	11.288680697729838	3.1128749809550817
14.536333009204386	0.01	0.01	0.01	0.007	0.01	0.7688929440687376	0.10026015954310008	0.05143137620580412	0.040837390628600034	0.062132626879342845	78.47479089191903	45.02386252356207	66.79295146545617	64.3108142819148	11.281194041716297	3.0283650445172285
14.65073930402827	0.01	0.01	0.01	0.007	0.01	0.7688929440687376	0.10026015954310008	0.051431375923443746	0.04083738809661282	0.06213262687935032	78.36486574903444	44.81913460881243	66.78619460698502	64.04842541489397	11.273406812403639	2.946149452150196
14.765145579152401	0.01	0.01	0.01	0.007	0.01	0.7688929440687376	0.10026015954310008	0.05143137563386909	0.04083738550993237	0.06213262687935986	78.25280329484956	44.61379400361145	66.77772850929041	63.78500650793794	11.265328018164407	2.866165904026705
14.879551849730435	0.01	0.01	0.01	0.007	0.01	0.7688929440687376	0.10026015954310008	0.051431375337162966	0.04083738286992403	0.062132626879371725	78.1386745226928	44.40789473539253	66.76760155799838	63.520630303321845	11.256966421190706	2.788353792572996
14.993958093031894	0.01	0.01	0.01	0.007	0.01	0.7688929440687376	0.10026015954310008	0.05143137503340433	0.04083738017793647	0.06213262687938554	78.02254850290345	44.20148920529418	66.75586082630304	63.25536740871365	11.24833054709161	2.7126541812020175
15.10836431663361	0.01	0.01	0.01	0.007	0.01	0.7688929440687376	0.10026015954310008	0.051431374722668004	0.04083737743526026	0.06213262687940148	77.90449236844687	43.994628112894176	66.74255210491773	62.989286201417904	11.239428686454474	2.6390097129235417
15.222770505381943	0.01	0.01	0.01	0.007	0.01	0.7688929440687376	0.10026015954310008	0.051431374405024974	0.04083737464316236	0.06213262687941942	77.78457142024111	43.787360597864186	66.72771994197309	62.72245301115652	11.230268905121319	2.5673646023744774
15.337176659276903	0.01	0.01	0.01	0.007	0.01	0.7688929440687376	0.10026015954310008	0.051431374080542956	0.040837371802863905	0.06213262687943943	77.66284913881944	43.57973421635362	66.71140767266341	62.454932090435044	11.220859047434429	2.4976645688401415
15.451582793472133	0.01	0.01	0.01	0.007	0.01	0.7688929440687376	0.10026015954310008	0.05143137374928547	0.040837368915541	0.062132626879461306	77.539387232207	43.37179498433765	66.69365745114506	62.18678567083961	11.211206742053484	2.4298567964345335
15.565988915544454	0.01	0.01	0.01	0.007	0.01	0.7688929440687376	0.10026015954310008	0.05143137341131336	0.04083736598234029	0.062132626879485085	77.41424570761286	43.163587461255084	66.67451028556546	61.91807407134868	11.201319409612587	2.3638899082195968
15.680395017917052	0.01	0.01	0.01	0.007	0.01	0.7688929440687376	0.10026015954310008	0.05143137306668371	0.040837363004385216	0.062132626879510613	77.2874829269429	42.95515480519337	66.65400607109194	61.64885577013213	11.191204269146114	2.2997139308231676
15.794801100589929	0.01	0.01	0.01	0.007	0.01	0.7688929440687376	0.10026015954310008	0.05143137271545124	0.040837359982762216	0.06213262687953797	77.15915562740452	42.7465387716807	66.63218361661836	61.37918740349992	11.180868341673	2.237280243169341
15.909207171139903	0.01	0.01	0.01	0.007	0.01	0.7688929440687376	0.10026015954310008	0.051431372357666996	0.04083735691852239	0.06213262687956712	77.02931896494935	42.53777975264155	66.60908067378482	61.109123816568776	11.1703184554836	2.1765415402265478
16.0	0.01	0.01	0.01	0.007	0.01	0.7688929440687376	0.10026015954310008	0.05143137206911474	0.04083736242960329	0.062132626879591465	76.9252417649053	42.37203245661973	66.58985918930446	60.89455492147999	11.161798182516183	2.12951499502132
