0.0	0.01	0.01	0.01	0.007	0.01	0.0	0.0	0.0	0.0	0.0	0.0	0.0	0.0	0.0	0.0	100.0
0.003460354421098204	0.01	0.01	0.01	0.007	0.01	0.011432415518184157	0.0031372191830699872	0.003735635125610351	0.004036222744537139	0.0051732118580068605	0.0007196695420464242	0.0010500855365373977	0.0023138107262952435	0.003832500853726286	0.0004652030972536673	99.92430198303856
0.005555740918516811	0.01	0.01	0.01	0.007	0.01	0.018284326673396193	0.0049939908602366	0.005869797219123932	0.006287552208623209	0.0081566082392515	0.0018493312535730767	0.0026900547887297784	0.005876529590723668	0.009673367595927858	0.0011842754372366961	99.8784915875172
0.008708481402544077	0.01	0.01	0.01	0.007	0.01	0.028494112078403244	0.007728113746897139	0.008909780275127602	0.009423430159387814	0.012444435600969778	0.00452242809676915	0.006547957720393526	0.014122414950241637	0.02303613082994385	0.0028559461191784144	99.8096043555584
0.011620806314061921	0.01	0.01	0.01	0.007	0.01	0.037820002299227634	0.010191529600307829	0.011545374128408193	0.012072344699562058	0.016201539954630233	0.008018178398884385	0.011560151787886688	0.024644127511185263	0.0398718372359812	0.004999545953827662	99.74601240907835
0.01500430668938116	0.01	0.01	0.01	0.007	0.01	0.04852913514720176	0.012980382403068928	0.014412508527822422	0.014877419099886687	0.02033566268928879	0.013300011449112716	0.01908137190281857	0.040140587353558604	0.06434867010153775	0.008173045138244645	99.67218300839488
0.018451401100428963	0.01	0.01	0.01	0.007	0.01	0.05930242057023317	0.01574296954575107	0.01713226813122085	0.01746157721360225	0.02430895385937413	0.02001062445027154	0.028566974250316804	0.059300388968329475	0.0942052215234932	0.012118817359834038	99.59702215575894
0.022165875107608052	0.01	0.01	0.01	0.007	0.01	0.07075843148882874	0.018633478923738834	0.019851707709645228	0.019967433983300767	0.02834072208209061	0.02872023759390302	0.04078390877882223	0.08347724811616378	0.13136740022380372	0.0171275156578537	99.51609476791717
0.026023937037284693	0.01	0.01	0.01	0.007	0.01	0.08249161031952693	0.02154369775134854	0.022461367401626235	0.022295408462359716	0.03227592712024087	0.039363675216829874	0.0555935701598099	0.11217033439574567	0.17486217847160868	0.023109992343171504	99.43210864321438
0.030082875119699214	0.01	0.01	0.01	0.007	0.01	0.09465605889994122	0.02450739468932391	0.024988918609247453	0.024475000976429784	0.03616223642414694	0.052287639718611306	0.07342674647645649	0.14597969205153122	0.22540273392199867	0.030207730390707614	99.34382615719908
0.034306940059163585	0.01	0.01	0.01	0.007	0.01	0.10712270685148356	0.027488401975343236	0.027401198645333778	0.02648271551989498	0.039954554849447856	0.06758311766234561	0.09435014868342041	0.1847772644917241	0.28259671901163075	0.03841303850802621	99.25203536850739
0.03871365497249875	0.01	0.01	0.01	0.007	0.01	0.11992222266218336	0.03048989776507267	0.02970075780169877	0.028327191758262912	0.04365855766322968	0.08550855387030094	0.11865279867323474	0.2288352640708022	0.3466518104132601	0.04780471466973091	99.15636590659759
0.0432946051519629	0.01	0.01	0.01	0.007	0.01	0.13300821373378813	0.033496883701890995	0.03187695129995274	0.03000683523097449	0.0472488513798696	0.10623196237525957	0.14649086015765544	0.2781597297360373	0.4173870977981922	0.058406411283077546	99.05701156585708
0.04805732458030312	0.01	0.01	0.01	0.007	0.01	0.14638008683755252	0.036505372039505296	0.03392903083202946	0.031528590431082394	0.050693303617384264	0.12998973581996692	0.17810355858693153	0.33288900948728845	0.49482033144802073	0.07026735156640322	98.95382046174697
0.0530051120034436	0.01	0.01	0.01	0.007	0.01	0.16002401709091307	0.03950845236326031	0.035855149202249643	0.03289879171135201	0.05391681728261116	0.15700828064671885	0.2137060294844021	0.3930996683243247	0.5788869432983242	0.08341262791271614	98.8467334387871
0.058131150799755976	0.01	0.01	0.01	0.007	0.01	0.1738982625414071	0.04249350244531323	0.037651277096089536	0.03412260558078122	0.056782940307978855	0.1874573332894583	0.25342933317432237	0.45871534973699557	0.6693218709056531	0.09780797006015643	98.73591067207178
0.06334046776656639	0.01	0.01	0.01	0.007	0.01	0.18773063704796117	0.04540084488475123	0.03928969602671943	0.035190647253637304	0.05908101966494978	0.22090484776498573	0.2966238802674403	0.5284138405599288	0.764194529576067	0.11310184370740303	98.62341476019701
0.06865183656965083	0.01	0.01	0.01	0.007	0.01	0.2015619017913564	0.04823965836802512	0.04078627556848486	0.03612327372068923	0.06069898124095569	0.25754589204060363	0.3434621598965683	0.6022688433177094	0.8635391684527125	0.12920227148959146	98.50884698854065
0.0742286570281428	0.01	0.01	0.01	0.007	0.01	0.21579457513783498	0.051089876172155026	0.04218868634148764	0.03695745762644661	0.06162710988486574	0.2987105499403705	0.39553681145417957	0.6825083969612256	0.9702428547930224	0.1464432466028481	98.38869657801222
0.08003417543319276	0.01	0.01	0.01	0.007	0.01	0.23030191347700674	0.053921337565548046	0.04348490813730069	0.03769184889926566	0.06190238202264173	0.3444207308867694	0.4527425780885858	0.7686284633604132	1.0835004250751474	0.16453972205682224	98.26377464146186
0.08602132358795586	0.01	0.01	0.01	0.007	0.01	0.2449399744259621	0.056703193452234346	0.04466670192378152	0.038328483370450875	0.0616717218182503	0.3945353539203518	0.5147743222832853	0.8598739163407821	1.2022276653122876	0.18317846903790275	98.13511056315647
0.09223440010096076	0.01	0.01	0.01	0.007	0.01	0.25979110281922857	0.059448806326265244	0.045746310952696205	0.038880521211467095	0.06110267855065841	0.4496490432620673	0.5822327584207224	0.9568423101455029	1.3271290629467043	0.20236391219743055	98.00176939685899
0.09873171365113845	0.01	0.01	0.01	0.007	0.01	0.27496040896652224	0.062173856310131496	0.0467349154647657	0.039359311834145885	0.060327256287399746	0.5105761803992165	0.6559528560991005	1.0604024411279778	1.4592373022404845	0.22217494658821466	97.86252190866746
0.10557902227726094	0.01	0.01	0.01	0.007	0.01	0.29055669328547545	0.06489240659744651	0.04764120477490293	0.03977393284847735	0.059437616566310754	0.5783221306600023	0.7369535663466577	1.1715944919642576	1.5997761971152527	0.24273280944028736	97.71598760466786
0.1128093618202037	0.01	0.01	0.01	0.007	0.01	0.30660170207181475	0.06760163071151382	0.04846732250367934	0.04012984792285926	0.05850000229564646	0.653677174766985	0.8259462393783681	1.2909565107459713	1.7493167305804014	0.2640730566752528	97.56149449293757
0.12044133629819562	0.01	0.01	0.01	0.007	0.01	0.3230782912462531	0.07029187355432555	0.049213941450696484	0.04043176702045325	0.05756101821796836	0.7373372068318801	0.923489417166689	1.4187802990347853	1.9081255773116697	0.2862010751483818	97.39868449332405
0.12848853250445583	0.01	0.01	0.01	0.007	0.01	0.3399542068810894	0.0729514320004791	0.04988225720208794	0.04068456596918824	0.05665223489076631	0.8299748042723479	1.0300770930630199	1.555252888849808	2.076353445819088	0.30911907512354764	97.22731098916806
0.13697043717320312	0.01	0.01	0.01	0.007	0.01	0.35720563858387133	0.07557053062203269	0.050474981361757564	0.040893550201613706	0.05579345826719333	0.9323580191272655	1.1462748250901555	1.7006403860316117	2.254264756266425	0.3328551678167628	97.04700630657558
0.14591159922447172	0.01	0.01	0.01	0.007	0.01	0.37481388042283004	0.07814063423341047	0.05099584467671119	0.041064100345808624	0.054996463693710765	1.0453536037684719	1.272716443144649	1.8552796459867649	2.442224154486932	0.3574577920679261	96.85730093169065
0.1553420845752981	0.01	0.01	0.01	0.007	0.01	0.39276467747898025	0.08065423489407063	0.051449302000782335	0.04120145850959323	0.05426753372881909	1.1699449369307275	1.4101165432045861	2.0195901391442144	2.6407080752615255	0.3829945225356725	96.6576153586101
0.16529641004589654	0.01	0.01	0.01	0.007	0.01	0.41104461432482353	0.08310426775602567	0.051840230471062204	0.04131056270932785	0.053609299022975364	1.3072299626136454	1.5592597435790385	2.1940580160653087	2.8502827943998823	0.4095472934343617	96.44728434724556
0.17581364396776458	0.01	0.01	0.01	0.007	0.01	0.4296399456811397	0.08548395870709623	0.05217377106771892	0.04139596485128147	0.053021872444958394	1.4584321297646994	1.7210040835584295	2.379239009777631	3.071605808717778	0.43721134106840737	96.22555652339108
0.186937194611992	0.01	0.01	0.01	0.007	0.01	0.44853488311291834	0.08778664903156143	0.05245519389478276	0.04146178013748723	0.0525036197189076	1.6249062471636302	1.8962782619983671	2.5757550866046843	3.3054197842066526	0.4660935964130045	95.99160077303094
0.19871494342102555	0.01	0.01	0.01	0.007	0.01	0.46771055953499735	0.09000575934976625	0.052689802244173495	0.04151166563732945	0.05205165830318252	1.8081481193991091	2.0860825293574967	2.7842965148835943	3.5525530380011365	0.49631218077304	95.74450557649398
0.21119923361786577	0.01	0.01	0.01	0.007	0.01	0.4871437839706207	0.09213476981717203	0.05288284696542607	0.04154881563940857	0.05166220859485797	2.009801049118415	2.2914859325080315	3.0056208945223397	3.8139163294706804	0.5279956178358491	95.48328165982353
0.22444689860661082	0.01	0.01	0.01	0.007	0.01	0.5068059546307943	0.0941672621244724	0.05303945285573114	0.04157597137594946	0.05133084447578034	2.2316614257904264	2.513622655556555	3.2405524451662355	4.090499885731296	0.5612821979604099	95.20686409572548
0.23851914507440142	0.01	0.01	0.01	0.007	0.01	0.5266618897096518	0.09609699246128424	0.05316455070275779	0.0415954413659355	0.05105268762897748	2.475679944573427	2.753684394310992	3.489978314018251	4.383366821571454	0.5963189851380748	94.91411774492215
0.2534813077565452	0.01	0.01	0.01	0.007	0.01	0.5466687106385644	0.09791800832598427	0.05326281558960494	0.04160913053436276	0.05082256669774016	2.7439577816200336	3.012908880502916	3.7548422298237907	4.693643383891011	0.6332604978895199	94.60384565062805
0.26940235824981695	0.01	0.01	0.01	0.007	0.01	0.5667747418958583	0.09962480006839575	0.053338611223285724	0.04161857608703255	0.05063515744844862	3.0387346108403195	3.2925624937794002	4.036133465385871	5.022503685391215	0.67226676863074	94.27480276992544
0.2863541341306136	0.01	0.01	0.01	0.007	0.01	0.5869185585445353	0.10121249087387348	0.05339594217924929	0.041624988383422996	0.05048511139156556	3.362366488163162	3.593916384704408	4.334870598219647	5.371148419917693	0.7135007131494202	93.92571561305466
0.3044102333855687	0.01	0.01	0.01	0.007	0.01	0.6070283045110768	0.1026770602756694	0.053438416012833084	0.04162929488620443	0.050367176868892555	3.717291207639668	3.918215375381993	4.652079238791241	5.740776692677305	0.7571247016119902	93.55530873878504
0.3236446622527529	0.01	0.01	0.01	0.007	0.01	0.6270215652316827	0.10401559930533615	0.053469217629923946	0.04163218522723397	0.050276312540465176	4.105981694098189	4.2666417416203055	4.988765469894034	6.132553112266708	0.8032965814593038	93.16233605162155
0.344130469049275	0.01	0.01	0.01	0.007	0.01	0.646806131685377	0.10522658486583057	0.05349109773115691	0.041634155398219644	0.05020779127820977	4.530891824783254	4.640279016671725	5.345889263165429	6.54757520815858	0.8521657475250666	92.74561191613152
0.36593878876758285	0.01	0.01	0.01	0.007	0.01	0.6662819812972034	0.10631014689921824	0.05350637630620623	0.04163554921745659	0.05015729073247564	4.994404650422993	5.04008481929048	5.724345365973376	6.986849940269368	0.9038702954509737	92.30403334486722
0.38913877376519646	0.01	0.01	0.01	0.007	0.01	0.6853445560783145	0.10726828159009734	0.053516960831608895	0.041636595519018486	0.0501209656829385	5.498796150160561	5.4668827073029815	6.124959741082021	7.451288665348969	0.958536373931785	91.83658382555627
0.4137987056644865	0.01	0.01	0.01	0.007	0.01	0.7038890033767998	0.1081049528814634	0.053524377156430575	0.04163743994758548	0.05009549654723836	6.0462253723134545	5.921379266645675	6.548506148332068	7.9417257709773725	1.0162803739223176	91.34231341635542
0.43998809794650034	0.01	0.01	0.01	0.007	0.01	0.7218145938800035	0.108826034042584	0.05352980908354941	0.0416381707676743	0.05007810911946981	6.638751129507607	6.404202709877746	6.995738826662316	8.4589561121411	1.077213412866538	90.82029979949256
0.46778023430995386	0.01	0.01	0.01	0.007	0.01	0.7390284927622727	0.1094390814245036	0.05353414103379763	0.04163883866361021	0.050066563308752	7.278365195479722	6.915951487300429	7.46743104942769	9.003779230758127	1.1414467217033613	90.26960220567106
0.4972543806713986	0.01	0.01	0.01	0.007	0.01	0.7554483219135315	0.10995297508858436	0.053537998017164634	0.041639471028617946	0.050059113421736585	7.967024268708116	7.457237088557626	7.96440617163111	9.57703478120786	1.2090961019537898	89.6892238157025
0.5284970767876839	0.01	0.01	0.01	0.007	0.01	0.7710034564696808	0.11037748950440432	0.053541779720019264	0.041640081632852495	0.050054447132898895	8.706664338053992	8.028708592638104	8.487551217392273	10.17961769350213	1.28028407870359	89.0780942574835
0.5616022312842865	0.01	0.01	0.01	0.007	0.01	0.785635391833054	0.11072285818882789	0.05354569047913428	0.04164067674448227	0.050051612867996836	9.499187650679765	8.631053212280747	9.037808949360665	10.812468526615412	1.3551391729314728	88.4350769626507
0.5966699142779943	0.01	0.01	0.01	0.007	0.01	0.799297618961139	0.11099937702613054	0.0535497715112101	0.04164125875114527	0.0500499451540434	10.346417173954991	9.26497118802578	9.616147636275949	11.476538281480437	1.4337921595137342	87.75900238862212
0.6338035779043163	0.01	0.01	0.01	0.007	0.01	0.8119553122989821	0.11121706828693767	0.05355394203779969	0.04164182815488628	0.05004899529635311	11.250010851539898	9.931121376387344	10.223505477137499	12.172724346002092	1.5163688671723792	87.0487308663519
0.6731052858706698	0.01	0.01	0.01	0.007	0.01	0.8235850419152831	0.11138541313986199	0.05355805028493627	0.041642384586256624	0.05004847182490753	12.21132585416757	10.630032285794002	10.86070488722764	12.901772286957275	1.6029788377977134	86.30325101453676
0.7146691466456544	0.01	0.01	0.01	0.007	0.01	0.83417482297651	0.11151315396252946	0.053561927159993514	0.041642927278434334	0.050048192518292886	13.231240035102374	11.361985347687359	11.528342527891525	13.664150566377907	1.6937006210742351	85.52180723415192
0.75857592050035	0.01	0.01	0.01	0.007	0.01	0.8437251097514614	0.11160816385249074	0.05356543095343535	0.041643455302068366	0.050048047883533696	14.310008533460165	12.126925713556618	12.22670499991829	14.459955513236858	1.7885704775765512	84.70399813980934
0.8048932497366884	0.01	0.01	0.01	0.007	0.01	0.8522506849951093	0.11167736881025267	0.05356847366060151	0.041643967737650146	0.050047974787555974	15.447270748385908	12.92447671778799	12.955779536926586	15.288925202570624	1.8875839079264902	83.84976464785018
0.8536826337219692	0.01	0.01	0.01	0.007	0.01	0.8597821344209431	0.11172670643666738	0.053571026471616885	0.04164446383151254	0.05004793835275348	16.642236219361834	13.754069402443328	13.715370885753737	16.15057358420519	1.990711528913912	82.9592540579482
0.9050088852991592	0.01	0.01	0.01	0.007	0.01	0.8663654140545144	0.11176112006536974	0.05357310929810534	0.041644943097897624	0.05004792012834869	17.89393797392642	14.61510478948167	14.505250291354104	17.044359265974613	2.097919248172263	82.03264624264318
0.9589476967475417	0.01	0.01	0.01	0.007	0.01	0.8720594167737112	0.1117845980505582	0.053574773055047105	0.04164540534571453	0.05004791075336894	19.20143680742487	15.507071321195312	15.32526599496073	17.969808572143055	2.209183179276643	81.070024307298
1.0155906090848452	0.01	0.01	0.01	0.007	0.01	0.8769325208067118	0.11180025867626212	0.053576082445523615	0.0416458506536218	0.050047905652687026	20.56395297133759	16.429607718093617	16.175405813535818	18.92658274418767	2.3244980432649824	80.07130074431049
1.0750488508189076	0.01	0.01	0.01	0.007	0.01	0.8810590424503282	0.11181046707994585	0.05357710333801161	0.04164627932671165	0.0500479026538451	21.980957903600423	17.38253831312707	17.05583595281029	19.91451705738635	2.4438823467667006	79.0361708260662
1.1374569727916866	0.01	0.01	0.01	0.007	0.01	0.8845160220056103	0.11181696559705429	0.053577895443323094	0.041646691850784096	0.050047900739949476	23.45224646732958	18.36589700036694	17.966930475328464	20.933648192130036	2.567382292317838	77.96407636727841
1.2029765701561719	0.01	0.01	0.01	0.007	0.01	0.8873805002646493	0.11182100200769081	0.05357850920392922	0.04164708884926528	0.05004789943080488	24.97799502929184	19.379944265741916	18.909295372878905	21.984234164532914	2.695074949635645	76.85417524624992
1.2718001251007567	0.01	0.01	0.01	0.007	0.01	0.8897273325495815	0.11182344550826587	0.053578985355415346	0.04164747104401144	0.050047898490202324	26.558804779199633	20.42517710754226	19.883787051541955	23.06676640822872	2.8270706542647797	75.70531691473902
1.3441549958127559	0.01	0.01	0.01	0.007	0.01	0.8916275353392867	0.11182488515457441	0.05357935586180767	0.04164783922047132	0.050047897792943274	28.195729702414056	21.50233127401396	20.891524784057165	24.181973311342926	2.9635145668123606	74.51602440014511
1.4203078813237466	0.01	0.01	0.01	0.007	0.01	0.8931471298151091	0.11182570925415669	0.0535796453655584	0.041648194198551244	0.050047897266072686	29.890295363386603	22.612379392930592	21.933900662902182	25.330818880571904	3.1045878655530146	73.2844785747452
1.50056980125623	0.01	0.01	0.01	0.007	0.01	0.8943464099600783	0.1118261666429644	0.05357987267615789	0.04164853680809066	0.05004789686306384	31.644507252997908	23.75652344634507	23.01258594089575	26.51449493914827	3.250508415431501	72.00850589527823
1.5853017469770962	0.01	0.01	0.01	0.007	0.01	0.8952795615177542	0.11182641217229135	0.05358005208433318	0.04164886786821302	0.050047896552159014	33.46084945771274	24.93618129997654	24.129533898235447	27.73440658526624	3.4015309256965622	70.68556930391523
1.67492030775138	0.01	0.01	0.01	0.007	0.01	0.8959945524732746	0.11182653927892618	0.053580194435751106	0.04164918816638514	0.05004789631072173	35.34225569371215	26.152954862037667	25.28696791209003	28.99213809451564	3.5579450583623395	69.3127755389028
1.7699012800091647	0.01	0.01	0.01	0.007	0.01	0.8965332296494358	0.11182660251885913	0.05358030797064511	0.04164949843008641	0.05004789612220124	37.292010550784724	27.408552267348657	26.487328510415782	30.289370804996395	3.7200679437327597	67.88692991859578
1.8707740783095883	0.01	0.01	0.01	0.007	0.01	0.8969315617158913	0.11182663263667732	0.05358039896167732	0.041649799271197684	0.0500478959743182	39.313443915783445	28.704576770954173	27.733094470036125	31.627662994970915	3.8882196529280186	66.4047399859407
1.97808277408043	0.01	0.01	0.01	0.007	0.01	0.8972199763492628	0.11182664630150481	0.053580472185060644	0.04165009104656172	0.05004789585789371	41.40898537223718	30.041910026699092	29.02620902121594	33.007811354355496	4.0626454356839705	64.86349051160627
2.092227110622311	0.01	0.01	0.01	0.007	0.01	0.8974237358420736	0.1118266521747681	0.05358053124629456	0.04165037345868309	0.050047895766082644	43.57708717882939	31.418759533300165	30.36618332394478	34.42783705994187	4.243260002609933	63.26330584012815
2.2128968912375386	0.01	0.01	0.01	0.007	0.01	0.8975633092243384	0.11182665454991697	0.05358057875720367	0.04165064443712768	0.050047895693924434	45.80230644408175	32.824458910916526	31.743938105067166	35.87660487228703	4.428819304632571	61.61454728570755
2.3377050813668974	0.01	0.01	0.01	0.007	0.01	0.8976549912712325	0.11182665544823438	0.0535806164348461	0.04165089833531202	0.05004789563805389	48.0333049195409	34.225930985461	33.12805529792565	37.31992169056158	4.615076135415817	59.95443591596849
2.462096984584251	0.01	0.01	0.01	0.007	0.01	0.8977125883770767	0.11182665576974013	0.053580645651907954	0.041651128609197306	0.05004789559576052	50.18731182583607	35.571172454343454	34.46729155423678	38.70422167103847	4.795132424754206	58.34436871520438
2.5833371670134304	0.01	0.01	0.01	0.007	0.01	0.8977481946237786	0.11182665588372076	0.0535806682233402	0.04165133550673013	0.050047895563819604	52.221667101940135	36.83420145453395	35.73494870323602	40.00285736283955	4.965410532983021	56.81671402991545
2.7017323083196585	0.01	0.01	0.01	0.007	0.01	0.8977704959057692	0.11182665592522233	0.05358068601117829	0.041651523620028594	0.05004789553916288	54.147898433231575	38.02301849527862	36.93793673928349	41.22417321220951	5.126854774251289	55.36351777288352
2.818708024950451	0.01	0.01	0.01	0.007	0.01	0.8977847429018584	0.11182665594079459	0.05358070041207799	0.041651696860945324	0.0500478955195844	55.993942631055994	39.15551024011075	38.09348688551391	42.38663697376447	5.281789975625304	53.964250000383565
2.935516185108243	0.01	0.01	0.01	0.007	0.01	0.8977939703481445	0.11182665594674322	0.053580712337116115	0.04165185781141586	0.050047895503672696	57.78216062664547	40.24577906305853	39.21547016761751	43.50478002599316	5.432083071569604	52.60227637525439
3.0528404759883614	0.01	0.01	0.01	0.007	0.01	0.8977999784357736	0.11182665594902666	0.05358072236325375	0.04165200814890972	0.050047895490536246	59.52418987796066	41.301126995227754	40.31112598742542	44.58612171023571	5.57870729457441	51.26888567126191
3.1708315670087743	0.01	0.01	0.01	0.007	0.01	0.8978038868008821	0.11182665594990014	0.05358073087028429	0.04165214892432876	0.05004789547958636	61.22285175780842	42.32339567813664	41.38219259609451	45.632569240216206	5.721897241556482	49.96200332764401
3.289325437293036	0.01	0.01	0.01	0.007	0.01	0.897806420117257	0.11182665595023218	0.05358073813018797	0.041652280844680555	0.05004789547040143	62.87638112812566	43.3116574260527	42.42751798663014	46.6431938677393	5.861500951131471	48.683077568004954
3.408067001337118	0.01	0.01	0.01	0.007	0.01	0.897808056276477	0.11182665595035762	0.05358074435492146	0.041652404507429984	0.0500478954626564	64.48208866167202	44.26447746881819	43.44534661844128	47.616555159704674	5.997286840140648	47.43431843798358
3.5268541969256106	0.01	0.01	0.01	0.007	0.01	0.8978091106001347	0.11182665595040493	0.05358074971817496	0.04165252050962015	0.050047895456089696	66.03839125918435	45.18112949794013	44.43460239614422	48.55194428199049	6.129115096824709	46.21712943062588
3.645588301651573	0.01	0.01	0.01	0.007	0.01	0.8978097894309242	0.11182665595042272	0.053580754364253	0.0416526294538767	0.050047895450488204	67.5453060289407	46.06186255497219	45.395212374259984	49.44965266254995	6.256980316389182	45.03169731462345
3.764258089914116	0.01	0.01	0.01	0.007	0.01	0.8978102265519592	0.1118266559504295	0.05358075841222732	0.04165273191634381	0.05004789544567965	69.004033731864	46.907625978502885	46.32785399023765	50.31068680995146	6.380977188744509	43.87728814833469
3.8828977804007776	0.01	0.01	0.01	0.007	0.01	0.8978105081599451	0.11182665595043204	0.0535807619591964	0.04165282842115087	0.05004789544152593	70.41628878026084	47.71965819783564	47.23353597467703	51.13634619147153	6.501244294962272	42.75275441020702
4.001548640157587	0.01	0.01	0.01	0.007	0.01	0.8978106896517067	0.11182665595043301	0.05358076508373995	0.04165291943262707	0.05004789543791679	71.78377878671442	48.49917802998498	48.11326852087291	51.927907889443496	6.617920103830173	41.656939595107445
4.12023753980141	0.01	0.01	0.01	0.007	0.01	0.8978108066364423	0.11182665595043334	0.053580767849447396	0.041653005359895676	0.05004789543476344	73.10796066112773	49.247246401818515	48.96790616282255	52.686486302446966	6.731122145852871	40.58887420487096
4.2389721844817005	0.01	0.01	0.01	0.007	0.01	0.89781088203494	0.11182665595043349	0.05358077030812653	0.04165308656622371	0.0500478954319955	74.39002020058895	49.96476025998336	49.79813244639292	53.41302781812739	6.840945096559911	39.547797625555596
4.357746540455814	0.01	0.01	0.01	0.007	0.01	0.8978109306202507	0.11182665595043352	0.053580772502436605	0.04165316337816026	0.05004789542955482	75.63096412296339	50.652509672669204	50.60451727230147	54.10836951247286	6.947468480314295	38.533089069758425
4.476549200734612	0.01	0.01	0.01	0.007	0.01	0.8978109619206709	0.11182665595043352	0.05358077446789591	0.04165323609228897	0.05004789542739383	76.83172765957269	51.31124089726156	51.38758541481837	54.773303457377004	7.050765794888292	37.54418312483108
4.595369790145589	0.01	0.01	0.01	0.007	0.01	0.8978109820820211	0.11182665595043352	0.053580776234351715	0.041653304979464255	0.05004789542547309	77.99324501734232	51.94169603120483	52.14786206994915	55.4086169022671	7.150910541169408	36.58051274739905
4.714201935779444	0.01	0.01	0.01	0.007	0.01	0.8978109950670127	0.11182665595043352	0.053580777827054546	0.041653370287433156	0.05004789542375946	79.11647498928505	52.54462630956364	52.88588987504609	56.0151055750761	7.247978451908297	35.641487372696375
4.833043238009365	0.01	0.01	0.01	0.007	0.01	0.8978110034295518	0.11182665595043352	0.053580779267463845	0.041653432242806994	0.050047895422225396	80.20239424986154	53.120787352510355	53.6022249912218	56.59356871263894	7.342046951300754	34.72649728578312
4.951893689669151	0.01	0.01	0.01	0.007	0.01	0.8978110088149758	0.11182665595043352	0.05358078057388173	0.04165349105295155	0.05004789542084729	81.25197774962689	53.67092783082214	54.29742457016405	57.14479752710492	7.433193488504592	33.83492912449259
5.07075402359779	0.01	0.01	0.01	0.007	0.01	0.8978110122830553	0.11182665595043352	0.05358078176196835	0.04165354690791377	0.05004789541960535	82.26618178596554	54.19578018625271	54.972035722883525	57.66956584072472	7.521494081914464	32.966179791787184
5.189624602781513	0.01	0.01	0.01	0.007	0.01	0.8978110145163365	0.11182665595043352	0.05358078284517197	0.04165359998228987	0.05004789541848285	83.24593458275805	54.69605581241633	55.626589242095356	58.168625277703086	7.6070224979688605	32.11966454681615
5.308505065907668	0.01	0.01	0.01	0.007	0.01	0.8978110159544069	0.11182665595043352	0.05358078383508622	0.041653650436899836	0.05004789541746552	84.19213470464041	55.172444561052615	56.261598420787955	58.64270482648588	7.689850102903808	31.29481867779524
5.427394476745772	0.01	0.01	0.01	0.007	0.01	0.89781101688038	0.11182665595043352	0.05358078474174783	0.041653698420213305	0.050047895416541074	85.10565379355093	55.6256164847714	56.87756074470519	59.092512638088714	7.770046090740894	30.491095476118016
5.546291670492574	0.01	0.01	0.01	0.007	0.01	0.8978110174765892	0.11182665595043352	0.05358078557388109	0.041653744069543974	0.0500478954156988	85.98734040859726	56.05622403445693	57.47496036708757	59.518738259421134	7.8476778111873084	29.707963142827026
5.665195560878728	0.01	0.01	0.01	0.007	0.01	0.8978110178604585	0.11182665595043352	0.05358078633909848	0.04165378751206624	0.05004789541492944	86.83802298125109	56.46490369068015	58.054270040536814	59.92205428255261	7.922811024136032	28.94490233692243
5.784105289849322	0.01	0.01	0.01	0.007	0.01	0.8978110181076051	0.11182665595043352	0.05358078704406556	0.04165382886571449	0.05004789541422549	87.65851120733794	56.852276743891316	58.61595202709306	60.30311713586364	7.995510019494	28.201405016660377
5.903020251253417	0.01	0.01	0.01	0.007	0.01	0.8978110182667214	0.11182665595043352	0.053580787694637706	0.041653868239996464	0.05004789541357963	88.44959639462213	57.218949540761955	59.160458310899905	60.662567342618715	8.06583764586088	27.47697418220182
6.021940012136247	0.01	0.01	0.01	0.007	0.01	0.8978110183691607	0.11182665595043352	0.053580788295974215	0.041653905736742866	0.05004789541298597	89.21205114420123	57.56551342583853	59.68823035062705	61.001029481675275	8.133855279845838	26.77112423254949
6.140864210379132	0.01	0.01	0.01	0.007	0.01	0.8978110184351096	0.11182665595043352	0.05358078885263334	0.04165394145079453	0.050047895412439286	89.94662901097374	57.892544706305216	60.19969880325252	61.31911217700951	8.199622792395283	26.083381378144537
6.259792515330266	0.01	0.01	0.01	0.007	0.01	0.8978110184775657	0.11182665595043352	0.0535807893686539	0.04165397547061003	0.050047895411934794	90.65406467482589	58.20060487487954	60.69528358992838	61.61740834430129	8.26319855977676	25.41328361011693
6.378724588427687	0.01	0.01	0.01	0.007	0.01	0.8978110185048973	0.11182665595043352	0.053580789847624016	0.041654007878814465	0.050047895411468576	91.3350741583919	58.4902408645245	61.17539398921971	61.8964954706169	8.324639478334879	24.76038063908453
6.497660106832241	0.01	0.01	0.01	0.007	0.01	0.8978110185224921	0.11182665595043352	0.05358079029273964	0.04165403875267758	0.05004789541103698	91.99035542697388	58.76198547056623	61.64042899737662	62.156936056382115	8.38400101353974	24.124233473900418
6.6165987476775845	0.01	0.01	0.01	0.007	0.01	0.8978110185338188	0.11182665595043352	0.05358079070685449	0.04165406816455456	0.050047895410636714	92.62058874236772	59.01635766157693	62.09077751773822	62.399277948830395	8.441337227043054	23.5044142297445
6.735540211704922	0.01	0.01	0.01	0.007	0.01	0.8978110185411101	0.11182665595043352	0.05358079109252282	0.04165409618227126	0.050047895410264956	93.2264372227237	59.25386297169281	62.52681869787149	62.624054752654324	8.496700822521415	22.90050573245345
6.854484239022491	0.01	0.01	0.01	0.007	0.01	0.8978110185458038	0.11182665595043352	0.053580791452036515	0.04165412286947344	0.05004789540991931	93.80854732587686	59.47499385108262	62.94892221663529	62.83178619843737	8.550143184923593	22.312101186356358
6.973430609110587	0.01	0.01	0.01	0.007	0.01	0.8978110185488253	0.11182665595043352	0.05358079178745573	0.04165414828594788	0.05004789540959748	94.36754923330327	59.68022997092964	63.35744850240158	63.02297846659123	8.60171441085042	21.738803934380744
7.092379125070254	0.01	0.01	0.01	0.007	0.01	0.8978110185507702	0.11182665595043352	0.05358079210063683	0.04165417248791852	0.05004789540929731	94.90405715711057	59.87003849841452	63.75274889558475	63.19812448292339	8.651463331880318	21.180227295802098
7.211329629381748	0.01	0.01	0.01	0.007	0.01	0.897811018552022	0.11182665595043352	0.053580792393256145	0.041654195528305495	0.05004789540901704	95.41866979038089	60.044874421989526	64.13516591675443	63.35770426048894	8.699437551186977	20.635994255003766
7.330281925127533	0.01	0.01	0.01	0.007	0.01	0.897811018552828	0.11182665595043352	0.05358079266682958	0.04165421745699758	0.05004789540875531	95.91197034871065	60.205180736921974	64.50503323109199	63.50218511366887	8.745683442059955	20.105737582402707
7.449235862650184	0.01	0.01	0.01	0.007	0.01	0.8978110185533468	0.11182665595043352	0.053580792922731116	0.04165423832103932	0.05004789540851021	96.38452732902606	60.35138887410178	64.86267614579764	63.632022094152404	8.790246213290178	19.58909919718061
7.568191308042677	0.01	0.01	0.01	0.007	0.01	0.8978110185536806	0.11182665595043352	0.05358079316220836	0.041654258164844034	0.05004789540828079	96.83689472932893	60.483918935251	65.20841171136743	63.747658247553275	8.833169924654886	19.085730088677348
7.68714811951476	0.01	0.01	0.01	0.007	0.01	0.8978110185538957	0.11182665595043352	0.053580793386396014	0.04165427703038757	0.05004789540806561	97.2696123210402	60.603179951390416	65.54254885927034	63.84952489258379	8.874497507097749	18.59529018934089
7.806106186784913	0.01	0.01	0.01	0.007	0.01	0.8978110185540339	0.11182665595043352	0.053580793596327836	0.04165429495736089	0.0500478954078637	97.68320614973344	60.70957020293316	65.86538871631983	63.9380419524285	8.914270804751295	18.117447988138707
7.925065407446659	0.01	0.01	0.01	0.007	0.01	0.897811018554123	0.11182665595043352	0.05358079379294688	0.041654311983334066	0.05004789540767412	98.07818878536627	60.80347746132281	66.17722472964316	64.01361821615563	8.952530593353957	17.65188041753734
8.04402567909063	0.01	0.01	0.01	0.007	0.01	0.8978110185541803	0.11182665595043352	0.05358079397711542	0.04165432814390197	0.05004789540749585	98.45505963566329	60.8852792494661	66.4783428395256	64.07665161658234	8.989316604631739	17.1982726714202
8.162986907183388	0.01	0.01	0.01	0.007	0.01	0.8978110185542174	0.11182665595043352	0.05358079414962291	0.04165434347281149	0.05004789540732827	98.81430530462872	60.955343108812734	66.76902168948781	64.12752951199097	9.024667555180207	16.75631796580819
8.2819490129465	0.01	0.01	0.01	0.007	0.01	0.8978110185542413	0.11182665595043352	0.05358079431119236	0.04165435800207786	0.0500478954071705	99.1563999358438	61.01402685531703	67.04953282753415	64.16662895617226	9.058621174125182	16.325717309362613
8.400911925478495	0.01	0.01	0.01	0.007	0.01	0.8978110185542566	0.11182665595043352	0.05358079446248779	0.04165437176209927	0.05004789540702194	99.48180549938064	61.06167881933092	67.32014086385783	64.1943169545486	9.091214225400943	15.906179337986195
8.519875573876504	0.01	0.01	0.01	0.007	0.01	0.8978110185542663	0.11182665595043352	0.0535807946041198	0.04165438478176251	0.05004789540688181	99.79097207787804	61.098638083997756	67.58110362822444	64.21095071859139	9.12248252997694	15.497420149713001
8.638839879357645	0.01	0.01	0.01	0.007	0.01	0.8978110185542724	0.11182665595043352	0.05358079473665006	0.04165439708854142	0.05004789540674981	100.08433815132791	61.12523472181262	67.83267232677454	64.21687791818105	9.15246098799707	15.09916314017254
8.757804786774102	0.01	0.01	0.01	0.007	0.01	0.8978110185542765	0.11182665595043352	0.05358079486059626	0.0416544087085694	0.050047895406625256	100.36233096971495	61.14179003289963	68.07509177679462	64.21243692843957	9.181183610105514	14.711138712064397
8.876770240977246	0.01	0.01	0.01	0.007	0.01	0.897811018554279	0.11182665595043352	0.05358079497643611	0.041654419666731037	0.05004789540650754	100.62536677573006	61.14861676089539	68.30860051675914	64.1979570632626	9.208683533754884	14.333084178250695
8.995736202575388	0.01	0.01	0.01	0.007	0.01	0.8978110185542808	0.11182665595043352	0.05358079508461098	0.04165442998672989	0.05004789540639646	100.87385111837675	61.146019312645834	68.53343099612681	64.17375880550595	9.23499304894709	13.964743536871561
9.114702632176348	0.01	0.01	0.01	0.007	0.01	0.8978110185542819	0.11182665595043352	0.05358079518552888	0.041654439691165335	0.05004789540629169	101.10817908806376	61.13429396941719	68.74980969819228	64.14015403396151	9.260143615983997	13.605867352229808
9.23366946675082	0.01	0.01	0.01	0.007	0.01	0.8978110185542826	0.11182665595043352	0.05358079527956773	0.04165444880160899	0.05004789540619253	101.32873554208797	61.11372910173969	68.95795725231787	64.09744625534103	9.284165882053681	13.256212655214034
9.35263666690562	0.01	0.01	0.01	0.007	0.01	0.8978110185542831	0.11182665595043352	0.05358079536707745	0.04165445733864157	0.0500478954060988	101.53589545857736	61.08460536906056	69.15808866863188	64.0459308076141	9.307089711907743	12.915542637022599
9.471604193247208	0.01	0.01	0.01	0.007	0.01	0.8978110185542834	0.11182665595043352	0.053580795448383275	0.04165446532192064	0.05004789540601016	101.73002414014738	61.04719591863609	69.35041343758954	63.98589507523658	9.328944202695133	12.583626563628865
9.590572030018578	0.01	0.01	0.01	0.007	0.01	0.8978110185542835	0.11182665595043352	0.05358079552378668	0.04165447277021948	0.05004789540592648	101.91147749667066	61.001766569924385	69.53513570730931	63.91761868074679	9.349757707658389	12.260239556769235
9.709540145704672	0.01	0.01	0.01	0.007	0.01	0.8978110185542836	0.11182665595043352	0.05358079559356811	0.04165447970149704	0.0500478954058472	102.08060222081498	60.94857601509625	69.712454356566	63.841373704205864	9.369557847908581	11.945162553456997
9.828508508790215	0.01	0.01	0.01	0.007	0.01	0.8978110185542837	0.11182665595043352	0.0535807956579885	0.041654486132934064	0.05004789540577231	102.23773605201005	60.887876000270985	69.88256315618733	63.75742487265923	9.388371534220601	11.638182112396304
9.947477087759745	0.01	0.01	0.01	0.007	0.01	0.8978110185542837	0.11182665595043352	0.05358079571729086	0.04165449208097607	0.0500478954057015	102.38320800606569	60.819911505317165	70.04565089997777	63.66602975082544	9.40622498524181	11.339090269893363
10.06644585897664	0.01	0.01	0.01	0.007	0.01	0.8978110185542837	0.11182665595043352	0.05358079577170144	0.041654497561368575	0.050047895405634556	102.51733860742843	60.74492091384858	70.20190154241776	63.5674389201315	9.423143746324822	11.047684380405846
10.18541479880417	0.01	0.01	0.01	0.007	0.01	0.8978110185542837	0.11182665595043352	0.0535807958214317	0.041654502589197874	0.0500478954055712	102.64044009580198	60.66313618734526	70.3514943111065	63.4618961646965	9.439152705488281	10.76376700074128
10.304383891484525	0.01	0.01	0.01	0.007	0.01	0.8978110185542837	0.11182665595043352	0.05358079586667846	0.04165450717892132	0.05004789540551124	102.75281664587617	60.574783025555284	70.49460383727065	63.34963864022137	9.454276111251684	10.487145738541377
10.423353121259842	0.01	0.01	0.01	0.007	0.01	0.8978110185542837	0.11182665595043352	0.05358079590762602	0.04165451134440452	0.0500478954054547	102.85476456469648	60.480081033096965	70.63140026298287	63.23089705196004	9.468537587867408	10.21763314220835
10.542322472372202	0.01	0.01	0.01	0.007	0.01	0.8978110185542837	0.11182665595043352	0.05358079594444656	0.04165451509895074	0.05004789540540129	102.94657249373206	60.379243877624845	70.76204935637963	63.1058958224545	9.4819601513449	9.955046574101406
10.66129191330556	0.01	0.01	0.01	0.007	0.01	0.8978110185542837	0.11182665595043352	0.05358079597730099	0.04165451845533864	0.050047895405350894	103.02852159554766	60.272479458454725	70.88671260780144	62.97485327270427	9.494566223447313	9.699208120432832
10.780261451939026	0.01	0.01	0.01	0.007	0.01	0.8978110185542837	0.11182665595043352	0.053580796006340047	0.04165452142581883	0.05004789540530309	103.10088578326588	60.159990006982085	71.00554739674942	62.83798172040487	9.506377652718331	9.449944352527893
10.899231056756477	0.01	0.01	0.01	0.007	0.01	0.8978110185542837	0.11182665595043352	0.053580796031705	0.04165452402218181	0.05004789540525798	103.1639318531979	60.04197230365809	71.11870701589564	62.69548772184725	9.517415720955192	9.20708637897216
11.018200719878893	0.01	0.01	0.01	0.007	0.01	0.8978110185542837	0.11182665595043352	0.05358079605352801	0.04165452625574716	0.05004789540521562	103.21791970851966	59.91861776283276	71.2263408398428	62.54757215249484	9.527701164175518	8.970469597056336
11.137170417669136	0.01	0.01	0.01	0.007	0.01	0.8978110185542837	0.11182665595043352	0.053580796071933244	0.04165452813740776	0.050047895405175666	103.26310251423276	59.790112609719735	71.32859438785506	62.39443040042785	9.5372541829007	8.739933662944061
11.256140158006275	0.01	0.01	0.01	0.007	0.01	0.8978110185542837	0.11182665595043352	0.05358079608703686	0.04165452967762346	0.05004789540513803	103.299726888702	59.65663796502932	71.42560946349145	62.23625244937036	9.54609445971973	8.51532229109779
11.375109933011263	0.01	0.01	0.01	0.007	0.01	0.8978110185542837	0.11182665595043352	0.05358079609894835	0.04165453088646802	0.05004789540510257	103.32803305147502	59.51837002629295	71.5175242083803	62.07322307775035	9.55424116862815	8.296483242038883
11.494079719046933	0.01	0.01	0.01	0.007	0.01	0.8978110185542837	0.11182665595043352	0.053580796107770216	0.04165453177364777	0.050047895405069306	103.34825499316628	59.37548019961895	71.6044731993252	61.90552199825841	9.561712988522796	8.083268215371476
11.613049516113284	0.01	0.01	0.01	0.007	0.01	0.8978110185542837	0.11182665595043352	0.05358079611359877	0.04165453234849596	0.05004789540503805	103.36062064347836	59.22813517828897	71.68658756914448	61.733323935793116	9.568528118475067	7.875532677849533
11.732019332089378	0.01	0.01	0.01	0.007	0.01	0.8978110185542837	0.11182665595043352	0.05358079611652446	0.041654532619999095	0.05004789540500884	103.36535201926908	59.07649708070985	71.76399508087579	61.55679877603407	9.574704288673516	7.67313579738195
11.850989135458978	0.01	0.01	0.01	0.007	0.01	0.8978110185542837	0.11182665595043352	0.053580796116632516	0.04165453259683908	0.05004789540498142	103.3626653767517	58.92072363072404	71.83682018496968	61.376111762825424	9.580258770197643	7.475940426619107
11.969958926222086	0.01	0.01	0.01	0.007	0.01	0.8978110185542837	0.11182665595043352	0.05358079611400304	0.04165453228736759	0.050047895404955765	103.35277136358872	58.76096818368712	71.90518415060404	61.19142351640829	9.585208390542599	7.283812888547676
12.088928696499647	0.01	0.01	0.01	0.007	0.01	0.8978110185542837	0.11182665595043352	0.05358079610871129	0.041654531699642505	0.050047895404931875	103.33587516033234	58.59737988878396	71.9692051215379	61.0028902107756	9.58956954290945	7.096622953857707
12.20789843841261	0.01	0.01	0.01	0.007	0.01	0.8978110185542837	0.11182665595043352	0.053580796100828096	0.0416545308414366	0.05004789540490966	103.31217662154309	58.43010378902601	72.02899820153894	60.81066367864784	9.593358197781695	6.9142437391573095
12.326868151960984	0.01	0.01	0.01	0.007	0.01	0.8978110185542837	0.11182665595043352	0.0535807960904204	0.04165452972024529	0.05004789540488906	103.28187041051383	58.25928091689218	72.08467553602581	60.61489151191472	9.596589913981505	6.73655160941597
12.445837845023824	0.01	0.01	0.01	0.007	0.01	0.8978110185542837	0.11182665595043352	0.05358079607755066	0.041654528343298226	0.05004789540487005	103.24514613060443	58.08504839753213	72.13634638684296	60.41571717112649	9.59927984907425	6.563426095722604
12.564807509722085	0.01	0.01	0.01	0.007	0.01	0.8978110185542837	0.11182665595043352	0.053580796062278085	0.04165452671758481	0.05004789540485243	103.2021884624733	57.907539584997345	72.18411719607568	60.21328013280606	9.601442769137478	6.3947498481570975
12.683777130297685	0.01	0.01	0.01	0.007	0.01	0.8978110185542837	0.11182665595043352	0.05358079604465856	0.04165452484986032	0.050047895404836354	103.15317729148201	57.726884151388205	72.22809166368002	60.007715982900706	9.60309305925197	6.230408542576523
12.8027466988716	0.01	0.01	0.01	0.007	0.01	0.8978110185542837	0.11182665595043352	0.05358079602474404	0.04165452274664604	0.05004789540482139	103.09828782536371	57.543208159756176	72.26837082415192	59.799156492185595	9.604244733571099	6.070290780858264
12.921716223322889	0.01	0.01	0.01	0.007	0.01	0.8978110185542837	0.11182665595043352	0.05358079600258428	0.04165452041423443	0.05004789540480792	103.03769070828457	57.35663414459485	72.30505311616052	59.587729700770495	9.604911444717041	5.91428800666365
13.040685695772536	0.01	0.01	0.01	0.007	0.01	0.8978110185542837	0.11182665595043352	0.05358079597822548	0.04165451785871729	0.05004789540479572	102.97155215261728	57.16728125209848	72.33823443872777	59.37356007045807	9.605106492772906	5.762294474282431
13.159655124099594	0.01	0.01	0.01	0.007	0.01	0.8978110185542837	0.11182665595043352	0.053580795951711606	0.04165451508597469	0.05004789540478477	102.90003403715903	56.97526528001127	72.36800822610725	59.15676852337483	9.604842834521717	5.6142071355921574
13.278624508304077	0.01	0.01	0.01	0.007	0.01	0.8978110185542837	0.11182665595043352	0.053580795923083735	0.041654512101698224	0.050047895404775056	102.82329403068377	56.780698801756245	72.39446550409633	58.93747257626123	9.604133092158687	5.46992560105215
13.397593840506978	0.01	0.01	0.01	0.007	0.01	0.8978110185542837	0.11182665595043352	0.05358079589238063	0.04165450891139833	0.05004789540476638	102.74148570214446	56.58369125200752	72.41769495299016	58.71578643111653	9.602989562041566	5.329352070367201
13.516563112829301	0.01	0.01	0.01	0.007	0.01	0.8978110185542837	0.11182665595043352	0.05358079585963854	0.04165450552040685	0.050047895404758985	102.65475862203238	56.38434899669139	72.43778297008687	58.49182104850556	9.601424223090405	5.1923912560442655
13.635532309513046	0.01	0.01	0.01	0.007	0.01	0.8978110185542837	0.11182665595043352	0.05358079582489213	0.041654501933889365	0.05004789540475248	102.56325847143894	56.182775426732526	72.45481372730626	58.26568424775033	9.599448745088122	5.058950327570753
13.75450144631628	0.01	0.01	0.01	0.007	0.01	0.8978110185542837	0.11182665595043352	0.05358079578817349	0.0416544981568276	0.050047895404747134	102.46712711118808	55.979070969200905	72.46886923347353	58.03748071464794	9.597074495906694	4.928938804912765
13.87347053111804	0.01	0.01	0.01	0.007	0.01	0.8978110185542837	0.11182665595043352	0.05358079574951293	0.04165449419404961	0.05004789540474284	102.36650270756645	55.77333322930743	72.48002938293331	57.80731215620588	9.594312549714084	4.802268543069998
13.992439563918348	0.01	0.01	0.01	0.007	0.01	0.8978110185542837	0.11182665595043352	0.05358079570893878	0.04165449005023617	0.05004789540473956	102.26151982913626	55.5656570654875	72.48837201086846	57.57527738016003	9.591173694662736	4.678853671142672
14.11140852895923	0.01	0.01	0.01	0.007	0.01	0.8978110185542837	0.11182665595043352	0.0535807956664781	0.04165448572993109	0.05004789540473716	102.1523095483325	55.356134676403265	72.49397294686189	57.341472387895735	9.58766844061698	4.558610540882337
14.230377426240722	0.01	0.01	0.01	0.007	0.01	0.8978110185542837	0.11182665595043352	0.05358079562215577	0.04165448123752825	0.05004789540473559	102.03899950396418	55.14485561642229	72.49690606860705	57.105990387694156	9.583807025483978	4.441457637318861
14.349346271520846	0.01	0.01	0.01	0.007	0.01	0.8978110185542837	0.11182665595043352	0.053580795575995294	0.04165447657727575	0.050047895404735095	101.92171398651269	54.93190686314395	72.49724335033117	56.868921866421545	9.57959942195804	4.3273155255698645
14.468315049041648	0.01	0.01	0.01	0.007	0.01	0.8978110185542837	0.11182665595043352	0.05358079552801879	0.041654471753310884	0.05004789540473552	101.80057407029923	54.717372968875225	72.49505491143266	56.63035475459891	9.575055345976429	4.2161068425309844
14.587283758803167	0.01	0.01	0.01	0.007	0.01	0.8978110185542837	0.11182665595043352	0.053580795478246686	0.0416544667696355	0.050047895404736545	101.67569765175148	54.50133604175908	72.49040906512279	56.39037440181524	9.57018426178872	4.107756198083227
14.706252400805443	0.01	0.01	0.01	0.007	0.01	0.8978110185542837	0.11182665595043352	0.05358079542669847	0.04165446163013048	0.05004789540473863	101.54719954558303	54.28387583717733	72.48337236430456	56.14906367513641	9.564995388903856	4.002190139700678
14.825220982927487	0.01	0.01	0.01	0.007	0.01	0.8978110185542837	0.11182665595043352	0.053580795373391873	0.041654456338554836	0.0500478954047415	101.41519155528334	54.06506980510787	72.4740096461256	55.90650300858729	9.55949770800897	3.8993370959281797
14.94418950516933	0.01	0.01	0.01	0.007	0.01	0.8978110185542837	0.11182665595043352	0.05358079531834377	0.04165445089856015	0.05004789540474508	101.27978256747187	53.84499317923925	72.46238407701182	55.662770499023395	9.553699967790068	3.799127341827493
15.063157959652036	0.01	0.01	0.01	0.007	0.01	0.8978110185542837	0.11182665595043352	0.053580795261569676	0.04165444531369447	0.05004789540474961	101.14107862836029	53.62371903613717	72.44855719637916	55.41794196876738	9.547610691006374	3.7014929508191936
15.182126346375643	0.01	0.01	0.01	0.007	0.01	0.8978110185542837	0.11182665595043352	0.05358079520308398	0.04165443958739635	0.0500478954047548	100.99918299917215	53.40131832329128	72.43258895692614	55.17209099393158	9.541238179540219	3.606367735370251
15.301094665340191	0.01	0.01	0.01	0.007	0.01	0.8978110185542837	0.11182665595043352	0.05358079514290005	0.041654433723003405	0.05004789540476061	100.85419623626687	53.17785992930002	72.4145377659507	54.92528897949881	9.534590520421492	3.513687209021514
15.42006292442467	0.01	0.01	0.01	0.007	0.01	0.8978110185542837	0.11182665595043352	0.05358079508103042	0.041654427723750734	0.050047895404767305	100.70621625090101	52.95341072327142	72.39446052367974	54.67760520041978	9.527675590885748	3.423388536765055
15.53903113150806	0.01	0.01	0.01	0.007	0.01	0.8978110185542837	0.11182665595043352	0.05358079501748613	0.04165442159277943	0.050047895404774626	100.55533838623805	52.728035622375494	72.37241266285386	54.42910687387667	9.520501064155798	3.3354104989574505
15.657999262953547	0.01	0.01	0.01	0.007	0.01	0.8978110185542837	0.11182665595043352	0.05358079495227794	0.04165441533315987	0.0500478954047827	100.40165552460776	52.501797703452525	72.34844819306959	54.17985928003589	9.513074416691119	3.2496934721922948
15.77696733451906	0.01	0.01	0.01	0.007	0.01	0.8978110185542837	0.11182665595043352	0.053580794885415325	0.041654408947849865	0.05004789540479129	100.24525806151216	52.27475811871422	72.32261972404737	53.929925666966675	9.505402928977526	3.1661793368153455
15.89593534620463	0.01	0.01	0.01	0.007	0.01	0.8978110185542837	0.11182665595043352	0.053580794816906877	0.04165440243973218	0.05004789540480067	100.08623403825736	52.0469762491005	72.29497851159218	53.67936741762423	9.4974936938241	3.0848114783819827
16.0	0.01	0.01	0.01	0.007	0.01	0.8978110185542837	0.11182665595043352	0.05358079475564134	0.04165440271279412	0.05004789540480944	99.94504499620086	51.84716566217026	72.26935288277907	53.45973164644378	9.49038575536771	3.015353141345149
