0.0	0.01	0.01	0.01	0.007	0.01	0.0	0.0	0.0	0.0	0.0	0.0	0.0	0.0	0.0	0.0	100.0
0.003361842558526018	0.01	0.01	0.01	0.007	0.01	0.011025136501143833	0.0025901195526030368	0.003258903671155717	0.0038338790302782227	0.005531129190676812	0.0006688585366446865	0.0009027375558541607	0.0019254808658278526	0.004538916832198376	0.0005032662113945577	99.92071821547471
0.005265554569926859	0.01	0.01	0.01	0.007	0.01	0.017204977712211172	0.004027082611109372	0.005013790647715795	0.005819041695937574	0.008537023618693408	0.0016359727228438528	0.00220269497431651	0.004665528726131362	0.010893125821523544	0.0012220818640429868	99.8758511634478
0.008189172340236046	0.01	0.01	0.01	0.007	0.01	0.02660736419032541	0.00619289326729177	0.007587852897772841	0.008629208158018866	0.012983185595570813	0.003939017830062156	0.005284009437033376	0.011074087526291531	0.025487289722291376	0.0029102688890696076	99.80698600040469
0.010832207229107363	0.01	0.01	0.01	0.007	0.01	0.03501624686401193	0.008108926587487967	0.009794581737775108	0.010941069958285737	0.016832344696866078	0.006863662966292438	0.009176800036684597	0.019051531689758774	0.0432977601286606	0.005021409267193639	99.74477077153819
0.013911197108137837	0.01	0.01	0.01	0.007	0.01	0.044704198881673415	0.010291911918088103	0.01222894562298381	0.01338594611437064	0.021122069935307988	0.011266144729625413	0.015005238873325232	0.03081508733442826	0.06903951235744266	0.008149290204911695	99.67234236463459
0.017023840613871362	0.01	0.01	0.01	0.007	0.01	0.054381312713541005	0.012446275536158001	0.014548897042590702	0.01561165480103607	0.02525660951037733	0.016790676206563875	0.022277213269332533	0.045256581974790995	0.09998646578974804	0.012008711272110131	99.59917576719779
0.02037568039198073	0.01	0.01	0.01	0.007	0.01	0.06467244961426565	0.014708630564564784	0.016897904612763977	0.0177601518282937	0.029494168176057874	0.023929248305835045	0.031617712783407734	0.06349922812131495	0.13826034768612386	0.016909722155558905	99.52044661881231
0.02384669117851092	0.01	0.01	0.01	0.007	0.01	0.07518960068996465	0.016990104617816394	0.01917730476448028	0.019742458082056387	0.03366154973863543	0.03260161835663483	0.042894240349205644	0.08514534874251697	0.1827083218119873	0.02275742751868244	99.43898393125052
0.027495889945437106	0.01	0.01	0.01	0.007	0.01	0.08609525559141341	0.019323227579602798	0.021416529625439402	0.021590021973056733	0.03781598202320232	0.043100691252389134	0.05645761672836078	0.11072323506203498	0.2341079720166403	0.029707479672519896	99.35341117422581
0.03128990754477538	0.01	0.01	0.01	0.007	0.01	0.09727144996987232	0.021679765622540682	0.023585216378935313	0.023283620450052264	0.041905153521701564	0.05549244213924526	0.07235859368436738	0.1401683089046689	0.2920121135031172	0.03775721093978353	99.26452053426492
0.035248114278434786	0.01	0.01	0.01	0.007	0.01	0.1087575772038665	0.024065307894866727	0.025686648944253338	0.0248333351127037	0.04593808217973965	0.06999588229794983	0.09084017251592304	0.1737615073453153	0.35666457463810297	0.04699980223702442	99.17186784667209
0.03936456694963039	0.01	0.01	0.01	0.007	0.01	0.12051758598268802	0.026469565213181723	0.027710250403499892	0.02623921753892271	0.04989514636672503	0.08675426562754718	0.11204222617546428	0.21157537620912795	0.4278976766340317	0.057473323472685606	99.07560271418339
0.04364931376639123	0.01	0.01	0.01	0.007	0.01	0.13256085710289695	0.0288917151421446	0.029654540833518407	0.02750870018030275	0.05376816218646163	0.10597708438730882	0.13618254222548684	0.2538062348889853	0.5057826923262285	0.06925106296676524	98.97550119675945
0.04810592765414073	0.01	0.01	0.01	0.007	0.01	0.14487695202692377	0.03132685952289995	0.03151520351800521	0.028647597319470777	0.05753102923730348	0.1278581318074383	0.16345188326106158	0.3005836105489721	0.5902668965695622	0.08238700997617443	98.87149177333707
0.05274362428965922	0.01	0.01	0.01	0.007	0.01	0.15746975112585979	0.03377293681172461	0.03329074826269997	0.02966377403385585	0.061140546936759244	0.1526289917770545	0.1940805156224675	0.35208669475121057	0.6813922229823668	0.09694381053752485	98.76337225097808
0.057570535266289004	0.01	0.01	0.01	0.007	0.01	0.1703383053702614	0.036226855990923415	0.034979373950083284	0.03056494221645566	0.06451729393880504	0.18053082728824604	0.22830177863328813	0.40847947009989394	0.7791769112958686	0.11296638536799658	98.65096710274106
0.06258373204968713	0.01	0.01	0.01	0.007	0.01	0.18345124187413642	0.03867984128919001	0.036576207463654045	0.0313573763693928	0.06753318512300815	0.21174760506864068	0.2662706032523271	0.4697813616752967	0.8834025078563167	0.13043208964384123	98.53435931365802
0.06774762390351267	0.01	0.01	0.01	0.007	0.01	0.19669476675257405	0.041108560542246736	0.0380690224026919	0.03204453354999509	0.07002357884510652	0.24623159932380384	0.3078568788501565	0.5355580900272825	0.9931276100058086	0.14914893615955754	98.41439044080553
0.0730809711994083	0.01	0.01	0.01	0.007	0.01	0.2100976544360517	0.04351668979564158	0.03946407010315908	0.03263877569190736	0.07188155439978168	0.2842684372071968	0.3533302729346559	0.6060188112379827	1.108535309098918	0.16906399227065982	98.29063806778865
0.07866708507166689	0.01	0.01	0.01	0.007	0.01	0.22384204619795933	0.04593414097389567	0.04078086483606427	0.03315623689907529	0.0730781107506588	0.32668013714403776	0.40358230757847496	0.6822864755553922	1.2312668305666268	0.190340734074205	98.16118747123005
0.08450809661200163	0.01	0.01	0.01	0.007	0.01	0.2378990938497834	0.048352089674056895	0.04201571735324261	0.033602238143994635	0.07364201200703865	0.3737684759047969	0.4588621562064607	0.764443170602003	1.3612362838662584	0.21282257284316375	98.02601229959916
0.09058076170009646	0.01	0.01	0.01	0.007	0.01	0.2521803514267797	0.05075218140695205	0.04316178460311854	0.03398131993760649	0.07368385372636754	0.4256150688882445	0.519151935384135	0.8521742001439895	1.4977710072148283	0.236252977923857	97.88567346584556
0.09689635584419493	0.01	0.01	0.01	0.007	0.01	0.26668086343956643	0.05313094490394222	0.04422100402771452	0.03430105984283744	0.07334771820514267	0.4825733835993852	0.5847431161015795	0.9456232507996079	1.640958340041767	0.26053025375114514	97.73993368856806
0.10350464823609415	0.01	0.01	0.01	0.007	0.01	0.2814784235062938	0.055498016560532167	0.04520092239085182	0.03456995854697144	0.07275984207696137	0.5453894960613377	0.656358282542248	1.0455152378843884	1.791773401091272	0.28572922381019084	97.5876718552819
0.11046651837258659	0.01	0.01	0.01	0.007	0.01	0.2966634396550136	0.057863626824445444	0.04610808898244293	0.03479518788885195	0.07201439606063566	0.6150163740789909	0.7349195504032695	1.1527831835689253	1.951468948070204	0.3119875809725352	97.42751979498478
0.11782892998429478	0.01	0.01	0.01	0.007	0.01	0.3122828248961592	0.06022987539370909	0.04694509077911897	0.03498217511932994	0.07117997195582462	0.6923748377723007	0.8212698395511665	1.2681759037932054	2.1209915534283166	0.33940324688870216	97.25843954471982
0.125626057581961	0.01	0.01	0.01	0.007	0.01	0.3283459760791674	0.06259246720864178	0.04771233634000647	0.03513546767588066	0.07030659865338718	0.7783330622704782	0.9161511384869001	1.3922473550878263	2.3009932721839874	0.36803641178522883	97.07969581491709
0.13388562217869826	0.01	0.01	0.01	0.007	0.01	0.3448409344000027	0.06494378465435346	0.0484098333440914	0.03525928868545598	0.06943036523295262	0.8737484941444931	1.0202524555085677	1.5254380383764374	2.491971283164877	0.3979323645553323	96.89070932658643
0.14263622098991813	0.01	0.01	0.01	0.007	0.01	0.36175033311830385	0.06727554138585883	0.04903827935695485	0.035357731536188555	0.0685765585513102	0.9795399074265283	1.1342873402992308	1.6681850626925459	2.694436012511202	0.4291470743084096	96.69088886601816
0.15190950696733715	0.01	0.01	0.01	0.007	0.01	0.37905519329388326	0.06957942323924628	0.04959922408777347	0.03543470291248456	0.06776247789856887	1.0967154606606022	1.2590194460110402	1.8209568623638699	2.908961846462559	0.46175314735539097	96.47958254670282
0.16174069881867048	0.01	0.01	0.01	0.007	0.01	0.3967349463403185	0.07184715052536605	0.050094998972715354	0.03549383668789365	0.06699964216450861	1.2263847926300824	1.3952692585585995	1.9842622427618566	3.1361987235879902	0.4958398542768924	96.2560677412826
0.17216799890975698	0.01	0.01	0.01	0.007	0.01	0.41476542721085385	0.07407029604574665	0.050528585191744795	0.03553842639179173	0.0662954185421447	1.3697568437445897	1.5439052225308907	2.1586411949837006	3.376857675564427	0.5315096872179212	96.01956609360397
0.18323213180703396	0.01	0.01	0.01	0.007	0.01	0.43311735701586696	0.0762402223674694	0.050903519057997726	0.03557138863825968	0.06565411287145065	1.5281366110736723	1.7058341507316	2.34465714246913	3.6316985399567043	0.568875755789916	95.76925580890361
0.19497593015981501	0.01	0.01	0.01	0.007	0.01	0.4517551784714448	0.07834810853243661	0.051223809853162355	0.035595248455998034	0.0650776948612061	1.7029199268434743	1.8819902486181554	2.5428897652104436	3.9015183007056344	0.6080596084419989	95.50428290448242
0.20744428420261765	0.01	0.01	0.01	0.007	0.01	0.47063672069879314	0.08038510456012937	0.051493862572503525	0.035612141985584454	0.06456627555868631	1.8955911905138183	2.0733279643556353	2.7539339954421918	4.187147383034281	0.6491903926075503	95.22376431888584
0.22068439637976128	0.01	0.01	0.01	0.007	0.01	0.48971345228106905	0.08234255843610516	0.05171838674587517	0.03562383241854497	0.06411844710899897	2.1077243599624333	2.280818804367241	2.9784043757994225	4.489452453382479	0.6924049916215557	94.92678434815512
0.23474638222697922	0.01	0.01	0.01	0.007	0.01	0.5089312381668495	0.08421228329698904	0.05190228730678694	0.03563173700307288	0.06373155255004079	2.340988947168784	2.5054535749479814	3.2169454176815258	4.809346498206862	0.7378491619359998	94.61238365578332
0.24968404979932463	0.01	0.01	0.01	0.007	0.01	0.5282312240904441	0.08598680904947781	0.05205053873730923	0.03563696281436044	0.06340193102180808	2.5971592839859907	2.748248011037383	3.470244885057773	5.147802157654929	0.7856790586249286	94.27954481025202
0.265555614033049	0.01	0.01	0.01	0.007	0.01	0.5475504828937958	0.08765957950766046	0.05216805201140629	0.035640348646482384	0.06312515755879605	2.878123130536897	3.0102479284768786	3.7390455453923663	5.505862667426384	0.836062365323336	93.92717992194297
0.2824241195451412	0.01	0.01	0.01	0.007	0.01	0.5668222276013105	0.08922508565647826	0.05225954756380433	0.03564250985776758	0.06289627794708859	3.1858848577461423	3.2925297591768317	4.02415127063182	5.88464532801665	0.8891783584485907	93.55412543441706
0.30035735499660116	0.01	0.01	0.01	0.007	0.01	0.5859755473476057	0.09067894548400893	0.05232944574902463	0.03564388283971149	0.06271003135112409	3.522557622022165	3.596192193886732	4.326423701611277	6.285332844365461	0.9452163010137241	93.15914874704389
0.3194271563336286	0.01	0.01	0.01	0.007	0.01	0.6049348594243988	0.09201795866437282	0.05238178233252642	0.03564476622303862	0.06256105174417409	3.890340389015334	3.9223365870363818	4.646767842433154	6.709150654318622	1.004371938031751	92.74096864344709
0.3397081173113344	0.01	0.01	0.01	0.007	0.01	0.6236194232054881	0.09324016501385393	0.052420151655115446	0.03564535679046903	0.06244404263023625	4.291477984975481	4.272036210549081	4.986107190658894	7.157331215437876	1.0668422416714345	92.2982887025649
0.36127596546752594	0.01	0.01	0.01	0.007	0.01	0.6419434130977576	0.0943449290653977	0.05244767652563863	0.035645779071032425	0.06235392326057711	4.728207846201172	4.64629916289652	5.345353130433127	7.631071562044393	1.1328192799068522	91.82983758465387
0.38420599630468	0.01	0.01	0.01	0.007	0.01	0.6598169525182689	0.09533304772889384	0.05246700163924659	0.03564610848115683	0.06228594786488904	5.202701527988693	5.046032715929356	5.725375481263881	8.131493203295998	1.202484457468968	91.33440730615646
0.4085721628670342	0.01	0.01	0.01	0.007	0.01	0.6771483811195688	0.09620685787402122	0.052480306894754546	0.03564638852985601	0.06223579928870115	5.717015285284286	5.472020777572866	6.126984219829389	8.659617460534466	1.2760049452506588	90.81087653951573
0.4344472167163888	0.01	0.01	0.01	0.007	0.01	0.6938475536822711	0.09697029479671035	0.05248933694915258	0.035646642979906065	0.06219965737903468	6.27306176492471	5.924922450737017	6.550928618781187	9.216364268480634	1.3535334259156566	90.2582108647632
0.46190393100333993	0.01	0.01	0.01	0.007	0.01	0.7098295816782282	0.09762885295415828	0.05249544355445286	0.035646884004545576	0.06217424012168183	6.872607506673393	6.405292463965299	6.997913679660552	9.802574019913683	1.435211126805422	89.67544017105595
0.4910169610819799	0.01	0.01	0.01	0.007	0.01	0.7250182495648131	0.0981894234930429	0.05249963686807919	0.03564711735986617	0.0621568150598379	7.517289406091569	6.913614922299272	7.468625894089837	10.419041717180122	1.521172678585544	89.06162363119203
0.5218646005695163	0.01	0.01	0.01	0.007	0.01	0.739348511157486	0.09866001982943766	0.05250264134136664	0.03564734547092835	0.06214518079440414	8.208634361754422	7.450336004338636	7.963755869335385	11.066546867946657	1.6115505084626112	88.41581856655048
0.5545297976738452	0.01	0.01	0.01	0.007	0.01	0.7527679085853225	0.09904943340327145	0.05250495165038746	0.03564756915525416	0.06213762245553053	8.948066540204088	8.015883231237598	8.484007693662775	11.745865772623766	1.7064768921053421	87.73706650766528
0.5891000158682236	0.01	0.01	0.01	0.007	0.01	0.7652370932989	0.09936686941729192	0.052506884868015184	0.035647788518157204	0.062132848814325785	9.736890775087273	8.610663495300704	9.030089043566738	12.45775841270607	1.8060825337378612	87.02440439608174
0.6256659058842738	0.01	0.01	0.01	0.007	0.01	0.7767298307004947	0.09962160417786155	0.052508626515565725	0.035648003382329284	0.06212992026905305	10.576249801171844	9.235039613558904	9.602682576486064	13.20293083087419	1.91049173822904	86.27690034030297
0.6643190035340364	0.01	0.01	0.01	0.007	0.01	0.7872328295258177	0.09982268828208726	0.05251026958581977	0.03564821347634965	0.06212817622845666	11.46706008773765	9.889290135172027	10.20240320695119	13.981979245470086	2.0198149857129737	85.49370803167155
0.7051490521848249	0.01	0.01	0.01	0.007	0.01	0.7967456364057519	0.09997870571640426	0.0525118465756352	0.035648418510732395	0.06212716822211656	12.409941375085918	10.573563873224915	10.829751694620992	14.795329704435556	2.1341407918237527	84.67412628643224
0.7482418371906652	0.01	0.01	0.01	0.007	0.01	0.8052806419602153	0.10009758894154615	0.05251335488489787	0.03564861820903828	0.062126602503229884	13.405162633988725	11.287844889502853	11.485078759305122	15.643191841209118	2.2535294340159626	83.81764518604415
0.7936785533832842	0.01	0.01	0.01	0.007	0.01	0.8128630491880271	0.10018648604671916	0.05251477591366802	0.03564881232592667	0.06212629364286389	14.452629951990646	12.03194448174051	12.168574826178963	16.525546160154484	2.378011289814655	82.92395905331789
0.8415374962143244	0.01	0.01	0.01	0.007	0.01	0.8195305143157603	0.10025167620112894	0.05251608819165492	0.03564900066395243	0.062126128956778034	15.551934674400862	12.80553101012158	12.880295560212298	17.442177529308413	2.507591632661813	81.99293287114128
0.8918980741232951	0.01	0.01	0.01	0.007	0.01	0.8253321453412277	0.10029853126249685	0.05251727510251186	0.035649183089540175	0.06212604257786616	16.702458986442522	13.608193894550553	13.620220297621309	18.39275044327577	2.6422613544245412	81.02452573651573
0.9448464536241341	0.01	0.01	0.01	0.007	0.01	0.8303267296647563	0.10033152234675674	0.05251832816843781	0.03564935954460557	0.06212599747878338	17.903517908281945	14.439526806866883	14.388330121298301	19.376908260550785	2.782011200190876	80.0186884724981
1.0004816553008433	0.01	0.01	0.01	0.007	0.01	0.8345803052303518	0.10035426773094545	0.052519247192721996	0.035649530050281576	0.06212597362287508	19.154504665645067	15.29920840394139	15.18468593139643	20.394370647038624	2.926845942201312	78.97526093365333
1.0589213088550133	0.01	0.01	0.01	0.007	0.01	0.8381634080682724	0.1003696142848431	0.052520038630158576	0.03564969470267408	0.06212596054670571	20.4550164503382	16.187067022974475	16.009493932586754	21.445012898906477	3.076796211732028	77.89388536847228
1.120306682508075	0.01	0.01	0.01	0.007	0.01	0.8411483550832177	0.10037974070479225	0.05252071332450898	0.03564985366259754	0.06212595295120697	21.804948728053475	17.103123486744657	16.863152828754448	22.528919867339233	3.2319269591859303	76.77394327625241
1.1848071593066942	0.01	0.01	0.01	0.007	0.01	0.8436068428475503	0.10038626978700602	0.05252128436233295	0.03565000714241765	0.06212594821137774	23.204560354753365	18.047615198975638	17.74628531565248	23.646417886372753	3.392343020266452	75.61451235603222
1.2526244642958217	0.01	0.01	0.01	0.007	0.01	0.8456080051428745	0.1003903786345643	0.05252176540305426	0.035650155392361604	0.062125945037111004	24.65451533207924	19.021006264148827	18.659758025809346	24.79809000899593	3.5581925460584967	74.41433809071964
1.3239971280354688	0.01	0.01	0.01	0.007	0.01	0.8472169673600171	0.10039289898348475	0.0525221695657561	0.03565029868801068	0.06212594278558592	26.15591077545169	20.02399015184818	19.60469596350627	25.984782072123117	3.7296693920087693	73.17181200793661
1.3992054835836	0.01	0.01	0.01	0.007	0.01	0.8484938600116474	0.1003944033012037	0.05252250879862091	0.03565043731937279	0.062125941122726035	27.71029571152971	21.057487555165654	20.582494094899786	27.207602632619245	3.9070149431833734	71.88495304211287
1.4785775446110387	0.01	0.01	0.01	0.007	0.01	0.8494932262275843	0.10039527520716389	0.05252279360362116	0.035650571581460275	0.062125939862293623	29.31968527789319	22.122641769619534	21.594828672719146	28.46791951335862	4.090519833447386	70.55138848809268
1.562495736350527	0.01	0.01	0.01	0.007	0.01	0.8502637452756261	0.10039576474932269	0.05252303299051267	0.035650701765036055	0.06212593889122818	30.986565952072368	23.22080782199143	22.643665285681582	29.767348535348525	4.280524998922821	69.16833834705135
1.651403800616402	0.01	0.01	0.01	0.007	0.01	0.8508482003804301	0.10039603023400558	0.052523234560680976	0.03565082814435778	0.06212593813517953	32.713874401931136	24.353523073014777	23.73125248758741	31.107719972670395	4.477420032715138	67.7326175921327
1.7458104909565213	0.01	0.01	0.01	0.007	0.01	0.8512836258484843	0.1003961688196705	0.052523404649797656	0.035650950952491295	0.06212593754221427	34.50488373699791	25.522415589419015	24.860059074981436	32.490971077610965	4.681631247877803	66.24071167885118
1.8462742822130762	0.01	0.01	0.01	0.007	0.01	0.8516015691234222	0.10039623816610638	0.05252354847524343	0.03565107031060295	0.062125937074665544	36.3627177971229	26.728870253221466	26.03247804302826	33.918751655201824	4.893567501307449	64.68916001648857
1.95329101533504	0.01	0.01	0.01	0.007	0.01	0.8518283800099042	0.10039627125468424	0.05252367021601376	0.035651185976796715	0.062125936704822665	38.288175518173915	27.97261187916123	27.249460608436905	35.390747571592556	5.113372982824781	63.07635987642433
2.066654279745453	0.01	0.01	0.01	0.007	0.01	0.8519853145110322	0.10039628618923208	0.0525237727874194	0.03565129637950401	0.062125936413100026	40.268832873089515	29.244748181395373	28.503607048347064	36.89644595734698	5.339681534226356	61.411749512319545
2.182811971779355	0.01	0.01	0.01	0.007	0.01	0.8520884565122121	0.10039629247059396	0.05252385685820015	0.03565139651740942	0.06212593618870858	42.23685167083663	30.501168087959037	29.752286433608674	38.3836429575155	5.564780664224261	59.751663612675074
2.2943313042553055	0.01	0.01	0.01	0.007	0.01	0.8521521318577875	0.10039629495356328	0.05252392242917309	0.035651483192666894	0.062125936023675526	44.069210337307474	31.663840429283628	30.9173739350986	39.759966137665025	5.774598648086318	58.20010624531924
2.399183569029029	0.01	0.01	0.01	0.007	0.01	0.8521914719900309	0.10039629595691243	0.052523973568925915	0.035651562369584874	0.062125935901454724	45.742299077503056	32.71913141046029	31.983448536940045	41.00925675022982	5.966396217764041	56.77807425091457
2.5000662570675534	0.01	0.01	0.01	0.007	0.01	0.8522168715472171	0.1003962963899586	0.05252401513268815	0.03565163705759654	0.06212593580658544	47.30765844808862	33.7007289685895	32.982966935230515	42.171378787059155	6.146046445648517	55.44268579734851
2.600001051039273	0.01	0.01	0.01	0.007	0.01	0.8522339238404788	0.10039629658640163	0.05252405033834901	0.035651706737806065	0.06212593572956473	48.81640145757291	34.641300967579745	33.948367227141965	43.28499854865747	6.319397017546464	54.150813267782965
2.700828521193823	0.01	0.01	0.01	0.007	0.01	0.8522455878521119	0.10039629667726475	0.052524080935658746	0.03565177162466556	0.062125935665262665	50.29734067264874	35.558996527580945	34.89803634449468	44.371600221014795	6.489754158395086	52.87790536034123
2.803131324405141	0.01	0.01	0.01	0.007	0.01	0.8522535751644505	0.10039629671915566	0.05252410781309909	0.035651832343696774	0.06212593561091729	51.758572337118416	36.45881486626335	35.83718888842056	45.437101577865015	6.658051753611322	51.616950243124826
2.9066342007104073	0.01	0.01	0.01	0.007	0.01	0.8522590007334968	0.10039629673821195	0.05252413146073905	0.03565188930405029	0.06212593556484701	53.19554885096655	37.33791389559622	36.762931787798784	46.47813586038888	6.823769110011479	50.371801082252205
3.0107209501626646	0.01	0.01	0.01	0.007	0.01	0.8522626510768587	0.10039629674676641	0.052524152239673216	0.035651942775504805	0.062125935525783174	54.59966111530086	38.19106333276743	37.66971769764718	47.488507015127134	6.9859133476764415	49.14991770510032
3.1148454228989317	0.01	0.01	0.01	0.007	0.01	0.8522650910387972	0.10039629675057614	0.05252417049526648	0.0356519930499304	0.0621259354926111	55.96418049407034	39.01431196164376	38.55316077775689	48.46353221057653	7.143703483473866	47.957247097785725
3.218721076907892	0.01	0.01	0.01	0.007	0.01	0.8522667180756267	0.1003962967522693	0.052524186573787726	0.035652040442029985	0.062125935464325314	57.286454399125745	39.80626711554542	39.411475222866756	49.40155781656513	7.296826016521408	46.796264747747756
3.322310015946207	0.01	0.01	0.01	0.007	0.01	0.8522678037477162	0.10039629675302301	0.052524200801081694	0.03565208522119992	0.06212593544005476	58.56725232568643	40.56762294566752	40.24508134221095	50.30340160764898	7.4453622113284315	45.66647714784829
3.4257143029849164	0.01	0.01	0.01	0.007	0.01	0.8522685295656328	0.10039629675335951	0.0525242134612256	0.03565212758755762	0.062125935419080944	59.80901640311878	41.30005665597916	41.05549157842456	51.17104603029933	7.589587636273234	44.565907059430636
3.5290643355998137	0.01	0.01	0.01	0.007	0.01	0.8522690156502052	0.10039629675351008	0.05252422478840211	0.03565216769568322	0.06212593540083235	61.014337079697654	42.00530031983299	41.84432712863723	52.00653896442669	7.729796246524247	43.492417593666694
3.632451598461512	0.01	0.01	0.01	0.007	0.01	0.852269341486734	0.10039629675357749	0.05252423497045793	0.03565220568328896	0.06212593538486056	62.18516554467031	42.684680081848015	42.612802699472766	52.81144779767316	7.866208791882681	42.44441319323691
3.735910602609928	0.01	0.01	0.01	0.007	0.01	0.8522695599320944	0.10039629675360771	0.05252424415810499	0.03565224168488176	0.06212593537081187	63.32269297131373	43.339060590561736	43.36164175178012	53.586793425022094	7.998958212533157	41.42096070464465
3.839432650368463	0.01	0.01	0.01	0.007	0.01	0.8522697063301619	0.10039629675362123	0.05252425247466015	0.035652275833415896	0.06212593535840192	64.42759356025384	43.96900078556601	44.09123033702827	54.3332346659702	8.128117402266044	40.421585283699
3.9429902133879824	0.01	0.01	0.01	0.007	0.01	0.8522698043982798	0.1003962967536273	0.05252426002370523	0.035652308256802455	0.062125935347397465	65.50034338084754	44.57494603327709	44.80182360239964	55.05129583151781	8.253736087871665	39.44599156813752
4.046557052465988	0.01	0.01	0.01	0.007	0.01	0.8522698700689019	0.10039629675362999	0.05252426689412281	0.03565233907357178	0.06212593533760368	66.54144778958201	45.1573599581916	45.493695106923894	55.741522917422124	8.375867331585228	38.49386001852367
4.150118009633347	0.01	0.01	0.01	0.007	0.01	0.8522699140379587	0.10039629675363118	0.05252427316306136	0.03565236839014567	0.06212593532885661	67.55153191662725	45.71677354475774	46.16719755054506	56.4045418115022	8.494578204930335	37.56476276652079
4.253669560438922	0.01	0.01	0.01	0.007	0.01	0.8522699434768228	0.10039629675363171	0.052524278897684934	0.03565239630064658	0.062125935321016984	68.53132834855283	46.25377495530887	46.82275589554949	57.041046256565146	8.609948471586776	36.65817178430386
4.357215367345691	0.01	0.01	0.01	0.007	0.01	0.8522699631884852	0.10039629675363196	0.05252428415639307	0.03565242288873023	0.062125935313967456	69.48161996124973	46.768975300392334	47.460830280124334	57.65175730233499	8.722063969388122	35.773509018258096
4.460761128992531	0.01	0.01	0.01	0.007	0.01	0.8522699763878959	0.10039629675363207	0.052524288989886786	0.035652448230110455	0.062125935307608	70.40318514235783	47.26297749845509	48.08187982782516	58.237386402007246	8.831010205063647	34.910195976882
4.564311131531144	0.01	0.01	0.01	0.007	0.01	0.8522699852268428	0.10039629675363215	0.05252429344220031	0.03565247239467606	0.06212593530185414	71.29676646285105	47.73635940329683	48.686341580762246	58.79861540792248	8.936868655010876	34.06768296529976
4.667867048613683	0.01	0.01	0.01	0.007	0.01	0.8522699911457983	0.10039629675363215	0.05252429755168112	0.035652495447746	0.062125935296633364	72.16306343987347	48.189670662483245	49.274625337216825	59.336092838582594	9.03971588194844	33.2454565398924
4.7714284347435365	0.01	0.01	0.01	0.007	0.01	0.8522699951092917	0.10039629675363215	0.05252430135187119	0.03565251745053446	0.062125935291883885	73.0027404817782	48.623437723044816	49.84711871349704	59.85043980468461	9.139624445719743	32.44303275894706
4.874993849771522	0.01	0.01	0.01	0.007	0.01	0.8522699977632684	0.10039629675363215	0.05252430487225262	0.03565253846021403	0.062125935287552295	73.81643871200063	49.0381705581872	50.40419496199641	60.342257978706485	9.236664286473871	31.659946461582646
4.978561819104359	0.01	0.01	0.01	0.007	0.01	0.8522699995403374	0.10039629675363215	0.05252430813885276	0.035652558529927346	0.06212593528359258	74.60478472158127	49.4343674231184	50.94621885000008	60.81213523075322	9.330903757423226	30.895743112674808
5.082131375642352	0.01	0.01	0.01	0.007	0.01	0.8522700007302195	0.10039629675363215	0.05252431117473316	0.0356525777088968	0.062125935279964434	75.3683948307851	49.812517052229055	51.47354957374686	61.26064823229484	9.422410132662629	30.149974707205303
5.1857021284283	0.01	0.01	0.01	0.007	0.01	0.852270001526928	0.10039629675363215	0.05252431400038572	0.03565259604269863	0.06212593527663303	76.10787526955461	50.173098697376645	51.986540911057475	61.688362500267644	9.51124963142385	29.422199523899522
5.289274091194778	0.01	0.01	0.01	0.007	0.01	0.8522700020603772	0.10039629675363215	0.05252431663406259	0.03565261357362001	0.06212593527356764	76.82382067118824	50.516581352528796	52.485540200660154	62.09583147591736	9.597487239366107	28.711983546160567
5.39284739428583	0.01	0.01	0.01	0.007	0.01	0.8522700024175555	0.10039629675363215	0.05252431909205591	0.03565263034105511	0.062125935270741596	77.51681206552185	50.843422815508276	52.97088694103143	62.48359540982497	9.681186466511965	28.01890245517658
5.496422140612402	0.01	0.01	0.01	0.007	0.01	0.8522700026567083	0.10039629675363215	0.05252432138894109	0.035652646381813285	0.062125935268131406	78.18741618382467	51.15406945714134	53.44291227105216	62.852181085613445	9.762409260047654	27.34254239959469
5.599998323334927	0.01	0.01	0.01	0.007	0.01	0.8522700028168346	0.10039629675363215	0.05252432353778798	0.035652661730378475	0.06212593526571609	78.8361853248099	51.44895629178376	53.90193882812216	63.20210190102866	9.841215983397129	26.68250024140229
5.703575832717126	0.01	0.01	0.01	0.007	0.01	0.8522700029240478	0.10039629675363215	0.05252432555034356	0.03565267641910282	0.062125935263477455	79.4636578415797	51.728507345674224	54.34828103876942	63.53385830240697	9.917665470065685	26.03838318668352
5.80715451099984	0.01	0.01	0.01	0.007	0.01	0.8522700029958321	0.10039629675363215	0.05252432743719067	0.035652690478355405	0.06212593526139903	80.07035888051192	51.993136125610306	54.78224559317097	63.84793833835036	9.991815108636265	25.40980814660471
5.910734207278688	0.01	0.01	0.01	0.007	0.01	0.8522700030438948	0.10039629675363215	0.05252432920788456	0.03565270393665179	0.062125935259466594	80.65680104127863	52.24324602991971	55.20413187283687	64.14481814511882	10.063720919052452	24.796401157168322
6.014314811804639	0.01	0.01	0.01	0.007	0.01	0.8522700030760749	0.10039629675363215	0.05252433087107101	0.03565271682077816	0.0621259352576671	81.22348485344651	52.47923066103461	55.61423225469814	64.42496231539496	10.133437607218445	24.197796970761654
6.117896228545848	0.01	0.01	0.01	0.007	0.01	0.8522700030976208	0.10039629675363215	0.052524332434587574	0.03565272915593486	0.062125935255989126	81.77089888810183	52.701473977399736	56.012832154606606	64.68882407640886	10.201018575039837	23.61363902476655
6.221478395768417	0.01	0.01	0.01	0.007	0.01	0.8522700031120465	0.10039629675363215	0.05252433390555326	0.03565274096584194	0.06212593525442227	82.29952013570417	52.91035055678209	56.40021026312486	64.93684560034866	10.266515963182936	23.043579129917532
6.325061258597211	0.01	0.01	0.01	0.007	0.01	0.8522700031217049	0.10039629675363215	0.05252433529044575	0.035652752272860855	0.06212593525295728	82.8098141240948	53.106225751671275	56.77663859298514	65.16945818670818	10.329980661840944	22.48727743390291
6.428644782736341	0.01	0.01	0.01	0.007	0.01	0.8522700031281715	0.10039629675363215	0.052524336595169245	0.03565276309808479	0.06212593525158585	83.30223525230559	53.289455931203975	57.142382683989936	65.38708254740838	10.391462348173228	21.944402154012344
6.532228913308832	0.01	0.01	0.01	0.007	0.01	0.852270003132501	0.10039629675363215	0.052524337825114766	0.03565277346145044	0.06212593525030074	83.7772268574267	53.460388621106965	57.49770161061118	65.5901289708508	10.451009490510597	21.414629601813854
6.635813595436774	0.01	0.01	0.01	0.007	0.01	0.8522700031353999	0.10039629675363215	0.05252433898521245	0.035652783381808516	0.06212593524909476	84.23522158433595	53.61936275880691	57.84284821328223	65.77899762278764	10.50866939025665	20.897643877071435
6.739398787961828	0.01	0.01	0.01	0.007	0.01	0.8522700031373406	0.10039629675363215	0.05252434007997817	0.03565279287699061	0.062125935247961964	84.67664169965536	53.766708919405716	58.178069291712426	65.95407881267215	10.564488217158612	20.393136614877317
6.8429844565853	0.01	0.01	0.01	0.007	0.01	0.85227000313864	0.10039629675363215	0.05252434111355539	0.035652801963881584	0.062125935246897065	85.10189930397873	53.90274950191164	58.50360572329289	66.11575321285282	10.618511031941289	19.90080684343823
6.9465705670080355	0.01	0.01	0.01	0.007	0.01	0.8522700031395102	0.10039629675363215	0.0525243420897505	0.03565281065848624	0.06212593524589472	85.51139654508599	54.02779891555292	58.81969258218383	66.26439207790695	10.670781809061701	19.420360840980152
7.050157071209873	0.01	0.01	0.01	0.007	0.01	0.8522700031400926	0.10039629675363215	0.05252434301206582	0.035652818975995516	0.06212593524495049	85.90552580610162	54.14216375860536	59.12655923880236	66.4003574551164	10.721343456243197	18.951512022766977
7.153743934890745	0.01	0.01	0.01	0.007	0.01	0.8522700031404825	0.10039629675363215	0.05252434388372802	0.03565282693082366	0.06212593524406016	86.28467004740183	54.24614304000771	59.424429579630974	66.5240024458632	10.770237853794772	18.49398064382101
7.2573311237502365	0.01	0.01	0.01	0.007	0.01	0.8522700031407439	0.10039629675363215	0.052524344707714284	0.03565283453666543	0.062125935243220104	86.6492029772531	54.34002834471824	59.71352209638943	66.63567140021053	10.817505872220595	18.04749369886229
7.360918624068668	0.01	0.01	0.01	0.007	0.01	0.8522700031409186	0.10039629675363215	0.05252434548677484	0.0356528418065293	0.06212593524242663	86.9994893425732	54.42410402915759	59.99405007067209	66.73570014731092	10.863187405427228	17.611784674706186
7.464506408405501	0.01	0.01	0.01	0.007	0.01	0.8522700031410356	0.10039629675363215	0.0525243462234536	0.03565284875279946	0.062125935241676686	87.33588502339062	54.49864736411578	60.266221603608656	66.82441616337465	10.907321378546243	17.186593541469765
7.56809446990113	0.01	0.01	0.01	0.007	0.01	0.8522700031411141	0.10039629675363215	0.0525243469201063	0.03565285538725429	0.06212593524096745	87.65873735909082	54.56392873260456	60.53023983128255	66.90213880504986	10.94994578599951	16.77166645522975
7.671682760533498	0.01	0.01	0.01	0.007	0.01	0.8522700031411665	0.10039629675363215	0.05252434757891681	0.03565286172113892	0.06212593524029607	87.96838516189071	54.62021175733906	60.786302887373594	66.96917945909745	10.99109768855952	16.366755855413604
7.775271280303112	0.01	0.01	0.01	0.007	0.01	0.8522700031412016	0.10039629675363215	0.05252434820191275	0.03565286776514561	0.06212593523966024	88.26515919494976	54.66775351878546	61.03460424710181	67.02584179994714	11.030813271882993	15.971619961861428
7.878859994908356	0.01	0.01	0.01	0.007	0.01	0.8522700031412251	0.10039629675363215	0.05252434879097822	0.035652873529493354	0.06212593523905765	88.54938211930815	54.70680466679469	61.275332636165906	67.07242192059175	11.069127834859334	15.586022956172322
7.98244889748916	0.01	0.01	0.01	0.007	0.01	0.8522700031412409	0.10039629675363215	0.0525243493478654	0.035652879023920114	0.062125935238486196	88.8213688657947	54.737609606074805	61.508672292472035	67.109208551487	11.106075834569245	15.20973460408642
8.086037974324974	0.01	0.01	0.01	0.007	0.01	0.8522700031412515	0.10039629675363215	0.052524349874206844	0.03565288425772973	0.06212593523794394	89.08142672295503	54.7604066310058	61.73480299241758	67.13648321914185	11.141690893447278	14.842530250783089
8.18962721169518	0.01	0.01	0.01	0.007	0.01	0.8522700031412584	0.10039629675363215	0.05252435037152366	0.03565288923981259	0.06212593523742927	89.3298555409088	54.775428077399816	61.95390017472733	67.15452042495006	11.176005822014137	14.48419066054227
8.293216602739562	0.01	0.01	0.01	0.007	0.01	0.8522700031412631	0.10039629675363215	0.052524350841235634	0.03565289397866476	0.062125935236940384	89.56694792603669	54.782900467498116	62.16613505884278	67.16358781602531	11.209052640595901	14.134501863241864
8.396806120016457	0.01	0.01	0.01	0.007	0.01	0.8522700031412663	0.10039629675363215	0.05252435128466856	0.035652898482426094	0.062125935236476006	89.7929893539607	54.78304464974924	62.37167469119431	67.16394634980998	11.240862589754476	13.793255118939015
8.500395749805062	0.01	0.01	0.01	0.007	0.01	0.8522700031412684	0.10039629675363215	0.052524351703061925	0.03565290275887971	0.06212593523603428	90.00825842064125	54.77607594029657	62.57068211613426	67.15585046086449	11.271466160069206	13.460246676313107
8.603985485245014	0.01	0.01	0.01	0.007	0.01	0.8522700031412699	0.10039629675363215	0.052524352097575916	0.03565290681547499	0.06212593523561438	90.21302698863711	54.762204253861825	62.76331645619083	67.13954821501595	11.300893107609	13.135277678035306
8.707575333196912	0.01	0.01	0.01	0.007	0.01	0.8522700031412707	0.10039629675363215	0.05252435246929649	0.035652910659340065	0.06212593523521495	90.40756035900424	54.741634231260676	62.94973301702362	67.11528145956193	11.32917247314654	12.818154024095744
8.811165273079386	0.01	0.01	0.01	0.007	0.01	0.8522700031412713	0.10039629675363215	0.052524352819241955	0.035652914297324624	0.06212593523483478	90.5921173523303	54.714565375428016	63.130083305636795	67.08328598353863	11.356332588197416	12.508686382524775
8.914755298032013	0.01	0.01	0.01	0.007	0.01	0.8522700031412719	0.10039629675363215	0.05252435314836734	0.0356529177359896	0.06212593523447288	90.76695054446644	54.68119217055231	63.30451519689841	67.04379165809371	11.382401103556287	12.206689947862056
9.018345401194356	0.01	0.01	0.01	0.007	0.01	0.8522700031412721	0.10039629675363215	0.05252435345756948	0.03565292098162977	0.062125935234128106	90.93230639008772	54.64170420558201	63.47317299585265	66.99702258199008	11.40740500184044	11.911984374481104
9.121935561984943	0.01	0.01	0.01	0.007	0.01	0.8522700031412722	0.10039629675363215	0.05252435374769082	0.03565292404029634	0.06212593523379991	91.08842535033827	54.596286299797384	63.636197502611985	66.943197229601	11.431370610503325	11.62439370662955
9.22552578726432	0.01	0.01	0.01	0.007	0.01	0.8522700031412724	0.10039629675363215	0.05252435401952393	0.03565292691778329	0.06212593523348711	91.23554209957817	54.54511860140054	63.79372616151637	66.88252856695033	11.454323627151236	11.34374615872991
9.32911607017201	0.01	0.01	0.01	0.007	0.01	0.8522700031412725	0.10039629675363215	0.052524354273814126	0.03565292961966563	0.062125935233189135	91.37388560103703	54.488376717130826	63.9458930765409	66.81522420453031	11.476289125035683	11.069874129503923
9.432706403847522	0.01	0.01	0.01	0.007	0.01	0.8522700031412725	0.10039629675363215	0.05252435451126375	0.03565293215130176	0.06212593523290516	91.50367926663012	54.42623181817525	64.09282911405249	66.74148652206173	11.497291571417216	10.802614062466295
9.536296774569838	0.01	0.01	0.01	0.007	0.01	0.8522700031412725	0.10039629675363215	0.05252435473253419	0.03565293451784839	0.062125935232634495	91.62514108316617	54.358850752864626	64.2346619716908	66.66151280131905	11.517354840888023	10.541806365406178
9.63988718233897	0.01	0.01	0.01	0.007	0.01	0.8522700031412725	0.10039629675363215	0.05252435493824948	0.03565293672425726	0.06212593523237646	91.73848376747769	54.286396138890694	64.3715162829249	66.57549533467291	11.536502233654367	10.287295263148188
9.743477634015461	0.01	0.01	0.01	0.007	0.01	0.8522700031412725	0.10039629675363215	0.05252435512899861	0.035652938775288974	0.06212593523213043	91.84391488198499	54.20902646818627	64.50351367959948	66.48362154867368	11.554756487681873	10.038928724988745
9.847068115878267	0.01	0.01	0.01	0.007	0.01	0.8522700031412725	0.10039629675363215	0.05252435530533706	0.035652940675539056	0.06212593523189586	91.94163693194793	54.12689622826875	64.63077282996242	66.3860741472216	11.572139787522374	9.796558439292422
9.9506586279274	0.01	0.01	0.01	0.007	0.01	0.8522700031412725	0.10039629675363215	0.0525243554677904	0.03565294242942487	0.06212593523167234	92.03184752325646	54.04015597546297	64.7534095540505	66.28303119762114	11.588673783772757	9.56003964168991
10.054249170162866	0.01	0.01	0.01	0.007	0.01	0.8522700031412725	0.10039629675363215	0.05252435561685512	0.035652944041201444	0.062125935231459255	92.11473946559722	53.94895243988297	64.87153687444301	66.17466625436317	11.604379603433324	9.329231062741258
10.157839728863609	0.01	0.01	0.01	0.007	0.01	0.8522700031412725	0.10039629675363215	0.052524355753000795	0.035652945514978586	0.06212593523125607	92.19050087872903	53.85342863176534	64.9852650690213	66.06114848455144	11.619277860628976	9.103994873032144
10.261430297169095	0.01	0.01	0.01	0.007	0.01	0.8522700031412725	0.10039629675363215	0.05252435587667232	0.0356529468547137	0.062125935231062406	92.2593153230674	53.753723915117426	65.09470176100614	65.94264275451663	11.63338867218754	8.88419655414044
10.36502087507933	0.01	0.01	0.01	0.007	0.01	0.8522700031412725	0.10039629675363215	0.05252435598829054	0.03565294806421934	0.062125935230877796	92.32136190755857	53.64997409515714	65.19995198176649	65.81930973282994	11.646731669401932	8.669704820194218
10.46861146259431	0.01	0.01	0.01	0.007	0.01	0.8522700031412725	0.10039629675363215	0.05252435608825459	0.03565294914717286	0.06212593523070201	92.37681539161484	53.54231151099595	65.30111822561581	65.69130599957411	11.65932600871201	8.460391554929098
10.572202059714039	0.01	0.01	0.01	0.007	0.01	0.8522700031412725	0.10039629675363215	0.05252435617694275	0.03565295010712313	0.06212593523053448	92.42584629018053	53.4308651203272	65.39830051106442	65.55878414613761	11.671190383170112	8.256131735165347
10.675792673299052	0.01	0.01	0.01	0.007	0.01	0.8522700031412725	0.10039629675363215	0.05252435625471377	0.03565295094749115	0.06212593523037489	92.4686209788904	53.31576057432288	65.49159644664527	65.42189286338669	11.682343034345216	8.056803343092106
10.779383296488815	0.01	0.01	0.01	0.007	0.01	0.8522700031412725	0.10039629675363215	0.05252435632190825	0.03565295167158888	0.06212593523022293	92.50530178543902	53.19712032103556	65.58110127059199	65.28077706376051	11.692801761004485	7.86228733314552
10.88297392928333	0.01	0.01	0.01	0.007	0.01	0.8522700031412725	0.10039629675363215	0.05252435637884942	0.03565295228261101	0.06212593523007827	92.53604709673093	53.07506366180365	65.6669079269277	65.13557794750044	11.702583932099488	7.672467520492331
10.986564564822059	0.01	0.01	0.01	0.007	0.01	0.8522700031412725	0.10039629675363215	0.0525243564258443	0.03565295278364889	0.06212593522994072	92.56101144923817	52.94970684369777	65.74910710911989	64.98643311176336	11.711706495771553	7.487230537445515
11.09015518938393	0.01	0.01	0.01	0.007	0.01	0.8522700031412725	0.10039629675363215	0.05252435646318513	0.03565295317769421	0.06212593522980993	92.58034562382035	52.821163135479324	65.82778731543809	64.8334766401519	11.720185989708755	7.306465764280409
11.193745802968945	0.01	0.01	0.01	0.007	0.01	0.8522700031412725	0.10039629675363215	0.05252435649114911	0.03565295346763076	0.0621259352296856	92.59419674037235	52.68954287518772	65.90303491753332	64.67683915850132	11.728038552741008	7.1300652271706335
11.29733641243764	0.01	0.01	0.01	0.007	0.01	0.8522700031412725	0.10039629675363215	0.0525243565100004	0.03565295365624217	0.06212593522956744	92.60270834230403	52.55495354841715	65.97493420510762	64.51664792719484	11.735279933623106	6.9579235478816805
11.400927017790012	0.01	0.01	0.01	0.007	0.01	0.8522700031412725	0.10039629675363215	0.05252435651999012	0.03565295374622562	0.06212593522945525	92.60602048115453	52.417499875392025	66.0435674263468	64.35302694398125	11.741925499428639	6.789937904171552
11.504517619026066	0.01	0.01	0.01	0.007	0.01	0.8522700031412725	0.10039629675363215	0.05252435652135746	0.035652953740190355	0.062125935229348825	92.60426980238249	52.27728387048566	66.10901484240803	64.18609701402079	11.74799024533492	6.626007956254971
11.608108209285264	0.01	0.01	0.01	0.007	0.01	0.8522700031412725	0.10039629675363215	0.05252435651433001	0.035652953640666	0.062125935229247975	92.59758962825772	52.13440491805123	66.17135477136682	64.01597583936787	11.753488803257325	6.466035797334471
11.711698795428143	0.01	0.01	0.01	0.007	0.01	0.8522700031412725	0.10039629675363215	0.05252435649912492	0.035652953450091965	0.062125935229152426	92.5861100369823	51.98895980878676	66.23066364751188	63.84277806148362	11.75843545172188	6.3099258632107444
11.815289377454702	0.01	0.01	0.01	0.007	0.01	0.8522700031412725	0.10039629675363215	0.05252435647594904	0.03565295317083477	0.062125935229062144	92.56995794158267	51.841042830805385	66.28701605414099	63.66661536889957	11.762844123232693	6.157584907633017
11.91887994850441	0.01	0.01	0.01	0.007	0.01	0.8522700031412725	0.10039629675363215	0.05252435644499924	0.035652952805190735	0.062125935228976754	92.54925716794986	51.690745832051775	66.3404847691358	63.48759657079418	11.7667284127977	6.008921945337518
12.022470508577266	0.01	0.01	0.01	0.007	0.01	0.8522700031412725	0.10039629675363215	0.052524356406463725	0.035652952355379755	0.062125935228896104	92.52412852729441	51.53815826077707	66.3911408159144	63.30582764445058	11.770101586653	5.863848177538875
12.126061064533802	0.01	0.01	0.01	0.007	0.01	0.8522700031412725	0.10039629675363215	0.05252435636052171	0.03565295182354819	0.06212593522882014	92.49468988748418	51.383367223400406	66.43905350494495	63.12141180343244	11.77297659003863	5.722276940092062
12.22965160951349	0.01	0.01	0.01	0.007	0.01	0.8522700031412725	0.10039629675363215	0.05252435630734446	0.035652951211784877	0.062125935228748506	92.46105624983215	51.22645757241618	66.48429046557645	62.93444960158089	11.775366054367955	5.584123679963731
12.333242136655802	0.01	0.01	0.01	0.007	0.01	0.8522700031412725	0.10039629675363215	0.052524356247095394	0.035652950522114785	0.06212593522868127	92.42333981592651	51.067511942413645	66.52691769369675	62.74503897522005	11.777282305336323	5.449305884844644
12.43683264596074	0.01	0.01	0.01	0.007	0.01	0.8522700031412725	0.10039629675363215	0.05252435617993035	0.0356529497564969	0.0621259352286182	92.38165005234318	50.906610793779556	66.56699959371666	62.55327529452157	11.778737370379815	5.31774302530462
12.540423137428307	0.01	0.01	0.01	0.007	0.01	0.8522700031412725	0.10039629675363215	0.052524356105998565	0.03565294891683076	0.06212593522855912	92.33609375849784	50.74383247603448	66.60459901381086	62.359251438282335	11.779742985675842	5.189356516180226
12.644013617919033	0.01	0.01	0.01	0.007	0.01	0.8522700031412725	0.10039629675363215	0.05252435602544211	0.03565294800495395	0.062125935228503924	92.2867751277065	50.579253268743784	66.63977728574324	62.16305784199433	11.780310603199815	5.064069661436502
12.747604094293441	0.01	0.01	0.01	0.007	0.01	0.8522700031412725	0.10039629675363215	0.052524355938397264	0.035652947022649296	0.06212593522845247	92.23379581251059	50.41294744263905	66.67259425866553	61.96478257002002	11.780451397453719	4.941807617346478
12.85119455969101	0.01	0.01	0.01	0.007	0.01	0.8522700031412725	0.10039629675363215	0.052524355844993834	0.03565294597165581	0.062125935228404684	92.17725499383681	50.24498733140351	66.70310833104575	61.76451140051057	11.780176272234561	4.8224973633518005
12.954785000390693	0.01	0.01	0.01	0.007	0.01	0.8522700031412725	0.10039629675363215	0.052524355745356244	0.03565294485366551	0.06212593522836042	92.11724943912775	50.075443369651005	66.73137648889049	61.562327870043234	11.779495867383948	4.7060676488926
13.058375423253016	0.01	0.01	0.01	0.007	0.01	0.8522700031412725	0.10039629675363215	0.05252435563960333	0.03565294367030758	0.062125935228319586	92.05387354459693	49.904384094878736	66.75745434712086	61.358313275297775	11.778420564952054	4.592448920233393
13.161965835138506	0.01	0.01	0.01	0.007	0.01	0.8522700031412725	0.10039629675363215	0.05252435552784855	0.035652942423163525	0.06212593522828207	91.98721940249293	49.73187622626553	66.78139617610947	61.152546766378194	11.776960495358866	4.481573303463569
13.265556229186641	0.01	0.01	0.01	0.007	0.01	0.8522700031412725	0.10039629675363215	0.05252435541020081	0.03565294111377816	0.06212593522824773	91.91737686627582	49.55798473260394	66.80325493140577	60.94510542721531	11.775125543742273	4.3733745780707975
13.369146605397425	0.01	0.01	0.01	0.007	0.01	0.8522700031412725	0.10039629675363215	0.05252435528676427	0.035652939743647166	0.06212593522821646	91.84443359221862	49.38277284193835	66.82308229050533	60.73606428645193	11.772925355657696	4.267788114906501
13.472736963770862	0.01	0.01	0.01	0.007	0.01	0.8522700031412725	0.10039629675363215	0.05252435515763812	0.03565293831422334	0.06212593522818837	91.76847509649656	49.20630209546637	66.84092868195232	60.52549638113426	11.770369342920576	4.164750845197538
13.576327318027987	0.01	0.01	0.01	0.007	0.01	0.8522700031412725	0.10039629675363215	0.052524355022917676	0.03565293682690913	0.06212593522816312	91.68958479626986	49.0286323655172	66.85684331747719	60.313472777557	11.767466688843957	4.064201209716797
13.679917661308284	0.01	0.01	0.01	0.007	0.01	0.8522700031412725	0.10039629675363215	0.052524354882694135	0.035652935283080535	0.062125935228140715	91.60784408582683	48.84982195478802	66.87087421585258	60.10006268909118	11.764226354654	3.9660791557041075
13.783507986751241	0.01	0.01	0.01	0.007	0.01	0.8522700031412725	0.10039629675363215	0.052524354737054885	0.0356529336840752	0.06212593522812109	91.52333237159574	48.669927601216735	66.88306823571679	59.88533348143405	11.760657084457984	3.8703260797959063
13.887098287496345	0.01	0.01	0.01	0.007	0.01	0.8522700031412725	0.10039629675363215	0.05252435458608313	0.035652932031193386	0.062125935228104244	91.43612712015742	48.48900451657859	66.89347110356584	59.66935071810606	11.756767410483986	3.7768847930546627
13.990688570404114	0.01	0.01	0.01	0.007	0.01	0.8522700031412725	0.10039629675363215	0.052524354429859046	0.0356529303256899	0.06212593522808993	91.34630389303213	48.30710639999199	66.90212744210343	59.4521781760043	11.752565657617335	3.6856994749107614
14.094278835474551	0.01	0.01	0.01	0.007	0.01	0.8522700031412725	0.10039629675363215	0.052524354268458875	0.0356529285687893	0.062125935228078175	91.25393640934273	48.124285510484405	66.90908079457033	59.23387793147588	11.748059949116813	3.596715658762981
14.19786908956817	0.01	0.01	0.01	0.007	0.01	0.8522700031412725	0.10039629675363215	0.052524354101956175	0.035652926761677736	0.06212593522806886	91.15909657861464	47.94059267881058	66.91437365195107	59.01451037388629	11.743258210936126	3.509880187343538
14.301459325824462	0.01	0.01	0.01	0.007	0.01	0.8522700031412725	0.10039629675363215	0.05252435393042099	0.03565292490551802	0.062125935228062014	91.06185456313496	47.75607737894569	66.9180474772865	58.79413429045855	11.738168177426124	3.4251411982858206
14.40504955110394	0.01	0.01	0.01	0.007	0.01	0.8522700031412725	0.10039629675363215	0.05252435375392046	0.035652923001432094	0.06212593522805751	90.9622787953751	47.570787713599685	66.92014273188204	58.57280684845026	11.732797394706052	3.3424480701305304
14.508639765406603	0.01	0.01	0.01	0.007	0.01	0.8522700031412725	0.10039629675363215	0.0525243535725188	0.03565292105051581	0.06212593522805529	90.86043603843073	47.384770484086516	66.92069889851577	58.350583678082	11.727153226158096	3.2617514092680997
14.612229961871947	0.01	0.01	0.01	0.007	0.01	0.8522700031412725	0.10039629675363215	0.05252435338627762	0.0356529190538401	0.06212593522805529	90.75639142728984	47.19807122310267	66.91975450557133	58.12751891119284	11.72124285693974	3.1830030197651635
14.715820133639468	0.01	0.01	0.01	0.007	0.01	0.8522700031412725	0.10039629675363215	0.05252435319525586	0.035652917012447334	0.06212593522805756	90.65020850195653	47.010734214243946	66.91734715035531	57.90366520406148	11.715073297965272	3.1061558689236173
14.819410294430181	0.01	0.01	0.01	0.007	0.01	0.8522700031412725	0.10039629675363215	0.052524352999509916	0.035652914927337936	0.06212593522806188	90.54194922427237	46.822802485551435	66.91351352066197	57.67907372919134	11.708651388810452	3.0311640444959806
14.923000437383584	0.01	0.01	0.01	0.007	0.01	0.8522700031412725	0.10039629675363215	0.05252435279909367	0.035652912799499434	0.06212593522806826	90.43167405775876	46.63431791417467	66.90828941768086	57.453794299892564	11.701983804272908	2.9579827577983133
15.026590569360181	0.01	0.01	0.01	0.007	0.01	0.8522700031412725	0.10039629675363215	0.0525243525940587	0.0356529106298839	0.06212593522807662	90.31944196886231	46.44532119373423	66.90170977639069	57.22787533080811	11.695077056298166	2.8865682918014848
15.130180690359975	0.01	0.01	0.01	0.007	0.01	0.8522700031412725	0.10039629675363215	0.052524352384454506	0.03565290841942304	0.062125935228087	90.2053104843849	46.25585190045132	66.89380868727157	57.0013639164817	11.687937499176668	2.816877989854633
15.233770793522464	0.01	0.01	0.01	0.007	0.01	0.8522700031412725	0.10039629675363215	0.0525243521703284	0.03565290616902855	0.06212593522809931	90.0893357271029	46.065948521379376	66.88461941714372	56.77430586465501	11.680571333439572	2.748870229627148
15.337360878847653	0.01	0.01	0.01	0.007	0.01	0.8522700031412725	0.10039629675363215	0.052524351951725515	0.03565290387958343	0.06212593522811346	89.97157243477187	45.87564845668483	66.87417442801546	56.546745698543376	11.672984608637003	2.6825043890235385
15.440950953196042	0.01	0.01	0.01	0.007	0.01	0.8522700031412725	0.10039629675363215	0.052524351728689044	0.03565290155194354	0.062125935228129536	89.85207399283716	45.68498804623082	66.86250539608464	56.31872668816798	11.665183226899572	2.6177408224692305
15.544541009707135	0.01	0.01	0.01	0.007	0.01	0.8522700031412725	0.10039629675363215	0.052524351501260336	0.03565289918695132	0.06212593522814738	89.7308924906335	45.49400263352293	66.84964323297439	56.090290926390544	11.657172948029828	2.554540850146876
15.648131055241432	0.01	0.01	0.01	0.007	0.01	0.8522700031412725	0.10039629675363215	0.05252435126947885	0.035652896785418296	0.062125935228167076	89.60807872145924	45.3027265406451	66.83561810114263	55.86147929850953	11.648959390898598	2.49286671772685
15.751721089798934	0.01	0.01	0.01	0.007	0.01	0.8522700031412725	0.10039629675363215	0.052524351033382176	0.03565289434813959	0.06212593522818836	89.48368223733745	45.111193130975465	66.82045943429333	55.632331556847994	11.640548038381151	2.432681586628814
15.855311106519148	0.01	0.01	0.01	0.007	0.01	0.8522700031412725	0.10039629675363215	0.05252435079300653	0.035652891875894654	0.06212593522821132	89.3577513797571	44.91943483349362	66.80419595537032	55.40288634942599	11.631944240720538	2.3739495115178655
15.958901105402076	0.01	0.01	0.01	0.007	0.01	0.8522700031412725	0.10039629675363215	0.05252435054838606	0.035652889369438466	0.062125935228236	89.23033329266354	44.72748314103053	66.78685569173054	55.173181217459906	11.623153217629456	2.3166354108683995
16.0	0.01	0.01	0.01	0.007	0.01	0.8522700031412725	0.10039629675363217	0.05252435045016865	0.03565289651626493	0.06212593522824621	89.17937883920258	44.65128032478497	66.77968373909887	55.08198275221261	11.619614671672823	2.2942815622016868
