0.0	0.01	0.01	0.01	0.007	0.01	0.0	0.0	0.0	0.0	0.0	0.0	0.0	0.0	0.0	0.0	100.0
0.0033746541636325705	0.01	0.01	0.01	0.007	0.01	0.01118398635895012	0.002605944875487828	0.0032543873579334295	0.0038446739438841764	0.005473662466994737	0.0006686347966048025	0.0008908538243901388	0.0019261356241739784	0.004475443043957824	0.0004908540139048332	99.9197869116764
0.005280383556524475	0.01	0.01	0.01	0.007	0.01	0.01743446457237291	0.0040476301496107404	0.005000155270660408	0.005828323489369634	0.008438715313329896	0.0016321134306825197	0.0021693776853522707	0.004656791893530445	0.010718022663632809	0.0011894638867410829	99.8745175327202
0.008209803974615449	0.01	0.01	0.01	0.007	0.01	0.02695151741218796	0.006222484076839894	0.00756083950622197	0.008637115720760863	0.01282679175258273	0.003927115364976681	0.005200909363580337	0.011042745421969657	0.0250567520082395	0.002830457601604462	99.80497102122196
0.010855712527029743	0.01	0.01	0.01	0.007	0.01	0.03545368975331868	0.008144713026504866	0.009751792740545911	0.010944044347943455	0.016620600974334487	0.0068377339419336	0.009026094837539342	0.01897846750323446	0.042528903123480136	0.004879664274884004	99.74219690715591
0.013938579988883792	0.01	0.01	0.01	0.007	0.01	0.04524891029152443	0.010335057092850652	0.01216657522535508	0.01338233963245615	0.020847648334800555	0.011218262433994788	0.01475269055913892	0.030673555773472604	0.0677718733685089	0.007914885743315454	99.66910575411067
0.0170541334659484	0.01	0.01	0.01	0.007	0.01	0.055027963577720655	0.012495904905954187	0.01446445641920651	0.015599597709137875	0.024918826832760994	0.01671182324653116	0.021893788451939365	0.045016024293371454	0.0980943043705019	0.011657271692467967	99.59529407012027
0.020409094395207564	0.01	0.01	0.01	0.007	0.01	0.06542522886767257	0.014764985112248628	0.016788322402331714	0.017738217761005183	0.02908993191475373	0.023808427679375875	0.031064527596983825	0.06312090973489282	0.135578456944727	0.016407941708920397	99.51587162251776
0.02388286844872282	0.01	0.01	0.01	0.007	0.01	0.07604699907768452	0.017052856135672468	0.01904018123202147	0.019709494201760314	0.03319014087665873	0.03242654173519089	0.04213300345243916	0.08458610239847021	0.1790848416960039	0.02207369880283081	99.43370323474902
0.02753484316517725	0.01	0.01	0.01	0.007	0.01	0.08705815830134117	0.019392362268225657	0.021249377353224158	0.02154512843027105	0.03727652863633892	0.042857172791213656	0.05544399216861927	0.10993241091165264	0.22937361389977004	0.028805360530127656	99.34739285570764
0.031331494345411194	0.01	0.01	0.01	0.007	0.01	0.09833895846243904	0.021755113778178663	0.023385920077272433	0.023226172862913574	0.041297986939499	0.05516466393452903	0.07104635184461564	0.1390897925321199	0.28600095817522214	0.036599710698327015	99.25774263757239
0.035292324658974694	0.01	0.01	0.01	0.007	0.01	0.1099292790061218	0.02414679388617709	0.025453206794563928	0.024762927307643394	0.04526422160844529	0.0695660453081722	0.0891785447793777	0.17233213366011257	0.3492029787083762	0.04554695632597515	99.16430188377193
0.03941137444561348	0.01	0.01	0.01	0.007	0.01	0.12179244750499561	0.026557081632970884	0.027440930102408802	0.02615566891467308	0.04915699385858073	0.08620263113571458	0.10997735235545031	0.20972581771653082	0.41881184981921793	0.055683885491570155	99.06722184663163
0.04369878583906104	0.01	0.01	0.01	0.007	0.01	0.13393791318781498	0.02898520406980858	0.029347806509817484	0.027412021096767828	0.05297007598476952	0.10528183711530706	0.1336565295780004	0.25146044570674303	0.4948954142399123	0.06708196882347463	98.96627471486616
0.048158193914732375	0.01	0.01	0.01	0.007	0.01	0.1463550282218558	0.03142628100383723	0.031169766263910575	0.028537975661162014	0.05668073648176925	0.12699537294537325	0.16040329277581486	0.2976592579582936	0.5774003809373142	0.07979456518545408	98.86138705375734
0.052798832813750245	0.01	0.01	0.01	0.007	0.01	0.15904743186386486	0.03387824694654975	0.032905508838332334	0.029541527132376396	0.060251106566060544	0.15157216029321496	0.19044338164053332	0.34849394483396884	0.6663654282702356	0.09388432848226586	98.7523547768089
0.057629225620599786	0.01	0.01	0.01	0.007	0.01	0.17201486798962545	0.03633819029409167	0.03455356848032279	0.03043056916504391	0.06360968212592039	0.17925271735307768	0.2240082329960295	0.4041253590153321	0.7618138458623794	0.10939963687781167	98.6389919363332
0.0626512663856988	0.01	0.01	0.01	0.007	0.01	0.18523791406741366	0.03879960519429422	0.03611077530239173	0.031212160643144072	0.06663901158324943	0.2102497430563029	0.26128708362148934	0.46462706169502227	0.8636300051394653	0.1263411086351486	98.52126935535381
0.06783401742265083	0.01	0.01	0.01	0.007	0.01	0.19861279739394283	0.0412409633224815	0.03756628393613823	0.03189012911522843	0.06917709129901163	0.24455371218694627	0.3021974280589659	0.5296331325887638	0.9709982089078109	0.14454861496638144	98.39992684778352
0.07317742293638364	0.01	0.01	0.01	0.007	0.01	0.21211956753371225	0.04365705340672839	0.038921181437567044	0.03247443821249109	0.07109888461601797	0.28232274330873985	0.34685543206388253	0.5991087366772809	1.0837053284811107	0.16391065961875878	98.27497944423347
0.07876471967703433	0.01	0.01	0.01	0.007	0.01	0.2259422820350051	0.046078296447414124	0.04019534453441403	0.032981699907695054	0.07236112209290872	0.3243574141199398	0.39612158560465177	0.6741400279159893	1.2033380747665086	0.18458590020381085	98.14449869725834
0.08461948029918968	0.01	0.01	0.01	0.007	0.01	0.24010419832431815	0.048505041966468064	0.041390196921658906	0.033419196135545615	0.07297612327307779	0.37111864748126944	0.45043112381032574	0.7550910659608568	1.3302713495819276	0.2064994615147095	98.00795771203256
0.09070839805365626	0.01	0.01	0.01	0.007	0.01	0.25449037716707285	0.05091431573185517	0.042496847331957535	0.03379049906821287	0.07303842407315134	0.4226154385674365	0.5096828821287223	0.8415156260756957	1.463635601941709	0.22935677259440376	97.86615736703716
0.09703680952532967	0.01	0.01	0.01	0.007	0.01	0.2690814673465511	0.05330032392834014	0.04351645856505911	0.034102899646430505	0.07269136987394957	0.4791448467622486	0.5741033621239072	0.9334638917036039	1.6033841354788505	0.2530255383835362	97.71899704740592
0.10364761581526777	0.01	0.01	0.01	0.007	0.01	0.28394045697850134	0.055670508354468025	0.04445589693372614	0.03436475518745294	0.07206820239182433	0.5413720022657439	0.6443209399282421	1.031535218857475	1.7503109698654937	0.2775426481661859	97.56550625376353
0.11060470527377539	0.01	0.01	0.01	0.007	0.01	0.2991658043578987	0.05803667391495247	0.04532260349053588	0.03458353487862318	0.07127051385469278	0.610252740804507	0.7212589138627103	1.1366759064465677	1.9056994547035924	0.3030449183742611	97.40423576067604
0.11795990735204177	0.01	0.01	0.01	0.007	0.01	0.3148153973691904	0.06040284334925432	0.04612011738065319	0.034764867162637755	0.07037285692823797	0.6867353808558391	0.8057899268050579	1.2496836277495473	2.070578859835648	0.3296382584034825	97.23402660194279
0.12575202248521739	0.01	0.01	0.01	0.007	0.01	0.33090773638187326	0.06276620934996459	0.046849548134161735	0.03491335806026161	0.0694299457780791	0.7717220693355621	0.898693149467546	1.371165909010541	2.245688235884319	0.3573914108205836	97.05403114181696
0.13401035142999068	0.01	0.01	0.01	0.007	0.01	0.34743266908335774	0.06511945798286162	0.04751116170712319	0.03503316088657314	0.06848180161928852	0.866077391466731	1.0006653985610972	1.5015744548010441	2.4315480797724986	0.3863482571958804	96.86362997280933
0.14276351403723828	0.01	0.01	0.01	0.007	0.01	0.36437117414366876	0.06745409046720534	0.04810574889857109	0.03512827004671716	0.0675567884435897	0.970710128146071	1.1124098065100472	1.6413335153775568	2.628656561549752	0.4165584609568642	96.66222784765432
0.15204243769449774	0.01	0.01	0.01	0.007	0.01	0.3817011610363969	0.06976140320263816	0.04863491401532222	0.0352024985163564	0.06667445636829841	1.086607084438788	1.2346683341663292	1.790885613571936	2.837556940552655	0.4480862355648409	96.44918567809846
0.16188160012553873	0.01	0.01	0.01	0.007	0.01	0.39939904933183606	0.07203278158362368	0.049101063365116104	0.03525940059754005	0.06584783991829021	1.2148525366919989	1.3682368938122111	1.9507119833400317	3.05886544623854	0.48101282227575365	96.22379344175003
0.1723184801570246	0.01	0.01	0.01	0.007	0.01	0.417437838461868	0.07425952600156265	0.0495072629039499	0.035302199790904036	0.06508525716189703	1.356626212399377	1.5139571034020913	2.1213243715364096	3.2932580572229577	0.5154331079487603	95.98528455134168
0.18339317964943014	0.01	0.01	0.01	0.007	0.01	0.4357857417215179	0.07643280240117688	0.04985713204266655	0.03533374914199744	0.0643915326368758	1.5132010600068395	1.6727081768954948	2.3032591009039787	3.5414604867104957	0.5514532408385417	95.73284634019404
0.19514797555295782	0.01	0.01	0.01	0.007	0.01	0.45440496080122755	0.07854365320859277	0.05015474501152861	0.03535651452631919	0.06376883154998239	1.685937604221024	1.8453959158927495	2.4970697723234885	3.804236102501058	0.5891882894963208	95.4656321912395
0.2076272957930714	0.01	0.01	0.01	0.007	0.01	0.4732513957822702	0.08058314854806109	0.05040454154317325	0.03537257695301413	0.06321721422255572	1.8762820595005718	2.0329462981977837	2.70332692715369	4.0823829087433845	0.6287614082720545	95.18276408998001
0.22087796917445424	0.01	0.01	0.01	0.007	0.01	0.49227488822377613	0.08254260285904486	0.050611225845663584	0.035383648859510876	0.0627350368855597	2.085767263897229	2.2363025224310236	2.922622364865271	4.376736136712394	0.6703038465277088	94.88332917024483
0.23494982668008157	0.01	0.01	0.01	0.007	0.01	0.5114199744660257	0.08441383283483997	0.05077965209640356	0.03539110188484866	0.06231927019562526	2.31601862862538	2.4564274299226487	3.1555793159038013	4.688178020612275	0.713955936928552	94.56636866647223
0.24989642860966796	0.01	0.01	0.01	0.007	0.01	0.530626697416225	0.0861893940908466	0.050914697468146586	0.03539600337786895	0.061965786831810234	2.568762404619742	2.694308381618707	3.402864509106015	5.017649574921692	0.7598682939523146	94.23086455660523
0.26577573258304615	0.01	0.01	0.01	0.007	0.01	0.5498312097152462	0.08786276853269744	0.051021132979490263	0.03539915876973767	0.06166963675937544	2.8458332236354162	2.9509616657367403	3.665198771117358	5.3661602044695105	0.8082026604412399	93.87572817023099
0.28265045666565625	0.01	0.01	0.01	0.007	0.01	0.5689659522244291	0.08942849021956463	0.05110350377419987	0.03540115646804871	0.061425312385778266	3.1491758962274115	3.2274320964134984	3.943361854583813	5.734789789589316	0.8591317036693574	93.4997962810644
0.3005879490872299	0.01	0.01	0.01	0.007	0.01	0.5879594033077261	0.09088222269411732	0.05116602904096727	0.03540241195405351	0.06122699618218755	3.480836483197768	3.524784098550976	4.23818830305495	6.124679347244534	0.9128372723174817	93.1018387526204
0.31965949829961915	0.01	0.01	0.01	0.007	0.01	0.6067356201580887	0.09222081631868151	0.05121252772025094	0.03540320829412668	0.06106878212659828	3.8429393749081906	3.844082648718113	4.550553379903043	6.5370092184797075	0.9695070048005446	92.68057892385688
0.3399391114810584	0.01	0.01	0.01	0.007	0.01	0.62521389801241	0.09344237085953845	0.05124637151911234	0.03540373117339734	0.06094486629568785	4.2376490260156565	4.186364395937666	4.8813498068130245	6.972965894062769	1.029329454243319	92.23472572116083
0.3615019771961257	0.01	0.01	0.01	0.007	0.01	0.6433089734169481	0.09454632020985526	0.05127046367850148	0.03540409756099786	0.06084970543067912	4.667119361402841	4.552602980625766	5.231459207484686	7.43370265587985	1.0924884359043	91.76301231523692
0.38442302804787176	0.01	0.01	0.01	0.007	0.01	0.6609321734832353	0.09553353761022025	0.05128724019794107	0.035404377975690605	0.060778144747868704	5.13343933169487	4.943676525775865	5.601725332432268	7.92030331656268	1.1591578573901928	91.26423189328308
0.408776054823757	0.01	0.01	0.01	0.007	0.01	0.6779936572557602	0.09640643337019683	0.05129868962808416	0.035404612929155754	0.06072551675475069	5.63858571653275	5.3603461825213135	5.992936461382117	8.433758678316359	1.229498343665127	90.73726068184585
0.4346337872685765	0.01	0.01	0.01	0.007	0.01	0.694405604020354	0.097169003444118	0.051306387690552235	0.03540482446961413	0.06068771091731942	6.184395028606315	5.803253774836426	6.405823432120608	8.974964005140684	1.3036568028322044	90.18105960657043
0.4620689034815487	0.01	0.01	0.01	0.007	0.01	0.7100857602858709	0.09782678222277613	0.05131154291525317	0.035405023869044774	0.06066121261995628	6.772557349126941	6.2729381184775965	6.841072151603293	9.54473576868238	1.3817687190627603	89.594656181161
0.4911556399249598	0.01	0.01	0.01	0.007	0.01	0.7249607014564112	0.09838667949725843	0.05131504928209368	0.035405216463011	0.06064310946961915	7.4046275674944715	6.769863719960097	7.299344783182587	10.143839810099612	1.4639621226690311	88.97711449751705
0.5219713234926792	0.01	0.01	0.01	0.007	0.01	0.7389682527587633	0.09885671110840892	0.05131754147077492	0.03540540451837768	0.06063106581544978	8.082039996294359	7.294449007941603	7.781298508232192	10.773016185949169	1.5503612284333461	88.32750834468294
0.5545972820372042	0.01	0.01	0.01	0.007	0.01	0.752058927178164	0.09924566242392065	0.051319448521410856	0.035405588825076405	0.060623270364475186	8.806113385129404	7.847083644941869	8.28759341562239	11.432989568713937	1.6410881990227986	87.64490893300355
0.5891187145004364	0.01	0.01	0.01	0.007	0.01	0.7641965052815053	0.0995627303256877	0.05132104263332946	0.035405769518999625	0.060618365416287213	9.578035380872633	8.42812722516669	8.818883546539343	12.124457447696416	1.7362619270824267	86.92839537927223
0.6256235511262314	0.01	0.01	0.01	0.007	0.01	0.7753581100582375	0.09981718419232241	0.051322481289120134	0.03540594647609125	0.06061536754041981	10.398825859379048	9.037890101885676	9.375792490390022	12.848058105884077	1.835994051466974	86.17708617290181
0.6642004272807273	0.01	0.01	0.01	0.007	0.01	0.7855340421841482	0.10001806920516716	0.05132384223568832	0.035406119485448306	0.060613588629996246	11.26928184838304	9.67659925123419	9.95887646109601	13.604322396192389	1.940382704973094	85.39018775850208
0.70493645934919	0.01	0.01	0.01	0.007	0.01	0.7947276241214664	0.10017396411228725	0.0513251516887107	0.03540628831988979	0.06061256384858806	12.189920682938824	10.34436166277137	10.568586228314535	14.393624289836264	2.0495060127847737	84.56704495186537
0.7479155526111047	0.01	0.01	0.01	0.007	0.01	0.8029550540619996	0.10029279412535966	0.051326406345840986	0.035406452764643805	0.0606119902841602	13.16093970836518	11.041137771766838	11.205239191705562	15.21614489292659	2.1634173522295588	83.70717797434094
0.793218252341762	0.01	0.01	0.01	0.007	0.01	0.8102451568633293	0.10038169679222961	0.05132758971443113	0.03540661263311009	0.06061167770860042	14.182216702232008	11.766740800594452	11.869016067813694	16.071868501364165	2.2821449579463207	82.8102865295562
0.8409236447931868	0.01	0.01	0.01	0.007	0.01	0.8166387531757774	0.10044693733493505	0.05132868319213558	0.035406767779757264	0.0606115111075581	15.253362000824499	12.520868020283318	12.55998790203824	16.960617645351967	2.4056968907192315	81.87621309083072
0.8911133737406088	0.01	0.01	0.01	0.007	0.01	0.8221874285599553	0.10049387180994505	0.0513296724949789	0.03540691811174445	0.060611423574015534	16.373820868994198	13.303161737238637	13.278171816592257	17.882124471362633	2.534071083429961	80.90486737218941
0.9438769926082454	0.01	0.01	0.01	0.007	0.01	0.8269516131569733	0.10052695591875938	0.05133055032238936	0.03540706359660815	0.06061137765757791	17.54300365529423	14.113284291233855	14.023601532715745	18.836119884796933	2.667267967635523	79.89613066326592
0.999317734051619	0.01	0.01	0.01	0.007	0.01	0.8309981306263644	0.10054979506874412	0.051331316399390335	0.035407204264133525	0.06061135316437268	18.7604178029312	14.950990380967315	14.796397580195826	19.822420664943298	2.8053029878810665	78.84976027571294
1.057557978776273	0.01	0.01	0.01	0.007	0.01	0.834397521194921	0.10056522704776574	0.0513319760608784	0.03540734020237155	0.060611339574689595	20.02578133105472	15.816184654848053	15.596826040993665	20.84100008748362	2.948217017598892	77.76530909642166
1.1187441331912964	0.01	0.01	0.01	0.007	0.01	0.837221459991758	0.10057542544894318	0.051332538331377076	0.035407471549366756	0.06061133156554084	21.339108570662827	16.70896018996925	16.425341524400302	21.892036558185303	3.0960839155835873	76.64206603217173
1.1830511001864132	0.01	0.01	0.01	0.007	0.01	0.8395405109058683	0.10058201134076591	0.0513330141187432	0.035407598482899705	0.060611326496109834	22.700770641747155	17.629620910149047	17.28261688849716	22.975943504962252	3.2490156776018333	75.47901392529273
1.2506866371800067	0.01	0.01	0.01	0.007	0.01	0.841422331938193	0.10058616249070736	0.051333414814549894	0.03540772120994898	0.06061132306209208	24.111535979557082	18.578692144715113	18.169563411781166	24.093385198673243	3.407165845875956	74.27479990045477
1.3218960162233433	0.01	0.01	0.01	0.007	0.01	0.8429303554869801	0.1005887126782217	0.05133375136281474	0.03540783995702607	0.0606113206074226	25.5725984921222	19.556924429414632	19.08734615660449	25.245284333297363	3.5707320197768557	73.02771166581441
1.3969673605843567	0.01	0.01	0.01	0.007	0.01	0.8441229051345384	0.10059023696617365	0.051334033733121745	0.03540795496178804	0.06061131878628934	27.08559912884778	20.565293964539908	20.037397934428377	26.432825309955135	3.7399580686823923	71.73565505192786
1.4762379415675178	0.01	0.01	0.01	0.007	0.01	0.8450526825254252	0.10059112154976993	0.051334270690235405	0.035408066465676305	0.060611317402620817	28.652643523219137	21.605000774017647	21.02143328703483	27.657454455463604	3.9151362877513813	70.39613073129438
1.5601016377252992	0.01	0.01	0.01	0.007	0.01	0.8457665523495734	0.10059161870948641	0.05133446975545508	0.03540817470668019	0.06061131633545187	30.27631539679183	22.677463476940407	22.04146208227207	28.920875947232087	4.096609410016363	69.00621047910148
1.6490170677226903	0.01	0.01	0.01	0.007	0.01	0.8463055554588181	0.10059188850840577	0.05133463727643994	0.03540827990940195	0.060611315504247004	31.959671087132488	23.784300093963363	23.09979340629533	30.225031064383554	4.284770799431973	67.56252545073674
1.7435137486937766	0.01	0.01	0.01	0.007	0.01	0.8467050895845946	0.10059202938162591	0.051334778546753945	0.03540838226421203	0.06061131485230357	33.70616209913019	24.92725944396992	24.198996242058406	31.572019072896733	4.48005685727196	66.06131205801844
1.844183004421213	0.01	0.01	0.01	0.007	0.01	0.8469951990269791	0.10059209985200664	0.05133489793145725	0.03540848186549513	0.060611314338297397	35.5192533603708	26.107952575207047	25.341670064402074	32.963782275454186	4.682905593289773	64.49871657469126
1.951582412651243	0.01	0.01	0.01	0.007	0.01	0.8472008928061451	0.10059213344413478	0.051334998940962	0.03540857848244055	0.06061131393171311	37.40055927507596	27.326629605827126	26.529278801932	34.400665056181985	4.893549192338143	62.872383874785385
2.0656176508768254	0.01	0.01	0.01	0.007	0.01	0.8473422792835273	0.1005921485769008	0.05133508404635211	0.035408670615340664	0.06061131361090816	39.33951937508187	28.57556046995246	27.755615835906863	35.87360585802282	5.110856734763275	61.190429167853985
2.1825796584790846	0.01	0.01	0.01	0.007	0.01	0.8474343599818656	0.10059215490985177	0.05133515369729465	0.03540875322535025	0.06061131336447181	41.267078235665025	29.80969712121154	28.977335964975968	37.32950984606675	5.327127014617151	59.51203803571035
2.2940931726201192	0.01	0.01	0.01	0.007	0.01	0.8474903132681332	0.10059215738618937	0.05133520756305907	0.03540882357254094	0.060611313184710226	43.04863257941553	30.943415785048128	30.109022761534884	38.667336019687674	5.527253028156261	57.954720235387825
2.398132084035781	0.01	0.01	0.01	0.007	0.01	0.8475244334143385	0.10059215838157073	0.05133524924078472	0.03540888894341312	0.060611313052538265	44.66254517611144	31.9643985504182	31.136460545147514	39.872466585770404	5.708762096588036	56.53855529520356
2.4978972331405487	0.01	0.01	0.01	0.007	0.01	0.8475463291061467	0.10059215881276994	0.05133528302286276	0.03540895170321588	0.060611312950122856	46.167500364088326	32.91099823288568	32.09658633443008	40.990101558250956	5.878215020515737	55.21307714532148
2.59676395744145	0.01	0.01	0.01	0.007	0.01	0.8475610051429004	0.10059215901006612	0.051335311672186495	0.03540901025557595	0.06061131286679828	47.61867166034333	33.81852717579579	33.02439299262284	42.06189789079398	6.04180496352569	53.93019336379809
2.6967237716290655	0.01	0.01	0.01	0.007	0.01	0.8475710399061209	0.10059215910218683	0.0513353366380911	0.0354090645297992	0.06061131279699237	49.046124821859514	34.70594393325223	33.93906122422538	43.110235102655494	6.202917600359185	52.66342731298661
2.7983644449686174	0.01	0.01	0.01	0.007	0.01	0.8475779032432688	0.1005921591449935	0.05133535862069729	0.0354091151513703	0.06061131273781692	50.457555435979906	35.577980369731605	34.8455570883249	44.14070394603926	6.362425140970748	51.40586588972689
2.901335269031133	0.01	0.01	0.01	0.007	0.01	0.8475825524190072	0.10059215916457824	0.051335377986505684	0.03540916254457821	0.06061131268755991	51.847291331856916	36.43106280048608	35.74027757618943	45.14908307992578	6.519690559774477	50.16246544880923
3.0049243995858195	0.01	0.01	0.01	0.007	0.01	0.8475856674634665	0.10059215917340572	0.05133539500597836	0.035409206987691816	0.06061131264491745	53.20557445366218	37.25922190233682	36.61694439064286	46.128313011873935	6.673610027618197	48.94194400036394
3.1085175326741172	0.01	0.01	0.01	0.007	0.01	0.8475877395218606	0.10059215917735016	0.051335409950809305	0.035409248777684345	0.06061131260870823	54.52497129723781	38.05805693245666	37.47071942695412	47.07318049609665	6.823337229208678	47.751074062102624
3.211804429695465	0.01	0.01	0.01	0.007	0.01	0.8475891144424075	0.10059215917910921	0.05133542310389603	0.035409288217832624	0.06061131257784067	55.802654880068765	38.826063501175476	38.299702285212554	47.981892189927855	6.96854437381873	46.59257344076483
3.314757273779126	0.01	0.01	0.01	0.007	0.01	0.8475900276673647	0.1005921591798954	0.051335434735873514	0.03540932554117464	0.06061131255135763	57.03955577963073	39.56403376803279	39.10441465160151	48.85537004684625	7.109329147802349	45.465790868045865
3.41750165138599	0.01	0.01	0.01	0.007	0.01	0.8475906356280476	0.10059215918024794	0.05133544508334079	0.035409360896573906	0.060611312528468776	58.23836706219817	40.27379682202612	39.8865298875656	49.69576429258511	7.245990320208362	44.36845743742159
3.520188824201755	0.01	0.01	0.01	0.007	0.01	0.8475910411808376	0.10059215918040643	0.05133545434044136	0.03540939438890184	0.06061131250854736	59.401861718616125	40.9571924213529	40.64778748572861	50.50523994131816	7.378837121817558	43.298197513999135
3.622921455347683	0.01	0.01	0.01	0.007	0.01	0.847591311993712	0.10059215918047781	0.051335462661744546	0.0354094261165238	0.06061131249110423	60.53205787385562	41.61558237400519	41.38944640257699	51.28539790219884	7.508093885752601	42.253297759304125
3.7257358327888337	0.01	0.01	0.01	0.007	0.01	0.8475914928517473	0.10059215918050995	0.051335470170427215	0.035409456185210006	0.06061131247575526	61.63012180979855	42.249810894995015	42.11221480793555	52.03722703726348	7.6338883170848355	41.23281268923457
3.828619528908238	0.01	0.01	0.01	0.007	0.01	0.8475916135841255	0.10059215918052437	0.05133547696691046	0.035409484706404704	0.06061131246219204	62.69665951480987	42.86039073577802	42.816434922999285	52.76132379918837	7.756284209653806	40.236310747188426
3.931539966809437	0.01	0.01	0.01	0.007	0.01	0.8475916941367214	0.10059215918053083	0.051335483135535244	0.03540951179022254	0.060611312450161894	63.73207649765262	43.44772029158003	43.50231612724484	53.45814907829722	7.875322306562097	39.263548920040186
4.0344672922107625	0.01	0.01	0.01	0.007	0.01	0.8475917478609657	0.10059215918053374	0.05133548874882681	0.035409537538685636	0.06061131243945333	64.73682682910962	44.012228183014905	44.17009857831769	54.128199556286376	7.991048802041366	38.31424204524624
4.137385009819211	0.01	0.01	0.01	0.007	0.01	0.8475917836865154	0.10059215918053503	0.05133549386989205	0.03540956204190572	0.06061131242988732	65.71150642172144	44.55442367324674	44.82011601057653	54.772067665471255	8.103526163700522	37.38797275491043
4.240289999494285	0.01	0.01	0.01	0.007	0.01	0.8475918075767905	0.10059215918053561	0.05133549855376143	0.035409585377877396	0.06061131242131237	66.65683270538842	45.074881508265236	45.45278375562628	55.39042380495827	8.212830939670283	36.484206989522235
4.34318714146628	0.01	0.01	0.01	0.007	0.01	0.8475918235094363	0.1005921591805359	0.05133550284831099	0.035409607614773	0.06061131241360029	67.57357845968448	45.57420229024166	46.06855577976078	55.983969439566835	8.319046235501615	35.6023540599779
4.446083304869809	0.01	0.01	0.01	0.007	0.01	0.8475918341359686	0.10059215918053604	0.051335506795092224	0.03540962881397068	0.06061131240664212	68.46251023884038	46.05297741173913	46.66788396761157	56.55339550033093	8.422254642023614	34.741824316466285
4.5489834440317045	0.01	0.01	0.01	0.007	0.01	0.8475918412238083	0.10059215918053607	0.051335510430166195	0.03540964903242316	0.0606113124003454	69.32435435529663	46.511770727144246	47.25119520530886	57.09936058219521	8.522534287486916	33.902062030087386
4.651889440172035	0.01	0.01	0.01	0.007	0.01	0.847591845951355	0.10059215918053607	0.05133551378491676	0.03540966832383544	0.06061131239463136	70.15979091602074	46.95111619264839	47.81888701816302	57.62248808544478	8.619958112155613	33.08255198981399
4.754800741533511	0.01	0.01	0.01	0.007	0.01	0.8475918491045142	0.10059215918053607	0.05133551688678409	0.03540968673893837	0.060611312389432306	70.96946329645367	47.37152378598274	48.37133362706754	58.12337320751291	8.714594936317733	32.28281113144511
4.857715685251776	0.01	0.01	0.01	0.007	0.01	0.8475918512075233	0.10059215918053607	0.051335519759883416	0.03540970432532198	0.060611312384690044	71.75399149610097	47.7734871071865	48.90889478980136	58.60259195787804	8.806510995157408	31.502376002557458
4.960632642393029	0.01	0.01	0.01	0.007	0.01	0.8475918526100935	0.10059215918053607	0.051335522425506264	0.03540972112724164	0.06061131238035439	72.51398210858014	48.15748878505633	49.43192251373958	59.060707584204216	8.895771095373032	30.74079313094998
5.063550611026861	0.01	0.01	0.01	0.007	0.01	0.847591853545502	0.10059215918053607	0.05133552490252053	0.035409737185613764	0.060611312376381364	73.25003272442787	48.52400272963795	49.94076408056231	59.4982732559417	8.982439131702115	29.997614622838334
5.1664692571743345	0.01	0.01	0.01	0.007	0.01	0.8475918541693446	0.10059215918053607	0.051335527207693216	0.03540975253824025	0.060611312372732734	73.9627317734717	48.87349397288729	50.43576197839572	59.91583187679436	9.066578072225278	29.272398218742453
5.269388669449576	0.01	0.01	0.01	0.007	0.01	0.8475918545853967	0.10059215918053607	0.05133552935595786	0.03540976722015614	0.060611312369375246	74.65265647335872	49.20641760448866	50.91725250907514	60.31391481455661	9.148249719160823	28.564709299333497
5.372309079609094	0.01	0.01	0.01	0.007	0.01	0.8475918548628694	0.10059215918053607	0.051335531360643796	0.03540978126398332	0.06061131236627941	75.32037092271567	49.523217870876195	51.385564456864486	60.693040820392454	9.227514482986253	27.87412283910634
5.475230651253582	0.01	0.01	0.01	0.007	0.01	0.8475918550479206	0.10059215918053607	0.051335533233674235	0.03540979470023594	0.06061131236341983	75.96642498963624	49.82432774104745	51.841018276715566	61.05371550130632	9.304431247303862	27.2002246310051
5.5781534116616776	0.01	0.01	0.01	0.007	0.01	0.8475918551713334	0.10059215918053607	0.05133553498573934	0.035409807557536234	0.06061131236077364	76.59135431453791	50.11016904696104	52.28392604417145	61.396431477536915	9.379057364087013	26.54261140739009
5.681077258600272	0.01	0.01	0.01	0.007	0.01	0.8475918552536388	0.10059215918053607	0.05133553662644637	0.035409819862773396	0.06061131235832074	77.19568081310344	50.381152863352916	52.71459175474061	61.72166882644413	9.451448708174507	25.900890447079142
5.784002055750599	0.01	0.01	0.01	0.007	0.01	0.8475918553085288	0.10059215918053607	0.05133553816444982	0.03540983164119804	0.06061131235604339	77.77991364769908	50.63768008219377	53.13331196347142	62.02989576107968	9.52165978849435	25.274678669541196
5.8869276531572	0.01	0.01	0.01	0.007	0.01	0.847591855345135	0.10059215918053607	0.05133553960756304	0.035409842916540084	0.0606113123539255	78.34454966993316	50.88014172492251	53.54037605827922	62.321568995689056	9.589743796956157	24.663602264710672
5.989853934944247	0.01	0.01	0.01	0.007	0.01	0.8475918553695476	0.10059215918053607	0.05133554096285521	0.035409853711100094	0.06061131235195328	78.89007397323753	51.10891928978667	53.93606661769428	62.59713415429921	9.655752671099696	24.06729619129631
6.092780839766664	0.01	0.01	0.01	0.007	0.01	0.8475918553858285	0.10059215918053607	0.051335542236734706	0.03540986404584281	0.06061131235011411	79.41696024929335	51.32438500102377	54.32065963314116	62.857026062177766	9.719737133660146	23.485403872835786
6.195708326728267	0.01	0.01	0.01	0.007	0.01	0.847591855396686	0.10059215918053607	0.051335543435021655	0.03540987394051232	0.060611312348396576	79.92567085384924	51.52690193526281	54.69442452069558	63.10166888950739	9.781746696996493	22.91757721081143
6.298636354932195	0.01	0.01	0.01	0.007	0.01	0.8475918554039269	0.10059215918053607	0.0513355445630113	0.03540988341373204	0.060611312346790756	80.41665696813051	51.7168241943805	55.057624199220854	63.331476350646504	9.841829678806583	22.36347650062126
6.40156490393112	0.01	0.01	0.01	0.007	0.01	0.8475918554087558	0.10059215918053607	0.051335545625529964	0.03540989248307249	0.060611312345287306	80.89035896018144	51.894497156680025	55.410515315794726	63.54685199814452	9.900033242252785	21.822770123491896
6.504493939643901	0.01	0.01	0.01	0.007	0.01	0.8475918554119761	0.10059215918053607	0.05133554662698392	0.035409901165145155	0.060611312343878176	81.34720648225843	52.06025762412659	55.75334827652401	63.74818939116839	9.956403403850958	21.295134534775265
6.607423414355367	0.01	0.01	0.01	0.007	0.01	0.8475918554141235	0.10059215918053607	0.051335547571402296	0.03540990947566964	0.06061131234255602	81.78761873856622	52.21443403732677	56.08636740235555	63.93587234582579	10.010985062110892	20.78025406259241
6.710353280349755	0.01	0.01	0.01	0.007	0.01	0.8475918554155557	0.10059215918053607	0.05133554846247563	0.0354099174295275	0.06061131234131408	82.21200480117268	52.357346703077404	56.40981112304122	64.1102752011774	10.063822032314247	20.277820645989973
6.813283510361252	0.01	0.01	0.01	0.007	0.01	0.847591855416511	0.10059215918053607	0.05133554930358938	0.03540992504080667	0.06061131234014629	82.62076393342635	52.489308016245495	56.72391218031533	64.27176307903672	10.114957082561107	19.787533555663575
6.916214083940604	0.01	0.01	0.01	0.007	0.01	0.847591855417148	0.10059215918053607	0.05133555009785371	0.035409932322861035	0.060611312339047055	83.01428576176559	52.61062262597087	57.028897717434795	64.4206920762407	10.164431951124644	19.309099289524454
7.019144960187766	0.01	0.01	0.01	0.007	0.01	0.8475918554175728	0.10059215918053607	0.05133555084813005	0.03540993928837482	0.060611312338011626	83.39295040541393	52.72158759221818	57.32498933439917	64.55740944483622	10.212287358353963	18.842231523711348
7.122076118652984	0.01	0.01	0.01	0.007	0.01	0.847591855417856	0.10059215918053607	0.05133555155705451	0.03540994594938212	0.06061131233703529	83.75712886004096	52.82249261740726	57.61240334127028	64.68225386476286	10.258563050629565	18.386650751771818
7.225007545703237	0.01	0.01	0.01	0.007	0.01	0.847591855418045	0.10059215918053607	0.05133555222705886	0.035409952317315335	0.06061131233611384	84.10718315983948	52.91362020406331	57.891350842160406	64.79555562625038	10.30329781669044	17.942084187373272
7.3279392140715744	0.01	0.01	0.01	0.007	0.01	0.847591855418171	0.10059215918053607	0.05133555286038936	0.03540995840305492	0.0606113123352435	84.44346652431115	52.99524581133002	58.162037805564495	64.89763681056462	10.346529501870101	17.508265690164453
7.430871103307784	0.01	0.01	0.01	0.007	0.01	0.8475918554182549	0.10059215918053607	0.051335553459123634	0.03540996421695213	0.06061131233442098	84.7663236416422	53.067638045343884	58.42466524412849	64.98881151307523	10.388295039846561	17.084935516785855
7.533803186144593	0.01	0.01	0.01	0.007	0.01	0.8475918554183108	0.10059215918053607	0.05133555402518537	0.03540996976886878	0.06061131233364298	85.07609083046047	53.13105881488336	58.679429298724244	65.06938602350647	10.428630468968342	16.671840223389434
7.636735462582364	0.01	0.01	0.01	0.007	0.01	0.8475918554183484	0.10059215918053607	0.051335554560358106	0.035409975068186564	0.060611312332906425	85.37309634174743	53.1857635134654	58.92652143865095	65.13965904012255	10.467570966913932	16.268732379201527
7.739667912170583	0.01	0.01	0.01	0.007	0.01	0.8475918554183732	0.10059215918053607	0.05133555506629725	0.03540998012386337	0.06061131233220887	85.65766040988541	53.2320011472503	59.1661284566459	65.19992181547045	10.505150852794904	15.875370611901953
7.842600521275604	0.01	0.01	0.01	0.007	0.01	0.8475918554183898	0.10059215918053607	0.05133555554454088	0.035409984944442294	0.0606113123315478	85.93009552764097	53.270014507379386	59.39843264854469	65.25045835880063	10.541403618465692	15.491519353267973
7.945533276263719	0.01	0.01	0.01	0.007	0.01	0.8475918554184009	0.10059215918053607	0.0513355559965197	0.035409989538079674	0.06061131233092084	86.19070661266893	53.3000403167004	59.623611905122566	65.29154560642561	10.576361945842685	15.116948726083606
8.048466163501162	0.01	0.01	0.01	0.007	0.01	0.8475918554184083	0.10059215918053607	0.051335556423565895	0.03540999391256729	0.060611312330325955	86.43979119044025	53.32230937733449	59.84183981843824	65.3234535935125	10.610057726458317	14.751434406750041
8.151399176171113	0.01	0.01	0.01	0.007	0.01	0.8475918554184132	0.10059215918053607	0.05133555682692132	0.03540999807534793	0.06061131232976122	86.67763958814402	53.33704671540995	60.053285799395574	65.34644562296108	10.642522082653459	14.394757467875875
8.254332287005727	0.01	0.01	0.01	0.007	0.01	0.8475918554184165	0.10059215918053607	0.05133555720774437	0.03541000203355251	0.06061131232922479	86.90453504663591	53.3444717181825	60.25811512345634	65.36077842350335	10.673785377681348	14.046704341334932
8.357265502822104	0.01	0.01	0.01	0.007	0.01	0.8475918554184186	0.10059215918053607	0.051335557567117204	0.035410005793983575	0.06061131232871505	87.12075401287444	53.34479827658039	60.456489139333335	65.36670231869984	10.703877250687295	13.70706650443229
8.460198809986329	0.01	0.01	0.01	0.007	0.01	0.8475918554184202	0.10059215918053607	0.05133555790605123	0.03541000936316557	0.06061131232823048	87.32656618212648	53.33823491277206	60.64856525480754	65.36446137239638	10.732826617496661	13.375640542454178
8.563132194864453	0.01	0.01	0.01	0.007	0.01	0.8475918554184211	0.10059215918053607	0.05133555822549269	0.0354100127473485	0.06061131232776962	87.52223470822634	53.32498491440991	60.834497073524815	65.35429354619087	10.760661694492207	13.05222795533798
8.666065671090575	0.01	0.01	0.01	0.007	0.01	0.8475918554184217	0.10059215918053607	0.05133555852632776	0.035410015952504405	0.060611312327331225	87.70801640949446	53.30524645597899	61.014434533729826	65.33643084205238	10.787410022446911	12.736634956426862
8.768999225030724	0.01	0.01	0.01	0.007	0.01	0.8475918554184222	0.10059215918053607	0.05133555880938706	0.03541001898437568	0.06061131232691393	87.88416181950046	53.279212730352434	61.18852389953532	65.31109945270336	10.813098468284576	12.42867252783122
8.871932829416844	0.01	0.01	0.01	0.007	0.01	0.8475918554184226	0.10059215918053607	0.05133555907544955	0.03541002184848017	0.060611312326516585	88.05091537191944	53.24707207393271	61.35690787816134	65.27851990813824	10.83775324578233	12.128156257878764
8.974866491065992	0.01	0.01	0.01	0.007	0.01	0.8475918554184227	0.10059215918053607	0.051335559325246576	0.03541002455009151	0.06061131232613834	88.20851562430765	53.20900806991438	61.51972578313905	65.23890719809334	10.861399942656407	11.834906091802477
9.077800209978198	0.01	0.01	0.01	0.007	0.01	0.847591855418423	0.10059215918053607	0.051335559559465366	0.035410027094277256	0.0606113123257779	88.35719532915293	53.165199672740464	61.67711354706588	65.19247091494037	10.884063525423716	11.548746348283705
9.180733965702386	0.01	0.01	0.01	0.007	0.01	0.8475918554184231	0.10059215918053607	0.05133555977875184	0.035410029485917774	0.06061131232543459	88.49718155901007	53.11582132990563	61.82920378508546	65.13941539497436	10.905768351897292	11.269505648371752
9.283667758238565	0.01	0.01	0.01	0.007	0.01	0.8475918554184231	0.10059215918053607	0.051335559983713946	0.035410031729689984	0.060611312325107476	88.62869590214304	53.06104307465157	61.97612593681919	65.07993982816167	10.926538194789961	10.997016699206723
9.38660158758675	0.01	0.01	0.01	0.007	0.01	0.8475918554184231	0.10059215918053607	0.05133556017492394	0.03541003383009	0.060611312324795615	88.75195456374556	53.0010306405171	62.11800631104232	65.01423839057142	10.946396251180582	10.731116252779943
9.489535460563998	0.01	0.01	0.01	0.007	0.01	0.8475918554184231	0.10059215918053607	0.051335560352921264	0.035410035791436915	0.06061131232449841	88.86716850351797	52.93594556182692	62.25496817029249	64.94250036164857	10.96536515766021	10.47164499116319
9.592469363536235	0.01	0.01	0.01	0.007	0.01	0.8475918554184231	0.10059215918053607	0.05133556051821437	0.03541003761789948	0.06061131232421505	88.9745435327408	52.865945293691375	62.387131768782	64.86491026287982	10.983466998948487	10.218447499386173
9.695403296503471	0.01	0.01	0.01	0.007	0.01	0.8475918554184231	0.10059215918053607	0.05133556067128311	0.03541003931348112	0.060611312323944934	89.07428047766739	52.7911832911729	62.51461447060121	64.78164795133947	11.000723327567643	9.971372085386722
9.798337245831618	0.01	0.01	0.01	0.007	0.01	0.8475918554184231	0.10059215918053607	0.05133556081258042	0.03541004088204547	0.060611312323687244	89.16657527190853	52.71180912522437	62.63753078495241	64.69288875365376	11.017155171963388	9.730270756333924
9.90127120470363	0.01	0.01	0.01	0.007	0.01	0.8475918554184231	0.10059215918053607	0.05133556094253418	0.03541004232730958	0.06061131232344164	89.25161909542891	52.627968563664616	62.75599246080499	64.59880356106818	11.03278305267824	9.494999079961712
10.004205179936555	0.01	0.01	0.01	0.007	0.01	0.8475918554184231	0.10059215918053607	0.051335561061549004	0.03541004365284624	0.06061131232320755	89.3295984921417	52.53980365645572	62.87010855972852	64.49955892893132	11.047626995342519	9.265416085060677
10.107139171530399	0.01	0.01	0.01	0.007	0.01	0.8475918554184231	0.10059215918053607	0.05133556117000753	0.03541004486210333	0.06061131232298437	89.40069546427024	52.44745284224612	62.979985496998815	64.3953172000386	11.061706539457823	9.04138422472198
10.210073179485162	0.01	0.01	0.01	0.007	0.01	0.8475918554184231	0.10059215918053607	0.05133556126827178	0.03541004595840516	0.06061131232277157	89.46508758841934	52.35105103167451	63.08572711367278	64.28623660188802	11.075040751240577	8.82276927776918
10.313007196983797	0.01	0.01	0.01	0.007	0.01	0.8475918554184231	0.10059215918053607	0.05133556135668482	0.03541004694496262	0.06061131232256886	89.52294811901763	52.250729700407526	63.18743473222626	64.17247135482626	11.087648234255374	8.609440282302218
10.415941224026303	0.01	0.01	0.01	0.007	0.01	0.8475918554184231	0.10059215918053607	0.0513355614355714	0.03541004782486922	0.060611312322375634	89.5744461012771	52.14661696051443	63.285207231272416	64.05417175558902	11.099547142344523	8.401269428305266
10.51887525379563	0.01	0.01	0.01	0.007	0.01	0.8475918554184231	0.10059215918053607	0.0513355615052394	0.0354100486011151	0.06061131232219158	89.6197464654097	52.038837655840396	63.37914109132012	63.931484287962505	11.110755188848907	8.198132009382782
10.621809286291777	0.01	0.01	0.01	0.007	0.01	0.8475918554184231	0.10059215918053607	0.051335561565980986	0.03541004927658272	0.060611312322016116	89.65901013289245	51.92751342833216	63.46933046553795	63.80455170041484	11.121289658814387	7.999906320495825
10.724743328331797	0.01	0.01	0.01	0.007	0.01	0.8475918554184231	0.10059215918053607	0.05133556161807338	0.03541004985405111	0.06061131232184905	89.69239411152218	51.81276279504883	63.555867234938454	63.67351309574351	11.131167419143607	7.806473586693058
10.827677359464536	0.01	0.01	0.01	0.007	0.01	0.8475918554184231	0.10059215918053607	0.05133556166177966	0.035410050336222666	0.060611312321690064	89.72005158005145	51.69470126302421	63.63884103539313	63.53850406400279	11.140404925558908	7.617717955229424
10.930611386507044	0.01	0.01	0.01	0.007	0.01	0.8475918554184231	0.10059215918053607	0.05133556169734955	0.03541005072569127	0.060611312321538824	89.74213199826639	51.57344134288945	63.71833935719437	63.39965669974791	11.149018237712115	7.4335263236888895
11.03354540945932	0.01	0.01	0.01	0.007	0.01	0.8475918554184231	0.10059215918053607	0.05133556172502063	0.035410051024968456	0.06061131232139494	89.75878118517751	51.449092658966556	63.79444756824614	63.25709972937301	11.157023025449183	7.253788337068353
11.136479428321366	0.01	0.01	0.01	0.007	0.01	0.8475918554184231	0.10059215918053607	0.05133556174501872	0.03541005123648219	0.06061131232125804	89.77014140945263	51.32176201267522	63.86724897109291	63.11095858513517	11.164434578896122	7.0783963086921045
11.239413443093182	0.01	0.01	0.01	0.007	0.01	0.8475918554184231	0.10059215918053607	0.05133556175755834	0.03541005136258078	0.06061131232112812	89.77635147531727	51.19155345170815	63.93682485286003	62.96135548572136	11.171267817641644	6.907245155692934
11.342347467408871	0.01	0.01	0.01	0.007	0.01	0.8475918554184231	0.10059215918053607	0.051335561762843804	0.03541005140552659	0.060611312321004765	89.77754680620993	51.05856831973473	64.00325454258059	62.80840949438814	11.177537300491483	6.740232314201256
11.445281487634327	0.01	0.01	0.01	0.007	0.01	0.8475918554184231	0.10059215918053607	0.051335561761069536	0.035410051367526583	0.0606113123208876	89.77385952580596	50.92290537494732	64.06661543216512	62.652236656254864	11.183257231687469	6.577257744521379
11.548215490135455	0.01	0.01	0.01	0.007	0.01	0.8475918554184231	0.10059215918053607	0.051335561752420586	0.035410051250717174	0.06061131232077655	89.7654185413625	50.784660820851414	64.12698304242265	62.49295003475287	11.188441471462289	6.418223824280669
11.651149481729306	0.01	0.01	0.01	0.007	0.01	0.8475918554184231	0.10059215918053607	0.051335561737073286	0.035410051057153155	0.06061131232067143	89.75234961838999	50.643928340642574	64.18443107937316	62.330659751977684	11.193103545222845	6.263035259598481
11.754083469232926	0.01	0.01	0.01	0.007	0.01	0.8475918554184231	0.10059215918053607	0.051335561715195606	0.035410050788823956	0.06061131232057186	89.73477545601223	50.50079918460397	64.23903146497763	62.16547309008928	11.197256650383254	6.111599061524037
11.85701744582927	0.01	0.01	0.01	0.007	0.01	0.8475918554184231	0.10059215918053607	0.0513355616869478	0.03541005044766564	0.060611312320477825	89.71281576440951	50.35536224928007	64.2908543736223	61.99749458335143	11.200913663850027	5.963824509602409
11.959951411518338	0.01	0.01	0.01	0.007	0.01	0.8475918554184231	0.10059215918053607	0.051335561652482424	0.035410050035549034	0.06061131232038889	89.6865873344319	50.2077041076769	64.33996828550642	61.826826053630654	11.204087150666636	5.819623066816972
12.062885359483086	0.01	0.01	0.01	0.007	0.01	0.8475918554184231	0.10059215918053607	0.05133556161194526	0.035410049554291965	0.06061131232030515	89.65620411108551	50.05790908533013	64.3864400208105	61.65356669881248	11.206789371073839	5.6789083461524115
12.165819296540564	0.01	0.01	0.01	0.007	0.01	0.8475918554184231	0.10059215918053607	0.05133556156547507	0.035410049005646885	0.06061131232022618	89.6217772565364	49.90605928606403	64.43033478907596	61.47781312305414	11.209032288427883	5.541596030768848
12.268753229507814	0.01	0.01	0.01	0.007	0.01	0.8475918554184231	0.10059215918053607	0.051335561513204536	0.0354100483913125	0.06061131232015204	89.58341522005686	49.752234665274365	64.47171622130094	61.299659421952875	11.210827575880707	5.407603843246981
12.371687158384837	0.01	0.01	0.01	0.007	0.01	0.8475918554184231	0.10059215918053607	0.051335561455260255	0.035410047712940644	0.06061131232008232	89.54122380663982	49.59651309315652	64.51064640563685	61.11919725614148	11.212186623327074	5.276851504797181
12.474621069537546	0.01	0.01	0.01	0.007	0.01	0.8475918554184231	0.10059215918053607	0.05133556139176305	0.03541004697214211	0.06061131232001711	89.49530624548333	49.4389704173584	64.54718592309852	60.936515924253456	11.21312054434848	5.149260694422064
12.577554956148905	0.01	0.01	0.01	0.007	0.01	0.8475918554184231	0.10059215918053607	0.051335561322828356	0.0354100461704753	0.060611312319956125	89.44576324464948	49.27968048256543	64.58139389198737	60.751702385940916	11.213640183226739	5.024754975527875
12.680488838670039	0.01	0.01	0.01	0.007	0.01	0.8475918554184231	0.10059215918053607	0.051335561248566565	0.035410045309433834	0.0606113123198993	89.39269303987226	49.11871514676946	64.61332800864615	60.564841280915005	11.213756121300262	4.903259727362172
12.783422710283906	0.01	0.01	0.01	0.007	0.01	0.8475918554184231	0.10059215918053607	0.051335561169082854	0.03541004439048516	0.060611312319846324	89.33619148034549	48.95614441354893	64.64304456395058	60.37601508264895	11.21347868305356	4.784702166258703
12.88635656417347	0.01	0.01	0.01	0.007	0.01	0.8475918554184231	0.10059215918053607	0.05133556108447802	0.03541004341505357	0.06061131231979735	89.27635207504827	48.79203643722284	64.67059848702372	60.185304104621096	11.212817942620742	4.669011267857895
12.989290407155773	0.01	0.01	0.01	0.007	0.01	0.8475918554184231	0.10059215918053607	0.051335560994848387	0.035410042384512876	0.06061131231975209	89.21326604077716	48.62645754634389	64.696043381375	59.99278652772893	11.211783729674723	4.556117709823886
13.092224239230813	0.01	0.01	0.01	0.007	0.01	0.8475918554184231	0.10059215918053607	0.05133556090028585	0.03541004130020097	0.060611312319710425	89.14702236878551	48.45947232051611	64.7194315512206	59.79853848967354	11.210385635407029	4.445953853766005
13.195158060398594	0.01	0.01	0.01	0.007	0.01	0.8475918554184231	0.10059215918053607	0.05133556080087849	0.03541004016341748	0.06061131231967228	89.07770787510742	48.29114362305892	64.7408140348926	59.60263412305661	11.20863301829005	4.338453696765354
13.29809186384208	0.01	0.01	0.01	0.007	0.01	0.8475918554184231	0.10059215918053607	0.05133556069671053	0.03541003897542916	0.06061131231963759	89.00540725809167	48.12153265460611	64.7602406342259	59.40514561782258	11.20653500985547	4.233552838692165
13.401025649561275	0.01	0.01	0.01	0.007	0.01	0.8475918554184231	0.10059215918053607	0.051335560587862296	0.03541003773746208	0.060611312319606224	88.93020314057532	47.9506989720921	64.77775994724783	59.206143243408114	11.204100519952052	4.131188429393644
13.503959424373214	0.01	0.01	0.01	0.007	0.01	0.8475918554184231	0.10059215918053607	0.05133556047441096	0.03541003645070292	0.06061131231957808	88.85217611904254	47.77870052863196	64.79341939668643	59.00569539517787	11.20133824199217	4.0312991318877005
13.6068931882779	0.01	0.01	0.01	0.007	0.01	0.8475918554184231	0.10059215918053607	0.051335560356430124	0.035410035116309135	0.06061131231955295	88.7714048225276	47.60559373547997	64.80726525610493	58.80386866661	11.198256658506317	3.9338250991600603
13.709826941275331	0.01	0.01	0.01	0.007	0.01	0.8475918554184231	0.10059215918053607	0.0513355602339902	0.03541003373540575	0.06061131231953092	88.68796595566228	47.43143348919904	64.81934267900745	58.60072788096563	11.194864046118806	3.8387079312746195
13.81276067654848	0.01	0.01	0.01	0.007	0.01	0.8475918554184231	0.10059215918053607	0.0513355601071587	0.035410032309091136	0.060611312319511834	88.60193435104107	47.25627322072175	64.82969572529328	58.39633614847731	11.191168480782283	3.74589064645562
13.915694394097349	0.01	0.01	0.01	0.007	0.01	0.8475918554184231	0.10059215918053607	0.05133555997600009	0.0354100308384285	0.06061131231949571	88.51338300360779	47.08016490878834	64.83836738927462	58.19075488198011	11.187177842185868	3.6553176343590392
14.01862810073897	0.01	0.01	0.01	0.007	0.01	0.8475918554184231	0.10059215918053607	0.051335559840576084	0.03541002932444701	0.06061131231948232	88.42238311416736	46.90315911525671	64.84539962490297	57.98404383802869	11.182899818398205	3.5669346235061385
14.121561796473344	0.01	0.01	0.01	0.007	0.01	0.8475918554184231	0.10059215918053607	0.051335559700945874	0.03541002776815174	0.06061131231947151	88.32900414441843	46.72530504320842	64.85083336979771	57.77626118465574	11.178341911025383	3.4806886607534104
14.224495481300472	0.01	0.01	0.01	0.007	0.01	0.8475918554184231	0.10059215918053607	0.05133555955716591	0.035410026170520775	0.0606113123194635	88.23331385357892	46.54665055930214	64.85470857054615	57.567463527405295	11.173511439491566	3.396528073343493
14.327429155220356	0.01	0.01	0.01	0.007	0.01	0.8475918554184231	0.10059215918053607	0.05133555940929033	0.03541002453250534	0.06061131231945798	88.13537833960271	46.36724222687063	64.85706420666743	57.3577059479019	11.168415545445251	3.3144024379458075
14.430362811415971	0.01	0.01	0.01	0.007	0.01	0.8475918554184231	0.10059215918053607	0.05133555925737083	0.0354100228550353	0.06061131231945497	88.03526208610091	46.18712535016443	64.85793831398732	57.14704205546369	11.16306119742198	3.2342625556885514
14.53329644988732	0.01	0.01	0.01	0.007	0.01	0.8475918554184231	0.10059215918053607	0.05133555910145691	0.035410021139011184	0.06061131231945443	87.9330279886014	46.006343982084765	64.85736800775994	56.9355239960246	11.157455194363397	3.156060411812586
14.636230070634404	0.01	0.01	0.01	0.007	0.01	0.8475918554184231	0.10059215918053607	0.05133555894159593	0.03541001938530921	0.06061131231945627	87.82873739910954	45.82494096673179	64.85538950462787	56.72320250175727	11.151604170022607	3.07974915254544
14.73916368047425	0.01	0.01	0.01	0.007	0.01	0.8475918554184231	0.10059215918053607	0.05133555877783325	0.035410017594777535	0.06061131231946046	87.72245015637743	45.64295795732887	64.85203814408483	56.510126911895334	11.14551459654851	3.0052830521571208
14.842097286223884	0.01	0.01	0.01	0.007	0.01	0.8475918554184231	0.10059215918053607	0.051335558610212155	0.03541001576824152	0.060611312319466905	87.61422462897121	45.460435457421056	64.8473484095964	56.29634522079635	11.139192788734947	2.9326174909090614
14.945030887883304	0.01	0.01	0.01	0.007	0.01	0.8475918554184231	0.10059215918053607	0.051335558438774125	0.03541001390650934	0.06061131231947559	87.5041177582488	45.27741286159142	64.84135394975277	56.08190412547478	11.132644908270223	2.8617089329330705
15.047964471818466	0.01	0.01	0.01	0.007	0.01	0.8475918554184231	0.10059215918053607	0.051335558263558734	0.03541001201037704	0.06061131231948634	87.39218510118987	45.09392849565754	64.83408759941909	55.86684907255991	11.125876967980735	2.792514904085042
15.150898038029373	0.01	0.01	0.01	0.007	0.01	0.8475918554184231	0.10059215918053607	0.051335558084603786	0.03541001008061083	0.0606113123194992	87.27848083508533	44.910019595348615	64.82558139783313	55.651224233146706	11.118894833715972	2.724993947728523
15.25383158651603	0.01	0.01	0.01	0.007	0.01	0.8475918554184231	0.10059215918053607	0.05133555790194547	0.03541000811795679	0.06061131231951425	87.1630578048127	44.725722356967054	64.81586660836491	55.43507256197893	11.111704228705763	2.6591056096390204
15.356765124095459	0.01	0.01	0.01	0.007	0.01	0.8475918554184231	0.10059215918053607	0.05133555771561838	0.03541000612313689	0.06061131231953123	87.04596754729516	44.54107195102384	64.80497373651843	55.21843581324779	11.104310736513701	2.594810409559539
15.45969864395064	0.01	0.01	0.01	0.007	0.01	0.8475918554184231	0.10059215918053607	0.05133555752565554	0.035410004096863616	0.06061131231955016	86.9272603462042	44.35610258416363	64.79293255036863	55.00135461305111	11.096719805866337	2.532069830370426
15.562632152898594	0.01	0.01	0.01	0.007	0.01	0.8475918554184231	0.10059215918053607	0.05133555733208834	0.035410002039821746	0.060611312319571016	86.80698523167452	44.170847474885306	64.77977209554523	54.78386843072283	11.08893675198023	2.470846277971052
15.665565650939323	0.01	0.01	0.01	0.007	0.01	0.8475918554184231	0.10059215918053607	0.051335557134946905	0.03540999995268308	0.06061131231959383	86.68519003361017	43.98533891427491	64.76552071487168	54.56601564990896	11.080966761243497	2.4111030714758996
15.768499144889843	0.01	0.01	0.01	0.007	0.01	0.8475918554184231	0.10059215918053607	0.05133555693425985	0.035409997836097454	0.06061131231961835	86.56192139503013	43.79960826492709	64.75020606364478	54.34783356710906	11.07281489331487	2.352804413113221
15.871432634750152	0.01	0.01	0.01	0.007	0.01	0.8475918554184231	0.10059215918053607	0.05133555673005453	0.03540999569070284	0.06061131231964483	86.43722481676151	43.61368600839954	64.73385512812894	54.12935844720927	11.064486085232796	2.2959153746838936
15.974366106886224	0.01	0.01	0.01	0.007	0.01	0.8475918554184231	0.10059215918053607	0.05133555652235691	0.03540999351712997	0.06061131231967294	86.31114469417346	43.42760177992816	64.71649424328466	53.91062556409857	11.055985155021784	2.2404018797938265
16.0	0.01	0.01	0.01	0.007	0.01	0.8475918554184231	0.10059215918053609	0.05133555647009539	0.03540999930512648	0.06061131231968022	86.27953639757327	43.381238730549434	64.71201673574981	53.856117644260195	11.053841918613491	2.2267871895027147
