0.0	0.01	0.01	0.01	0.007	0.01	0.0	0.0	0.0	0.0	0.0	0.0	0.0	0.0	0.0	0.0	100.0
0.003386309671191111	0.01	0.01	0.01	0.007	0.01	0.010982223930306376	0.0032920222888906735	0.0036659471798268875	0.004012712794872651	0.003017968373711487	0.0008099963898307099	0.0011555412970372819	0.0019418504740070404	0.004363057578061105	0.0004202398000636488	99.93018971079732
0.005444986234965053	0.01	0.01	0.01	0.007	0.01	0.017585022370411787	0.005245110253499689	0.005774912277144479	0.006267696995556474	0.004765079400484259	0.0020872057409396876	0.0029678615440398657	0.004950215431790857	0.011053173583823274	0.0010728608915840975	99.88777299430483
0.008538456300691355	0.01	0.01	0.01	0.007	0.01	0.027403071969192526	0.008113017341998886	0.008783264563337473	0.009414472518748374	0.00727792186438498	0.005106747827450707	0.007225972201169047	0.011919485910053554	0.026372182476207737	0.002589833696434214	99.82406937211354
0.011399552550614603	0.01	0.01	0.01	0.007	0.01	0.03637402522900979	0.010695672590820484	0.011402902346077071	0.012085630026320064	0.009494849889885706	0.009060345899416376	0.012762742241014195	0.020840871225847827	0.045733434535044554	0.0045407015377797	99.76518717296861
0.014722077198853399	0.01	0.01	0.01	0.007	0.01	0.04666128263032673	0.01361294894828663	0.01426067673870312	0.01492364577304823	0.01195865979761555	0.015030447887259355	0.02106301116747877	0.03399976099061839	0.0739214029539071	0.007435705036071303	99.6968522269924
0.01810839101195599	0.01	0.01	0.01	0.007	0.01	0.05700360468333855	0.016498220860314907	0.01698220070233128	0.01754988455005427	0.01436833447831365	0.022616226672973472	0.03152777451163624	0.0503065037039431	0.1083799824140575	0.011052343939476642	99.62725348102798
0.021756685130710874	0.01	0.01	0.01	0.007	0.01	0.06798739201528817	0.01951031070683665	0.019712932961910744	0.020106957247005754	0.016874281147922	0.032456130804520485	0.044992410785412704	0.07091775644049893	0.15133760513566388	0.015671306511350208	99.55232463630807
0.025546081625542102	0.01	0.01	0.01	0.007	0.01	0.07922429343175033	0.02253639769708068	0.022343725869690953	0.022493334740355107	0.019403744075133567	0.04447548352748361	0.061300092671979625	0.0954250594514223	0.20170343715704211	0.021235864564551288	99.47455748827154
0.029531441779058698	0.01	0.01	0.01	0.007	0.01	0.09085644403191168	0.025610067577007123	0.024901333990679113	0.024737497445566747	0.02200832088401004	0.059057492466736194	0.08091119299912264	0.12434560621361272	0.2603076780467028	0.027908898235124706	99.39283425634929
0.033676377815458784	0.01	0.01	0.01	0.007	0.01	0.10275546685205778	0.028692501831671838	0.027351357187077156	0.026813837958684233	0.02467631446911533	0.07629381765035573	0.1038815026594273	0.15757238311702346	0.32669508116685153	0.03572394866263056	99.30791000907621
0.03799478891888364	0.01	0.01	0.01	0.007	0.01	0.11494041276713733	0.031784496188595454	0.029694507537091595	0.028729073334499162	0.027418227250871077	0.09645181466485513	0.13049403253209604	0.19531958444008451	0.4010642195050554	0.04479962744998842	99.21950866733508
0.0424757003450916	0.01	0.01	0.01	0.007	0.01	0.1273590694633816	0.034868864073013574	0.03191878938045404	0.03048006754189288	0.03020316951772637	0.1196924507430367	0.16088093655475566	0.23757123247947842	0.4831600736737037	0.05520505323417204	99.12786400268875
0.04713016384690065	0.01	0.01	0.01	0.007	0.01	0.14002068156163403	0.03794426019999727	0.03402530626852367	0.032074896891284774	0.0329692075254281	0.1462851181433683	0.1953070317718418	0.2844858188893636	0.573076349660024	0.06704336262109793	99.03275943812795
0.05196079032751249	0.01	0.01	0.01	0.007	0.01	0.15290983220006554	0.04100330861070425	0.03601155967602923	0.03351898932741176	0.03558824083592086	0.1764668453727113	0.2339832622344678	0.3361325692643263	0.670738195545158	0.08036528229975398	98.93415182766302
0.056897767901123976	0.01	0.01	0.01	0.007	0.01	0.16582300927523086	0.043995883472568005	0.037850561734745616	0.03480141098265879	0.037850621553675357	0.20996789091276996	0.27647029839578446	0.3917275463484664	0.7744980794754477	0.09493668393730881	98.83347472140845
0.06188883037251732	0.01	0.01	0.01	0.007	0.01	0.17861605202895753	0.04688966029086198	0.039532055563076846	0.03592533828989183	0.039584166362256416	0.24649903800813575	0.32232063740858957	0.45053433875389604	0.8828842656623082	0.11045303504511428	98.73179883122388
0.06703573452623292	0.01	0.01	0.01	0.007	0.01	0.19153866221316082	0.0497413312923755	0.041097057576306856	0.036927135146639596	0.040737784470923015	0.2869070155931698	0.3725074455474575	0.5136405639067028	0.9978024684681261	0.1270310548423827	98.6270577467526
0.07246037839339439	0.01	0.01	0.01	0.007	0.01	0.2048682028947021	0.052607913638514095	0.042579273741715745	0.03783415276842005	0.04130925854609555	0.33242726480922863	0.42843646809554614	0.5825759469582279	1.1218671071162314	0.14485569641311982	98.51678484334802
0.07820797870782714	0.01	0.01	0.01	0.007	0.01	0.21867327212691035	0.05549694374391094	0.0439819710679523	0.03865264376545298	0.041337868274673846	0.38385409174583635	0.49091559887439895	0.6580311438325908	1.2560990732869113	0.16385206011633485	98.40008135692126
0.08410257903711021	0.01	0.01	0.01	0.007	0.01	0.23249931033523083	0.05830933181388082	0.045260733627960646	0.039362742989773956	0.04093426199702497	0.43991851596228676	0.5582467506724595	0.7377004690770204	1.39624544563195	0.18321533292586284	98.28053666954548
0.09018877079505772	0.01	0.01	0.01	0.007	0.01	0.2464302603284916	0.061061431048316794	0.04643038373063862	0.03997999783910978	0.04023178228578894	0.50123450480158	0.6310278900445133	0.8220948863573425	1.543125869596197	0.20290873288018074	98.1572588250979
0.09653182730406747	0.01	0.01	0.01	0.007	0.01	0.2605858693111184	0.06377439205828372	0.047505412187269974	0.04051816081352295	0.03933354987326502	0.5687367579780268	0.7102002149255161	0.9120722382783119	1.698132165917647	0.22299784483028218	98.02894265669185
0.10319524491676085	0.01	0.01	0.01	0.007	0.01	0.27506728584604634	0.06646312134701918	0.048495561188946934	0.0409872521797582	0.0383156858479149	0.6434824496003048	0.7967968557501179	1.0085255899298802	1.8626757564308536	0.24356173448419646	97.8943264376171
0.11022474921174791	0.01	0.01	0.01	0.007	0.01	0.2899237395998832	0.06913087503516309	0.04940505699096366	0.04139389094270385	0.037236657709057874	0.7264556427953068	0.8917108219268145	1.112127527563852	2.037762164071627	0.2646363502679344	97.75251480044321
0.1176525766632239	0.01	0.01	0.01	0.007	0.01	0.30516609358536995	0.0717730886411945	0.05023539991331622	0.04174317487313311	0.03614198043630887	0.8185717836676559	0.9957045045619786	1.2233610916113267	2.224066162111639	0.2862291687792205	97.60289069735768
0.12549894409515686	0.01	0.01	0.01	0.007	0.01	0.3207736717976176	0.07437967284345183	0.050987023153682164	0.042039674393202234	0.03506707321861434	0.920657167867578	1.10939172132364	1.3425206524042033	2.4219517022770445	0.30832660133218714	97.44508437510665
0.1337804393683602	0.01	0.01	0.01	0.007	0.01	0.3367139737694159	0.07693913773032739	0.05166097844967299	0.04228816751153484	0.03403807957678903	1.0335274687740714	1.2333304675506733	1.469827193053813	2.631676744976677	0.330920040736008	97.27880350412548
0.1425142729461637	0.01	0.01	0.01	0.007	0.01	0.35295180263706244	0.07944038866150394	0.052259425373213125	0.04249371501070423	0.03307311697323583	1.1580354005555964	1.368075810065224	1.6054917077978015	2.853502219833707	0.3540167398420856	97.10374771463825
0.15172093403329476	0.01	0.01	0.01	0.007	0.01	0.36945398830429804	0.08187353311849582	0.05278564308070245	0.04266151783331885	0.032183677597887345	1.2951094081279049	1.5142191381185444	1.7497586214719871	3.087762837676319	0.3776445372065253	96.91955589995337
0.1614243971953395	0.01	0.01	0.01	0.007	0.01	0.3861889224492398	0.08422978127427529	0.05324376894499328	0.04279670231708253	0.03137612709868608	1.4457632693425184	1.672393650603709	1.902912341489737	3.3348752248444504	0.4018495506646452	96.72580304297048
0.17165212795466436	0.01	0.01	0.01	0.007	0.01	0.4031256939309758	0.08650130546688703	0.05363855653183388	0.04290415619114359	0.030652932383045263	1.6111027647750975	1.8432761800725095	2.065280064071848	3.5953395459606514	0.4266936585244458	96.52200120344028
0.18243479203478488	0.01	0.01	0.01	0.007	0.01	0.4202327880291846	0.08868107410059377	0.05397516176139292	0.04298841268124257	0.030013642792605516	1.7923266954140373	2.0275830131960078	2.237229183406523	3.8697323159113615	0.4522516343409199	96.30760651575528
0.1938061899675502	0.01	0.01	0.01	0.007	0.01	0.43747728595116114	0.09076279116761164	0.05425897618455432	0.043053580222503246	0.029455632376302502	1.9907299874127529	2.226068130189905	2.4191676326676594	4.1587039058850825	0.4786091902144136	96.08202177469401
0.20580327880291796	0.01	0.01	0.01	0.007	0.01	0.45482427892908034	0.09274088624071912	0.05449548681105952	0.04310330438355162	0.028974677442405658	2.2077071569166544	2.4395220376881177	2.611545146608509	4.462977384146996	0.505861458796696	95.84459741678211
0.21846640974347997	0.01	0.01	0.01	0.007	0.01	0.4722366442921834	0.09461055936960669	0.054690157512188295	0.04314075519911112	0.028565411717844807	2.4447587864398033	2.6687738002784576	2.814857584057701	4.783352028435636	0.5341121204619349	95.59462839773622
0.2318397157047303	0.01	0.01	0.01	0.007	0.01	0.48967501007451303	0.09636784585757485	0.05484832471031443	0.04316863375657828	0.028221699597024034	2.7035004669525837	2.9146955158368435	3.0296532698600496	5.120709809914997	0.5634729456026882	95.33134835952437
0.24597165756844497	0.01	0.01	0.01	0.007	0.01	0.5070978624806463	0.09800968672169418	0.05497510658999814	0.04318919407616433	0.027936949423501355	2.985674795551157	3.178209613893197	3.2565414397190713	5.476025001454582	0.5940637338717115	95.05392100324703
0.2609156645656034	0.01	0.01	0.01	0.007	0.01	0.5244616659940846	0.09953398609971853	0.055075326293971424	0.04320427670680935	0.02770438066840491	3.2931654611686696	3.4602978791450294	3.496201656482808	5.850375185073904	0.6260124931183105	94.76143003731231
0.2767307931981404	0.01	0.01	0.01	0.007	0.01	0.5417208958271692	0.1009396461895345	0.05515345111933513	0.04321535075574346	0.02751725070277241	3.6280118121692784	3.7620106829968702	3.7493928802816283	6.24495167519112	0.6594557001630488	94.45286927185364
0.2934823090021119	0.01	0.01	0.01	0.007	0.01	0.558827911137718	0.10222657750017997	0.05521354953124616	0.043223561091058425	0.027369042771298913	3.992421413740842	4.084474362744492	4.016960578143407	6.661066916352201	0.6945384539425815	94.12713479663137
0.3112420663466759	0.01	0.01	0.01	0.007	0.01	0.575732629392417	0.1033956875279502	0.05525926658327683	0.043229777560022095	0.027253615474869458	4.388776948892541	4.428894029002669	4.299839848457028	7.100155767617134	0.7314142749333038	93.78302169969571
0.33008853815713196	0.01	0.01	0.01	0.007	0.01	0.5923820131546327	0.10444885519523583	0.055293816607805996	0.04323464338790556	0.02716531438851614	4.819632732681181	4.796548613183959	4.599052247190943	7.563767132878436	0.7702442589384244	93.41922816024046
0.35010636149796737	0.01	0.01	0.01	0.007	0.01	0.6087194666741769	0.10538890143702093	0.055319990138460506	0.04323862045472103	0.0270990475698536	5.28769593628133	5.188775342898289	4.915694330323461	8.05354291491103	0.8111953256047636	93.03436937162962
0.37138527374502134	0.01	0.01	0.01	0.007	0.01	0.6246843001696645	0.1062195636889839	0.055340170155358706	0.04324202980150103	0.02705032825633049	5.795787585772343	5.606941248450626	5.250916175543976	8.57118169209891	0.8544373252485332	92.6270034549382
0.3940184402390093	0.01	0.01	0.01	0.007	0.01	0.640211533696686	0.10694547949127858	0.05535635155499494	0.043245086424307695	0.0270152888971593	6.346781542550334	6.052402132674559	5.6058902325514826	9.118387811463153	0.9001390331683461	92.19566897002272
0.41810034852536704	0.01	0.01	0.01	0.007	0.01	0.6552323619809596	0.10757217568967961	0.055370157644417294	0.04324792804644122	0.026990671196700233	6.943524793901591	6.526453265463564	5.981773605948603	9.696810917988147	0.9484634162039538	91.7389302383302
0.44372472160837645	0.01	0.01	0.01	0.007	0.01	0.6696755958585325	0.10810604997459441	0.0553828495036429	0.04325063807365449	0.026973796659906936	7.588750905493868	7.030281781000848	6.379671092468335	10.307987477877786	0.9995631042344183	91.25542149805138
0.4709830792644189	0.01	0.01	0.01	0.007	0.01	0.6834702011813433	0.1085543204416144	0.05539532879230856	0.04325326328043989	0.026962521683404586	8.285005194213541	7.564934098952646	6.80060872858366	10.953299525662501	1.0535773175950498	90.74387788818001
0.4999645166905274	0.01	0.01	0.01	0.007	0.01	0.6965487149812982	0.10892491573387256	0.05540814133160859	0.0432558269549895	0.02695518071993669	9.034600593245624	8.131309831496624	7.245526239988823	11.633963546548602	1.1106313262567449	90.20314289943755
0.5307568451068655	0.01	0.01	0.01	0.007	0.01	0.7088509484717015	0.10922628847829535	0.05542149446767897	0.04325833827489607	0.026950520956448516	9.839612745626471	8.730184250873412	7.715289881988164	12.351051484905904	1.170838619739268	89.63215039916464
0.5634480698742159	0.01	0.01	0.01	0.007	0.01	0.7203270472417644	0.10946715443356532	0.0554353010943342	0.04326079861718855	0.026947632444822952	10.701890675294566	9.362237824116049	8.210709369383329	13.10551841624325	1.234303664875304	89.02990114747864
0.5981260205381973	0.01	0.01	0.01	0.007	0.01	0.7309391499513614	0.10965618896285903	0.05544925501602351	0.0432632054339846	0.02694587816810653	11.62302512160075	10.02804952995238	8.732526053619893	13.898186431425176	1.3011209908621744	88.39547406843126
0.6348734781983855	0.01	0.01	0.01	0.007	0.01	0.7406615315818205	0.10980173094758258	0.055462929270988136	0.0432655542892497	0.026944828672623395	12.604201276508366	10.728004566569904	9.281334603131285	14.72962775884369	1.3713657110273998	87.72811869514521
0.6737595329114099	0.01	0.01	0.01	0.007	0.01	0.749480433508195	0.10991154614764168	0.055475879408485015	0.043267839797162366	0.026944205091316325	13.645954300912901	11.462135508064137	9.857453305232035	15.59997144922086	1.44507737301018	87.0274109982422
0.7148338485457424	0.01	0.01	0.01	0.007	0.01	0.7573952122290615	0.10999267003398057	0.05548773174012137	0.04327005629647682	0.026943832840007172	14.748011395353547	12.23002738496667	10.460844956273906	16.50878868722634	1.5222501532222312	86.29334901978092
0.7581322280858616	0.01	0.01	0.01	0.007	0.01	0.7644208312721757	0.11005131018731909	0.055498240284339424	0.04327219877992235	0.026943606388381273	15.90945293779232	13.030939070482281	11.091208424654782	17.45523570276134	1.6028447257987195	85.52624219839629
0.803692485849582	0.01	0.01	0.01	0.007	0.01	0.7705892713513853	0.1100927814850993	0.05550730369006303	0.043274263848761985	0.026943463986693186	17.129164231382006	13.864106876764275	11.7482160342149	18.438411869387977	1.686818611977155	84.7264239566379
0.8515695991406987	0.01	0.01	0.01	0.007	0.01	0.775947775250754	0.11012147891388949	0.05551494633436325	0.04327625012834587	0.026943370465857833	18.406268288453887	14.729014366526531	12.431728423955501	19.45767709280641	1.7741535216737914	83.89399152917093
0.9018426162077604	0.01	0.01	0.01	0.007	0.01	0.7805546820795382	0.11014090847676468	0.05552127985325177	0.04327815804892505	0.026943306128664243	19.740325328240225	15.625492952582151	13.141879555291004	20.512769495697682	1.8648660462360964	83.02870318734675
0.9546148286012616	0.01	0.01	0.01	0.007	0.01	0.7844749051850106	0.11015377486235067	0.05552646271148717	0.04327998933880326	0.026943259958271633	21.131336705311426	16.55369134735886	13.879059874922262	21.60376915940395	1.9590053500793108	82.1299987585183
1.0100119139613228	0.01	0.01	0.01	0.007	0.01	0.7877762734787817	0.11016210269375597	0.055530668163354995	0.0432817465487825	0.026943225682047565	22.579682079033656	17.514006278488097	14.643869094395244	22.731016849055017	2.0566470204045757	81.19705657593056
1.0681809159614373	0.01	0.01	0.01	0.007	0.01	0.7905268939600851	0.1101673662213985	0.05553406333979755	0.043283432716494756	0.026943199592648858	24.08606867432985	18.507027287557335	15.437079880787653	23.895049391354764	2.157888348196828	80.2288366665844
1.1292909187266804	0.01	0.01	0.01	0.007	0.01	0.7927932878725826	0.11017061093935047	0.05553679799931618	0.04328505115745136	0.026943179382328677	25.651515320713376	19.533508881813358	16.25962315999796	25.09656673119487	2.262846393477697	79.22409716819321
1.1935349185134765	0.01	0.01	0.01	0.007	0.01	0.7946390380692264	0.11017255907922688	0.05553900012592656	0.04328660532951712	0.026943163531146407	27.277356677617068	20.594358749042748	17.112586438622497	26.336416989662144	2.3716577233573504	78.18139445103903
1.2611321505350614	0.01	0.01	0.01	0.007	0.01	0.7961238001709864	0.11017369642251663	0.055540775715088364	0.04328809873088063	0.026943150985802005	28.965246840956386	21.69062741159707	17.997213790996554	27.615582170925062	2.484478363332824	77.09908079776415
1.3323299295345494	0.01	0.01	0.01	0.007	0.01	0.7973026045987718	0.1101743408309264	0.0555422107425852	0.04328953480494376	0.02694314098697206	30.71713793768765	22.82348297598838	18.91489452835575	28.935145400609855	2.6014822994501188	75.97531553039413
1.4074037264265986	0.01	0.01	0.01	0.007	0.01	0.7982254112768568	0.11017469439612392	0.05554337400891078	0.04329091683413077	0.026943132971916882	32.535203919391144	23.994151687597135	19.8671247764687	30.296217445505338	2.7228565187344347	74.80810898435267
1.4866533709988135	0.01	0.01	0.01	0.007	0.01	0.7989368869203194	0.11017488177279572	0.0555443201058119	0.04329224780487643	0.026943126515878612	34.42166476423525	25.20379600627789	20.855418198842344	31.699790255988734	2.848789564035363	73.59542870232664
1.5703910355104735	0.01	0.01	0.01	0.007	0.01	0.7994763704549079	0.11017497741539084	0.05554509212453158	0.043293530211342725	0.026943121294419718	36.37842319998899	26.45327548763362	21.881119204242022	33.146455439124864	2.9794476733625976	72.33542569294482
1.6589132291926627	0.01	0.01	0.01	0.007	0.01	0.7998779958042326	0.11017502428555494	0.05554572395957633	0.043294765754020255	0.026943117057850633	38.40636709784206	27.74270059457389	22.945040384127175	34.63588659013842	3.114928572538246	71.02687821696951
1.7524438152603103	0.01	0.01	0.01	0.007	0.01	0.8001709426583995	0.11017504626402738	0.055546242189197834	0.043295954879723465	0.026943113613161374	40.504110357855076	29.070643028038763	24.0468024187671	36.165933867538904	3.2551774924591355	69.67000560742792
1.8510357340635144	0.01	0.01	0.01	0.007	0.01	0.8003797973117902	0.11017505609507426	0.0555466676035675	0.04329709619356799	0.026943110810707795	42.66602147900613	30.432921480357454	25.183792552641698	37.731247924798865	3.3998548686855443	68.26776044059866
1.9544448390035272	0.01	0.01	0.01	0.007	0.01	0.8005250024694436	0.11017506028149807	0.05554701652183446	0.043298186063992515	0.026943108533606038	44.87999725220026	31.821269461269132	26.34997581695966	39.32179912094832	3.54818570194321	66.8273168673235
2.0620606767163587	0.01	0.01	0.01	0.007	0.01	0.8006233364557351	0.11017506197993913	0.05554730205156007	0.04329921919856032	0.02694310668830442	47.126859929151315	33.2230684040276	27.535545542854493	40.92265161426799	3.698916125391925	65.36053906178562
2.173011562851219	0.01	0.01	0.01	0.007	0.01	0.8006882950560238	0.11017506263964237	0.05554753521916522	0.04330019062476439	0.026943105196570425	49.3835198682907	34.623441757761526	28.7285552098449	42.51644217740439	3.850522006599443	63.88200365977613
2.2864119140018264	0.01	0.01	0.01	0.007	0.01	0.8007303312009336	0.11017506288705498	0.05554772563611053	0.043301097874035625	0.026943103990885724	51.628575024457405	36.008799759108975	29.917856929277214	44.08746414244272	4.001583034279203	62.405382838177594
2.401536851769958	0.01	0.01	0.01	0.007	0.01	0.8007571190542869	0.1101750629774771	0.055547881591172396	0.04330194151810202	0.026943103013685646	53.84568286832309	37.368906883333054	31.09489322575416	45.62399915338688	4.151010187242186	60.941215909056375
2.5178608170021026	0.01	0.01	0.01	0.007	0.01	0.8007740068915871	0.11017506300993042	0.0555480099895659	0.04330272438386982	0.02694310221753511	56.02381791263811	38.696974825014394	32.25385719525309	47.11837042870755	4.298065451125992	59.49668790582043
2.635026966575483	0.01	0.01	0.01	0.007	0.01	0.8007845753511956	0.11017506302143364	0.055548116408279426	0.04330345053100124	0.02694310156450157	58.15615288680406	39.9889071702745	33.39112382499147	48.56603505624881	4.4422889610682565	58.0763128484535
2.752804326232581	0.01	0.01	0.01	0.007	0.01	0.8007911560685139	0.11017506302547597	0.055548205265394515	0.04330412449568656	0.026943101024808448	60.238832089003814	41.2424955762704	34.50461811232994	49.96463535851748	4.583418285247895	56.682701484293524
2.8710514591066265	0.01	0.01	0.01	0.007	0.01	0.8007952396099096	0.11017506302688773	0.055548280028052205	0.0433047508335152	0.026943100575286785	62.27000338595595	42.456792236707486	35.5933141902635	51.31326326434222	4.72132450782015	55.31717214121901
2.9896852993951066	0.01	0.01	0.01	0.007	0.01	0.8007977673109262	0.11017506302737855	0.055548343407741396	0.04330533385789416	0.02694310019796284	64.24906035667526	43.63162558064804	36.65684076441473	52.611897721206404	4.855961946398983	53.98023437970003
3.108656140997652	0.01	0.01	0.01	0.007	0.01	0.8007993289625259	0.11017506302754856	0.05554839752640073	0.043305877510979605	0.026943099878877663	66.17608676932403	44.76725074220313	37.69519001345364	53.861002650612214	4.987331108157613	52.6719477584126
3.22792993554397	0.01	0.01	0.01	0.007	0.01	0.8008002922283161	0.11017506302760721	0.055548444050924344	0.043306385323030994	0.02694309960714505	68.05149445465803	45.86412520917837	38.70852667092336	55.061271397511284	5.115454428720101	51.39215837283456
3.347478053912978	0.01	0.01	0.01	0.007	0.01	0.8008008855472115	0.11017506302762745	0.05554848429889977	0.04330686042627559	0.026943099374220836	69.87582777209562	46.92278937361602	39.697084420331514	56.213491829508236	5.240363123172282	50.140627815740714
3.467272794276302	0.01	0.01	0.01	0.007	0.01	0.800801250523206	0.11017506302763441	0.05554851931987555	0.0433073055950557	0.026943099173346394	71.64968216633604	47.94381733620196	40.66112261665823	57.318491089931875	5.362091699200612	48.917087244618564
3.5872866061263995	0.01	0.01	0.01	0.007	0.01	0.8008014747691519	0.11017506302763674	0.055548549956954164	0.04330772329394927	0.02694309899913007	73.37368814682867	48.92780696054378	41.60091793780014	58.377124110785985	5.480676896610049	47.72124771403347
3.7074929089435016	0.01	0.01	0.01	0.007	0.01	0.8008016124016917	0.11017506302763763	0.05554857689308983	0.043308115722812464	0.026943098847234927	75.04851944397385	49.8753838893898	42.51676910633412	59.39027731554054	5.596158277825067	46.55279394966587
3.8278673302338913	0.01	0.01	0.01	0.007	0.01	0.8008016967949146	0.11017506302763791	0.05554860068590629	0.04330848485502955	0.026943098714144742	76.67490485582624	50.787207271916984	43.4090037273892	60.35887389546976	5.70857908151824	45.41137529016255
3.9483884521918817	0.01	0.01	0.01	0.007	0.01	0.8008017485002923	0.11017506302763798	0.05554862179398203	0.04330883246788533	0.026943098596988353	78.25363099833201	51.66396997637329	44.27798026304458	61.28387293680813	5.817986459233492	44.29660269664484
4.069038013503998	0.01	0.01	0.01	0.007	0.01	0.8008017801560383	0.11017506302763805	0.055548640596904016	0.04330916016678076	0.026943098493405735	79.78553689614438	52.50639411166792	45.12408556450337	62.16626350024139	5.924431150926943	43.20805139569305
4.189800666829518	0.01	0.01	0.01	0.007	0.01	0.8008017995246612	0.11017506302763803	0.05554865741074118	0.0433094694049524	0.026943098401445337	81.27150324212366	53.315223697600786	45.94772943095225	63.007055797961264	6.027966786998007	42.14526736900587
4.3106634907755845	0.01	0.01	0.01	0.007	0.01	0.8008018113689332	0.11017506302763803	0.05554867250011806	0.04330976150008989	0.02694309831948471	82.71243985278329	54.091216600926316	46.74933808386731	63.80727181929686	6.128649056206636	41.10777532612918
4.43161548095118	0.01	0.01	0.01	0.007	0.01	0.8008018186084526	0.11017506302763803	0.0555486860877386	0.043310037648858365	0.02694309824616752	84.10927443621837	54.835137492942344	47.529348263940555	64.56793727163861	6.226534954712666	40.0950859812883
4.5526470532525485	0.01	0.01	0.01	0.007	0.01	0.8008018230315489	0.11017506302763803	0.055548698361948444	0.04331029893969137	0.026943098180354282	85.46294297615978	55.54775196871656	48.28820212732012	65.29007495846609	6.321682138251937	39.10670239906062
4.673749817114684	0.01	0.01	0.01	0.007	0.01	0.8008018257328853	0.11017506302763803	0.05554870948280315	0.04331054636446507	0.026943098121082962	86.77438433558521	56.2298231376289	49.02634442136464	65.97470086952664	6.414148562485492	38.14212346019224
4.79491633917023	0.01	0.01	0.01	0.007	0.01	0.8008018273821259	0.11017506302763803	0.05554871958693795	0.043310780828697625	0.02694309806753778	88.04453544565777	56.88210866868924	49.7442199386045	66.62282085506095	6.503992159594518	37.20084701662219
4.916139985968736	0.01	0.01	0.01	0.007	0.01	0.8008018283887286	0.11017506302763803	0.055548728791504076	0.04331100316060632	0.02694309801902348	89.27432793599628	57.505358711962565	50.44227173873421	67.23542828606669	6.591270612268389	36.282372087638066
5.037414902450939	0.01	0.01	0.01	0.007	0.01	0.8008018290029353	0.11017506302763803	0.05554873719737411	0.04331121411921188	0.026943097974945422	90.46468652342894	58.10031479990414	51.12094033861552	67.81350275476674	6.6760412495401225	35.38619981326135
5.158735909603928	0.01	0.01	0.01	0.007	0.01	0.8008018293776202	0.11017506302763803	0.05554874489174804	0.04331141440134321	0.026943097934792395	91.61652680190676	58.66770849882072	51.78066254458112	68.35800857703677	6.758360898373742	34.511834896292285
5.280098409654207	0.01	0.01	0.01	0.007	0.01	0.8008018296061395	0.11017506302763803	0.055548751950292075	0.043311604647818955	0.02694309789812378	92.73075339666012	59.208260311141345	52.42187046890699	68.86989359835411	6.838285758893676	33.65878682534021
5.401498347161266	0.01	0.01	0.01	0.007	0.01	0.8008018297454856	0.11017506302763803	0.05554875843890251	0.04331178544895932	0.026943097864557827	93.8082588664291	59.7226789995452	53.04499095654235	69.35008845168748	6.915871331297538	32.82657057275669
5.522932105504561	0.01	0.01	0.01	0.007	0.01	0.800801829830441	0.11017506302763803	0.05554876441516387	0.04331195734940165	0.02694309783376317	94.84992220283733	60.21166076329403	53.65044476362622	69.79950571775221	6.99117231227185	32.014707639559994
5.64439645941029	0.01	0.01	0.01	0.007	0.01	0.8008018298822277	0.11017506302763803	0.05554876992956368	0.04331212085242564	0.026943097805450778	95.85660802908444	60.675888799138846	54.23864612267976	70.21903948922471	7.064242540033731	31.222726602195866
5.765888551452608	0.01	0.01	0.01	0.007	0.01	0.8008018299137912	0.11017506302763803	0.05554877502650703	0.043312276423813016	0.02694309777936766	96.82916611682886	61.116033041598534	54.8100024823943	70.6095651271939	7.135134961363812	30.45016343569179
5.887405779893621	0.01	0.01	0.01	0.007	0.01	0.8008018299330262	0.11017506302763803	0.05554877974516561	0.04331242449522353	0.026943097755292314	97.76843031030268	61.53274966722824	55.364913887829324	70.97193883812007	7.20390155432506	29.69656233457534
6.008945839312639	0.01	0.01	0.01	0.007	0.01	0.8008018299447468	0.11017506302763803	0.055548784120196336	0.04331256546731303	0.026943097733029317	98.67521878589126	61.92668123361863	55.90377313435562	71.30699784180486	7.2705933472757955	28.961475498638222
6.130506648487991	0.01	0.01	0.01	0.007	0.01	0.8008018299518879	0.11017506302763803	0.05554878818234623	0.04331269971244513	0.026943097712406716	99.55033347516422	62.298456457954366	56.4269654237377	71.6155602363134	7.335260376280095	28.244463598406224
6.2520863426012765	0.01	0.01	0.01	0.007	0.01	0.8008018299562383	0.11017506302763803	0.05554879195896589	0.043312827577159145	0.02694309769327184	100.39456006156996	62.64869027110819	56.93486835156028	71.89842512193206	7.3979516837820185	27.545095798378746
6.373683209021865	0.01	0.01	0.01	0.007	0.01	0.8008018299588884	0.11017506302763803	0.05554879547444592	0.04331294938435905	0.026943097675489473	101.2086676352111	62.97798374501059	57.42785168346946	72.15637263760232	7.458715291356731	26.86295007658766
6.495295735794436	0.01	0.01	0.01	0.007	0.01	0.8008018299605026	0.11017506302763803	0.055548798750592314	0.043313065435331935	0.02694309765893951	101.99340916908822	63.286924372514996	57.906277621358946	72.39016429344007	7.517598233048382	26.197612873824706
6.616922547349125	0.01	0.01	0.01	0.007	0.01	0.8008018299614859	0.11017506302763803	0.05554880180694538	0.043313176011513826	0.026943097643514404	102.74952124796035	63.57608604774259	58.37050061602663	72.60054307148427	7.574646532830606	25.548679371320947
6.738562388497645	0.01	0.01	0.01	0.007	0.01	0.8008018299620845	0.11017506302763803	0.05554880466105403	0.04331328137610752	0.026943097629118427	103.47772418045395	63.84602921904816	58.82086740526605	72.78823367876213	7.629905210029654	24.91575346329961
6.860214148695191	0.01	0.01	0.01	0.007	0.01	0.8008018299624493	0.11017506302763803	0.05554880732871492	0.04331338177555443	0.026943097615665546	104.17872236546238	64.0973011406142	59.25771720756654	72.95394287345138	7.683418303882731	24.298447512500562
6.98187678154532	0.01	0.01	0.01	0.007	0.01	0.8008018299626711	0.11017506302763803	0.055548809824174504	0.04331347744083753	0.026943097603078586	104.85320406112956	64.33043591198143	59.68138154269763	73.09835965330677	7.735228852410994	23.69638263375927
7.103549345143022	0.01	0.01	0.01	0.007	0.01	0.8008018299628064	0.11017506302763803	0.055548812160309595	0.043313568588697414	0.026943097591288153	105.50184189187163	64.54595479559224	60.092184506971066	73.22215564177753	7.7853789271264535	23.109188340423444
7.225230994070826	0.01	0.01	0.01	0.007	0.01	0.8008018299628885	0.11017506302763803	0.05554881434877993	0.04331365542271953	0.026943097580231702	106.12529306097683	64.74436642337294	60.490442867031945	73.3259853947779	7.833909645456493	22.53650244519227
7.346920963325188	0.01	0.01	0.01	0.007	0.01	0.8008018299629388	0.11017506302763803	0.05554881640016417	0.04331373813432234	0.026943097569852564	106.72419953479493	64.92616699867878	60.87646613369702	73.41048671006172	7.880861180783068	21.977970991465483
7.468618544171853	0.01	0.01	0.01	0.007	0.01	0.8008018299629694	0.11017506302763803	0.05554881832407657	0.04331381690365834	0.02694309756009963	107.29918820827578	65.09184050004198	61.25055662073251	73.47628094652342	7.926272770727503	21.43324820953111
7.590323092232687	0.01	0.01	0.01	0.007	0.01	0.800801829962988	0.11017506302763803	0.055548820129270496	0.04331389190043971	0.02694309755092651	107.85087123946064	65.24185893949341	61.61300961108612	73.5239733725814	7.970182738542066	20.90199631877333
7.712034043632417	0.01	0.01	0.01	0.007	0.01	0.8008018299629993	0.11017506302763803	0.05554882182372933	0.04331396328469052	0.026943097542290823	108.37984640581108	65.37668262033965	61.964113539850594	73.55415350477536	8.012628516469677	20.38388530310258
7.833750842470713	0.01	0.01	0.01	0.007	0.01	0.8008018299630061	0.11017506302763803	0.05554882341474424	0.043314031207432206	0.026943097534154394	108.88669707879568	65.49676029852765	62.30414992332225	73.5673954256172	8.053646638422267	19.878593061647802
7.9554729892014615	0.01	0.01	0.01	0.007	0.01	0.8008018299630104	0.11017506302763803	0.055548824908986556	0.043314095811316955	0.026943097526482326	109.37199274412957	65.60252949064966	62.63339364702781	73.56425814505872	8.093272776136127	19.385805032935536
8.077200040648629	0.01	0.01	0.01	0.007	0.01	0.8008018299630129	0.11017506302763803	0.05554882631256861	0.04331415723120337	0.026943097519242374	109.83628928508162	65.6944167097693	62.9521131009562	73.54528592757788	8.131541756745964	18.90521404030498
8.198931593895495	0.01	0.01	0.01	0.007	0.01	0.8008018299630143	0.11017506302763803	0.055548827631099564	0.04331421559468612	0.02694309751240563	110.28012920454483	65.77283768852172	63.26057027279317	73.51100862017847	8.168487575316439	18.436520200703537
8.320667270169476	0.01	0.01	0.01	0.007	0.01	0.8008018299630153	0.11017506302763803	0.05554882886973325	0.04331427102258482	0.026943097505945056	110.70404185891039	65.83819760918443	63.55902084717786	73.46194198727241	8.204143408148086	17.979430826472818
8.442406714848872	0.01	0.01	0.01	0.007	0.01	0.8008018299630159	0.11017506302763803	0.05554883003321142	0.043314323629392616	0.02694309749983629	111.10854375459625	65.89089134575802	63.84771434787747	73.39858804170711	8.238541631240166	17.533660262627205
8.564149597468887	0.01	0.01	0.01	0.007	0.01	0.8008018299630163	0.11017506302763803	0.05554883112590335	0.043314373523690455	0.02694309749405686	111.49413883871827	65.93130370124904	64.1268942771489	73.32143536916273	8.271713838388266	17.09892972735587
8.68589562785326	0.01	0.01	0.01	0.007	0.01	0.8008018299630166	0.11017506302763803	0.0555488321518399	0.04331442080852425	0.026943097488585963	111.86131883142092	65.95980964322418	64.39679828747252	73.2309594331627	8.303690863079414	16.674967100248658
8.807644548057107	0.01	0.01	0.01	0.007	0.01	0.8008018299630167	0.11017506302763803	0.05554883311474361	0.04331446558175684	0.026943097483404427	112.21056347080469	65.97677452342087	64.65765829250671	73.1276228853727	8.334502793109618	16.261506803023007
8.929396108181189	0.01	0.01	0.01	0.007	0.01	0.8008018299630167	0.11017506302763803	0.05554883401805748	0.043314507936397004	0.026943097478494757	112.54234071719755	65.98255429779101	64.90970054643986	73.01187589139936	8.364178981497695	15.858289731552606
9.051150082501332	0.01	0.01	0.01	0.007	0.01	0.8008018299630167	0.11017506302763803	0.05554883486496846	0.04331454796089776	0.026943097473840702	112.85710707378743	65.97749575161255	65.1531458102222	72.88415642050522	8.39274806766359	15.465063050359607
9.172906245280354	0.01	0.01	0.01	0.007	0.01	0.8008018299630167	0.11017506302763803	0.05554883565843055	0.04331458573943982	0.02694309746942722	113.15530779184013	65.96193671807805	65.38820943168275	72.7448905672382	8.420237988434952	15.081580123663818
9.294664403024731	0.01	0.01	0.01	0.007	0.01	0.8008018299630167	0.11017506302763803	0.0555488364011848	0.04331462135218197	0.026943097465240422	113.43737721660248	65.93620629016898	65.61510153600378	72.59449280774837	8.44667600197298	14.707600266995883
9.416424394487597	0.01	0.01	0.01	0.007	0.01	0.8008018299630167	0.11017506302763803	0.05554883709577665	0.043314654875499355	0.026943097461267298	113.70373903350091	65.90062502254003	65.83402714358341	72.43336627624694	8.472088703081761	14.342888612377692
9.538186050350948	0.01	0.01	0.01	0.007	0.01	0.8008018299630167	0.11017506302763803	0.055548837744572845	0.04331468638221673	0.026943097457496155	113.95480642891634	65.85550514595312	66.04518621694939	72.26190309442711	8.49650203029869	13.987216092431721
9.659949233546689	0.01	0.01	0.01	0.007	0.01	0.8008018299630167	0.11017506302763803	0.05554883834977594	0.043314715941802966	0.02694309745391557	114.19098242700812	65.80115075688249	66.24877385263005	72.0804845915093	8.519941289808031	13.640359182939024
9.781713790873248	0.01	0.01	0.01	0.007	0.01	0.8008018299630167	0.11017506302763803	0.05554883891343769	0.0433147436205793	0.02694309745051534	114.41266003522271	65.73785803365128	66.44498031508218	71.88948164098831	8.542431161036845	13.302099909242072
9.903479585252674	0.01	0.01	0.01	0.007	0.01	0.8008018299630167	0.11017506302763803	0.055548839437470535	0.043314769481888046	0.026943097447286058	114.62022255134535	65.66591541866322	66.63399120821686	71.6892548781514	8.563995718126938	12.972225619658559
10.025246487667372	0.01	0.01	0.01	0.007	0.01	0.8008018299630167	0.11017506302763803	0.055548839923659464	0.043314793586262265	0.02694309744421848	114.81404378037635	65.58560381015437	66.81598757357816	71.48015496722981	8.584658442879002	12.65052888060939
10.147014401354102	0.01	0.01	0.01	0.007	0.01	0.8008018299630167	0.11017506302763803	0.0555488403736714	0.043314815991571734	0.026943097441304346	114.99448829765097	65.4971967285147	66.99114603428323	71.26252280744788	8.604442242852317	12.336807289333573
10.2687832214828	0.01	0.01	0.01	0.007	0.01	0.8008018299630167	0.11017506302763803	0.05554884078906439	0.04331483675318305	0.02694309743853596	115.16191160601433	65.40096052214136	67.1596388410274	71.03668984536795	8.623369458319807	12.030863458755329
10.390552867414758	0.01	0.01	0.01	0.007	0.01	0.8008018299630167	0.11017506302763803	0.055548841171295986	0.043314855924082775	0.02694309743590602	115.3166604021908	65.29715452054927	67.32163402348444	70.80297825617184	8.641461881139675	11.732504814150142
10.512323250445107	0.01	0.01	0.01	0.007	0.01	0.8008018299630167	0.11017506302763803	0.055548841521730834	0.04331487355501753	0.026943097433407694	115.45907274578428	65.18603123217565	67.47729544816222	70.5617012366627	8.658740763046572	11.44154355683953
10.634094273802807	0.01	0.01	0.01	0.007	0.01	0.8008018299630167	0.11017506302763803	0.05554884184164661	0.04331488969461308	0.026943097431034485	115.58947827575335	65.06783651744924	67.62678292266227	70.31316323786928	8.675226829180632	11.157796544718208
10.755865872973972	0.01	0.01	0.01	0.007	0.01	0.8008018299630167	0.11017506302763803	0.055548842132241774	0.043314904389468306	0.026943097428780507	115.70819845877415	64.94280971491712	67.77025234380899	70.0576601059208	8.690940296349009	10.881085085342926
10.87763796731447	0.01	0.01	0.01	0.007	0.01	0.8008018299630167	0.11017506302763803	0.0555488423946404	0.04331491768428074	0.02694309742664022	115.81554673579944	64.81118384840707	67.90785573353973	69.79547939745557	8.70590087884551	10.611234939578345
10.999410500373354	0.01	0.01	0.01	0.007	0.01	0.8008018299630167	0.11017506302763803	0.055548842629897684	0.043314929621925596	0.02694309742460834	115.91182875708803	64.67318574322404	68.0397413804916	69.52690050771118	8.720127805865758	10.348076122227079
11.121183423763817	0.01	0.01	0.01	0.007	0.01	0.8008018299630167	0.11017506302763803	0.055548842839004665	0.043314940243554687	0.02694309742267997	115.9973425534946	64.52903619420928	68.16605391074836	69.25219490958116	8.733639831078936	10.091442835951296
11.242956672969115	0.01	0.01	0.01	0.007	0.01	0.8008018299630167	0.11017506302763803	0.05554884302289288	0.04331494958869431	0.026943097420850395	116.07237870747926	64.37895014539092	68.2869343531652	68.97162641159832	8.74645524167912	9.84117341869205
11.364730207666298	0.01	0.01	0.01	0.007	0.01	0.8008018299630167	0.11017506302763803	0.055548843182438114	0.043314957695306744	0.02694309741911528	116.13722056345094	64.22313678877474	68.40252026869189	68.6854512645633	8.758591874217066	9.597110158487991
11.486503979467374	0.01	0.01	0.01	0.007	0.01	0.8008018299630167	0.11017506302763803	0.05554884331846466	0.04331496459988206	0.026943097417470595	116.19214438376879	64.06179974607979	68.51294580282527	68.39391842763743	8.770067122171957	9.359099263058292
11.608277939984085	0.01	0.01	0.01	0.007	0.01	0.8008018299630167	0.11017506302763803	0.05554884343174827	0.04331497033750602	0.026943097415912297	116.23741952968601	63.89513719977063	68.61834177830444	68.09726973921494	8.780897947791066	9.126990746205033
11.730052056957549	0.01	0.01	0.01	0.007	0.01	0.8008018299630167	0.11017506302763803	0.055548843523019906	0.043314974941919174	0.02694309741443692	116.27330863611054	63.7233420068741	68.71883579017653	67.79574006081545	8.791100894052585	8.900638304194057
11.85182629006397	0.01	0.01	0.01	0.007	0.01	0.8008018299630167	0.11017506302763803	0.05554884359296782	0.04331497844559242	0.026943097413040948	116.30006776762917	63.54660186487428	68.81455226417438	67.48955751489717	8.800692092809674	8.679899271038416
11.973600598979454	0.01	0.01	0.01	0.007	0.01	0.8008018299630167	0.11017506302763803	0.05554884364224122	0.04331498087978369	0.026943097411720976	116.31794658494219	63.36509943153341	68.90561254235598	67.17894364091337	8.809687275715998	8.464634513011136
12.09537495950964	0.01	0.01	0.01	0.007	0.01	0.8008018299630167	0.11017506302763803	0.055548843671452235	0.04331498227458483	0.026943097410474258	116.32718850398993	63.17901242704245	68.99213497049837	66.86411352414233	8.81810178519611	8.254708313869832
12.217149331330543	0.01	0.01	0.01	0.007	0.01	0.8008018299630167	0.11017506302763803	0.055548843681178135	0.043314982658993376	0.026943097409297647	116.3280308458906	62.98851380613368	69.07423494838163	66.54527604459741	8.82595058171965	8.049988346652361
12.338923714442164	0.01	0.01	0.01	0.007	0.01	0.8008018299630167	0.11017506302763803	0.05554884367196426	0.04331498206093021	0.026943097408188527	116.32070498806397	62.79377179068758	69.15202504034914	66.2226338916661	8.833248256849812	7.850345495729657
12.460698084650108	0.01	0.01	0.01	0.007	0.01	0.8008018299630167	0.11017506302763803	0.05554884364432511	0.04331498050732413	0.026943097407144127	116.30543650843349	62.594950087370066	69.22561500126892	65.89638389033824	8.840009038102608	7.655653885753524
12.58247239356562	0.01	0.01	0.01	0.007	0.01	0.8008018299630167	0.11017506302763803	0.05554884359874665	0.043314978024157604	0.026943097406162284	116.28244533709662	62.39220800691294	69.29511184987439	65.56671715942687	8.846246798457434	7.465790797508197
12.704246633123946	0.01	0.01	0.01	0.007	0.01	0.8008018299630167	0.11017506302763803	0.05554884353568767	0.04331497463647159	0.026943097405240504	116.25194588567888	62.18570046967683	69.36061997374767	65.23381908813604	8.851975068506983	7.28063648921206
12.82602077106601	0.01	0.01	0.01	0.007	0.01	0.8008018299630167	0.11017506302763803	0.055548843455582295	0.04331497036844354	0.026943097404376472	116.21414719357901	61.97557822124023	69.42224115686754	64.89786965642953	8.857207041509348	7.10007422342517
12.947794807391901	0.01	0.01	0.01	0.007	0.01	0.8008018299630167	0.11017506302763803	0.05554884335884014	0.043314965243391734	0.0269430974035682	116.16925304603595	61.76198784293826	69.48007467351773	64.55904342348596	8.861955584291563	6.923990108454582
13.06956873403694	0.01	0.01	0.01	0.007	0.01	0.8008018299630167	0.11017506302763803	0.055548843245848835	0.04331495928383551	0.02694309740281366	116.11746211323837	61.545071923934415	69.53421732859731	64.21750977719654	8.866233243401242	6.75227308866719
13.19134252680697	0.01	0.01	0.01	0.007	0.01	0.8008018299630167	0.11017506302763803	0.05554884311697496	0.04331495251153496	0.02694309740211106	116.05896808374833	61.32496917873006	69.58476351673379	63.87343309421846	8.870052252957286	6.584814883982886
13.313116177637395	0.01	0.01	0.01	0.007	0.01	0.8008018299630167	0.11017506302763803	0.05554884297256451	0.04331494494750332	0.02694309740145859	115.99395977455215	61.101814488802084	69.6318052961702	63.52697278223794	8.873424543511149	6.421509876179494
13.434889662334193	0.01	0.01	0.01	0.007	0.01	0.8008018299630167	0.11017506302763803	0.05554884281294543	0.04331493661205836	0.02694309740085436	115.92262126720452	60.87573905750064	69.6754324334168	63.17828350045907	8.876361748568234	6.262255086769358
13.556662964768158	0.01	0.01	0.01	0.007	0.01	0.8008018299630167	0.11017506302763803	0.055548842638427326	0.04331492752483612	0.026943097400296986	115.84513201365694	60.64687046040527	69.7157324697849	62.827515217242244	8.878875212678786	6.106950079024495
13.678436093004265	0.01	0.01	0.01	0.007	0.01	0.8008018299630167	0.11017506302763803	0.05554884244930319	0.04331491770480835	0.026943097399784746	115.76166693752388	60.41533270539677	69.75279078018563	62.474813285467185	8.880975998713604	5.955496876241906
13.800209047042765	0.01	0.01	0.01	0.007	0.01	0.8008018299630167	0.11017506302763803	0.05554884224585016	0.043314907170329014	0.026943097399316215	115.6723965647373	60.18124638209241	69.78669061531484	62.120318654766024	8.882674894061495	5.807799942381161
13.921981810754545	0.01	0.01	0.01	0.007	0.01	0.8008018299630167	0.11017506302763803	0.055548842028330145	0.0433148959391657	0.026943097398890004	115.57748714134549	59.94472876594067	69.81751315339478	61.76416801273925	8.883982417520073	5.663766129946327
14.04375435994591	0.01	0.01	0.01	0.007	0.01	0.8008018299630167	0.11017506302763803	0.05554884179699115	0.04331488402851823	0.02694309739850487	115.47710073692619	59.7058938891298	69.84533755519645	61.40649387618212	8.884908826254074	5.5233046096815395
14.165526702681886	0.01	0.01	0.01	0.007	0.01	0.8008018299630167	0.11017506302763803	0.05554884155206741	0.04331487145501386	0.02694309739815937	115.3713953142671	59.46485254415615	69.8702410227087	61.047424583346825	8.885464122522123	5.386326767432614
14.28729883089819	0.01	0.01	0.01	0.007	0.01	0.8008018299630167	0.11017506302763803	0.05554884129378017	0.04331485823476219	0.026943097397852306	115.26052486882732	59.22171245901851	69.89229883586634	60.68708454381366	8.88565805951305	5.252746205271665
14.409070736530577	0.01	0.01	0.01	0.007	0.01	0.8008018299630167	0.11017506302763803	0.055548841022338986	0.04331484438336419	0.026943097397582643	115.14463951536558	58.976578345052786	69.91158440438252	60.32559429689558	8.885500147715836	5.122478667714447
14.530842419579455	0.01	0.01	0.01	0.007	0.01	0.8008018299630167	0.11017506302763803	0.05554884073794144	0.04331482991592692	0.026943097397349236	115.02388557616503	58.72955195754313	69.92816931512864	59.963070590395695	8.884999660893452	4.995441980297862
14.652613871980641	0.01	0.01	0.01	0.007	0.01	0.8008018299630167	0.11017506302763803	0.05554884044077435	0.04331481484709249	0.026943097397150947	114.89840569040949	58.48073220332382	69.94212337481765	59.59962652870813	8.88416564197503	4.871556015016234
14.77438509373457	0.01	0.01	0.01	0.007	0.01	0.8008018299630167	0.11017506302763803	0.05554884013101417	0.04331479919104575	0.0269430973969869	114.76833888990599	58.23021518133009	69.95351465632778	59.23537162249369	8.883006908716643	4.750742622948979
14.896156084841682	0.01	0.01	0.01	0.007	0.01	0.8008018299630167	0.11017506302763803	0.05554883980882744	0.043314782961536194	0.026943097396855964	114.63382069607259	57.97809427023147	69.96240954038421	58.870411907824206	8.881532059287508	4.632925593684396
15.017926853366955	0.01	0.01	0.01	0.007	0.01	0.8008018299630167	0.11017506302763803	0.05554883947437078	0.04331476617188883	0.026943097396757307	114.4949831978605	57.724460181262515	69.96887275789005	58.50485001477445	8.879749477590611	4.518030599716761
15.13969738318174	0.01	0.01	0.01	0.007	0.01	0.8008018299630167	0.11017506302763803	0.05554883912779251	0.04331474883504237	0.026943097396690038	114.35195517391267	57.46940109344728	69.97296742931623	58.13878535476316	8.877667339068884	4.405985179792993
15.261467666221995	0.01	0.01	0.01	0.007	0.01	0.8008018299630167	0.11017506302763803	0.055548838769231966	0.04331473096354151	0.02694309739665328	114.20486214010928	57.213002653085695	69.97475510710159	57.772314112004224	8.875293615511115	4.296718661824257
15.383237710552711	0.01	0.01	0.01	0.007	0.01	0.8008018299630167	0.11017506302763803	0.055548838398820376	0.04331471256954491	0.026943097396646225	114.05382641891073	56.95534802071385	69.97429581366981	57.40552930490971	8.872636079816832	4.190162112296858
15.50500750810988	0.01	0.01	0.01	0.007	0.01	0.8008018299630167	0.11017506302763803	0.05554883801668118	0.04331469366486232	0.0269430973966681	113.89896725722116	56.69651800197622	69.97164807891645	57.038520966887184	8.869702311551872	4.086248321735476
15.626777058894001	0.01	0.01	0.01	0.007	0.01	0.8008018299630167	0.11017506302763803	0.05554883762293055	0.04331467426094985	0.02694309739671816	113.74040087397577	56.436591058018834	69.9668689775099	56.67137615510394	8.86649970127208	3.9849117406782493
15.748546379034469	0.01	0.01	0.01	0.007	0.01	0.8008018299630167	0.11017506302763803	0.055548837217677116	0.0433146543689161	0.026943097396795748	113.5782405230863	56.17564334764909	69.960014163764	56.30417900562688	8.863035454881597	3.886088432716159
15.870315452402856	0.01	0.01	0.01	0.007	0.01	0.8008018299630167	0.11017506302763803	0.055548836801023044	0.04331463399956975	0.026943097396900127	113.41259663085518	55.91374888933078	69.95113790945238	55.937010956842194	8.859316599564195	3.7897160735757605
15.992084278999663	0.01	0.01	0.01	0.007	0.01	0.8008018299630167	0.11017506302763803	0.05554883637306393	0.043314613163395396	0.02694309739703071	113.24357680406932	55.65097951470138	69.94029313609728	55.56995067905394	8.855349986948285	3.695733871699817
16.0	0.01	0.01	0.01	0.007	0.01	0.8008018299630167	0.11017506302763803	0.05554883634486036	0.043314614026759006	0.02694309739704007	113.23247511878601	55.63386926133338	69.93952125308618	55.54609503749296	8.855083716262877	3.6897057620893543
