0.0	0.01	0.01	0.01	0.007	0.01	0.0	0.0	0.0	0.0	0.0	0.0	0.0	0.0	0.0	0.0	100.0
0.003463389255193722	0.01	0.01	0.01	0.007	0.01	0.01135698263731056	0.0031956328040527665	0.0038456961276902854	0.004088984149148761	0.005117130135475762	0.0006976962528218264	0.0010234920510487173	0.002293363740094563	0.003839425359234303	0.0004556702505774248	99.92599617182744
0.005554232323411535	0.01	0.01	0.01	0.007	0.01	0.01814412148124371	0.00508113307142918	0.006032851813942316	0.00636200264989135	0.008057847106370806	0.0017888670520122734	0.0026159463500959462	0.005809402114072944	0.009668280467604005	0.0011572561187081782	99.88134668142956
0.008703016451866588	0.01	0.01	0.01	0.007	0.01	0.02826839579048812	0.007860058640654869	0.009147145249566703	0.009530283931973197	0.012286610272832163	0.0043718465897929215	0.006363093962043912	0.013944362232029087	0.02300580372719005	0.002788426965299779	99.81414273781749
0.011608786440064203	0.01	0.01	0.01	0.007	0.01	0.03750881152566431	0.010361307696213514	0.011840446225223613	0.012203233100061458	0.015986621589935877	0.007745567478108522	0.011224832047196048	0.02430342413716148	0.03978525518014202	0.0048768596514524275	99.75216552017972
0.01498500701992499	0.01	0.01	0.01	0.007	0.01	0.04812311415967401	0.013193264121270943	0.014766212859748395	0.015033432700582626	0.02005646255154563	0.01284263309278241	0.01851889233308714	0.03954678077275076	0.06417332532427042	0.007967466228606536	99.68020238566794
0.01842335595457855	0.01	0.01	0.01	0.007	0.01	0.0587993704532532	0.015997466950454748	0.017535985433684953	0.01763915964974244	0.023964408856595298	0.019315434456091768	0.027712539824292	0.058368655863358966	0.09390112593010708	0.011807037247761085	99.60696836095917
0.022128133806977625	0.01	0.01	0.01	0.007	0.01	0.07015418390768904	0.018931325228482686	0.020300536820779206	0.02016522866850124	0.027927245959133193	0.027715410099280885	0.03955058256428612	0.0820956850097429	0.1308908401796721	0.01667859052580002	99.52811983626682
0.02597540440293123	0.01	0.01	0.01	0.007	0.01	0.08178460972341717	0.021884670804423856	0.022948264840540664	0.022511066781233633	0.03179181229496725	0.037978532148781816	0.053896373769910244	0.11022455348774265	0.17416634306065853	0.02249390749741078	99.44630471128147
0.030022629178692275	0.01	0.01	0.01	0.007	0.01	0.09384480758460498	0.024892070392993175	0.025507713207526442	0.024706759978961546	0.035605070870300966	0.05043995014378508	0.0711676205714193	0.14333723373678578	0.22443834783681718	0.02939005585417426	99.36030999655617
0.0342340810879989	0.01	0.01	0.01	0.007	0.01	0.10620698535440232	0.02791679503318781	0.02794548127350383	0.02672871207121763	0.03932263174440928	0.06518736954888762	0.09142802012189141	0.18129903052933088	0.2813137428987851	0.03735845291841422	99.27090476195329
0.038627465166767704	0.01	0.01	0.01	0.007	0.01	0.11890262272468333	0.030962263132394224	0.03026459341480974	0.028585838165405095	0.0429507780746557	0.08247125043269207	0.11495820691330189	0.224370153539479	0.3450009676393068	0.046475152988329604	99.17772300987238
0.0431946687387476	0.01	0.01	0.01	0.007	0.01	0.13188685964619087	0.03401345415931376	0.032454769762191055	0.030276704928577224	0.04646675789671831	0.10245561077597659	0.14191098557041623	0.2725515426555577	0.41532385622328016	0.056763132776758145	99.08094734663092
0.04794355257462131	0.01	0.01	0.01	0.007	0.01	0.14516040971416325	0.03706653714744867	0.0345157453929091	0.031808444989513684	0.04984417297210263	0.12537143244269422	0.1725207225170968	0.3259751331993801	0.492306032915166	0.06827132574922928	98.98042215291684
0.05287715042160008	0.01	0.01	0.01	0.007	0.01	0.1587091496532104	0.04011431412525614	0.036445904351901814	0.03318736511981771	0.053018798671104	0.15143757240393746	0.20699487413472933	0.38470598579104953	0.5758798478970399	0.08102570826005874	98.87609491789621
0.057997241593195165	0.01	0.01	0.01	0.007	0.01	0.1725148610477147	0.04314894046277159	0.03824447702364111	0.03442061617970064	0.05587497265481121	0.1808707652604669	0.24552778735861241	0.4487726105945683	0.6659355860020376	0.0950226095040726	98.76794031796022
0.06323522832247602	0.01	0.01	0.01	0.007	0.01	0.18637445267907524	0.046123717425928	0.03989117309914357	0.03550297550518673	0.058221965994208966	0.21343609901483693	0.28772146578036134	0.5172429354085369	0.7610489298761149	0.11000908453340529	98.65741776329664
0.06856086900342062	0.01	0.01	0.01	0.007	0.01	0.20019738379076762	0.04901943436597354	0.04138623956521393	0.036444189889674426	0.05991697539693104	0.24903322790396992	0.333364035676612	0.5895577799321707	0.8603762049544968	0.12576707941952892	98.54517249002467
0.07412693430447359	0.01	0.01	0.01	0.007	0.01	0.21436052714859616	0.05191305540805917	0.042776715752882104	0.037281517526092135	0.06093497583379569	0.28885421682810763	0.38388203318411607	0.6677118570344198	0.9665676935718726	0.14259265257007228	98.42799641412765
0.07995470393919661	0.01	0.01	0.01	0.007	0.01	0.2288849740346815	0.05480377904959119	0.04406529201927546	0.038022250593491	0.061293575741304854	0.3333438619287794	0.4397060982901055	0.7520244200272583	1.079929909857665	0.16038351938328277	98.30546027995649
0.0859585481245608	0.01	0.01	0.01	0.007	0.01	0.24352918321176276	0.057640128948761846	0.045234749833525566	0.03866283673295094	0.061114502824320176	0.3820933660522454	0.50019082121721	0.8412108737775243	1.1986441740342257	0.1787091794135429	98.17938148867943
0.0921792411473039	0.01	0.01	0.01	0.007	0.01	0.25836815536541635	0.06043455612747961	0.04629771047095579	0.03921677976353564	0.060565373140711136	0.43564282657531755	0.5658737346558752	0.9357861530027591	1.3233342685170846	0.1975531338667226	98.0489195036942
0.0986670377063382	0.01	0.01	0.01	0.007	0.01	0.2734901153557203	0.06320028506022816	0.047265213962064484	0.0396955319199564	0.059786176394270134	0.4946968916510169	0.6374630059178783	1.036454614748573	1.4548579423014987	0.21696021663754117	97.91304043552371
0.10549378521954204	0.01	0.01	0.01	0.007	0.01	0.2890208239423749	0.06595515592282261	0.048147957410920234	0.04010929079313777	0.0588762036925479	0.5602691621529646	0.7159971571587811	1.1443044770086863	1.5945508341726955	0.2370617374875538	97.77026576284217
0.11269885518565051	0.01	0.01	0.01	0.007	0.01	0.3049985467572484	0.06869936891161058	0.04894962126979969	0.04046419262807156	0.05790720371953811	0.6331794355237692	0.8022304111120381	1.2599471364140733	1.7431098042037363	0.25790632927146784	97.61980466093571
0.12030621021535665	0.01	0.01	0.01	0.007	0.01	0.32141926510355684	0.07142526417381567	0.049671880896861066	0.04076525242685798	0.05693008362727572	0.7141587711373614	0.8967681060914287	1.383745827339865	1.9009129676052705	0.27951040352273426	97.46119406693373
0.12833007987987152	0.01	0.01	0.01	0.007	0.01	0.3382528422948405	0.07412108108192585	0.05031626174153039	0.04101732446559847	0.055980159191353504	0.8038738043251539	1.000101064253922	1.5158892235597998	2.06812702998534	0.30187434583582184	97.2941785437501
0.136789628298911	0.01	0.01	0.01	0.007	0.01	0.3554754819261897	0.07677666673455029	0.050885696778083724	0.04122566787731328	0.05507997358076399	0.9030747640614926	1.112777944524314	1.6566277478173608	2.245011946645539	0.32502221577899	97.11840437030578
0.14570867878501415	0.01	0.01	0.01	0.007	0.01	0.3730677998062045	0.07938304319112269	0.051384115232887204	0.04139563043773612	0.05424316296026947	1.012603182288849	1.2354077484084875	1.8062740712851966	2.4319189733313467	0.34899778953984295	96.93342646069769
0.1551169425967152	0.01	0.01	0.01	0.007	0.01	0.39101577432618484	0.08193243496343221	0.05181618723409336	0.041532446143633356	0.05347714489074198	1.1334184938400493	1.3686822927559292	1.9652275505864163	2.6293185209060765	0.37386528594245505	96.73868426690508
0.16504869600868385	0.01	0.01	0.01	0.007	0.01	0.409306562741414	0.08441757272534582	0.05218698768820081	0.04164105270006799	0.05278519722256814	1.2665937598744976	1.513362817787874	2.1339546811738597	2.8377730676968222	0.3997037675688049	96.53353081855296
0.17554296481662823	0.01	0.01	0.01	0.007	0.01	0.42792744693027795	0.08683154404182057	0.052501829017676624	0.04172600503517814	0.052167736073585595	1.4133280743086618	1.6702848572843043	2.31299344733325	3.0579403899678184	0.4266061636399693	96.31723058313833
0.18664319286905495	0.01	0.01	0.01	0.007	0.01	0.4468638511262247	0.08916757080430968	0.05276611438263287	0.04179142039148907	0.051623202316700104	1.5749513463360678	1.8403541268035044	2.502948110311787	3.2905650731742995	0.4546772679920253	96.08896817785308
0.19839738735067222	0.01	0.01	0.01	0.007	0.01	0.46609829233379296	0.09141896754327059	0.05298523858503698	0.04184095618278027	0.05114863132118065	1.7529344309346566	2.0245477636417135	2.7044914417072046	3.53647929030809	0.48403319719102333	95.84784744166713
0.21085805118812656	0.01	0.01	0.01	0.007	0.01	0.4856090038259649	0.09357910466244616	0.0531645002146066	0.04187780501567679	0.050740056431008866	1.9488952061188063	2.223910922893368	2.9183628222235574	3.796598469903556	0.5148004234550897	95.5928951469006
0.22408218321807732	0.01	0.01	0.01	0.007	0.01	0.5053687749747898	0.09564144558390796	0.053309028810372076	0.04190470481171551	0.050392794191290544	2.1646040676270832	2.4395528287728103	3.1453670520580683	4.0719177971177825	0.5471150474723505	95.32306358195154
0.23813110322880146	0.01	0.01	0.01	0.007	0.01	0.5253436715467731	0.09759961485140575	0.05342371907085012	0.04192395962092099	0.05010166416512948	2.4019845872887116	2.6726384133349996	3.386369758025064	4.363504519793889	0.5811216639783698	95.03723699245116
0.25307015372752506	0.01	0.01	0.01	0.007	0.01	0.5454918322164034	0.09944751702934392	0.05351317292129473	0.041937469252522834	0.04986116655937283	2.6631091617240483	2.9243762082805578	3.6422903228691936	4.672487227354735	0.6169719342420295	94.73424078133243
0.2689681446063905	0.01	0.01	0.01	0.007	0.01	0.5657622816415322	0.10117949377713654	0.05358164867819727	0.0419467655588883	0.049665637047593046	2.9501863217584825	3.196000243968119	3.9140900965581604	5.000039442699017	0.6548225354797175	94.4128561258363
0.285896553347912	0.01	0.01	0.01	0.007	0.01	0.5860939505782746	0.102790526757817	0.053633019138433845	0.04195305362994831	0.04950938728885389	3.2655385884490316	3.4887462161841527	4.202756195644176	5.347357979481369	0.6948325297117971	94.07183962978746
0.30392842846755624	0.01	0.01	0.01	0.007	0.01	0.6064150100509423	0.10427647695302507	0.053670740129203476	0.04195725596146755	0.049386836643767765	3.611568706204193	3.803821333643663	4.509280124776581	5.715635233506754	0.7371600484351979	93.70994890150467
0.3231371187505481	0.01	0.01	0.01	0.007	0.01	0.6266428200949996	0.10563435683854705	0.053697831762543884	0.04196005767964868	0.049292635216650435	3.990715607362964	4.142370555955492	4.83463347225924	6.106028217951707	0.7819586138400632	93.32597138363128
0.3435950622060696	0.01	0.01	0.01	0.007	0.01	0.6466847991900557	0.10686261778398087	0.053716874007234856	0.041961950850179786	0.049221776157724086	4.405404655078365	4.50544429312681	5.179744790033065	6.519629359093896	0.8293736729362966	92.9187515799551
0.3653730150428869	0.01	0.01	0.01	0.007	0.01	0.6664404745588073	0.10796142095655435	0.05373001739056257	0.04196327602920603	0.04916969289894395	4.858001179811575	4.893975516668563	5.5454841162043635	6.957446835709095	0.8795402441620499	92.4872090603431
0.3885401403915348	0.01	0.01	0.01	0.007	0.01	0.6858047505946591	0.10893284414134374	0.053739008316417605	0.041964259493749344	0.04913233554567393	5.350778985815612	5.308774929766215	5.932662012269018	7.4204026594123595	0.9325826321446209	92.0303391373309
0.4131651846940616	0.01	0.01	0.01	0.007	0.01	0.7046720410348373	0.10978096927087427	0.053745226708420094	0.04196504501861395	0.04910622025973518	5.88591282062243	5.750548925068795	6.342046463470339	7.909352380509077	0.9886166810989651	91.54719226182831
0.43931855385595303	0.01	0.01	0.01	0.007	0.01	0.7229405344860128	0.11051180886343323	0.05374973166866891	0.04196571960737621	0.049088446755067294	6.465494716913339	6.219936682901289	6.774393852437952	8.425121703381176	1.0477540546477946	91.03683660733016
0.4670747839035194	0.01	0.01	0.01	0.007	0.01	0.7405158387470184	0.11113306827836589	0.053753309161571776	0.04196633317151053	0.04907668243317668	7.091565254348764	6.717556126208037	7.230485009541208	8.968549082109334	1.1101073081190425	90.49831446185385
0.4965147113103742	0.01	0.01	0.01	0.007	0.01	0.7573134850076744	0.11165377974019638	0.053756515385386845	0.04196691268569314	0.04906911678722016	7.7661438529057065	7.244044596277163	7.711154532267361	9.540520099500245	1.1757941241431025	89.93060636913285
0.5277267927080517	0.01	0.01	0.01	0.007	0.01	0.7732602338195241	0.11208386982098338	0.05375971162315082	0.041967471735444364	0.04906439423312459	8.491243145594865	7.800082955884139	8.217304425239485	10.141982985558968	1.2449394667024498	89.33261358296096
0.5608072447990737	0.01	0.01	0.01	0.007	0.01	0.7882944649650384	0.11243372158647084	0.053763090971548716	0.041968016544321966	0.04906153582124977	9.268856637851979	8.386396557686522	8.749897190197414	10.773939622427038	1.3176749651257567	88.70316458607891
0.5958588207118378	0.01	0.01	0.01	0.007	0.01	0.8023660584804201	0.11271377542345214	0.053766702567080674	0.041968549529700076	0.04905985977652049	10.100912663032169	9.00373007343654	9.309926278323713	11.437409773216089	1.394135221575851	88.04104817661906
0.6329881194619874	0.01	0.01	0.01	0.007	0.01	0.8154361529525089	0.11293419218202287	0.05377048125695485	0.04196907125893331	0.049058908376046824	10.989190817173787	9.652795540543522	9.898363542787923	12.133368335378192	1.4744509712222238	87.34507368188255
0.6723009118353573	0.01	0.01	0.01	0.007	0.01	0.8274769350319412	0.11310458434821878	0.05377428729937744	0.041969581442928845	0.04905838560535017	11.935188831070024	10.334186680254435	10.516077324099447	12.86264832428399	1.558738202921278	86.61416609458182
0.7138954253343042	0.01	0.01	0.01	0.007	0.01	0.8384717273595509	0.11323381615942214	0.05377795297089249	0.04197007939799405	0.04905810726169744	12.939940646867397	11.048261707910584	11.163722881221876	13.625811963027955	1.647083453903704	85.84749448090474
0.7578556622089765	0.01	0.01	0.01	0.007	0.01	0.8484158936668916	0.11332987001225925	0.0537813262849976	0.04197056426084605	0.04905796319911541	14.003840589376843	11.795033652536016	11.84164005317977	14.423031371994222	1.739530025501542	85.04459271255695
0.8042497576782398	0.01	0.01	0.01	0.007	0.01	0.8573188695276779	0.11339976884871492	0.05378430123342936	0.041971035139977506	0.04905789022273368	15.12660135480124	12.574153433784522	12.549835249127666	15.254069394782416	1.8360756289352604	84.20538127295106
0.8531362864475671	0.01	0.01	0.01	0.007	0.01	0.8652062416321135	0.11344953720218207	0.05378682901674896	0.04197149126763886	0.04905785359191009	16.307419321775146	13.385027603775653	13.288086513187226	16.1184047296918	1.93668673747263	83.33004377589948
0.9045751305641315	0.01	0.01	0.01	0.007	0.01	0.8721200607019411	0.1134841953781002	0.05378891216117199	0.041971932118657476	0.0490578350139543	17.545259714456915	14.227003380298347	14.056111798541693	17.015429374898552	2.041321484354661	82.41882839956419
0.958636743127614	0.01	0.01	0.01	0.007	0.01	0.878116727135886	0.11350779563715513	0.053790588875485636	0.04197235745322593	0.04905782524502035	18.83910210722447	15.099513241799945	14.853703160741501	17.94460376446895	2.1499478667578487	81.47188907697448
1.015407894347951	0.01	0.01	0.01	0.007	0.01	0.8832634336647991	0.11352350482853832	0.053791915808348155	0.041972767297889124	0.04905781977723921	20.18809233553671	16.00214962614739	15.680799588416173	18.905538286083804	2.2625535689656004	80.48919873295688
1.0749952766469872	0.01	0.01	0.01	0.007	0.01	0.8876343387833673	0.11353372180198047	0.053792954372081425	0.041973161900507386	0.04905781646689377	21.59163058643164	16.934695997148413	16.537521575385203	19.898028893177507	2.3791505722000186	79.47050727363475
1.1375287440261597	0.01	0.01	0.01	0.007	0.01	0.8913071066550172	0.11354021035977181	0.05379376219805484	0.041973541683385095	0.04905781430245896	23.049436623263453	17.897144705216668	17.424194670593305	20.922078800702977	2.499778263956178	78.4153120873555
1.2031647210148284	0.01	0.01	0.01	0.007	0.01	0.8943599901752021	0.11354423072911961	0.053794389032636336	0.04197390720081591	0.0490578127978012	24.56160344021504	18.88971005070202	18.34136950377477	21.97791486383388	2.624506061520997	77.32283218117703
1.2720898581671234	0.01	0.01	0.01	0.007	0.01	0.8968694884126714	0.11354665848654341	0.05379487562475143	0.04197425910178489	0.0490578117069488	26.12863977655049	19.912836940499854	19.289838642797044	23.065998833704995	2.753435589934803	76.19198552911446
1.3445248995251504	0.01	0.01	0.01	0.007	0.01	0.8989085593894652	0.1135480853317103	0.05379525425795816	0.041974598097400576	0.049057810894899724	27.75149943881859	20.967203541089333	20.270648915688348	24.18703168549357	2.8867022211417472	75.02137123537739
1.4207290082481399	0.01	0.01	0.01	0.007	0.01	0.9005453480357244	0.11354890014469525	0.053795549983835074	0.04197492493367643	0.04905781028033988	29.431601641596533	22.053720173313653	21.285111482755244	25.341953380497806	3.0244762785098507	73.80925373091624
1.5010045994974246	0.01	0.01	0.01	0.007	0.01	0.9018423578651262	0.11354935135216393	0.0537957820075292	0.0419752403687002	0.049057809810137624	31.170841502951813	23.173523181564047	22.33480879798145	26.53193673304578	3.1669637830640855	72.55354992920815
1.585702893341106	0.01	0.01	0.01	0.007	0.01	0.9028559926286603	0.11354959306083656	0.05379596496135258	0.04197554515368024	0.04905780944750605	32.971592788230765	24.32796434928176	23.421599395901357	27.758376028715528	3.3144068614078077	71.2518180837965
1.6752296100664843	0.01	0.01	0.01	0.007	0.01	0.9036363863814169	0.11354971796475925	0.053796109969085376	0.04197584001426657	0.04905780916604218	34.836687542137206	25.51858523025051	24.547610951498037	29.022859142588544	3.4670825116561494	69.90125962225477
1.7700492908775907	0.01	0.01	0.01	0.007	0.01	0.9042274551910123	0.11354978002033006	0.05379622549028526	0.04197612562661576	0.04905780894638681	36.76933986331078	26.747055048602473	25.715201580245534	30.327100547326804	3.625297008424829	68.49875791234467
1.870682255532018	0.01	0.01	0.01	0.007	0.01	0.9046671075058038	0.11354980954644282	0.053796317968122884	0.0419764025718178	0.049057808774163415	38.77289876131271	28.014999580204538	26.92681939593058	31.67275828516936	3.7893664804004357	67.04103834928009
1.9776742764246888	0.01	0.01	0.01	0.007	0.01	0.9049875597227423	0.1135498229386421	0.053796392312531006	0.04197667122340264	0.04905780863861936	40.85007308235414	29.323499249529547	28.184542874950868	33.060900017225066	3.959554307983519	65.52521333076236
2.091465003976119	0.01	0.01	0.01	0.007	0.01	0.9052156959794183	0.1135498286974847	0.05379645223973793	0.04197693142133076	0.049057808531721155	43.00035347501903	30.671470528658467	29.488523957094767	34.490286157793506	4.1358604407863	63.950657959228224
2.2118916990969195	0.01	0.01	0.01	0.007	0.01	0.9053734094855431	0.11354983102956623	0.0537965004631562	0.04197718151137491	0.04905780844761662	45.21127166218675	32.0502643369141	30.831666052347213	35.951649479326676	4.317303428636335	62.32546970407866
2.336813645034058	0.01	0.01	0.01	0.007	0.01	0.9054781051129948	0.11354983191279516	0.05379653876779194	0.041977416485008655	0.04905780838234997	47.435962263780716	33.42998997607459	32.18588185171912	37.41323189635079	4.500071052562683	60.68324549156216
2.46149701168213	0.01	0.01	0.01	0.007	0.01	0.905544417739897	0.11354983222811485	0.053796568469567374	0.041977629681851814	0.04905780833293387	49.58830869547159	34.757185145586966	33.49888281212292	38.81838603036498	4.677102556603311	59.08730572971392
2.582714879466993	0.01	0.01	0.01	0.007	0.01	0.9055855889218467	0.11354983233921387	0.05379659133094208	0.041977820865925934	0.04905780829574574	51.61726484883902	36.001028727998005	34.73936082438635	40.13454285852183	4.844189608471609	57.5759727731272
2.7006975570330547	0.01	0.01	0.01	0.007	0.01	0.9056114951433673	0.1135498323795024	0.053796609272064456	0.04197799459548738	0.04905780826714442	53.53340780534478	37.168884185838856	35.913496726587454	41.369582536523275	5.002183401574556	56.14210738304246
2.8170398564953496	0.01	0.01	0.01	0.007	0.01	0.9056281612144618	0.11354983239461912	0.05379662376166752	0.04197815466043106	0.04905780824447505	55.367657531993466	38.28026929267711	37.0400097671587	42.54421466058256	5.153617163202952	54.76314942507008
2.9331698954403107	0.01	0.01	0.01	0.007	0.01	0.9056390529192543	0.11354983240040956	0.05379663575246503	0.041978303470139915	0.049057808226053254	57.145202007135445	39.35083417335898	38.13424122745574	43.67502021689112	5.300561178460394	53.42048503326272
3.0498718270047322	0.01	0.01	0.01	0.007	0.01	0.9056462150816897	0.1135498324026404	0.05379664583675726	0.04197844258896632	0.049057808210833685	58.87912808848685	40.388653379621424	39.20419013355554	44.77054821612359	5.444093208670418	52.10436978906421
3.1673234783406565	0.01	0.01	0.01	0.007	0.01	0.9056509205686852	0.11354983240349653	0.05379665439680588	0.041978572985431846	0.04905780819813778	60.572508818078205	41.39567643390637	40.25172504641137	45.83286825712025	5.584465626397595	50.812535912634566
3.285338403293043	0.01	0.01	0.01	0.007	0.01	0.9056539995894493	0.11354983240382278	0.05379666170290911	0.04197869528647838	0.049057808187483815	62.22310043898818	42.370680942536985	41.27542751336716	46.86070294520215	5.721490132594344	49.546764847686156
3.4036234926019944	0.01	0.01	0.01	0.007	0.01	0.9056560061859645	0.11354983240394634	0.05379666796565371	0.04197881001615657	0.04905780817850043	63.827558806209744	43.31184522862864	42.273174853301626	47.85214876413716	5.854885379792047	48.309735005574275
3.521946426143349	0.01	0.01	0.01	0.007	0.01	0.9056573105431219	0.113549832403993	0.05379667335882123	0.041978917710111606	0.04905780817088631	65.38380694913768	44.218149540234464	43.243607653677344	48.80615345568313	5.984473471985157	47.10320894615138
3.640194762064491	0.01	0.01	0.01	0.007	0.01	0.9056581576591433	0.11354983240401058	0.053796678027896075	0.041979018919373126	0.049057808164394374	66.89162675201567	45.0896940083117	44.18650958152424	49.722847749599914	6.110230068128152	45.92754796864628
3.7583577235611267	0.01	0.01	0.01	0.007	0.01	0.9056587079286497	0.1135498324040172	0.053796682093501504	0.0419791141738777	0.04905780815882408	68.35218246193472	45.9273879782143	45.10252382739665	50.60321467132422	6.232245738409562	44.78204783717398
3.8764770686158574	0.01	0.01	0.01	0.007	0.01	0.9056590655848438	0.11354983240401965	0.053796685654142924	0.04197920395487796	0.04905780815401415	69.76723960025815	46.73247662514739	45.99267371182118	51.448589193155776	6.350661507456978	43.66552525164164
3.9946022919662765	0.01	0.01	0.01	0.007	0.01	0.9056592981639299	0.11354983240402063	0.05379668878945541	0.04197928868723919	0.04905780814983595	71.13855673099246	47.50618442722218	46.85798449110481	52.26028268022941	6.465618291759643	42.57678672223082
4.112765637183868	0.01	0.01	0.01	0.007	0.01	0.9056594494368189	0.11354983240402099	0.05379669156373941	0.041979368744479724	0.049057808146186675	72.4675998433447	48.24955497946704	47.69930284146589	53.039414944232796	6.57723293640395	41.51485606548878
4.23097669429481	0.01	0.01	0.01	0.007	0.01	0.9056595478196608	0.11354983240402115	0.05379669402926694	0.0419794444581671	0.04905780814298418	73.75551968407188	48.963444508114186	48.51728002633473	53.78690815010538	6.685596125617387	40.478998764432596
4.34922887791639	0.01	0.01	0.01	0.007	0.01	0.905659611790598	0.11354983240402121	0.05379669622901726	0.04197951612670481	0.0490578081401611	75.00326091855892	49.64858869954563	49.31243864756406	54.50355751647876	6.790781374294061	39.46864067298556
4.467509280583673	0.01	0.01	0.01	0.007	0.01	0.9056596533762027	0.11354983240402124	0.05379669819875448	0.04197958402154761	0.04905780813766238	76.21168931685806	50.30567640552107	50.08525210860545	55.190108857167246	6.892855631022605	38.48326904756487
4.585806272021616	0.01	0.01	0.01	0.007	0.01	0.9056596804048621	0.11354983240402124	0.053796699968534714	0.041979648390886616	0.049057808135442	77.38167588025236	50.93539648508378	50.836197964492825	55.84730765012366	6.991886350750648	37.52236509758463
4.7041129038141225	0.01	0.01	0.01	0.007	0.01	0.9056596979703138	0.11354983240402124	0.05379670156379092	0.04197970946181987	0.049057808133461854	78.51412639282019	51.53845299354033	51.56577719514461	56.475914802648795	7.087944019311867	36.58537894783871
4.822426802360509	0.01	0.01	0.01	0.007	0.01	0.9056597093852087	0.11354983240402124	0.053796703006140784	0.0419797674420304	0.04905780813168947	79.60997292301205	52.11555934021246	52.27450929173042	57.076700402874444	7.181101474756351	35.671735249288425
4.940748375610814	0.01	0.01	0.01	0.007	0.01	0.9056597168029933	0.11354983240402124	0.05379670431401924	0.04197982252150291	0.04905780813009793	80.67015123993961	52.667425334439265	52.962918108877986	57.65043010521389	7.271432021824573	34.78085084275038
5.059078838832791	0.01	0.01	0.01	0.007	0.01	0.9056597216232252	0.11354983240402124	0.0537967055031959	0.04197987487434253	0.04905780812866412	81.69558035033944	53.19474605478193	53.63151879200964	58.19785349956705	7.359007704430505	33.91215140305942
5.177418898109096	0.01	0.01	0.01	0.007	0.01	0.9056597247554263	0.11354983240402124	0.05379670658720644	0.04197992466055107	0.049057808127368624	82.6871511128298	53.69819604249112	54.28081034470853	58.71969808915671	7.443898332515798	33.065081100094
5.295768342575464	0.01	0.01	0.01	0.007	0.01	0.9056597267906658	0.11354983240402124	0.05379670757771455	0.04197997202759385	0.04905780812619469	83.64572433927188	54.17842867976983	54.91127425027582	59.21666868876059	7.5261713093021925	32.23910455796798
5.414126287151285	0.01	0.01	0.01	0.007	0.01	0.9056597281130694	0.11354983240402124	0.05379670848481407	0.04198001711169491	0.04905780812512823	84.57213448641888	54.636078428319514	55.52337674301695	59.68944979052445	7.605891936339331	31.433704067172386
5.532491564348807	0.01	0.01	0.01	0.007	0.01	0.905659728972272	0.11354983240402124	0.053796709317275725	0.04198006003890869	0.04905780812415679	85.46719396356836	55.07176325217544	56.11757153693261	60.13870810476702	7.683123775330484	30.64837613336382
5.650863084873188	0.01	0.01	0.01	0.007	0.01	0.9056597295305009	0.11354983240402124	0.05379671008275039	0.04198010092602505	0.04905780812326973	86.33169653620674	55.48608645436946	56.694302016689534	60.565094477345525	7.757928936610843	29.8826286602146
5.769240002311386	0.01	0.01	0.01	0.007	0.01	0.9056597298931751	0.11354983240402124	0.05379671078793584	0.041980139881376895	0.049057808122458066	87.16641879706827	55.87963747592347	57.25400218741699	60.96924472444614	7.8303682039813145	29.13597972101709
5.887621752395553	0.01	0.01	0.01	0.007	0.01	0.9056597301287945	0.11354983240402124	0.053796711438714014	0.041980177005574326	0.04905780812171369	87.97212055822193	56.252992142396145	57.79709692010966	61.35177989422717	7.900501067322926	28.40795724636044
6.006007935445893	0.01	0.01	0.01	0.007	0.01	0.9056597302818666	0.11354983240402124	0.053796712040266044	0.04198021239219999	0.04905780812102959	88.74954419018242	56.60671242646171	58.32400148562414	61.71330603318852	7.968385663429176	27.698099667285717
6.124398237989462	0.01	0.01	0.01	0.007	0.01	0.9056597303813095	0.11354983240402124	0.053796712597168804	0.041980246128432416	0.04905780812039966	89.49941438327964	56.94134644246509	58.835121357399636	62.05441419522402	8.034078752410508	27.005956217696095
6.242792377886159	0.01	0.01	0.01	0.007	0.01	0.9056597304459113	0.11354983240402124	0.05379671311347592	0.04198027829560574	0.04905780811981853	90.22243815996565	57.257428577887	59.330852174141675	62.375680593797746	8.09763571526012	26.331087033701063
6.361190057286304	0.01	0.01	0.01	0.007	0.01	0.9056597304878783	0.11354983240402124	0.053796713592787884	0.04198030896971524	0.049057808119281524	90.91930500143678	57.5554796910494	59.81157977350961	62.6776668238227	8.159110560923157	25.673063165383862
6.479590970472648	0.01	0.01	0.01	0.007	0.01	0.9056597305151407	0.11354983240402124	0.05379671403831071	0.04198033822185765	0.049057808118784366	91.59068733204694	57.836007470075046	60.277680468735156	62.96092024815462	8.218555964643226	25.03146626092318
6.597994827387219	0.01	0.01	0.01	0.007	0.01	0.9056597305328504	0.11354983240402124	0.05379671445290634	0.04198036611862208	0.04905780811832363	92.23724106658892	58.099506810124254	60.729521372192536	63.22597440134488	8.276023312123158	24.40588818227214
6.7164013536349785	0.01	0.01	0.01	0.007	0.01	0.9056597305443546	0.11354983240402124	0.05379671483913612	0.041980392722448474	0.049057808117895584	92.8596059973405	58.3464601156016	61.16746061110151	63.473349316423615	8.33156272975074	23.795930765396612
6.834810290487108	0.01	0.01	0.01	0.007	0.01	0.9056597305518277	0.11354983240402124	0.05379671519929672	0.04198041809195238	0.04905780811749747	93.45840617273544	58.57733759582006	61.59184753855941	63.7035518446253	8.385223114170017	23.201205585708866
6.95322143409497	0.01	0.01	0.01	0.007	0.01	0.9056597305566821	0.11354983240402124	0.05379671553545301	0.041980442282203614	0.049057808117126886	94.03425045476185	58.79259762298645	62.00302307399335	63.917076036181406	8.437052178074724	22.621333539001125
7.071634604125857	0.01	0.01	0.01	0.007	0.01	0.9056597305598356	0.11354983240402124	0.05379671584946489	0.04198046534500342	0.049057808116781336	94.58773270107956	58.99268693934455	62.40131978021247	64.11440336971097	8.48709646256391	22.05594478856115
7.190049635922961	0.01	0.01	0.01	0.007	0.01	0.905659730561884	0.11354983240402124	0.05379671614301123	0.04198048732913008	0.04905780811645878	95.11943207974397	59.17804091873768	62.78706203275184	64.29600303641261	8.535401361258355	21.50467858511466
7.308466364821931	0.01	0.01	0.01	0.007	0.01	0.9056597305632144	0.11354983240402124	0.053796716417610184	0.04198050828056652	0.049057808116157196	95.62991335181806	59.349083817180954	63.160566165601395	64.46233221352607	8.582011141478848	20.96718312104832
7.426884649679471	0.01	0.01	0.01	0.007	0.01	0.9056597305640786	0.11354983240402124	0.05379671667463732	0.041980528242691766	0.049057808115875	96.11972732129102	59.50622907805319	63.52214073976981	64.61383639063638	8.626968980734388	20.44311520754059
7.54530438071778	0.01	0.01	0.01	0.007	0.01	0.9056597305646398	0.11354983240402124	0.053796716915341394	0.041980547256462185	0.049057808115610585	96.58941119176657	59.6498795965671	63.87208674774257	64.75094965459365	8.670316995003324	19.932140039299032
7.66372542462672	0.01	0.01	0.01	0.007	0.01	0.9056597305650044	0.11354983240402124	0.05379671714085785	0.04198056536060237	0.04905780811536287	97.03948867521055	59.780427907943015	64.21069763319791	64.87409490150941	8.712096244133539	19.43393122921761
7.782147663777617	0.01	0.01	0.01	0.007	0.01	0.9056597305652413	0.11354983240402124	0.05379671735222091	0.04198058259174393	0.04905780811513022	97.4704704818989	59.89825649419002	64.53825959357545	64.98368416237358	8.752346772341381	18.948170431546448
7.90057099622423	0.01	0.01	0.01	0.007	0.01	0.9056597305653952	0.11354983240402124	0.05379671755037406	0.041980598984566124	0.049057808114911734	97.88285463075292	60.00373802636309	64.85505175299942	65.08011886510472	8.791107632444065	18.474547149706165
8.018995327860582	0.01	0.01	0.01	0.007	0.01	0.905659730565495	0.11354983240402124	0.05379671773617954	0.041980614571929954	0.04905780811470638	98.27712672720216	60.09723559558702	65.16134631138276	65.16379008560452	8.828416907125467	18.012758578609922
8.13742058810755	0.01	0.01	0.01	0.007	0.01	0.90565973056556	0.11354983240402124	0.0537967179104265	0.04198062938499013	0.04905780811451316	98.65376031425978	60.179102958442265	65.457408751569	65.23507881086236	8.864311737218019	17.562509358353086
8.255846698541289	0.01	0.01	0.01	0.007	0.01	0.9056597305656022	0.11354983240402124	0.05379671807383796	0.041980643453319026	0.049057808114331046	99.01321706351168	60.24968474210998	65.74349792293599	65.29435616543681	8.898828334899479	17.123511513401848
8.374273580736313	0.01	0.01	0.01	0.007	0.01	0.9056597305656295	0.11354983240402124	0.05379671822707759	0.04198065680500562	0.04905780811415956	99.35594709702134	60.30931667985445	66.01986622679293	65.34198366489004	8.932002009287615	16.695484238387692
8.492701171952048	0.01	0.01	0.01	0.007	0.01	0.9056597305656473	0.11354983240402124	0.05379671837075545	0.04198066946674136	0.04905780811399801	99.68238931622975	60.35832583927324	66.28675981112521	65.37831346038446	8.96386719298682	16.278153665593496
8.611129393760356	0.01	0.01	0.01	0.007	0.01	0.905659730565659	0.11354983240402124	0.05379671850543287	0.04198068146392198	0.04905780811384542	99.99297159101431	60.3970308236035	66.54441865355916	65.40368856080632	8.994457455174322	15.871252804671464
8.729558199104964	0.01	0.01	0.01	0.007	0.01	0.9056597305656664	0.11354983240402124	0.05379671863162684	0.041980692820704775	0.04905780811370135	100.28811115731712	60.425741999682074	66.79307681680419	65.418443072688	9.023805535191668	15.474521210742784
8.847987540928926	0.01	0.01	0.01	0.007	0.01	0.9056597305656714	0.11354983240402124	0.05379671874981475	0.041980703560097865	0.04905780811356536	100.56821479122006	60.44476168784927	67.03296252320723	65.42290241002907	9.051943354455334	15.087704933489155
8.966417380018003	0.01	0.01	0.01	0.007	0.01	0.9056597305656746	0.11354983240402124	0.05379671886043702	0.041980713704025334	0.04905780811343694	100.83367908648566	60.45438436426764	67.2642983151406	65.41738351200532	9.078902038560717	14.710556330864465
9.084847669314113	0.01	0.01	0.01	0.007	0.01	0.9056597305656766	0.11354983240402124	0.053796718963901334	0.04198072327339816	0.04905780811331558	101.08489067152486	60.45489685543826	67.48730116502031	65.4021950554245	9.104711933414459	14.342833962656034
9.203278377445429	0.01	0.01	0.01	0.007	0.01	0.9056597305656782	0.11354983240402124	0.053796719060584676	0.04198073228816256	0.049057808113200645	101.32222650764447	60.44657853081494	67.70218265821894	65.37763765985905	9.129402629774853	13.984302363287846
9.321709457352979	0.01	0.01	0.01	0.007	0.01	0.905659730565679	0.11354983240402124	0.05379671915083698	0.0419807407673706	0.04905780811309206	101.54605406419603	60.42970149008806	67.90914906887869	65.3440040943203	9.153002975306912	13.63473198923648
9.440140869820796	0.01	0.01	0.01	0.007	0.01	0.9056597305656795	0.11354983240402124	0.05379671923498236	0.04198074872921962	0.04905780811298923	101.7567316037277	60.404530745753284	68.10840153549114	65.30157947154315	9.175541098096884	13.293898999999563
9.558572583476037	0.01	0.01	0.01	0.007	0.01	0.9056597305656799	0.11354983240402124	0.05379671931332181	0.04198075619109991	0.04905780811289196	101.95460840745884	60.37132439856364	68.30013618660831	65.25064143775653	9.197044424265234	12.961585118356771
9.677004566945625	0.01	0.01	0.01	0.007	0.01	0.9056597305656802	0.11354983240402124	0.05379671938613532	0.041980763169643616	0.049057808112799806	102.14002498351141	60.33033381176416	68.48454425158457	65.19146036211491	9.217539693835558	12.6375775151487
9.795436804543225	0.01	0.01	0.01	0.007	0.01	0.9056597305656803	0.11354983240402124	0.05379671945368313	0.04198076968075765	0.049057808112712604	102.31331330789509	60.28180377380992	68.66181220571515	65.1242995107069	9.237052980359715	12.321668632158255
9.913869257051942	0.01	0.01	0.01	0.007	0.01	0.9056597305656804	0.11354983240402124	0.053796719516207646	0.041980775739683146	0.049057808112630046	102.47479697861635	60.22597267868316	68.83212182950804	65.0494152464187	9.255609700982175	12.01365615556035
10.032301908785168	0.01	0.01	0.01	0.007	0.01	0.9056597305656804	0.11354983240402124	0.05379671957393485	0.041980781361007115	0.049057808112551955	102.62479149277677	60.163072668015815	68.99565039534292	64.96705717677071	9.273234640471314	11.71334276115421
10.150734736212708	0.01	0.01	0.01	0.007	0.01	0.9056597305656804	0.11354983240402124	0.05379671962707536	0.041980786558713	0.049057808112477994	102.7636044029722	60.09332980086426	69.15257073339382	64.8774683413914	9.289951961861473	11.42053607253469
10.269167715804272	0.01	0.01	0.01	0.007	0.01	0.9056597305656804	0.11354983240402124	0.053796719675825985	0.041980791346208246	0.04905780811240778	102.89153552719063	60.01696420421092	69.30305135412127	64.78088537377127	9.305785223256395	11.135048517007727
10.387600839716526	0.01	0.01	0.01	0.007	0.01	0.9056597305656804	0.11354983240402124	0.053796719720370346	0.04198079573634538	0.04905780811234159	103.00887715675533	59.93419021122105	69.44725657472878	64.67753864893177	9.320757394849581	10.856697169351136
10.506034107949649	0.01	0.01	0.01	0.007	0.01	0.9056597305656804	0.11354983240402124	0.053796719760880095	0.041980799741454154	0.04905780811227858	103.11591423111787	59.845216509196284	69.5853466112982	64.56765244441077	9.334890872184594	10.585303657262479
10.624467481286105	0.01	0.01	0.01	0.007	0.01	0.9056597305656804	0.11354983240402124	0.05379671979751597	0.041980803373393785	0.049057808112219214	103.21292448194089	59.75024631904424	69.71747762816692	64.45144513970754	9.348207485135097	10.32069415323305
10.7429009440389	0.01	0.01	0.01	0.007	0.01	0.9056597305656804	0.11354983240402124	0.053796719830428295	0.041980806643543034	0.04905780811216303	103.30017867225635	59.649477488908104	69.84380191303718	64.32912931021627	9.360728519665551	10.062699117340564
10.86133447267745	0.01	0.01	0.01	0.007	0.01	0.9056597305656804	0.11354983240402124	0.05379671985975788	0.041980809562840456	0.04905780811210971	103.37794074198337	59.54310265256324	69.96446793741094	64.20091190212797	9.372474727676174	9.811153261271539
10.979768067201798	0.01	0.01	0.01	0.007	0.01	0.9056597305656804	0.11354983240402124	0.053796719885636876	0.04198081214178886	0.049057808112059516	103.44646799825396	59.43130933283298	70.07962048325815	64.06699434076133	9.383466343379606	9.565895376384404
11.098201735455532	0.01	0.01	0.01	0.007	0.01	0.9056597305656804	0.11354983240402124	0.05379671990818869	0.04198081439048413	0.04905780811201201	103.50601126525146	59.31428008086459	70.18940071617253	63.92757268300524	9.393723094241222	9.326768268008845
11.21663546175158	0.01	0.01	0.01	0.007	0.01	0.9056597305656804	0.11354983240402124	0.05379671992752981	0.041980816318652324	0.049057808111967145	103.5568150313217	59.192192633164325	70.29394624722394	63.78283779051093	9.4032642109968	9.093618717662467
11.335069222559282	0.01	0.01	0.01	0.007	0.01	0.9056597305656804	0.11354983240402124	0.05379671994376901	0.041980817935658894	0.04905780811192485	103.59911762073885	59.065220021878304	70.39339123920064	63.632975447118895	9.412108441842872	8.866297349300709
11.453503002191528	0.01	0.01	0.01	0.007	0.01	0.9056597305656804	0.11354983240402124	0.053796719957008944	0.04198081925051726	0.04905780811188501	103.63315135434348	58.93353067781732	70.48786650635623	63.47816646856459	9.420274065731334	8.644658502914103
11.571936800648318	0.01	0.01	0.01	0.007	0.01	0.9056597305656804	0.11354983240402124	0.053796719967345356	0.04198082027190008	0.04905780811184736	103.65914269835463	58.797288535953484	70.57749960231101	63.31858681578516	9.427778904352644	8.428560129127506
11.690370602242533	0.01	0.01	0.01	0.007	0.01	0.9056597305656804	0.11354983240402124	0.053796719974869	0.04198082100817253	0.04905780811181199	103.67731240184987	58.65665318373502	70.66241487678796	63.154407758568446	9.43464033142419	8.217863756992573
11.808804406974172	0.01	0.01	0.01	0.007	0.01	0.9056597305656804	0.11354983240402124	0.053796719979664856	0.04198082146738848	0.0490578081117787	103.68787564655635	58.51177993563126	70.7427335791175	62.98579595289721	9.44087528584931	8.012434348047135
11.927238222686798	0.01	0.01	0.01	0.007	0.01	0.9056597305656804	0.11354983240402124	0.05379671998181288	0.04198082165730857	0.04905780811174752	103.69104218121544	58.36281994821342	70.81857392810426	62.81291356624842	9.446500281844436	7.812140226399924
12.045672041536848	0.01	0.01	0.01	0.007	0.01	0.9056597305656804	0.11354983240402124	0.05379671998138806	0.04198082158542691	0.0490578081117182	103.68701645669508	58.2099203548706	70.8900511727101	62.63591842559803	9.451531418431468	7.616853034294369
12.164105839993642	0.01	0.01	0.01	0.007	0.01	0.9056597305656804	0.11354983240402124	0.05379671997846168	0.041980821258983406	0.049057808111690825	103.67599776324701	58.05322437096775	70.95727766889347	62.45496413101549	9.45598439018822	7.42644764655954
12.2825396337443	0.01	0.01	0.01	0.007	0.01	0.9056597305656804	0.11354983240402124	0.05379671997310007	0.04198082068494251	0.04905780811166515	103.65818035425576	57.892871320986906	71.02036298268322	62.27020007966088	9.45987449938456	7.240802002382281
12.400973407101704	0.01	0.01	0.01	0.007	0.01	0.9056597305656804	0.11354983240402124	0.053796719965366266	0.04198081987004614	0.0490578081116413	103.63375357758584	57.72899682875492	71.07941391969533	62.08177167835151	9.463216663077137	7.059797141441929
12.519407160065859	0.01	0.01	0.01	0.007	0.01	0.9056597305656804	0.11354983240402124	0.05379671995531923	0.041980818820796094	0.04905780811161915	103.60290199357512	57.56173284997302	71.13453462012426	61.889820374151036	9.46602542444273	6.883317052334258
12.637840876949658	0.01	0.01	0.01	0.007	0.01	0.9056597305656804	0.11354983240402124	0.05379671994301459	0.041980817543482485	0.04905780811159853	103.56580550115697	57.39120780820983	71.18582660988197	61.694483804376496	9.46831496124613	6.7112486462589835
12.756274549909566	0.01	0.01	0.01	0.007	0.01	0.9056597305656804	0.11354983240402124	0.05379671992850497	0.04198081604417873	0.049057808111579476	103.52263944946176	57.21754665249399	71.23338887731703	61.495895856628415	9.470099095606532	6.543481648796451
12.874708186789146	0.01	0.01	0.01	0.007	0.01	0.9056597305656804	0.11354983240402124	0.05379671991183991	0.04198081432874611	0.04905780811156187	103.4735747461132	57.04087093247431	71.27731793825781	61.29418674938694	9.47139130279155	6.379908520037049
12.993141787588407	0.01	0.01	0.01	0.007	0.01	0.9056597305656804	0.11354983240402124	0.053796719893065705	0.04198081240285608	0.04905780811154572	103.41877797586774	56.86129891830932	71.31770788793834	61.08948316379841	9.472204719461537	6.220424419688487
13.111575360150903	0.01	0.01	0.01	0.007	0.01	0.9056597305656804	0.11354983240402124	0.05379671987222649	0.04198081027198837	0.04905780811153098	103.3584115024519	56.678945661046995	71.35465046728571	60.88190830752923	9.47255215230971	6.064927118167532
13.230008896633102	0.01	0.01	0.01	0.007	0.01	0.9056597305656804	0.11354983240402124	0.05379671984936348	0.041980807941453195	0.04905780811151758	103.29263358595335	56.49392311040872	71.38823511439745	60.671582044173924	9.472446086231352	5.9133169620940516
13.348442381347937	0.01	0.01	0.01	0.007	0.01	0.9056597305656804	0.11354983240402124	0.05379671982451543	0.04198080541639336	0.049057808111505466	103.22159848439976	56.30634018359699	71.41854902608411	60.45862096687943	9.4718986926152	5.7654967982012515
13.466875814295433	0.01	0.01	0.01	0.007	0.01	0.9056597305656804	0.11354983240402124	0.05379671979771936	0.04198080270177725	0.0490578081114946	103.14545654004728	56.1163028056097	71.44567721994287	60.24313843989849	9.470921837084365	5.621371881632383
13.585309203319142	0.01	0.01	0.01	0.007	0.01	0.9056597305656804	0.11354983240402124	0.053796719769009564	0.04198079980241009	0.04905780811148487	103.06435427932315	55.92391399603478	71.46970258534128	60.0252446931543	9.469527086962628	5.480849826879194
13.703742540575552	0.01	0.01	0.01	0.007	0.01	0.9056597305656804	0.11354983240402124	0.053796719738418604	0.041980796722953885	0.049057808111476385	102.97843452419168	55.72927398094999	71.49070593179955	59.80504694517777	9.467725718996823	5.343840576596311
13.822175833908211	0.01	0.01	0.01	0.007	0.01	0.9056597305656804	0.11354983240402124	0.05379671970597694	0.04198079346791479	0.049057808111469065	102.88783646370284	55.5324802138605	71.50876604728353	59.58264942310957	9.465528726260182	5.2102563066304155
13.940609075473613	0.01	0.01	0.01	0.007	0.01	0.9056597305656804	0.11354983240402124	0.05379671967171345	0.04198079004166751	0.04905780811146283	102.79269576741747	55.333627497328	71.52395974324658	59.35815349677128	9.462946825717156	5.080011406040825
14.059042257428267	0.01	0.01	0.01	0.007	0.01	0.9056597305656804	0.11354983240402124	0.05379671963565503	0.041980786448451206	0.04905780811145771	102.69314466331855	55.132808025900516	71.53636190731729	59.13165772374532	9.459990464971064	4.953022403425984
14.177475387615713	0.01	0.01	0.01	0.007	0.01	0.9056597305656804	0.11354983240402124	0.05379671959782702	0.04198078269236509	0.04905780811145352	102.58931200990212	54.93011142569021	71.54604555247568	58.90325789093156	9.4566698285331	4.829207897275438
14.295908450348957	0.01	0.01	0.01	0.007	0.01	0.9056597305656804	0.11354983240402124	0.053796719558253575	0.041980778777397414	0.04905780811145044	102.48132341387007	54.725624886092575	71.55308186029363	58.673047160024105	9.452994845429776	4.7084885453446885
14.414341461315045	0.01	0.01	0.01	0.007	0.01	0.9056597305656804	0.11354983240402124	0.05379671951695662	0.041980774707396	0.04905780811144833	102.36930126326179	54.51943312882675	71.55754023073186	58.4411160297518	9.44897519401178	4.590786956898024
14.532774428357502	0.01	0.01	0.01	0.007	0.01	0.9056597305656804	0.11354983240402124	0.05379671947395742	0.04198077048609731	0.04905780811144717	102.25336484111918	54.31161853651799	71.55948832313359	58.20755247796127	9.444620309246703	4.47602768458153
14.651207335789348	0.01	0.01	0.01	0.007	0.01	0.9056597305656804	0.11354983240402124	0.053796719429275414	0.04198076611713999	0.049057808111446874	102.13363042089136	54.102261241292744	71.55899210082146	57.97244205849384	9.439939389569311	4.364137189664152
14.769640191454107	0.01	0.01	0.01	0.007	0.01	0.9056597305656804	0.11354983240402124	0.05379671938292903	0.04198076160403975	0.04905780811144755	102.01021129631029	53.89143910084113	71.55611587426274	57.7358678717553	9.434941401088134	4.255043749296798
14.88807297966482	0.01	0.01	0.01	0.007	0.01	0.9056597305656804	0.11354983240402124	0.05379671933493522	0.04198075695022319	0.04905780811144919	101.88321790296285	53.679227838739344	71.55092234256878	57.49791071988802	9.429635085230062	4.148677455045054
15.006505716108498	0.01	0.01	0.01	0.007	0.01	0.9056597305656804	0.11354983240402124	0.053796719285310296	0.041980752158996736	0.04905780811145147	101.75275783269201	53.46570100222427	71.54347263208443	57.25864905711035	9.424028962017374	4.044970117944348
15.124938400785163	0.01	0.01	0.01	0.007	0.01	0.9056597305656804	0.11354983240402124	0.053796719234068736	0.04198074723357935	0.04905780811145469	101.6189359533049	53.25093010041492	71.53382633699802	57.01815914255955	9.418131337580178	3.9438552679517818
15.243371018007881	0.01	0.01	0.01	0.007	0.01	0.9056597305656804	0.11354983240402124	0.05379671918122462	0.04198074217710661	0.049057808111458726	101.4818544794746	53.034984658130924	71.52204155913098	56.776515098377665	9.411950309718403	3.845268109600102
15.361803575620163	0.01	0.01	0.01	0.007	0.01	0.9056597305656804	0.11354983240402124	0.053796719126790724	0.04198073699260882	0.04905780811146362	101.34161299477182	52.81793219619156	71.50817494172432	56.53378888566319	9.405493771130848	3.7491454474165327
15.480236081465511	0.01	0.01	0.01	0.007	0.01	0.9056597305656804	0.11354983240402124	0.05379671907077884	0.04198073168302926	0.04905780811146929	101.19830854256192	52.599838324097284	71.4922817071581	56.29005040633153	9.398769415606044	3.655425666243547
15.598668543387415	0.01	0.01	0.01	0.007	0.01	0.9056597305656804	0.11354983240402124	0.053796719013199906	0.0419807262512267	0.049057808111475615	101.05203568968776	52.38076678914689	71.47441569250041	56.04536755619331	9.391784743000986	3.5640486917076237
15.717100930012036	0.01	0.01	0.01	0.007	0.01	0.9056597305656804	0.11354983240402124	0.05379671895406405	0.041980720700003686	0.04905780811148273	100.90288663841339	52.16077959730866	71.45462939103103	55.79980635814761	9.38454706653304	3.4749559808073123
15.835533264869797	0.01	0.01	0.01	0.007	0.01	0.9056597305656804	0.11354983240402124	0.053796718893380224	0.04198071503204943	0.049057808111490665	100.75095116966774	51.93993688542814	71.43297397114682	55.55343081780606	9.377063511870633	3.388090412530433
15.953965555804178	0.01	0.01	0.01	0.007	0.01	0.9056597305656804	0.11354983240402124	0.05379671883115718	0.04198070924998692	0.0490578081114992	100.59631678857811	51.71829709708883	71.40949931950935	55.30630311829349	9.369341025851659	3.303396306214244
16.0	0.01	0.01	0.01	0.007	0.01	0.9056597305656804	0.11354983240402124	0.05379671880656202	0.04198071509736978	0.04905780811150269	100.53550061568856	51.63194317079842	71.39989425239082	55.21005497731507	9.366276282155457	3.271050183730969
