0.0	0.01	0.01	0.01	0.007	0.01	0.0	0.0	0.0	0.0	0.0	0.0	0.0	0.0	0.0	0.0	100.0
0.003323890792916374	0.01	0.01	0.01	0.007	0.01	0.01071459880650822	0.002672671392436243	0.003297321183449898	0.003965446502992938	0.005450336517221336	0.0006306995631789439	0.0009269850058221394	0.0020071395774761145	0.004708276658825728	0.0005070699964509929	99.92102615128256
0.0052299980758110385	0.01	0.01	0.01	0.007	0.01	0.0167959431269942	0.004173638601576196	0.005093049945040751	0.006051161860525912	0.008453813005610763	0.0015567600803197512	0.002282324969709015	0.004906063928350289	0.01140905078595764	0.0012429191265182478	99.87576621354884
0.008145217240369517	0.01	0.01	0.01	0.007	0.01	0.02600891321825504	0.00642550556628011	0.007712303992385145	0.008998324295178798	0.012882496780154542	0.003758579377577511	0.00548926961530953	0.011671064660139771	0.026791968879599934	0.0029693447438268396	99.80658487164743
0.010791469408642377	0.01	0.01	0.01	0.007	0.01	0.03428072825077732	0.008424722843082537	0.009963121843207287	0.011439353103229865	0.016736806853785396	0.006570038721882435	0.00956217279870935	0.020132163656858233	0.04569037285901424	0.005141479450720065	99.74382790406449
0.013871983167145838	0.01	0.01	0.01	0.007	0.01	0.04380196948154123	0.01069943904360621	0.012439722421598302	0.014025600809922918	0.021034334960206538	0.01080388156086607	0.015661404363123813	0.032604125198531446	0.07304657101578153	0.00836303177861966	99.67082194661428
0.016990743167725548	0.01	0.01	0.01	0.007	0.01	0.05332441037491099	0.012946110753794683	0.014798580023949019	0.016389952315586653	0.02518820954209458	0.016128819779187342	0.0232865969074067	0.04793694468691345	0.10604699894612149	0.012349685909188342	99.5969640154586
0.02034926480139426	0.01	0.01	0.01	0.007	0.01	0.06344889437065465	0.01530375886235652	0.01718185992138667	0.018678709605495	0.029452264727791368	0.02301404746568542	0.03308475638758561	0.06730128221092661	0.14693403591198795	0.017419200294058777	99.51748929298131
0.02382921600025	0.01	0.01	0.01	0.007	0.01	0.07379905472727949	0.01768087384692349	0.019490505535962956	0.020797802402459462	0.03365562410009316	0.03138750076366019	0.04492313475909692	0.090281722234744	0.19452119271606955	0.023479006868065776	99.4352080075799
0.027488254640107297	0.01	0.01	0.01	0.007	0.01	0.08452987937495246	0.02011011031413983	0.021753201213892306	0.022779008134333412	0.03785496268463422	0.04152971273686405	0.05916535359176264	0.11742437307497819	0.2496402355885972	0.030690680092293497	99.34876568176045
0.03129337403362501	0.01	0.01	0.01	0.007	0.01	0.09552622289912788	0.02256218072232854	0.02393950439021199	0.02460117648252804	0.041998718969162255	0.05350639238927702	0.07586585581830327	0.14865706343227472	0.3118356032038311	0.03905522246822532	99.25895200275674
0.035263348700976575	0.01	0.01	0.01	0.007	0.01	0.10682458965502892	0.025042316380162556	0.026052430102414658	0.026273986878079088	0.046095373065724726	0.06752762365337917	0.09527589127932583	0.1842646032574925	0.38137377406801665	0.04867101000018758	99.16533372740977
0.03939209124896396	0.01	0.01	0.01	0.007	0.01	0.11838882081255597	0.027539598156903062	0.02808144184641937	0.0277966450507995	0.050123219510797165	0.08373136377823005	0.11753972958849175	0.2243134222250748	0.4580852739445756	0.059580088857195554	99.06806511900929
0.04368907884504369	0.01	0.01	0.01	0.007	0.01	0.13022616653801983	0.030052694579607457	0.030025026189616826	0.02917620187095646	0.05406792957303425	0.10231717005237592	0.14287993884791003	0.26899511282135363	0.5420466733628441	0.07185905205406135	98.96693416114782
0.04815750756263474	0.01	0.01	0.01	0.007	0.01	0.14232506194210923	0.032576212726146886	0.031879046114959966	0.030418126036006878	0.05789032381415068	0.12346938573707517	0.1714905283953058	0.3184308640275553	0.6332025534075	0.08556257717971665	98.86187777833615
0.05280629123518789	0.01	0.01	0.01	0.007	0.01	0.1546882342215585	0.03510777020239077	0.03364230268029908	0.03153019806414838	0.061523875438127096	0.14740841850866127	0.20360619149480536	0.3727937771635798	0.7315990358350845	0.10074973977929168	98.75269946573427
0.05763606619754441	0.01	0.01	0.01	0.007	0.01	0.16729512600485447	0.037640249374370056	0.0353109888848914	0.032518735162292506	0.0648516573579046	0.17432161024086992	0.23940862571669685	0.43214941589039224	0.8370960742860791	0.11742747893871384	98.63939821145406
0.06261340215898999	0.01	0.01	0.01	0.007	0.01	0.18003858842154946	0.040149919299477074	0.03687237106775223	0.03338566260354984	0.06770353961325123	0.20418504973041468	0.278794362147644	0.49609340937621393	0.948758607988919	0.13543270602941906	98.52277134665799
0.06772743274214033	0.01	0.01	0.01	0.007	0.01	0.1928742995437326	0.042626718444743805	0.038324896727480386	0.034140123933514316	0.06994190110201084	0.23706565285385248	0.32178024524611537	0.5644385046097051	1.0660945486465814	0.15461756492319956	98.40308513585107
0.07306095331117797	0.01	0.01	0.01	0.007	0.01	0.20598821008654958	0.04510432792609764	0.03969169897679459	0.034802720414459816	0.07152415114054397	0.27367209827289146	0.3692090171972266	0.6382816073876147	1.1908061739361864	0.17515222953872206	98.2784169786643
0.07863989470491872	0.01	0.01	0.01	0.007	0.01	0.21941381915467903	0.04758549834156477	0.04097576979992228	0.03538192907910779	0.07246030018655807	0.31442811691228123	0.42152697612705176	0.7180271670581008	1.323360280036576	0.19698049656972483	98.14818125177213
0.08444941378211748	0.01	0.01	0.01	0.007	0.01	0.23308415084902034	0.050054410679932035	0.04217109641360677	0.03588204549356314	0.0728405312929182	0.35947710398516913	0.47880627843543	0.8034880800798078	1.463251659653194	0.21988108688855262	98.01274630952655
0.09049119319890622	0.01	0.01	0.01	0.007	0.01	0.2469729416076162	0.052503411015516976	0.043277317179184524	0.036310043393988405	0.07280314280128578	0.4090727522391079	0.5412516091502767	0.8946797347761847	1.6103484005826783	0.24371328675499562	97.87209501713986
0.09679573744952148	0.01	0.01	0.01	0.007	0.01	0.2611175379160614	0.05493605519528742	0.044299544250367924	0.036674589876692656	0.072480278099061	0.46372480448731757	0.6093742899918821	0.9920469498774289	1.765224685016546	0.26847842168151986	97.7255418100474
0.10342096134737214	0.01	0.01	0.01	0.007	0.01	0.2756077840552627	0.05736387238578706	0.04524539344185172	0.03698431522097954	0.07197303507787342	0.5242522967567421	0.684041250523283	1.0964874228416408	1.9291526542856239	0.29431004199737054	97.57177066646503
0.11040955543055705	0.01	0.01	0.01	0.007	0.01	0.2904883109217963	0.05978942592368517	0.04611800051395371	0.037245518809218586	0.07135425032515852	0.5914297434491592	0.7660247105849803	1.2086929804585365	2.1030490634096677	0.32129820646016993	97.40982793867019
0.11779320997049127	0.01	0.01	0.01	0.007	0.01	0.3057711639256173	0.06220925181132664	0.046918330653526005	0.03746343067493441	0.07067595212795266	0.6659962746303244	0.8560151045071615	1.3291866629792037	2.287560270064978	0.34950199410825006	97.23902269135854
0.12559608211748577	0.01	0.01	0.01	0.007	0.01	0.32144573345006816	0.06461609697654982	0.04764668609136294	0.037642861382029	0.0699751456816855	0.7486667309677737	0.9546359755308023	1.4583600114083524	2.4831394707023207	0.37896089811121797	97.0588452112934
0.1338440245347397	0.01	0.01	0.01	0.007	0.01	0.3374987089483543	0.06700238473920367	0.04830409339369922	0.03778857008539061	0.06927747671988237	0.840216631023705	1.0625449359911798	1.5966168103619487	2.690275420565042	0.4097281729804037	96.86875348779158
0.1425659840072337	0.01	0.01	0.01	0.007	0.01	0.3539161948378015	0.06936059516529938	0.048892365839395775	0.03790518086758342	0.06860048484621982	0.9415012336465481	1.180451334408692	1.7443966486625433	2.9095283658581113	0.4418738459808291	96.66814200572978
0.15179517633762807	0.01	0.01	0.01	0.007	0.01	0.3706849058736093	0.07168345857838734	0.04941405831201057	0.03799708528256579	0.06795597134006796	1.05347574148394	1.3091335958679773	1.9021959316692243	3.1415598929048003	0.47548712641660196	96.45631618003083
0.16156848881017583	0.01	0.01	0.01	0.007	0.01	0.38778986204371596	0.0739636542124948	0.049872296804936544	0.03806834664038123	0.06735176158857344	1.1771958636718756	1.4494326536241182	2.0705587086911623	3.3871172893932595	0.5106726326653243	96.23250786245791
0.17192642002616207	0.01	0.01	0.01	0.007	0.01	0.405213227413807	0.07619372491656659	0.05027068359825419	0.03812264755889866	0.06679285329762144	1.3138231373637494	1.6022506932440825	2.2500757963098827	3.647030517090267	0.5475490219791802	95.99587861031478
0.1829127143990106	0.01	0.01	0.01	0.007	0.01	0.4229327377501368	0.0783659822348747	0.05061320702023301	0.03816325950789548	0.06628218813427288	1.4646249525650186	1.768543780039825	2.4413781742692686	3.9222008128891304	0.5862467993817787	95.74553010325828
0.19457425250946264	0.01	0.01	0.01	0.007	0.01	0.4409207400849113	0.08047253633368397	0.05090417294041353	0.03819303298759227	0.06582114289986393	1.6309760369025732	1.9493163591847606	2.6451344866572737	4.21359513249954	0.6269072328633517	95.48050885552716
0.20696093141115451	0.01	0.01	0.01	0.007	0.01	0.4591433683194538	0.08250537661127261	0.05114813275401082	0.03821440162615904	0.06540985512520844	1.8143580932102839	2.1456140966464505	2.86204825877545	4.5222397978662725	0.6696813127271799	95.19981135484309
0.22012572760956303	0.01	0.01	0.01	0.007	0.01	0.47756015245662353	0.08445652803747612	0.0513498067473997	0.038229398406489715	0.06504744219027936	2.0163603073379783	2.3585182737776487	3.0928582662696993	4.849218159148758	0.7147293515365227	94.90238528776801
0.23412484184316593	0.01	0.01	0.01	0.007	0.01	0.49612386798288793	0.0863182457833663	0.051513996146454966	0.03823968176565059	0.06473216577058279	2.238679538465061	2.5891405872939943	3.3383402970269027	5.19566968469595	0.7622207993029341	94.5871292251919
0.24901791186366082	0.01	0.01	0.01	0.007	0.01	0.514780593891796	0.08808323305297788	0.05164548588671333	0.03824656999434906	0.06446157093694446	2.4831200239136497	2.8386184004364305	3.599309963602969	5.562790078453597	0.8123341844090124	94.25289114836944
0.2648681102096695	0.01	0.01	0.01	0.007	0.01	0.5334697615752877	0.08974485160555722	0.051748942191065156	0.03825108186482606	0.06423261944367906	2.751589459802339	3.108107557601277	3.8766232130125617	5.951827886318624	0.8652565452538644	93.89846997479557
0.2817419221167063	0.01	0.01	0.01	0.007	0.01	0.5521240602662315	0.09129731053992222	0.051828812765914584	0.03825398104546489	0.06404182450845547	3.046087181721508	3.398769176945424	4.171170832830339	6.364072686363051	0.921181692213614	93.52262460984404
0.2997084602415594	0.01	0.01	0.01	0.007	0.01	0.5706692429372753	0.0927358378857992	0.051889238026191324	0.03825582152368478	0.06388538663444616	3.3686805427249156	3.7117477430591195	4.483864455946384	6.800831682385372	0.980306883046765	93.12409351841113
0.3188382210260555	0.01	0.01	0.01	0.007	0.01	0.5890239923037088	0.09405684494946773	0.05193397965095158	0.038256991282134195	0.06375932759326473	3.721466144859287	4.048138798204206	4.8156125756913175	7.263392900578326	1.0428276783285353	92.70162658455719
0.3392015117849361	0.01	0.01	0.01	0.007	0.01	0.6071003101679808	0.09525810488858935	0.051966370514805654	0.038257751951395684	0.06365961829155792	4.106518830583762	4.408950622839797	5.167290852619487	7.752981170637054	1.1089318140157354	92.25402375296514
0.3608670365891409	0.01	0.01	0.01	0.007	0.01	0.6248049206539423	0.09633894825688177	0.051989286987202385	0.03825827288819904	0.06358229838077459	4.525837807766759	4.7950695584282155	5.53971541399544	8.270719099998889	1.1787937328458207	91.78016939141399
0.38390126507858513	0.01	0.01	0.01	0.007	0.01	0.6420419540590135	0.09730044760191534	0.05200514282130161	0.03825865895537785	0.06352358634672117	4.981304182219797	5.207241495986405	5.933629884720117	8.817607940749058	1.2525717848565272	91.27904874519194
0.40836910312732494	0.01	0.01	0.01	0.007	0.01	0.6587167450674278	0.09814553717633014	0.05201590307811377	0.038258972012449634	0.0634799773320308	5.474664157736068	5.646079991681542	6.34971459717009	9.394539915624833	1.330409678787548	90.74973575846744
0.4343357690932846	0.01	0.01	0.01	0.007	0.01	0.6747399736544059	0.09887900370281814	0.052023115779118334	0.03825924666717057	0.0634483234771717	6.00754041808749	6.112099518455001	6.788615511568787	10.00233830061531	1.4124417315078581	90.19135541067176
0.46186925868378226	0.01	0.01	0.01	0.007	0.01	0.6900312396619095	0.09950731863280349	0.05202795788998021	0.038259501179415366	0.06342588945433408	6.581461801693949	6.605761771287711	7.250981561626005	10.641809317734943	1.498799819410546	89.60303495074571
0.4910425660061626	0.01	0.01	0.01	0.007	0.01	0.7045214652000757	0.1000383320775664	0.052031290594527685	0.03825974456080742	0.06341037768388805	7.197894013694451	7.127518339178722	7.737495971724744	11.31378557740293	1.5896193338751523	88.98386249735869
0.5219349821446284	0.01	0.01	0.01	0.007	0.01	0.7181540310501089	0.1004808842200221	0.05203371778273052	0.038259980906068615	0.06339992278608601	7.8582549420645185	7.6778359746346485	8.248890368505993	12.019145488008382	1.685042036327662	88.33286735840059
0.554632145972582	0.01	0.01	0.01	0.007	0.01	0.7308849645210077	0.10084439715806802	0.052035642110691546	0.03826021186161293	0.06339306025398526	8.563904792462623	8.257197865089916	8.785937025898921	12.758802219549441	1.785214909865026	87.64902815297236
0.5892248844368719	0.01	0.01	0.01	0.007	0.01	0.742682658030109	0.10113849511995374	0.05203731474557942	0.03826043793693978	0.06338867764925836	9.316109722186196	8.866081792807671	9.349420948242408	13.533664725173034	1.890285287811227	86.93130670253609
0.6258069326213006	0.01	0.01	0.01	0.007	0.01	0.7535274739368283	0.10137267733973102	0.05203887710173583	0.03826065915160779	0.06338595719715193	10.115980298553797	9.504917813526598	9.940094500708756	14.344574794174099	2.0003927323051816	86.17870434817861
0.6644720191682039	0.01	0.01	0.01	0.007	0.01	0.7634115270821941	0.10155605294910734	0.05204039465048765	0.0382608753317823	0.0633843172035725	10.964396287337824	10.174035453095234	10.558623695657582	15.192232938504395	2.1156593389559752	85.39032917028271
0.7053109207217958	0.01	0.01	0.01	0.007	0.01	0.7723387087019834	0.10169713520274447	0.05204188376892388	0.038261086237981544	0.06338335756705754	11.861933214086323	10.873612219255808	11.205536712156649	16.07712783625333	2.2361804250716193	84.56546068054857
0.7484094854730454	0.01	0.01	0.01	0.007	0.01	0.7803248826191947	0.10180368942099668	0.05204333269015801	0.03826129162148453	0.06338281246631992	12.808815271273371	11.60364112784558	11.881190748692017	16.999491417406286	2.3620185924246497	83.70359147145811
0.7938485453074197	0.01	0.01	0.01	0.007	0.01	0.7873979846210604	0.10188262854303766	0.05204471728079424	0.03826149125548019	0.06338251154306535	13.80491651658152	12.363931823644997	12.585770693407412	17.959297754914203	2.493203668162332	82.80442857162855
0.8417063578561	0.01	0.01	0.01	0.007	0.01	0.7935976917955962	0.101939953238404	0.05204601206232643	0.03826168495906006	0.06338234962664938	14.849823915660195	13.154153254473375	13.319327321255123	18.95631568412244	2.6297399505947108	81.86784453974093
0.8920632968876093	0.01	0.01	0.01	0.007	0.01	0.7989743592628393	0.1019807355261889	0.05204719686467187	0.0382618726166031	0.06338226424096902	15.942952654962896	13.973909128636052	14.08184746700388	19.99020405976361	2.7716193455218314	80.89378773985858
0.9450078873911723	0.01	0.01	0.01	0.007	0.01	0.8035871612137861	0.10200914506495144	0.05204825976256142	0.03826205419007463	0.06338221968922608	17.08368851964647	14.822827390641038	14.87333929087502	21.060625959372597	2.9188372465449532	79.8821731520058
1.0006430180559909	0.01	0.01	0.01	0.007	0.01	0.8075016277702801	0.10202851377069479	0.052049197262172886	0.03826222972196248	0.0633821963441424	18.27152622939857	15.700642227277381	15.693912897408396	22.167354595467128	3.071407488707976	78.8327787747794
1.0590916195207083	0.01	0.01	0.01	0.007	0.01	0.810786940115499	0.10204142971676634	0.05205001284685203	0.0382623993297232	0.06338218380207811	19.50618395899382	16.607256429076244	16.54384484417815	23.310355293894496	3.2293742508068792	77.74516218348226
1.1205015407017689	0.01	0.01	0.01	0.007	0.01	0.8135133347223529	0.10204984792109391	0.05205071486626798	0.03826256319433682	0.06338217672760355	20.787685745820266	17.542780249543323	17.423622594849146	24.489838293151756	3.3928201819433523	76.61860225943482
1.1850499328809283	0.01	0.01	0.01	0.007	0.01	0.8157498688203872	0.1020552054851204	0.05205131445891217	0.03826272154649295	0.06338217245635927	22.116417143873484	18.507552175850662	18.333973627977244	25.706288821383527	3.5618716351088624	75.45206005765675
1.252947511812722	0.01	0.01	0.01	0.007	0.01	0.8175626565021382	0.10205853090246816	0.05205182386856787	0.03826287465276344	0.06338216967861945	23.49316107711007	19.50214725139536	19.275884300210894	26.96048128420584	3.7367019573582807	74.24415226842942
1.324443123224036	0.01	0.01	0.01	0.007	0.01	0.8190135874375695	0.10206054094203637	0.05205225526213435	0.038263022803168616	0.06338216774937674	24.919121592031114	20.527378425471753	20.25061364263055	28.253484307419676	3.917533795566844	72.99313059202741
1.3998290766453012	0.01	0.01	0.01	0.007	0.01	0.8201594827888662	0.10206172193718077	0.052052620006596745	0.03826316630077068	0.0633821663421645	26.395942957753864	21.584295726108767	21.259706897114917	29.586662631801907	4.10464130197793	71.69686077094119
1.4794474437401928	0.01	0.01	0.01	0.007	0.01	0.8210516140823408	0.10206239494466914	0.052052928299294136	0.0382633054527821	0.06338216528195102	27.92572483976868	22.674182927053828	22.305008980256297	30.96167547565936	4.298352261440605	70.35280089508701
1.5636975478852952	0.01	0.01	0.01	0.007	0.01	0.821735512393009	0.10206276594871874	0.05205318903961087	0.03826344056234277	0.0633821644669138	29.511033682346095	23.798550849989894	23.388677732082407	32.380470362134744	4.4990500972138765	68.95797897337556
1.6530442433987087	0.01	0.01	0.01	0.007	0.01	0.8222509982228118	0.1020629631771742	0.05205340984735052	0.038263571918330914	0.06338216383242948	31.154897552513933	24.95911727201546	24.513188095841073	33.845259859337425	4.7071740958563355	67.50898093614384
1.7480245237065604	0.01	0.01	0.01	0.007	0.01	0.8226323721698149	0.10206306391326389	0.05205359715709994	0.03826369977581595	0.06338216333439213	32.860735771460206	26.15773844766352	25.681293808858072	35.358437157896276	4.923211653273967	66.0019919782371
1.849241453051531	0.01	0.01	0.01	0.007	0.01	0.8229087133534557	0.10206311312911401	0.05205375633525291	0.03826382430253465	0.0633821629411816	34.63203574653831	27.396161661069012	26.89581757445275	36.922265591357366	5.1476587167044325	64.43305814642055
1.9572909332960768	0.01	0.01	0.01	0.007	0.01	0.8231042218177691	0.10206313600428843	0.0520538917556371	0.0382639453930687	0.06338216262956976	36.47090426991174	28.67499900885042	28.15866786113543	38.53758402428816	5.380837508003164	62.79934928611725
2.0723182288291286	0.01	0.01	0.01	0.007	0.01	0.8232384715288439	0.1020631460425317	0.05205400664298684	0.038264061934067596	0.06338216238282009	38.37080982949995	29.988726465028723	29.46584538274074	40.197487090817205	5.621975690857215	61.105632728841464
2.1918475975886453	0.01	0.01	0.01	0.007	0.01	0.8233264131383691	0.10206315014485509	0.05205410211642786	0.03826416960868798	0.06338216219100061	40.28356331513485	31.303230584720513	30.78460006895314	41.85892923422621	5.865003808976239	59.39400519494379
2.308277050954359	0.01	0.01	0.01	0.007	0.01	0.8233802017960786	0.10206315170060767	0.052054177465290945	0.03826426304182005	0.06338216204878884	42.088008579659096	32.535459248028396	32.031430631776814	43.41692379226235	6.094536840858581	57.77287418559973
2.4176274673593827	0.01	0.01	0.01	0.007	0.01	0.8234125479603653	0.10206315229170584	0.05205423596194035	0.038264346736404053	0.06338216194431127	43.73137363559353	33.65070140358581	33.169468193197794	44.82748918679304	6.303825817169411	56.29062644677022
2.5220503382044535	0.01	0.01	0.01	0.007	0.01	0.8234328059991458	0.1020631525315659	0.05205428302422823	0.03826442541633564	0.06338216186422291	45.25542546468271	34.678695642905936	34.22717232699457	46.12813949953785	6.4981459651364935	54.91068282830397
2.6248123384888125	0.01	0.01	0.01	0.007	0.01	0.8234460576258489	0.10206315263472536	0.05205432257632076	0.038264498966427286	0.06338216179981745	46.71313477857075	35.655984161589146	35.24103315103591	47.36504994793584	6.68422516345215	53.585717857312034
2.7281489465084197	0.01	0.01	0.01	0.007	0.01	0.8234549370457084	0.10206315268031242	0.05205435682703611	0.03826456741009982	0.0633821617463115	48.137904940091886	36.60525840759098	36.2341925251927	48.56691685140342	6.866318892815341	52.28558204334182
2.8329506931369064	0.01	0.01	0.01	0.007	0.01	0.8234609142715087	0.10206315270047485	0.0520543869022526	0.03826463139625244	0.06338216170115782	49.54182048111561	37.53458954764937	37.215082699081215	49.7439549909128	7.045972729101496	50.9992276761723
2.9391073064477915	0.01	0.01	0.01	0.007	0.01	0.8234649105965051	0.10206315270928139	0.05205441339648104	0.03826469140583306	0.06338216166287071	50.92278112540157	38.44254072332206	38.18226778752374	50.89434492748373	7.222921157767119	49.7285038450712
3.0460279706687325	0.01	0.01	0.01	0.007	0.01	0.8234675561139423	0.10206315271307277	0.05205443671091086	0.03826474772390754	0.06338216163038946	52.27291524334146	39.32395532430135	39.130240519527895	52.011548841590155	7.396156144971819	48.48063686528803
3.1531072622159666	0.01	0.01	0.01	0.007	0.01	0.8234692941717175	0.10206315271468931	0.052054457212690565	0.03826480063213203	0.06338216160280627	53.58508798135475	40.174303311582506	40.05395479751917	53.08981284760992	7.564758541185422	47.26230134923269
3.2599793381482036	0.01	0.01	0.01	0.007	0.01	0.8234704321982086	0.10206315271537619	0.052054475272788205	0.03826485045157396	0.06338216157930032	54.85585683374406	40.991568565151866	40.95091668891279	54.12656234317105	7.72827890467308	46.076852391034144
3.366549756059112	0.01	0.01	0.01	0.007	0.01	0.8234711774173121	0.10206315271566838	0.05205449124827307	0.03826489747699387	0.06338216155915133	56.08535829585761	41.77609287574798	41.82113606197008	55.12221006621532	7.886726081583786	44.92435825219308
3.472898752171938	0.01	0.01	0.01	0.007	0.01	0.8234716662860408	0.102063152715793	0.05205450545678785	0.038264941935174296	0.06338216154175823	57.27574654748022	42.529503573859685	42.666050803126375	56.078800537177216	8.04036892047738	43.8029960597129
3.579161035358236	0.01	0.01	0.01	0.007	0.01	0.8234719875938126	0.10206315271584634	0.05205451816360275	0.03826498399879404	0.06338216152663931	58.429612112862316	43.25367197598836	43.48742028769938	56.99869047362853	8.189533752675118	42.710504603581
3.6854436917115025	0.01	0.01	0.01	0.007	0.01	0.823472199016137	0.1020631527158692	0.052054529582581555	0.038265023816159045	0.06338216151341597	59.54905110638782	43.950122827763416	44.28666551063657	57.88379904032726	8.334484338707666	41.6450593347833
3.7917962712403432	0.01	0.01	0.01	0.007	0.01	0.8234723381742456	0.10206315271587896	0.052054539885032516	0.03826506152880017	0.06338216150179012	60.63541981864577	44.619894824679	45.064688884125104	58.73542962137031	8.475389597674322	40.605517523226204
3.898218707103633	0.01	0.01	0.01	0.007	0.01	0.8234724297427535	0.10206315271588312	0.05205454921035243	0.038265097275844935	0.06338216149152365	61.689509109741806	45.26366586811966	45.821992289653544	59.55442781051267	8.612345549125783	39.59126731982899
4.004685390874146	0.01	0.01	0.01	0.007	0.01	0.8234724899681918	0.1020631527158849	0.05205455767495569	0.03826513119172832	0.06338216148242216	62.711850325938286	45.88195287625211	46.55889180287793	60.34143468094841	8.745414560090083	38.601945210385445
4.11116771890335	0.01	0.01	0.01	0.007	0.01	0.823472529563537	0.10206315271588565	0.05205456537836903	0.038265163402113264	0.0633821614743235	63.7029594437225	46.47526481301186	47.27569155400636	61.097081192311414	8.874656914455565	37.63720471698065
4.217646932840147	0.01	0.01	0.01	0.007	0.01	0.8234725555902874	0.10206315271588598	0.05205457240689228	0.03826519402074466	0.0633821614670919	64.6634538436659	47.04417197845112	47.97276841659368	61.82207648720035	9.000146064471357	36.696602197171124
4.324116693919919	0.01	0.01	0.01	0.007	0.01	0.8234725726975406	0.10206315271588612	0.05205457883571335	0.03826522314865853	0.06338216146061174	65.59405921999382	47.589306711097784	48.65057836484813	62.51720903147781	9.121969666718106	35.77958694399549
4.430579407073101	0.01	0.01	0.01	0.007	0.01	0.8234725839426758	0.10206315271588617	0.05205458473029908	0.038265250875582815	0.06338216145478553	66.49556137108222	48.11133176610034	49.30962271374675	63.18330653400869	9.240223405033838	34.885545522056255
4.53704077637089	0.01	0.01	0.01	0.007	0.01	0.8234725913349807	0.1020631527158862	0.05205459014754665	0.038265277282405474	0.06338216144953034	67.36875083710775	48.61090629724696	49.95040844314292	63.82119267851065	9.355003807063223	34.01385479965689
4.643505737394979	0.01	0.01	0.01	0.007	0.01	0.8234725961947267	0.1020631527158862	0.05205459513689439	0.038265302443456044	0.06338216144477606	68.21438754089458	49.08866523955106	50.57342242022755	64.43166082155976	9.466403613030286	33.16391684073455
4.749976687786848	0.01	0.01	0.01	0.007	0.01	0.8234725993895656	0.1020631527158862	0.05205459974138988	0.038265326427997584	0.06338216144046273	69.0331892020355	49.54521337792921	51.17912262983317	65.01546636400921	9.574510226278713	32.335171092912894
4.856453606727187	0.01	0.01	0.01	0.007	0.01	0.8234726014898305	0.1020631527158862	0.0520546039986672	0.038265349300909454	0.06338216143653883	69.8258360595057	49.9811289117127	51.767941302261455	65.57333123628803	9.679406300655026	31.527090462096808
4.962935140491959	0.01	0.01	0.01	0.007	0.01	0.8234726028704835	0.1020631527158862	0.05205460794178735	0.0382653711228415	0.06338216143296023	70.59298200866297	50.3969703458948	52.34029288403074	66.10595265713106	9.78117118447232	30.7391706661231
5.0694197024687835	0.01	0.01	0.01	0.007	0.01	0.8234726037780571	0.1020631527158862	0.052054611599927504	0.0382653919502293	0.06338216142968903	71.33526409805685	50.79328205486774	52.89658096149213	66.61401022564716	9.879882164298243	29.970920858302343
5.17590612907832	0.01	0.01	0.01	0.007	0.01	0.8234726043746394	0.1020631527158862	0.05205461499893637	0.03826541183539626	0.06338216142669172	72.05330746976341	51.170597041322736	53.43720192132193	67.0981694461751	9.97561511772338	29.22185860973932
5.282393898466015	0.01	0.01	0.01	0.007	0.01	0.8234726047667906	0.1020631527158862	0.05205461816178319	0.03826543082678349	0.06338216142393954	72.74772660783653	51.52943756323299	53.96254591050071	67.55908253220694	10.068444681676567	28.49150855611699
5.388882933070432	0.01	0.01	0.01	0.007	0.01	0.8234726050245617	0.1020631527158862	0.05205462110892731	0.03826544896933404	0.06338216142140733	73.41912375739298	51.87031427031792	54.47299566811515	67.99738729788831	10.158444043706387	27.779403990835146
5.495373352801919	0.01	0.01	0.01	0.007	0.01	0.8234726051940008	0.1020631527158862	0.05205462385863309	0.038265466304879536	0.06338216141907271	74.06808734026121	52.19372542488565	54.968925319260755	68.41370615117589	10.245684729329597	27.085088544956502
5.60186528462842	0.01	0.01	0.01	0.007	0.01	0.8234726053053766	0.1020631527158862	0.05205462642724162	0.03826548287248282	0.0633821614169164	74.69519102459635	52.50015653635278	55.45069963226043	68.80864561254612	10.330236473716203	26.40811725363546
5.708358721518522	0.01	0.01	0.01	0.007	0.01	0.8234726053785857	0.1020631527158862	0.052054628829404495	0.03826549870873846	0.06338216141492121	75.30099330228637	52.790080306056204	55.91867363983695	69.18279622869504	10.412167159277788	25.7480571364223
5.814853571804823	0.01	0.01	0.01	0.007	0.01	0.8234726054267069	0.1020631527158862	0.05205463107829201	0.03826551384795898	0.06338216141307197	75.8860382481963	53.06395716569432	56.373193161135404	69.53673325015797	10.491542911910777	25.10448651875589
5.921349694445021	0.01	0.01	0.01	0.007	0.01	0.8234726054583373	0.1020631527158862	0.05205463318576888	0.038265528322346164	0.06338216141135522	76.45085613125433	53.32223572341481	56.81459521796474	69.8710171916138	10.568428178055482	24.47699449449927
6.027846927232618	0.01	0.01	0.01	0.007	0.01	0.8234726054791283	0.1020631527158862	0.05205463516254764	0.03826554216214546	0.06338216140975891	76.99596393666654	53.56535315192274	57.24320838861476	70.18619431872118	10.642885790348801	23.865180470668573
6.1343451361689345	0.01	0.01	0.01	0.007	0.01	0.8234726054927941	0.1020631527158862	0.05205463701832139	0.038265555395773726	0.0633821614082726	77.52186594889984	53.79373558734862	57.65935321613702	70.48279715040496	10.714977042233622	23.26865362819516
6.240844215464618	0.01	0.01	0.01	0.007	0.01	0.8234726055017765	0.1020631527158862	0.05205463876187828	0.038265568049955644	0.06338216140688668	78.02905404303739	54.00779838475775	58.06334239277443	70.76134477651154	10.784761723269177	22.687032697126618
6.34734408754086	0.01	0.01	0.01	0.007	0.01	0.8234726055076806	0.1020631527158862	0.0520546404012005	0.03826558014984895	0.06338216140559257	78.51800797032641	54.20794636856524	58.45548094071171	71.02234316914308	10.852298153736918	22.119945736317305
6.453844688923787	0.01	0.01	0.01	0.007	0.01	0.8234726055115615	0.1020631527158862	0.05205464194355198	0.03826559171916497	0.06338216140438284	78.98919557673892	54.39457405408149	58.83606633953599	71.26628545654903	10.917643210038477	21.567029989863574
6.560345984351638	0.01	0.01	0.01	0.007	0.01	0.8234726055141124	0.1020631527158862	0.052054643395554406	0.03826560278026532	0.06338216140325043	79.44307314743926	54.56806591863911	59.20538875532284	71.49365226192354	10.980852367550153	21.027931596054025
6.666847924455204	0.01	0.01	0.01	0.007	0.01	0.823472605515789	0.1020631527158862	0.05205464476325415	0.038265613354279145	0.06338216140218934	79.88008550442251	54.7287965752532	59.563731070019024	71.70491191484786	11.041979709216793	20.50230558685963
6.773350459864396	0.01	0.01	0.01	0.007	0.01	0.8234726055168908	0.1020631527158862	0.05205464605218099	0.03826562346118254	0.06338216140119377	80.30066635590423	54.877131045979006	59.91136911395478	71.90052079312456	11.10107796904118	19.98981559262115
6.879853541208325	0.01	0.01	0.01	0.007	0.01	0.8234726055176153	0.1020631527158862	0.05205464726740094	0.03826563311987824	0.0633821614002588	80.70523857272282	55.01342500174324	60.24857184118127	72.08092362130073	11.158198565627572	19.490133628239533
6.986357119115364	0.01	0.01	0.01	0.007	0.01	0.8234726055180914	0.1020631527158862	0.05205464841356177	0.03826564234826839	0.06338216139937995	81.09421445789002	55.13802499622338	60.5756015004625	72.24655376178887	11.21339163489375	19.00293988466661
7.092861137159704	0.01	0.01	0.01	0.007	0.01	0.8234726055184044	0.1020631527158862	0.05205464949493393	0.03826565116332574	0.06338216139855302	81.46799598519847	55.251268686790866	60.89271378135011	72.3978334892154	11.266706058502308	18.527922556627843
7.199365574182547	0.01	0.01	0.01	0.007	0.01	0.8234726055186098	0.1020631527158862	0.05205465051544767	0.03826565958113107	0.06338216139777404	81.82697520016556	55.35348509899083	61.20015810024321	72.53517432368751	11.318189515669435	18.064777458723665
7.305870387864164	0.01	0.01	0.01	0.007	0.01	0.8234726055187452	0.1020631527158862	0.0520546514787237	0.038265667616961534	0.06338216139703985	82.17153426741187	55.44499478005425	61.49817758796809	72.65897721635748	11.367888484689535	17.613208087402626
7.412375557045137	0.01	0.01	0.01	0.007	0.01	0.8234726055188342	0.1020631527158862	0.05205465238810333	0.038265675285319066	0.06338216139634735	82.50204585780048	55.526110051606935	61.78700936704681	72.76963286802317	11.415848293064352	17.17292524779515
7.518881053512237	0.01	0.01	0.01	0.007	0.01	0.8234726055188926	0.1020631527158862	0.052054653246673355	0.03826568259999426	0.0633821613956933	82.81887329083712	55.59713518872565	62.06688462089693	72.86752194934586	11.462113132684534	16.743646992716656
7.625386834944743	0.01	0.01	0.01	0.007	0.01	0.8234726055189309	0.1020631527158862	0.05205465405728905	0.03826568957411539	0.06338216139507548	83.12237075211377	55.65836662128137	62.33802872666786	72.95301535096661	11.506726085715501	16.32509846648172
7.73189290134342	0.01	0.01	0.01	0.007	0.01	0.8234726055189561	0.1020631527158862	0.05205465482259513	0.03826569622015688	0.06338216139449117	83.41288367906589	55.710093161739856	62.600661541571576	73.0264744719849	11.549729175530379	15.917011509187017
7.83839921038711	0.01	0.01	0.01	0.007	0.01	0.8234726055189726	0.1020631527158862	0.05205465554504384	0.038265702550025926	0.06338216139393837	83.69074874093138	55.75259614831841	62.854997327695315	73.08825139082131	11.59116335809417	15.519124818267196
7.944905747969037	0.01	0.01	0.01	0.007	0.01	0.8234726055189835	0.1020631527158862	0.05205465622691163	0.038265708575057414	0.06338216139341527	83.95629425122034	55.786149669526424	63.10124506563745	73.1386891508341	11.631068577162424	15.131183507854155
8.05141248587498	0.01	0.01	0.01	0.007	0.01	0.8234726055189906	0.1020631527158862	0.052054656870314	0.03826571430607126	0.06338216139291963	84.20984026341512	55.811020726611645	63.33960848410918	73.17812195897817	11.669483772819271	14.752939107580763
8.157919417051627	0.01	0.01	0.01	0.007	0.01	0.8234726055189953	0.1020631527158862	0.05205465747721942	0.03826571975338187	0.06338216139244976	84.45169886219583	55.827469421253795	63.570286270399166	73.20687542232531	11.706446919357504	14.384149276928278
8.264426534445628	0.01	0.01	0.01	0.007	0.01	0.8234726055189985	0.1020631527158862	0.052054658049461244	0.038265724926839176	0.0633821613920044	84.68217430747997	55.83574912006304	63.793472146215855	73.22526675109494	11.741995041223488	14.024577730191018
8.370933809842466	0.01	0.01	0.01	0.007	0.01	0.8234726055190006	0.1020631527158862	0.0520546585887483	0.03826572983586726	0.06338216139158165	84.90156318740277	55.83610662478323	64.00935494952533	73.23360496902092	11.776164230087298	13.673994154031517
8.477441243242378	0.01	0.01	0.01	0.007	0.01	0.8234726055190019	0.1020631527158862	0.05205465909667564	0.0382657344894598	0.0633821613911805	85.11015471375148	55.82878233993088	64.21811885761352	73.23219112579329	11.808989684203949	13.332173894969992
8.583948806430685	0.01	0.01	0.01	0.007	0.01	0.8234726055190028	0.1020631527158862	0.052054659574732855	0.03826573889623624	0.06338216139079969	85.3082307913081	55.81401043351472	64.41994339043838	73.22131849298931	11.840505712831721	12.998898001573659
8.69045648530008	0.01	0.01	0.01	0.007	0.01	0.8234726055190034	0.1020631527158862	0.052054660024312784	0.03826574306443833	0.06338216139043786	85.49606628527718	55.79201899357014	64.615003610747	73.20127276210286	11.870745771682712	12.673952945739739
8.796964272796949	0.01	0.01	0.01	0.007	0.01	0.8234726055190037	0.1020631527158862	0.05205466044671904	0.038265747001953905	0.06338216139009409	85.6739291794812	55.763030178489835	64.80347021925753	73.17233223113834	11.899742481609682	12.357130512449361
8.903472161867656	0.01	0.01	0.01	0.007	0.01	0.8234726055190039	0.1020631527158862	0.0520546608431724	0.038265750716339655	0.06338216138976721	85.84208073449153	55.72726036662246	64.98550964990744	73.13476799037068	11.927527647298351	12.048227689407849
9.009980138404796	0.01	0.01	0.01	0.007	0.01	0.8234726055190041	0.1020631527158862	0.052054661214817215	0.03826575421484317	0.06338216138945649	86.00077564542373	55.68492030491898	65.16128416499515	73.08884410699444	11.954132275932153	11.747046556782202
9.11648820240844	0.01	0.01	0.01	0.007	0.01	0.8234726055190043	0.1020631527158862	0.05205466156272707	0.03826575750440597	0.06338216138916093	86.15026223755126	55.636215242697624	65.33095199420795	73.03481779304606	11.979586602392457	11.453394100418485
9.2229963468249	0.01	0.01	0.01	0.007	0.01	0.8234726055190044	0.1020631527158862	0.05205466188791045	0.038265760591692025	0.06338216138887987	86.29078259295702	55.58134507743102	65.4946674000065	72.97293958556224	12.003920103164276	11.167082149384154
9.329504543439176	0.01	0.01	0.01	0.007	0.01	0.8234726055190044	0.1020631527158862	0.05205466219131451	0.03826576348311083	0.06338216138861244	86.42257269238111	55.52050450023915	65.6525807578774	72.9034535269933	12.027161512604062	10.887927289550024
9.436012799305063	0.01	0.01	0.01	0.007	0.01	0.8234726055190044	0.1020631527158862	0.0520546624738301	0.03826576618479567	0.06338216138835798	86.54586263849887	55.45388309633825	65.80483873740296	72.82659729364806	12.049338853883063	10.615750596902227
9.542521114422591	0.01	0.01	0.01	0.007	0.01	0.8234726055190044	0.1020631527158862	0.05205466273629587	0.03826576870264293	0.06338216138811574	86.66087674591925	55.38166549365015	65.9515843296571	72.74260237814649	12.070479447008266	10.350377638604426
9.649029467630475	0.01	0.01	0.01	0.007	0.01	0.8234726055190044	0.1020631527158862	0.052054662979501114	0.03826577104233226	0.06338216138788513	86.7678336748201	55.30403150053682	66.09295692235209	72.65169426024555	12.090609924106392	10.09163839277319
9.75553787303628	0.01	0.01	0.01	0.007	0.01	0.8234726055190044	0.1020631527158862	0.05205466320419023	0.038265773209302884	0.06338216138766578	86.86694662999437	55.221156187733826	66.22909246511924	72.5540925119642	12.10975625737502	9.839367001173304
9.862046316532473	0.01	0.01	0.01	0.007	0.01	0.8234726055190044	0.1020631527158862	0.05205466341106475	0.03826577520880352	0.06338216138745684	86.95842343304473	55.13321005267809	66.36012347144707	72.45001099875927	12.127943763577113	9.593401818340613
9.968554798119065	0.01	0.01	0.01	0.007	0.01	0.8234726055190044	0.1020631527158862	0.052054663600787095	0.03826577704587598	0.06338216138725804	87.0424666982499	55.040359104313175	66.48617915944986	72.33965798742278	12.145197128223463	9.353585205626404
10.07506331074229	0.01	0.01	0.01	0.007	0.01	0.8234726055190044	0.1020631527158862	0.05205466377398261	0.03826577872537767	0.06338216138706886	87.11927394361133	54.94276499277548	66.60738550777128	72.2232363064815	12.161540417636354	9.119763480169913
10.18157183324081	0.01	0.01	0.01	0.007	0.01	0.8234726055190044	0.1020631527158862	0.05205466393124232	0.038265780251994896	0.06338216138688882	87.18903771609241	54.84058512810897	66.7238653303496	72.10094349377444	12.176997093697468	8.891786829395818
10.288080379722189	0.01	0.01	0.01	0.007	0.01	0.8234726055190044	0.1020631527158862	0.05205466407312459	0.03826578163022028	0.06338216138671744	87.25194574772445	54.73397274016448	66.83573840892619	71.97297187334814	12.191590036032604	8.669509109598561
10.394588936078863	0.01	0.01	0.01	0.007	0.01	0.8234726055190044	0.1020631527158862	0.052054664200158175	0.03826578286439969	0.0633821613865546	87.308181033829	54.62307704353373	66.94312149958203	71.83950875788551	12.205341547333253	8.452787889214354
10.50109750936462	0.01	0.01	0.01	0.007	0.01	0.8234726055190044	0.1020631527158862	0.0520546643128432	0.03826578395870985	0.06338216138639967	87.3579219813476	54.50804329109077	67.04612846024543	71.70073651764608	12.218273374589284	8.241484253524815
10.60760609957946	0.01	0.01	0.01	0.007	0.01	0.8234726055190044	0.1020631527158862	0.05205466441165366	0.038265784917182015	0.06338216138625243	87.40134250681301	54.389012901619246	67.14487029376673	71.55683273813852	12.230406719133565	8.035462774886032
10.7141146996696	0.01	0.01	0.01	0.007	0.01	0.8234726055190044	0.1020631527158862	0.05205466449703835	0.03826578574370888	0.06338216138611229	87.43861215067123	54.266123558328985	67.23945522053178	71.4079703428746	12.241762250526804	7.834591424160663
10.820623309635042	0.01	0.01	0.01	0.007	0.01	0.8234726055190044	0.1020631527158862	0.05205466456942299	0.03826578644204239	0.06338216138597906	87.46989619238546	54.13950928778953	67.32998876091676	71.25431769225875	12.252360121435972	7.6387414588360825
10.927131922422	0.01	0.01	0.01	0.007	0.01	0.8234726055190044	0.1020631527158862	0.05205466462921126	0.03826578701580809	0.06338216138585266	87.49535575209434	54.009300568514035	67.41657379038631	71.09603871827696	12.26221997906682	7.4477873671708705
11.033640523922898	0.01	0.01	0.01	0.007	0.01	0.8234726055190044	0.1020631527158862	0.052054664676786454	0.038265787468510996	0.06338216138573272	87.51514789645901	53.87562442213311	67.4993106067294	70.93329303810835	12.271360978020061	7.261606786184198
11.140149121191525	0.01	0.01	0.01	0.007	0.01	0.8234726055190044	0.1020631527158862	0.05205466471251246	0.0382657878035226	0.06338216138561895	87.52942574482537	53.73860446546021	67.57829701598601	70.76623601996218	12.279801794958635	7.080080374291376
11.246657728335453	0.01	0.01	0.01	0.007	0.01	0.8234726055190044	0.1020631527158862	0.05205466473673489	0.03826578802409533	0.06338216138551099	87.53833856180424	53.5983610115656	67.65362838172013	70.59501890838082	12.287560638930435	6.903091762574648
11.35316633124711	0.01	0.01	0.01	0.007	0.01	0.8234726055190044	0.1020631527158862	0.05205466474978195	0.0382657881333898	0.0633821613854087	87.54203185168441	53.45501120026231	67.72539766188773	70.41978898565092	12.294655260620708	6.730527538005831
11.459674929926495	0.01	0.01	0.01	0.007	0.01	0.8234726055190044	0.1020631527158862	0.05205466475196613	0.0382657881344519	0.063382161385312	87.54064745769588	53.308669024768314	67.7936954995827	70.24068960644419	12.30110296706243	6.562277098939993
11.566183517319825	0.01	0.01	0.01	0.007	0.01	0.8234726055190044	0.1020631527158862	0.052054664743584306	0.03826578803023118	0.06338216138522028	87.5343236519715	53.15944543892731	67.85861026627587	70.05786033069167	12.306920631228738	6.398232619304021
11.6726920934271	0.01	0.01	0.01	0.007	0.01	0.8234726055190044	0.1020631527158862	0.052054664724919354	0.03826578782357551	0.06338216138513385	87.52319522467414	53.00744841512395	67.92022812752296	69.87143699615136	12.312124703725997	6.238288957221237
11.779200658248321	0.01	0.01	0.01	0.007	0.01	0.8234726055190044	0.1020631527158862	0.05205466469624026	0.03826578751723972	0.06338216138505225	87.50739357069398	52.85278302906494	67.97863309336212	69.68155182379503	12.316731222874548	6.0823435991948935
11.88570921178349	0.01	0.01	0.01	0.007	0.01	0.8234726055190044	0.1020631527158862	0.05205466465780313	0.03826578711388943	0.06338216138497528	87.48704677458385	52.695551533277325	68.03390707220005	69.48833350936766	12.320755825016805	5.930296594402577
11.99221776108639	0.01	0.01	0.01	0.007	0.01	0.8234726055190044	0.1020631527158862	0.052054664609852	0.038265786616099404	0.06338216138490271	87.46227969158717	52.535853418107685	68.08612992671023	69.29190729953993	12.324213754778246	5.782050480938967
12.09872629910324	0.01	0.01	0.01	0.007	0.01	0.8234726055190044	0.1020631527158862	0.05205466455261958	0.038265786026371505	0.06338216138483453	87.43321403316992	52.373785513240065	68.13537951459192	69.09239511787183	12.327119874162728	5.6375102529215555
12.205234825834038	0.01	0.01	0.01	0.007	0.01	0.8234726055190044	0.1020631527158862	0.052054664486327736	0.03826578534712326	0.0633821613847706	87.399968441538	52.20944202446746	68.18173174938543	68.88991561114688	12.329488672885494	5.4965832695204195
12.311743341278788	0.01	0.01	0.01	0.007	0.01	0.8234726055190044	0.1020631527158862	0.05205466441118741	0.03826578458069653	0.06338216138471069	87.36265856759061	52.042914610418165	68.22526064540517	68.68458424477883	12.331334277402892	5.359179205778189
12.418251838383712	0.01	0.01	0.01	0.007	0.01	0.8234726055190044	0.1020631527158862	0.05205466432740066	0.03826578372936423	0.06338216138465474	87.3213971486174	51.87429245852215	68.26603836260773	68.47651339732586	12.33267045992293	5.225210003477299
12.524760317148814	0.01	0.01	0.01	0.007	0.01	0.8234726055190044	0.1020631527158862	0.05205466423515986	0.038265782795323874	0.06338216138460245	87.27629407629395	51.70366232603932	68.304135258632	68.26581241189	12.333510647501788	5.094589796515706
12.631268777574098	0.01	0.01	0.01	0.007	0.01	0.8234726055190044	0.1020631527158862	0.052054664134648564	0.038265781780705305	0.06338216138455385	87.22745646988932	51.53110861239497	68.33961993077047	68.05258768608469	12.333867930503578	4.967234865322311
12.737777219659565	0.01	0.01	0.01	0.007	0.01	0.8234726055190044	0.1020631527158862	0.0520546640260422	0.03826578068757289	0.06338216138450874	87.17498874563016	51.35671341916163	68.37255925997701	67.8369427467678	12.333755071018771	4.84306358319637
12.844285650458993	0.01	0.01	0.01	0.007	0.01	0.8234726055190044	0.1020631527158862	0.052054663909508046	0.03826577951792342	0.063382161384467	87.11899268050769	51.180556596812735	68.4030184557111	67.61897830839084	12.333184511019502	4.7219963560714575
12.950794069972382	0.01	0.01	0.01	0.007	0.01	0.8234726055190044	0.1020631527158862	0.05205466378520615	0.03826577827369763	0.06338216138442854	87.05956748519148	51.00271582485082	68.4310610934259	67.39879237261884	12.332168380380343	4.603955587931784
13.057302478199734	0.01	0.01	0.01	0.007	0.01	0.8234726055190044	0.1020631527158862	0.05205466365328923	0.03826577695677776	0.0633821613843934	86.99680986520656	50.82326665601942	68.45674915779219	67.17648028354057	12.330718504720346	4.4888656225359
13.16381086103351	0.01	0.01	0.01	0.007	0.01	0.8234726055190044	0.1020631527158862	0.052054663513903386	0.038265775568999016	0.0633821613843613	86.93081409256703	50.64228259455575	68.48014307951759	66.95213482502703	12.328846413285921	4.376652709601077
13.270319225527482	0.01	0.01	0.01	0.007	0.01	0.8234726055190044	0.1020631527158862	0.052054663367187684	0.03826577411212846	0.0633821613843322	86.86167204553807	50.459835089308875	68.50130178222476	66.72584621256374	12.326563345813812	4.267244919917482
13.376827571681655	0.01	0.01	0.01	0.007	0.01	0.8234726055190044	0.1020631527158862	0.05205466321327601	0.03826577258788529	0.06338216138430597	86.78947328463595	50.27599363267392	68.52028271330121	66.49770221617955	12.323880260119397	4.160572129927776
13.483335906549799	0.01	0.01	0.01	0.007	0.01	0.8234726055190044	0.1020631527158862	0.052054663052295565	0.03826577099793328	0.0633821613842826	86.71430510160495	50.0908257866587	68.53714188358629	66.26778819306965	12.320807838850023	4.056565962260858
13.589844223078149	0.01	0.01	0.01	0.007	0.01	0.8234726055190044	0.1020631527158862	0.05205466288436831	0.038265769343897055	0.06338216138426188	86.63625259091079	49.90439726858166	68.5519338998978	66.03618719421843	12.317356496958872	3.955159762653153
13.696352521266707	0.01	0.01	0.01	0.007	0.01	0.8234726055190044	0.1020631527158862	0.0520546627096108	0.038265767627349116	0.06338216138424393	86.55539869051567	49.71677196220761	68.56471200376653	65.8029799784619	12.313536387860676	3.8562885361251653
13.802860801115477	0.01	0.01	0.01	0.007	0.01	0.8234726055190044	0.1020631527158862	0.0520546625281347	0.038265765849816946	0.06338216138422854	86.47182424040867	49.52801197639411	68.57552810427259	65.56824508550547	12.309357410131803	3.7598889124771158
13.909369062624462	0.01	0.01	0.01	0.007	0.01	0.8234726055190044	0.1020631527158862	0.05205466234004637	0.038265764012783636	0.0633821613842156	86.38560803510828	49.338177690439764	68.58443281135644	65.33205889243813	12.304829213882421	3.665899105671552
14.015877305793666	0.01	0.01	0.01	0.007	0.01	0.8234726055190044	0.1020631527158862	0.05205466214544807	0.03826576211769009	0.06338216138420501	86.29682687485258	49.147327798293354	68.591475468297	65.09449566882866	12.299961206969343	3.574258874231342
14.12238553062309	0.01	0.01	0.01	0.007	0.01	0.8234726055190044	0.1020631527158862	0.052054661944437246	0.03826576016593612	0.06338216138419688	86.20555561550941	48.95551935165253	68.59670418337802	64.85562763043909	12.294762561053565	3.4849094826276774
14.22889373711274	0.01	0.01	0.01	0.007	0.01	0.8234726055190044	0.1020631527158862	0.052054661737107336	0.03826575815888211	0.06338216138419112	86.11186721723875	48.76280780197977	68.60016586076264	64.61552499159005	12.289242217506366	3.3977936636333297
14.335401925262618	0.01	0.01	0.01	0.007	0.01	0.8234726055190044	0.1020631527158862	0.05205466152354772	0.038265756097849726	0.06338216138418758	86.01583279193855	48.569247041462624	68.60190623059627	64.37425601621185	12.283408893167767	3.312855581617032
14.441910095072725	0.01	0.01	0.01	0.007	0.01	0.8234726055190044	0.1020631527158862	0.05205466130384382	0.0382657539841238	0.06338216138418606	85.91752164950422	48.374889442944855	68.60196987835685	64.13188706761403	12.277271085961017	3.2300407967554636
14.548418246543067	0.01	0.01	0.01	0.007	0.01	0.8234726055190044	0.1020631527158862	0.0520546610780772	0.03826575181895334	0.06338216138418677	85.81700134293168	48.179785898854014	68.60040027347146	63.888482657005554	12.27083708036674	3.1492962301398872
14.654926379673645	0.01	0.01	0.01	0.007	0.01	0.8234726055190044	0.1020631527158862	0.05205466084632638	0.038265749603552585	0.06338216138418956	85.71433771229262	47.98398585915074	68.59723979721745	63.6441054907968	12.264114952760222	3.0705701297550867
14.761434494464465	0.01	0.01	0.01	0.007	0.01	0.8234726055190044	0.1020631527158862	0.052054660608666134	0.03826574733910228	0.06338216138419442	85.60959492761049	47.78753736832417	68.59252976992614	63.39881651671391	12.257112576615272	2.9938120373087864
14.86794259091553	0.01	0.01	0.01	0.007	0.01	0.8234726055190044	0.1020631527158862	0.05205466036516793	0.038265745026750723	0.06338216138420118	85.50283553066433	47.59048710145737	68.58631047750649	63.15267496875521	12.249837627577989	2.918972755890301
14.97445067608059	0.01	0.01	0.01	0.007	0.01	0.8234726055190044	0.1020631527158862	0.052054660115900146	0.03826574266761004	0.06338216138420984	85.39412046848419	47.39288038628162	68.57862119674851	62.90573839463956	12.242297587905712	2.8460043136660818
15.0809587429059	0.01	0.01	0.01	0.007	0.01	0.8234726055190044	0.1020631527158862	0.052054659860928464	0.03826574026277132	0.06338216138422037	85.28350915463358	47.19476127669941	68.5695002220215	62.658062747575926	12.234499752780536	2.7748599476884963
15.18746679139146	0.01	0.01	0.01	0.007	0.01	0.8234726055190044	0.1020631527158862	0.052054659600315335	0.038265737813291414	0.06338216138423272	85.17105948667147	46.99617254702236	68.55898488856815	62.40970237897888	12.2264512335568	2.7054940591189784
15.293974828591022	0.01	0.01	0.01	0.007	0.01	0.8234726055190044	0.1020631527158862	0.05205465933412073	0.03826573532019391	0.06338216138424692	85.05682788331097	46.797155724380836	68.54711159600559	62.16071007883962	12.218158962261972	2.6378621845981747
15.400482847450842	0.01	0.01	0.01	0.007	0.01	0.8234726055190044	0.1020631527158862	0.05205465906240155	0.03826573278448418	0.06338216138426284	84.94086934389618	46.597751160009345	68.53391583401411	61.91113716476909	12.20962969770748	2.5719209812389265
15.506990847970922	0.01	0.01	0.01	0.007	0.01	0.8234726055190044	0.1020631527158862	0.052054658785212884	0.03826573020713616	0.06338216138428042	84.82323746190589	46.39799802072526	68.51943220298384	61.661033471217586	12.200870028239349	2.5076281851242364
15.613498830151265	0.01	0.01	0.01	0.007	0.01	0.8234726055190044	0.1020631527158862	0.052054658502606675	0.038265727589097596	0.06338216138429967	84.70398446735467	46.19793433224144	68.50369443688157	61.41044740352361	12.191886376512777	2.4449425888704917
15.720006793991875	0.01	0.01	0.01	0.007	0.01	0.8234726055190044	0.1020631527158862	0.0520546582146328	0.03826572493129117	0.0633821613843206	84.58316126093159	45.99759700858266	68.48673542491159	61.159425974591066	12.182685003635667	2.383824015215568
15.826514739492753	0.01	0.01	0.01	0.007	0.01	0.8234726055190044	0.1020631527158862	0.0520546579213388	0.03826572223461509	0.06338216138434294	84.46081744728534	45.797021880761804	68.46858723263489	60.90801484064463	12.17327201320857	2.3242332912671992
15.933022673707645	0.01	0.01	0.01	0.007	0.01	0.8234726055190044	0.1020631527158862	0.05205465762277036	0.038265719499939135	0.063382161384367	84.33700135922942	45.596243711431285	68.44928112124433	60.656258319402774	12.163653354619925	2.266132219595725
16.0	0.01	0.01	0.01	0.007	0.01	0.8234726055190044	0.10206315271588622	0.05205465743234177	0.03826572698288374	0.06338216138438293	84.2584069922666	45.4698959035865	68.43656118951574	60.49778413937993	12.15750195405264	2.2303416331813826
