0.0	0.01	0.01	0.01	0.007	0.01	0.0	0.0	0.0	0.0	0.0	0.0	0.0	0.0	0.0	0.0	100.0
0.0033318310432693186	0.01	0.01	0.01	0.007	0.01	0.010426926852989796	0.0027587041222473844	0.003223132213871013	0.003988719348579206	0.00519837263883969	0.0006076960709826949	0.0008988400216819064	0.0019596541228874384	0.004718024084066691	0.0004398365422014313	99.92431388519239
0.005330777002895232	0.01	0.01	0.01	0.007	0.01	0.016615716746488478	0.004378417447542957	0.005054237645040406	0.006199682765956962	0.008197057555825445	0.001550637495272265	0.0022874413647128292	0.004947407940935626	0.011833884657444711	0.0011145832715002957	99.87893318043797
0.008345224335413353	0.01	0.01	0.01	0.007	0.01	0.025854720434138143	0.006771912291851171	0.007678069156933439	0.00929604134143582	0.012556043128221702	0.003781913331216761	0.00555670347324696	0.011876236002348484	0.028136207646263053	0.0026904730263967655	99.81053721297998
0.011121747207551679	0.01	0.01	0.01	0.007	0.01	0.034265744080222815	0.008925379878248478	0.009956049492599966	0.011913672957477394	0.016404653369167774	0.006687405859344715	0.009789857589159269	0.020698964102124462	0.04861957625562725	0.004712939602670606	99.74758104441929
0.014347473833843598	0.01	0.01	0.01	0.007	0.01	0.04392006118476365	0.011367180143050383	0.012445428049231993	0.014696623825245714	0.020685606784574886	0.011072172210742259	0.016140613754575008	0.03370748701731527	0.07841345243993963	0.007719434422333029	99.67448928624992
0.017630650451528087	0.01	0.01	0.01	0.007	0.01	0.05361824561946467	0.013787809951119442	0.014816304870190027	0.01726909451941039	0.024844017004551036	0.016632411464103623	0.024143028037330816	0.04979962896033825	0.11475040520171201	0.011471373832365388	99.6001507667254
0.02116788551394397	0.01	0.01	0.01	0.007	0.01	0.06392424259376657	0.0163247096007489	0.017198950604180443	0.019774732089199984	0.029113375230192994	0.02384194634031503	0.034450802583854585	0.07013676414229122	0.16001734772326145	0.016256725680006707	99.52012183412697
0.024841082911245933	0.01	0.01	0.01	0.007	0.01	0.07447196294281053	0.01888330696270882	0.01949767096767883	0.02211345479327713	0.03333059054904896	0.03264449044190464	0.04694928245572927	0.09431408624074158	0.21305105604301802	0.022000965900458254	99.43708485025883
0.028705883415649697	0.01	0.01	0.01	0.007	0.01	0.0854025390914224	0.021494430685631782	0.021737252128918545	0.024314578016164132	0.037546842347189545	0.04332808484307711	0.06200996923489323	0.12286400194350543	0.2747640829037139	0.028853150970793003	99.34979124898562
0.03272886108220348	0.01	0.01	0.01	0.007	0.01	0.09660101633665423	0.024126972014347235	0.023888216772220083	0.026353484172011322	0.041712668645287915	0.05596917323133632	0.07969776093274034	0.15570588505372415	0.3447187582853023	0.036819743340230374	99.25900632759436
0.03692776085425185	0.01	0.01	0.01	0.007	0.01	0.10809709752994262	0.026784653070389533	0.025952587293448584	0.028237888602754013	0.0458348805379687	0.0707851409238216	0.10026962282464238	0.1931038584756642	0.4232210201037426	0.045993004262392764	99.16433992083434
0.0412959511411064	0.01	0.01	0.01	0.007	0.01	0.11985193497964346	0.029455207707695538	0.027920428339639806	0.02996496444751786	0.04989080783800969	0.08792155747329594	0.12387496881369109	0.23510332520921978	0.5101113826456137	0.05641463247251935	99.06595258893488
0.045842075904942804	0.01	0.01	0.01	0.007	0.01	0.1318677510587981	0.032136000470469946	0.029790369975330227	0.03154037596341083	0.0538610135095237	0.10758303715600552	0.1507376070524159	0.2818663908224986	0.6054785405034877	0.0681555184721584	98.96366119411432
0.050568854946953144	0.01	0.01	0.01	0.007	0.01	0.14412971916251704	0.03482059394026752	0.03155909949051836	0.032968476301372666	0.057695617937901296	0.12995897299358247	0.18105213557451777	0.3334845699573631	0.7092696942732399	0.08126501835707393	98.85741693499891
0.0554837405769241	0.01	0.01	0.01	0.007	0.01	0.15663428110398436	0.03750513165617157	0.033225906920815985	0.03425607688637045	0.06130704431702133	0.15526821157608553	0.21504448889744585	0.39008561688134663	0.8215124142804481	0.09578838870343245	98.74706554412411
0.06056844673377741	0.01	0.01	0.01	0.007	0.01	0.16931277735980094	0.0401722058874514	0.034783042177609566	0.035405043343176124	0.06454022677471023	0.18359245714507155	0.2527493574593131	0.45147101394492184	0.9416064978597596	0.1116586629688131	98.63303089851833
0.06576325324214649	0.01	0.01	0.01	0.007	0.01	0.182000184380934	0.042785923875602774	0.03621547172175703	0.03641331694980763	0.06720160342411664	0.21472374254457077	0.2938181446215381	0.5168499017745274	1.0678556426324837	0.12861087427883847	98.5166630295727
0.07112187965168783	0.01	0.01	0.01	0.007	0.01	0.19481224461303387	0.04536926545018131	0.03754222787262031	0.037303093887560285	0.069199331135105	0.2491021525146105	0.33875680219832605	0.5868118256791741	1.2012736427799475	0.14669211345387556	98.39676931461679
0.0767365972191672	0.01	0.01	0.01	0.007	0.01	0.20794295214238923	0.047958419842298136	0.038785156326579535	0.03809576934307313	0.07051503428575805	0.28752810767683123	0.3885157976048342	0.6625612544265415	1.343986871397638	0.1660695956195485	98.2713023578389
0.08257388061349498	0.01	0.01	0.01	0.007	0.01	0.22128266918684408	0.05052822527839263	0.03993485997714469	0.03879150009198991	0.07119112707221358	0.33001639003782696	0.4430045731603461	0.7436602043772057	1.4949951221197049	0.18646980635284183	98.14103154608297
0.0886489696219893	0.01	0.01	0.01	0.007	0.01	0.23483647264341298	0.05307676909838501	0.04099447032698277	0.039398650088861405	0.07136102667768332	0.37690770439213994	0.5025450888571139	0.8302980444501127	1.6545079553124242	0.20779240864614154	98.0056370029839
0.09496962750944393	0.01	0.01	0.01	0.007	0.01	0.24859020079304228	0.055598517499885	0.04196594891606601	0.03992457125643402	0.07117238974841154	0.42850338390099363	0.5673944639688013	0.9225534438873935	1.822541922479071	0.22993672074744007	97.86496776906688
0.10158619770116109	0.01	0.01	0.01	0.007	0.01	0.2626172688854503	0.05810359341872124	0.04285717322856295	0.04037929278264742	0.07074890555272087	0.4854905034487863	0.6382735602097366	1.0211344110216027	2.0002597367914934	0.25297916946336907	97.71792916697869
0.10854731528837917	0.01	0.01	0.01	0.007	0.01	0.27697640689726605	0.06059813014987929	0.0436735370374692	0.04077072093857159	0.07018022573233679	0.5486267824171057	0.715955610148679	1.1267563831227518	2.1888119056682114	0.2770105594564125	97.56347223259922
0.11588621689475323	0.01	0.01	0.01	0.007	0.01	0.2916847504335504	0.06308009297448938	0.04441739530113499	0.04110479723489013	0.06952980891402293	0.6186044349631827	0.8010959523421444	1.2399164251702435	2.38894534528427	0.3020823267345794	97.40089719531215
0.12362508446185261	0.01	0.01	0.01	0.007	0.01	0.30673046277449456	0.06554231726724954	0.04508998193197124	0.04138673983746507	0.06884230447345714	0.6960592067942156	0.8942467468100523	1.3609361564204423	2.6011013277098822	0.3282188654373382	97.22975535803992
0.13178551530285262	0.01	0.01	0.01	0.007	0.01	0.3220954461833647	0.06797679068833178	0.045693040154103505	0.04162182048541377	0.06814837867048362	0.7816554727674064	0.9959613012273949	1.490113905703439	2.8256952387781724	0.3554512065463752	97.04961654233291
0.14039254774912796	0.01	0.01	0.01	0.007	0.01	0.33776282525440954	0.07037596060840448	0.04622912408994172	0.04181539092611582	0.06746864864755944	0.8761281526586845	1.106841027554304	1.6277879921734224	3.0632285214011623	0.3838281336753323	96.85998077444303
0.1494759269884171	0.01	0.01	0.01	0.007	0.01	0.35371818444159703	0.07273289948099528	0.04670148754552432	0.041972730172995014	0.06681674297572535	0.9803036893612628	1.2275546971306581	1.7743592678564748	3.314325631700046	0.41341808667538865	96.66025168687514
0.15906995994862394	0.01	0.01	0.01	0.007	0.01	0.369947973503026	0.07504103130676436	0.04711388256490704	0.0420988906894892	0.06620153402294725	1.0951072591367386	1.3588401975904902	1.9302908406862365	3.579730821856329	0.4443068109773161	96.44974134783187
0.16921353470215986	0.01	0.01	0.01	0.007	0.01	0.3864382341303278	0.07729395084793589	0.0474704140197779	0.04219859863965671	0.06562863000498362	1.2215712206965075	1.501507068246744	2.0961094791879984	3.860308038017456	0.4765960007125715	96.22767165246579
0.17995011369799976	0.01	0.01	0.01	0.007	0.01	0.4031733024003216	0.07948528167339614	0.04777542526755362	0.042276189951481594	0.06510136064264672	1.3608426447173474	1.6564373493942313	2.272405849611409	4.157038933332262	0.510402177868297	95.99317651257647
0.191327855487885	0.01	0.01	0.01	0.007	0.01	0.4201347475062443	0.08160860806786027	0.0480334102740659	0.04233557405602284	0.06462141525866757	1.5141917218330518	1.8245868770738143	2.459836258616498	4.471023434856687	0.545856194238404	95.74530149632862
0.2033996821155451	0.01	0.01	0.01	0.007	0.01	0.43730025771194275	0.08365743926908763	0.048248937012940335	0.042380216440406106	0.06418926164759317	1.6830186384338062	2.006984438367702	2.65912302713533	4.8034778954011585	0.5831026865919599	95.48300496673737
0.21622328349112663	0.01	0.01	0.01	0.007	0.01	0.45464251767504366	0.08562521406178075	0.04842657861371326	0.042413136329058014	0.06380442205560181	1.868858302255602	2.2047284351310243	2.8710533985800732	5.155730651778856	0.6222994075198195	95.20516092236875
0.22986093870614507	0.01	0.01	0.01	0.007	0.01	0.4721279930446905	0.08750533769942159	0.04857084807043239	0.04243691643481253	0.06346566019985704	2.0733805319457446	2.4189789869356275	3.0964750424620937	5.529211758525856	0.663616028183066	94.91056613907062
0.2443790685611371	0.01	0.01	0.01	0.007	0.01	0.4897156516802433	0.08929125749362736	0.048686135523958646	0.04245372287362325	0.0631711128108397	2.2983833642558404	2.6509438010353574	3.3362867887836907	5.925434689014721	0.7072321410075644	94.59795340127357
0.25984740987330635	0.01	0.01	0.01	0.007	0.01	0.5073556772733345	0.09097658335699083	0.04877664786175531	0.042465333523804494	0.0629183886729496	2.5457764319186555	2.90185578237978	3.5914228820033185	6.345967261301907	0.7533341365345485	94.26601304647063
0.2763377105215812	0.01	0.01	0.01	0.007	0.01	0.5249883006615007	0.09255526135593829	0.04884635134353584	0.04247317317760333	0.06270465107365097	2.8175511807868308	3.172940597283168	3.8628292522703096	6.792389438587211	0.8021106734597051	93.91342475972067
0.2939219597513333	0.01	0.01	0.01	0.007	0.01	0.5425430311167274	0.09402181292680653	0.04889891892456142	0.04247835376663651	0.06252669453926492	3.1157365249228683	3.4653745836368026	4.15143228841051	7.2662389639049145	0.8537468196492521	93.53889896902464
0.3126703655296524	0.01	0.01	0.01	0.007	0.01	0.5599387098876896	0.09537164711543585	0.048937684343315885	0.04248171776548234	0.06238102433722497	3.442342473867681	3.7802372312950343	4.458103877850164	7.768951185806107	0.9084175227530683	93.1412229415477
0.3326495732619351	0.01	0.01	0.01	0.007	0.01	0.5770848757517062	0.09660143624307548	0.04896560541535936	0.04248388276012683	0.06226394558411635	3.799300686852826	4.1184679199108585	4.783631017013056	8.301806843391592	0.966281871350796	92.7193007954802
0.35392186010589344	0.01	0.01	0.01	0.007	0.01	0.5938847842383663	0.0977095139180291	0.048985239354939404	0.04248528514798801	0.062171666562381024	4.188417601768725	4.4808412788851	5.1287019070620845	8.865907404506924	1.027480248961925	92.27217194499629
0.3765458296559876	0.01	0.01	0.01	0.007	0.01	0.6102398407136869	0.09869621033364247	0.04899873307798038	0.04248622103284972	0.06210041687858282	4.611354461822269	4.867971997680952	5.493916554107164	9.462191041546959	1.092135805532059	91.79899751141966
0.40057864593106607	0.01	0.01	0.01	0.007	0.01	0.6260546411363526	0.09956403114072326	0.0490078311818498	0.04248688263947415	0.062046572957400556	5.069640362777036	5.280350672772807	5.879821611874981	10.091488670777036	1.160360232584333	91.29901494050468
0.42607909674275585	0.01	0.01	0.01	0.007	0.01	0.6412414553999382	0.10031761666262327	0.049013902285361545	0.0424873889851495	0.06200677625878211	5.564708704621347	5.718397924233286	6.286957077362686	10.75459960794579	1.2322617044944235	90.77147680935279
0.4531105234917028	0.01	0.01	0.01	0.007	0.01	0.6557233320369725	0.10096349048476504	0.04901798115567505	0.042487810167294644	0.06197802711428443	6.097939069480404	6.182518406429709	6.715898846828653	11.452360542867257	1.3079522114113564	90.21559456253787
0.48174289149623206	0.01	0.01	0.01	0.007	0.01	0.6694356557184376	0.10150966495204597	0.049020820806555836	0.04248818535932547	0.061957742353370725	6.670688070946275	6.673140136568985	7.167285597757099	12.185688886486304	1.3875522704486267	89.6305022388403
0.5120536407540968	0.01	0.01	0.01	0.007	0.01	0.6823264752750539	0.10196518725956492	0.04902294736730069	0.042488535262614376	0.061943774168233684	7.284298599528094	7.190731471093428	7.641824836968942	12.955592035947785	1.471192093959199	89.01524704265765
0.5441273303220012	0.01	0.01	0.01	0.007	0.01	0.6943561407383622	0.10233969491743286	0.04902471147284845	0.0424888701565915	0.0619343955735265	7.940084692441344	7.735795449564987	8.140279167413066	13.763144322551321	1.5590093680580837	88.36880555649832
0.5780542117954088	0.01	0.01	0.01	0.007	0.01	0.7054967101950862	0.10264302012738996	0.049026332307695014	0.042489194768761895	0.061928262004737306	8.639293057610857	8.308844200059433	8.663435834614186	14.609436765861616	1.6511441430249967	87.69012174500108
0.613927931124203	0.01	0.01	0.01	0.007	0.01	0.715731433508413	0.10288485879514175	0.049027933063449	0.04248951103602768	0.06192435914478972	9.383045087239726	8.91035778073083	9.21206360488563	15.495506436196965	1.7477315175475454	86.9781615700802
0.651842741856549	0.01	0.01	0.01	0.007	0.01	0.7250544858361805	0.1030745057275708	0.04902956857050991	0.04248981957490935	0.061921945536652936	10.17226836693953	9.540735170381689	9.78686375744496	16.422256658088237	1.8488932885658778	86.23197546205236
0.6918907294156086	0.01	0.01	0.01	0.007	0.01	0.7334709542780256	0.10322064987833353	0.0490312468609225	0.04249012041917417	0.06192049628888302	11.00763013338123	10.200246848348488	10.388423447672123	17.390381587136734	1.9547300051474612	85.45075795455624
0.7341598736368802	0.01	0.01	0.01	0.007	0.01	0.7409969798097633	0.10333122272068708	0.04903294644893602	0.0424904133738889	0.06191965193420425	11.889492286501618	10.88900309574218	11.017184072572162	18.400315547503652	2.0653156376090536	84.6338880893526
0.7787337796911147	0.01	0.01	0.01	0.007	0.01	0.7476598144697972	0.10341329369053291	0.049034630468333194	0.042490698184432414	0.0619191746568896	12.817906958181045	11.606950825877211	11.673436310109205	19.452225639535	2.180696903226271	83.78093539975222
0.8256936518158482	0.01	0.01	0.01	0.007	0.01	0.7534974965264193	0.10347300964945434	0.04903625797830349	0.0424909746224637	0.06191891270012433	13.79266447568811	12.35390601430033	12.357348580130557	20.546057858795002	2.3008984218122954	82.89162261979801
0.8751224452108178	0.01	0.01	0.01	0.007	0.01	0.7585578924255219	0.1035155775030941	0.04903779221370517	0.042491242533838285	0.06191877278513802	14.813389800526334	13.129617343694981	13.069025429567523	21.681630299637014	2.4259330732648303	81.96574952482295
0.9271105086802334	0.01	0.01	0.01	0.007	0.01	0.7628970329961346	0.10354528901526609	0.04903920555393212	0.042491501864662135	0.06191869973901237	15.879668609248133	13.933846680466564	13.808583187777904	22.858752384699905	2.5558153243512343	81.00309419034271
0.9817616956737334	0.01	0.01	0.01	0.007	0.01	0.7665768883297402	0.10356558373292972	0.04904048139966321	0.042491752670369615	0.061918662168960886	16.99117670270063	14.766447794813683	14.576226135576976	24.07734279434	2.6905745793174547	80.00331331441122
1.0391991824811335	0.01	0.01	0.01	0.007	0.01	0.7696628854200389	0.10357914153620315	0.049041613642647475	0.04249199511131205	0.06191864288465181	18.14779274778209	15.627430387450017	15.372311276670139	25.337526881686557	2.830266467965364	78.96585699785567
1.0995705917226668	0.01	0.01	0.01	0.007	0.01	0.7722214867110692	0.10358799296729901	0.04904260467963662	0.04249222943883582	0.0619186328142995	19.349683342114403	16.517003246570876	16.197395768119687	26.6397041435218	2.974981036987182	77.88990566212155
1.1630525415632262	0.01	0.01	0.01	0.007	0.01	0.7743180745278998	0.10359363500041803	0.04904346288063485	0.04249245597668394	0.06191862733147561	20.59736140215271	17.43559874713752	17.052268734514517	27.984588588952185	3.1248481559133308	76.77432682990316
1.229855089133562	0.01	0.01	0.01	0.007	0.01	0.7760152681277587	0.10359714191810246	0.04904420016808081	0.042492675101953384	0.06191862414482111	21.891726329694652	18.38388559501158	17.9379736649087	29.373231799809325	3.280041229311665	75.61764365649113
1.3002263892171213	0.01	0.01	0.01	0.007	0.01	0.7773716914062901	0.10359926430541752	0.04904483005414975	0.04249288722752249	0.06191862214250254	23.234091161746953	19.362773603983918	18.855824927673087	30.80703404708858	3.440779833558186	74.41801054579267
1.374458095383762	0.01	0.01	0.01	0.007	0.01	0.7784411575502895	0.10360051263392674	0.04904536624036981	0.042493092787389046	0.0619186207879669	24.626205097049606	20.373416164178565	19.80742392584388	32.28775169257333	3.6073322388939104	73.17318854949004
1.4528918482391031	0.01	0.01	0.01	0.007	0.01	0.7792722035401968	0.10360122461782632	0.04904582173167661	0.04249329222484463	0.06191861981752069	26.07027486646928	21.417212124593707	20.794677008290513	33.817503444244004	3.78001817411849	71.88051763786001
1.5359271271025725	0.01	0.01	0.01	0.007	0.01	0.7799079036085612	0.10360161734699616	0.049046208352995974	0.042493485982795516	0.061918619094970304	27.568985674576385	22.49580665843833	21.819815454062173	35.39877494758192	3.9592118711423114	70.53688522255707
1.6240306546568344	0.01	0.01	0.01	0.007	0.01	0.7803858970687451	0.10360182619327706	0.049046536547402556	0.04249367449502667	0.0619186185441296	29.125519320838848	23.61108833112304	22.885415830882266	37.03441779375794	4.145345068830605	69.1386928892608
1.7177469021489102	0.01	0.01	0.01	0.007	0.01	0.7807385742060636	0.10360193286450504	0.04904681535154995	0.042493858175490846	0.06191861811820956	30.74355458884212	24.76517060363193	23.994410570400305	38.727625859780034	4.338908174522381	67.68183434766718
1.817707043928365	0.01	0.01	0.01	0.007	0.01	0.7809933739635261	0.10360198496363929	0.04904705246837626	0.04249403739808972	0.061918617785982025	32.42719887821548	25.960320645857717	25.150053829649327	40.48183463790603	4.54044346634771	66.16173024117856
1.9246258307173005	0.01	0.01	0.01	0.007	0.01	0.7811731557803581	0.10360200916762079	0.049047254376356215	0.04249421244462218	0.061918617525345755	34.18068131447074	27.19871601641263	26.355725593213432	42.30036810878718	4.75050995724187	64.57357413588556
2.0392390454499973	0.01	0.01	0.01	0.007	0.01	0.7812966072297798	0.10360201979564287	0.049047426407496486	0.0424943833371945	0.06191861732015558	36.00710059687494	28.481539334193904	27.614084489656392	44.1851125166534	4.969534920213608	62.913437877536616
2.161952909332918	0.01	0.01	0.01	0.007	0.01	0.7813786351176902	0.1036020241709444	0.04904757263398309	0.04249454922157533	0.06191861715865761	37.90296119835501	29.80516661641417	28.923299334296672	46.13091268456811	5.197158567083865	61.18324975564882
2.2912321020939737	0.01	0.01	0.01	0.007	0.01	0.7814306929386065	0.10360202584019372	0.04904769512194786	0.04249470635394452	0.06191861703313547	39.835269568398076	31.145455368703484	30.261127477119654	48.10243550980537	5.429474631389056	59.41193792482726
2.4206542159382067	0.01	0.01	0.01	0.007	0.01	0.7814616322498923	0.10360202642682864	0.04904779360527025	0.042494847287008614	0.061918616939201525	41.70478390274881	32.43325584828479	31.55906813118699	49.998006683075666	5.654574516589376	57.69003350702035
2.544321406408468	0.01	0.01	0.01	0.007	0.01	0.7814793650630336	0.103602026627351	0.04904787052753258	0.042494971358633435	0.061918616870452116	43.43218899303086	33.614876923088424	32.7617308300615	51.73845813512006	5.8628799908741955	56.091341734927354
2.662552953606373	0.01	0.01	0.01	0.007	0.01	0.7814897670031604	0.10360202669911624	0.04904793173060123	0.04249508424950057	0.06191861681875015	45.03127113210961	34.7011874158617	33.87816182947701	53.339589692468486	6.05600279580518	54.60435993032708
2.7781003250719802	0.01	0.01	0.01	0.007	0.01	0.7814961101911256	0.10360202672629315	0.04904798226205965	0.04249518875367928	0.061918616778167304	46.54589217152101	35.72303991871188	34.93857306164149	54.846720150397	6.239202005552718	53.18923197371279
2.8933679029864416	0.01	0.01	0.01	0.007	0.01	0.781500083757344	0.10360202673694034	0.04904802530308915	0.04249528592911843	0.06191861674518997	48.01066396226179	36.70431737127823	35.9669953399438	56.29499351318894	6.416645264534399	51.81407285503449
3.009635037515675	0.01	0.01	0.01	0.007	0.01	0.7815025974522984	0.10360202674114896	0.04904806263992181	0.0424953767211334	0.06191861671783362	49.44263788266716	37.656626119158126	36.97534128563938	57.701508218500685	6.590392612757012	50.46300345217704
3.127163854225959	0.01	0.01	0.01	0.007	0.01	0.7815041838841981	0.1036020267428013	0.04904809527966548	0.042495461812486396	0.06191861669491876	50.84493709138794	38.58208654221554	37.96580842720464	59.06938431759205	6.760822738507272	49.13307452081473
3.2455974981937668	0.01	0.01	0.01	0.007	0.01	0.7815051775796115	0.1036020267434422	0.049048123870997974	0.04249554160044774	0.06191861667564872	52.21327709660751	39.47792715062906	38.93536285709608	60.39451174494833	6.9274140403579185	47.828359814069294
3.364406152598506	0.01	0.01	0.01	0.007	0.01	0.7815057955542244	0.10360202674368833	0.049048148934062535	0.042495616407477316	0.06191861665939985	53.542025552353465	40.34060229562077	39.87996900233608	61.67161964728715	7.0894764060960025	46.55432390859508
3.4831831719267137	0.01	0.01	0.01	0.007	0.01	0.7815061782648717	0.1036020267437824	0.04904817094570386	0.04249568660024714	0.061918616645644915	54.82763378938658	41.16803835110214	40.797020881018874	62.89759922860843	7.246568993175471	45.314551110554035
3.6017476819887495	0.01	0.01	0.01	0.007	0.01	0.7815064150255432	0.10360202674381827	0.04904819034869718	0.04249575257025017	0.061918616633935254	56.069431334847806	41.96008787582529	41.6859330748185	64.07218517672851	7.398599600610429	44.10992439835574
3.720104116040256	0.01	0.01	0.01	0.007	0.01	0.7815065616248625	0.10360202674383201	0.04904820753687013	0.04249581467829689	0.06191861662389874	57.26880468771672	42.71793357043582	42.54758392702188	65.19708238434852	7.5457270466536945	42.93935139731726
3.838346629403967	0.01	0.01	0.01	0.007	0.01	0.7815066525297777	0.1036020267438373	0.04904822284389102	0.042495873231832175	0.06191861661523579	58.427957623760676	43.443255047947616	43.38344662957114	66.27473647147768	7.688211130616161	41.80092476607154
3.9565753416480725	0.01	0.01	0.01	0.007	0.01	0.781506708962245	0.10360202674383932	0.04904823654314546	0.04249592849252161	0.061918616607709365	59.548989929222294	44.13763391541515	44.19493309245519	67.30745255041708	7.826300156639756	40.69280821639803
4.074852254523034	0.01	0.01	0.01	0.007	0.01	0.7815067440110001	0.10360202674384013	0.04904824885583657	0.04249598069087057	0.061918616601133104	60.633500265083825	44.80231234428985	44.98310462158425	68.2970354336752	7.960181841106	39.61363324035292
4.193194535279347	0.01	0.01	0.01	0.007	0.01	0.7815067657771123	0.1036020267438404	0.049048259962082806	0.04249603003656009	0.06191861659535827	61.682594150301206	45.438212148508704	45.74867158140827	69.24481589233939	8.089983724200874	38.56250519352952
4.311589102709144	0.01	0.01	0.01	0.007	0.01	0.7815067792896566	0.10360202674384053	0.049048270011159856	0.04249607672346447	0.06191861659026501	62.69707804555524	46.04606579232262	46.49212916312812	70.15184390154442	8.215796636315186	37.53882226838084
4.430012307554122	0.01	0.01	0.01	0.007	0.01	0.7815067876752558	0.10360202674384056	0.04904827912924684	0.04249612093100846	0.061918616585754364	63.67766448457899	46.6265469503731	47.213904322544224	71.01908230499944	8.337699821918926	36.5420762930374
4.548444221750159	0.01	0.01	0.01	0.007	0.01	0.7815067928778975	0.10360202674384061	0.04904828742459028	0.042496162823852636	0.06191861658174454	64.62509859406009	47.18034712126671	47.914448131759	71.8475210174533	8.455776596328624	35.57172591691984
4.66687450767132	0.01	0.01	0.01	0.007	0.01	0.7815067961054173	0.10360202674384059	0.049048294990788145	0.04249620255163317	0.0619186165781667	65.540196445514	47.708196112227135	48.59426499680282	72.6382079644272	8.57011920576384	34.62715535826787
4.78530156536671	0.01	0.01	0.01	0.007	0.01	0.781506798107639	0.10360202674384059	0.049048301908981934	0.04249624024970842	0.06191861657496274	66.42382538638428	48.210847732811594	49.25389938255608	73.39222810562894	8.680826494093575	33.707691626392936
4.903728586983787	0.01	0.01	0.01	0.007	0.01	0.7815067993497782	0.10360202674384059	0.049048308249531755	0.04249627604085487	0.06191861657208401	67.27686487390208	48.68905529180253	49.893907594127135	74.11066701750686	8.787999090409066	32.81264291968812
5.022159666765929	0.01	0.01	0.01	0.007	0.01	0.7815068001203976	0.10360202674384059	0.04904831407347782	0.04249631003726972	0.061918616569489	68.10017448670814	49.143552778829516	50.51483419852213	74.79458275202721	8.891735429033828	31.941331207107584
5.140597416934514	0.01	0.01	0.01	0.007	0.01	0.7815068005984881	0.10360202674384059	0.049048319433870884	0.04249634234233316	0.06191861656714267	68.89457795721542	49.57504626811363	51.11719990249336	75.44499285786887	8.992129729967642	31.093109301301553
5.259042441910669	0.01	0.01	0.01	0.007	0.01	0.7815068008950876	0.10360202674384059	0.04904832437697568	0.04249637305181755	0.0619186165650153	69.66086242563738	49.9842142809963	51.70150065341358	76.06287479557788	9.089271873460362	30.26736241815636
5.377493879168073	0.01	0.01	0.01	0.007	0.01	0.7815068010790869	0.10360202674384059	0.04904832894331018	0.04249640225464096	0.06191861656308128	70.39978477486152	50.37171196237634	52.26821212030652	76.64917210819053	9.183248170518802	29.46350215229139
5.495950277639701	0.01	0.01	0.01	0.007	0.01	0.7815068011932287	0.10360202674384059	0.04904833316851509	0.04249643003334975	0.06191861656131851	71.1120790267663	50.73817552175707	52.81779512077975	77.20480104158182	9.274142280656879	28.680958993874448
5.614410335159067	0.01	0.01	0.01	0.007	0.01	0.7815068012640335	0.10360202674384059	0.04904833708406455	0.04249645646450016	0.06191861655970794	71.79846164956626	51.08422525021257	53.35069959673821	77.73065506475236	9.36203587794794	27.919176768652193
5.7328732123462265	0.01	0.01	0.01	0.007	0.01	0.7815068013079542	0.10360202674384059	0.04904834071784563	0.04249648161907833	0.061918616558233074	72.45963355302177	51.41046662192149	53.86736613278393	78.22760652137761	9.44700890350148	27.177610488749014
5.851338540514031	0.01	0.01	0.01	0.007	0.01	0.7815068013351983	0.10360202674384059	0.04904834409463647	0.042496505562958746	0.061918616556879594	73.09628008935594	51.717490328940556	54.36822595531219	78.69650667064889	9.529139565237756	26.45572634905206
5.969806217715625	0.01	0.01	0.01	0.007	0.01	0.7815068013520977	0.10360202674384059	0.049048347236506175	0.042496528357398665	0.06191861655563502	73.70906999918621	52.005871834196824	54.85370008937623	79.1381849874737	9.608504200423138	25.75300294810935
6.088276220459247	0.01	0.01	0.01	0.007	0.01	0.7815068013625802	0.10360202674384059	0.049048350163156985	0.04249655005949304	0.06191861655448823	74.29865469820368	52.27617116659555	55.32419874702461	79.55344881879871	9.685177178785365	25.06893220785085
6.206748486020449	0.01	0.01	0.01	0.007	0.01	0.7815068013690822	0.10360202674384059	0.049048352892220155	0.04249657072257095	0.06191861655342965	74.86566811694023	52.5289330341201	55.78012112624183	79.94308351674681	9.759230874722983	24.403019723457305
6.325222881053669	0.01	0.01	0.01	0.007	0.01	0.7815068013731155	0.10360202674384059	0.04904835543951065	0.04249659039652666	0.06191861655245077	75.4107270526984	52.764687196822194	56.22185560622822	80.30785296663035	9.830735704985749	23.754784548092594
6.443699209434228	0.01	0.01	0.01	0.007	0.01	0.7815068013756173	0.10360202674384059	0.049048357819247594	0.04249660912810282	0.06191861655154402	75.93443170988198	52.98394892231196	56.64978009436216	80.64850024264605	9.899760190985562	23.123758756174915
6.5621772671815615	0.01	0.01	0.01	0.007	0.01	0.781506801377169	0.10360202674384059	0.049048360044244885	0.04249662696112501	0.06191861655070274	76.43736641117067	53.18721949788522	57.06426251940911	80.96574835474888	9.966371044242475	22.509486785481872
6.680656858153218	0.01	0.01	0.01	0.007	0.01	0.7815068013781312	0.10360202674384059	0.049048362126074836	0.04249664393672535	0.061918616549921125	76.92010008107616	53.374986626791355	57.465661148213144	81.26030081980406	10.030633222706088	21.911525031543775
6.799137825433319	0.01	0.01	0.01	0.007	0.01	0.7815068013787283	0.10360202674384059	0.049048364075210474	0.042496660093537475	0.06191861654919385	77.38318676289431	53.54772482466421	57.85432493598503	81.53284223589982	10.092609992062307	21.32944138718194
6.91762002779442	0.01	0.01	0.01	0.007	0.01	0.7815068013790986	0.10360202674384059	0.049048365901147896	0.042496675467895415	0.06191861654851604	77.8271658943268	53.70589571433279	58.230593679327015	81.78403869905539	10.15236295523069	20.762815073151362
7.036103371086315	0.01	0.01	0.01	0.007	0.01	0.7815068013793282	0.10360202674384059	0.04904836761251458	0.042496690093990305	0.061918616547883845	78.25256279032435	53.84994839393966	58.594798344775704	82.01453833662795	10.209952109746055	20.21123620470869
7.15458776900313	0.01	0.01	0.01	0.007	0.01	0.7815068013794706	0.10360202674384059	0.04904836921716224	0.04249670400404417	0.061918616547293144	78.65988885109478	53.98031970190771	58.94726116663163	82.2249716782657	10.265435868358118	19.67430570390487
7.273073119542674	0.01	0.01	0.01	0.007	0.01	0.7815068013795589	0.10360202674384059	0.04904837072224888	0.04249671722846398	0.06191861654674079	79.0496418481618	54.097434516293326	59.28829580731926	82.41595208012068	10.318871089809779	19.15163512094659
7.391559359935831	0.01	0.01	0.01	0.007	0.01	0.7815068013796138	0.10360202674384059	0.04904837213431202	0.042496729795945716	0.06191861654622367	79.42230646259915	54.201706125950814	59.61820773995229	82.58807626741097	10.370313144336063	18.6428461139111
7.510046403870682	0.01	0.01	0.01	0.007	0.01	0.7815068013796477	0.10360202674384059	0.049048373459330795	0.0424967417336226	0.061918616545739	79.77835442175375	54.29353647332801	59.93729428300079	82.74192466990954	10.419815924434136	18.147570459004875
7.628534188575163	0.01	0.01	0.01	0.007	0.01	0.7815068013796688	0.10360202674384059	0.04904837470278371	0.04249675306715208	0.06191861654528427	80.11824498753005	54.37331649727707	60.24584494497735	82.87806192221232	10.467431904057126	17.66544958387539
7.747022651276065	0.01	0.01	0.01	0.007	0.01	0.7815068013796819	0.10360202674384059	0.049048375869697125	0.042496763820826636	0.0619186165448573	80.44242520882378	54.44142640221648	60.54414156374729	82.99703724481628	10.513212165568818	17.196134415033686
7.865511721351876	0.01	0.01	0.01	0.007	0.01	0.78150680137969	0.10360202674384059	0.04904837696468977	0.042496774017669166	0.0619186165444559	80.75133022442589	54.498235940717635	60.83245849046869	83.09938484771958	10.557206433666133	16.739285156669098
7.984001328180037	0.01	0.01	0.01	0.007	0.01	0.781506801379695	0.10360202674384059	0.04904837799201187	0.04249678367951409	0.06191861654407845	81.04538360122265	54.544104698187425	61.11106280827097	83.1856243398943	10.599463114497796	16.2945710132048
8.102491432526355	0.01	0.01	0.01	0.007	0.01	0.7815068013796981	0.10360202674384059	0.04904837895557969	0.042496792827068496	0.061918616543722944	81.3249977121981	54.57938237169786	61.380214594327015	83.25626113415757	10.640029341025684	15.86166983838339
8.220982003003504	0.01	0.01	0.01	0.007	0.01	0.7815068013797	0.10360202674384059	0.049048379859006744	0.04249680147999494	0.061918616543388094	81.59057396445931	54.60440901636579	61.64016704402829	83.31178679586597	10.678950997221287	15.440268001386752
8.339472992529045	0.01	0.01	0.01	0.007	0.01	0.7815068013797011	0.10360202674384059	0.04904838070563112	0.04249680965698935	0.06191861654307242	81.84250303699363	54.61951529770417	61.89116660173312	83.35267940068736	10.716272743425355	15.03006024468866
8.457964354020055	0.01	0.01	0.01	0.007	0.01	0.7815068013797019	0.10360202674384059	0.049048381498540766	0.0424968173758345	0.061918616542774564	82.0811652035769	54.62502274899013	62.133453175983014	83.37940390623157	10.752038054294529	14.630749404323291
8.576456056088023	0.01	0.01	0.01	0.007	0.01	0.7815068013797023	0.10360202674384059	0.04904838224059497	0.042496824653447576	0.06191861654249354	82.30693063735136	54.62124401410882	62.3672603429051	83.39241250254334	10.786289254623908	14.242046144869464
8.694948075191613	0.01	0.01	0.01	0.007	0.01	0.7815068013797027	0.10360202674384059	0.04904838293444505	0.04249683150593665	0.061918616542227974	82.52015965716234	54.60848308032988	62.59281549456848	83.39214494431532	10.819067546817505	13.863668782357905
8.813440379941845	0.01	0.01	0.01	0.007	0.01	0.7815068013797029	0.10360202674384059	0.04904838358255165	0.042496837948656364	0.06191861654197713	82.72120295935333	54.58703551047368	62.81033997233006	83.37902888124538	10.850413036162546	13.495343132274655
8.931932946796994	0.01	0.01	0.01	0.007	0.01	0.781506801379703	0.10360202674384059	0.049048384187201144	0.04249684399624537	0.06191861654173994	82.91040190083466	54.557188666786445	63.020049256710294	83.35348018134614	10.880364764199234	13.136802261304638
9.050425752215185	0.01	0.01	0.01	0.007	0.01	0.7815068013797031	0.10360202674384059	0.04904838475052041	0.04249684966267156	0.06191861654151555	83.08808873187473	54.519221930540255	63.22215310744974	83.31590324451398	10.908960734672307	12.787786320461517
9.168918756959409	0.01	0.01	0.01	0.007	0.01	0.7815068013797031	0.10360202674384059	0.0490483852744897	0.042496854961279015	0.06191861654130321	83.25458681636694	54.47340692243232	63.41685568989388	83.26669131632949	10.936237937524673	12.448042401634737
9.287411953182492	0.01	0.01	0.01	0.007	0.01	0.7815068013797031	0.10360202674384059	0.0490483857609545	0.04249685990479901	0.06191861654110229	83.41021093384288	54.4200076929765	63.604355800474416	83.20622676757141	10.962232386606287	12.117324219162402
9.405905317342192	0.01	0.01	0.01	0.007	0.01	0.7815068013797031	0.10360202674384059	0.04904838621163631	0.04249686450540852	0.06191861654091211	83.5552674386578	54.35928094080211	63.784846930709115	83.13488140050714	10.986979134490692	11.795392069804855
9.524398818048644	0.01	0.01	0.01	0.007	0.01	0.7815068013797031	0.10360202674384059	0.04904838662814295	0.04249686877475744	0.06191861654073195	83.69005449858743	54.29147621011545	63.958517423146674	83.05301673324203	11.010512300224013	11.482012633051147
9.642892463149538	0.01	0.01	0.01	0.007	0.01	0.7815068013797031	0.10360202674384059	0.04904838701197668	0.04249687272397194	0.061918616540561265	83.814862362729	54.216836053939296	64.12555067486186	82.96098423975856	11.032865103081265	11.17695868008148
9.761386221254886	0.01	0.01	0.01	0.007	0.01	0.7815068013797031	0.10360202674384059	0.04904838736454269	0.042496876363724345	0.06191861654039962	83.92997348365226	54.13559626606321	64.28612515518589	82.85912567231031	11.054069871064563	10.880009116921425
9.87988006882216	0.01	0.01	0.01	0.007	0.01	0.7815068013797031	0.10360202674384059	0.04904838768715654	0.04249687970423305	0.06191861654024634	84.03566277930958	54.04798603789643	64.44041460563763	82.74777329251377	11.074158074000175	10.590948697761766
9.99837400585143	0.01	0.01	0.01	0.007	0.01	0.7815068013797031	0.10360202674384059	0.04904838798105076	0.04249688275527714	0.061918616540101196	84.13219784225198	53.95422812059915	64.5885881827404	82.62725010551442	11.09316034841454	10.30956783517725
10.11686803234276	0.01	0.01	0.01	0.007	0.01	0.7815068013797031	0.10360202674384059	0.049048388247380885	0.04249688552623188	0.06191861653996357	84.21983910926281	53.854539012069715	64.73081054688323	82.497870125092	11.111106515237738	10.035662509607764
10.235362124753541	0.01	0.01	0.01	0.007	0.01	0.7815068013797031	0.10360202674384059	0.04904838848723131	0.04249688802610278	0.06191861653983309	84.29884003672468	53.74912914666664	64.86724195522109	82.35993864311746	11.128025598211549	9.769034173711685
10.35385628308381	0.01	0.01	0.01	0.007	0.01	0.7815068013797031	0.10360202674384059	0.049048388701620156	0.042496890263518626	0.061918616539709564	84.36944732042652	53.63820301918352	64.9980384343401	82.21375241272	11.143945852093038	9.50948949968985
10.472350483790906	0.01	0.01	0.01	0.007	0.01	0.7815068013797031	0.10360202674384059	0.049048388891503994	0.04249689224677624	0.06191861653959248	84.43190104413064	53.521959385875476	65.12335183904209	82.05959993130094	11.158894776431822	9.25684034530394
10.590844719027281	0.01	0.01	0.01	0.007	0.01	0.7815068013797031	0.10360202674384059	0.049048389057782596	0.04249689398383581	0.06191861653948157	84.48643487957129	53.40059138358215	65.24333000661625	81.89776161568311	11.1728991409686	9.010903530506853
10.709338988792943	0.01	0.01	0.01	0.007	0.01	0.7815068013797031	0.10360202674384059	0.04904838920130225	0.04249689548234101	0.061918616539376636	84.53327624894672	53.274286685685105	65.35811685298745	81.72851002476531	11.185985003605838	8.771500724885174
10.827833300935474	0.01	0.01	0.01	0.007	0.01	0.7815068013797031	0.10360202674384059	0.04904838932285973	0.04249689674963466	0.061918616539277146	84.57264648862129	53.1432276474391	65.46785247538806	81.55211006783524	11.198177729042365	8.538458320550713
10.946327624064601	0.01	0.01	0.01	0.007	0.01	0.7815068013797031	0.10360202674384059	0.04904838942320581	0.04249689779279956	0.06191861653918289	84.60476099728093	53.007591502349094	65.57267321170113	81.36881928170007	11.20950200259929	8.311607397229718
11.064821958180326	0.01	0.01	0.01	0.007	0.01	0.7815068013797031	0.10360202674384059	0.04904838950304807	0.042496898618631686	0.06191861653909383	84.62982941801863	52.86755042395233	65.67271180552687	81.17888792624056	11.21998185556386	8.090783459929236
11.183316295435079	0.01	0.01	0.01	0.007	0.01	0.7815068013797031	0.10360202674384059	0.04904838956305385	0.042496899233675375	0.06191861653900962	84.64805577732638	52.72327170388767	65.76809746524737	80.98255923591884	11.229640678463868	7.875826397982582
11.30181063582886	0.01	0.01	0.01	0.007	0.01	0.7815068013797031	0.10360202674384059	0.04904838960385277	0.04249689964422625	0.06191861653892987	84.65963863768468	52.57491786525526	65.85895597100661	80.78006958381592	11.238501239460259	7.666580339730744
11.420304979361669	0.01	0.01	0.01	0.007	0.01	0.7815068013797031	0.10360202674384059	0.049048389626039565	0.042496899856347074	0.06191861653885457	84.66477124055285	52.42264679988436	65.9454097588796	80.5716486777634	11.246585700127376	7.462893554722651
11.538799310338366	0.01	0.01	0.01	0.007	0.01	0.7815068013797031	0.10360202674384059	0.04904838963017548	0.04249689987588719	0.061918616538783534	84.66364164841828	52.266611914253545	66.02757799911497	80.35751976838559	11.25391563064989	7.264618369601904
11.657293636606521	0.01	0.01	0.01	0.007	0.01	0.7815068013797031	0.10360202674384059	0.04904838961679147	0.04249689970847027	0.06191861653871664	84.65643288312256	52.10696220006431	66.10557671049597	80.13789975359053	11.260512028057422	7.071610994508909
11.775787950318568	0.01	0.01	0.01	0.007	0.01	0.7815068013797031	0.10360202674384059	0.04904838958638927	0.04249689935952617	0.06191861653865357	84.6433230592263	51.94384240368076	66.17951881658193	79.91299941836174	11.26639532894074	6.883731485414328
11.894282251474507	0.01	0.01	0.01	0.007	0.01	0.7815068013797031	0.10360202674384059	0.0490483895394432	0.04249689883428645	0.061918616538594026	84.62448551407651	51.77739311026674	66.24951424383643	79.68302355737103	11.27158542574956	6.700843603428826
12.012776532226775	0.01	0.01	0.01	0.007	0.01	0.7815068013797031	0.10360202674384059	0.0490483894764024	0.0424968981378022	0.061918616538538064	84.60008893652191	51.60775087753772	66.31566999156739	79.44817116564545	11.276101680478668	6.522814740950468
12.131270792575373	0.01	0.01	0.01	0.007	0.01	0.7815068013797031	0.10360202674384059	0.04904838939769211	0.0424968972749427	0.0619186165384856	84.57029748805036	51.43504832289055	66.37809021883156	79.20863556472983	11.279962939439619	6.349515801303903
12.249765024672746	0.01	0.01	0.01	0.007	0.01	0.7815068013797031	0.10360202674384059	0.04904838930371453	0.04249689625041221	0.061918616538436444	84.53527092634373	51.25941425211846	66.43687631122727	78.9646045862166	11.283187546369822	6.180821128757705
12.368259220671339	0.01	0.01	0.01	0.007	0.01	0.7815068013797031	0.10360202674384059	0.04904838919485119	0.04249689506875267	0.06191861653839032	84.49516472130533	51.08097375187518	66.49212695918266	78.71626070499562	11.285793356137605	6.016608405201652
12.486753396266279	0.01	0.01	0.01	0.007	0.01	0.7815068013797031	0.10360202674384059	0.04904838907146311	0.042496893734336606	0.06191861653834709	84.45013015961132	50.89984825405277	66.54393823948571	78.46378113305751	11.287797748066344	5.856758530183231
12.605247535762457	0.01	0.01	0.01	0.007	0.01	0.7815068013797031	0.10360202674384059	0.04904838893389296	0.04249689225140615	0.061918616538307075	84.4003144751658	50.71615571696484	66.59240365997091	78.20733807593915	11.289217637476575	5.701155609962245
12.723741639159886	0.01	0.01	0.01	0.007	0.01	0.7815068013797031	0.10360202674384059	0.04904838878246513	0.04249689062405134	0.061918616538269626	84.34586094089786	50.53001064963396	66.63761424910187	77.94709877060794	11.290069488992012	5.549686808518833
12.842235722153678	0.01	0.01	0.01	0.007	0.01	0.7815068013797031	0.10360202674384059	0.04904838861748756	0.04249688885621598	0.06191861653823496	84.28690897086881	50.34152420298491	66.67965861986232	77.68322561612912	11.290369328145491	5.402242268503264
12.960729769048736	0.01	0.01	0.01	0.007	0.01	0.7815068013797031	0.10360202674384059	0.049048388439252376	0.042496886951731046	0.06191861653820283	84.22359424586722	50.150804334994206	66.71862301718448	77.41587640800762	11.290132752896687	5.258715090410626
13.079223779845073	0.01	0.01	0.01	0.007	0.01	0.7815068013797031	0.10360202674384059	0.04904838824803638	0.04249688491429231	0.06191861653817319	84.15604879114602	49.95795582450371	66.75459139829402	77.145204360724	11.289374945289019	5.1190011951517755
13.197717754542698	0.01	0.01	0.01	0.007	0.01	0.7815068013797031	0.10360202674384059	0.04904838804410254	0.04249688274747422	0.06191861653814616	84.08440108039177	49.76308038133378	66.78764548745801	76.87135826482086	11.288110682357033	4.982999268910806
13.316211693141623	0.01	0.01	0.01	0.007	0.01	0.7815068013797031	0.10360202674384059	0.049048387827700456	0.04249688045473527	0.061918616538121245	84.00877613020617	49.566276729614444	66.81786483531525	76.5944826064909	11.286354346890064	4.8506106896738
13.434705595641859	0.01	0.01	0.01	0.007	0.01	0.7815068013797031	0.10360202674384059	0.049048387599066705	0.04249687803942207	0.0619186165380986	83.92929559207691	49.367640688891306	66.8453268766304	76.31471768397584	11.284119937909914	4.721739455709687
13.553199462043416	0.01	0.01	0.01	0.007	0.01	0.7815068013797031	0.10360202674384059	0.04904838735842613	0.04249687550477407	0.061918616538078244	83.84607784190455	49.167265253065324	66.87010698651345	76.03219972086102	11.281421080870135	4.59629211595132
13.671693292346307	0.01	0.01	0.01	0.007	0.01	0.7815068013797031	0.10360202674384059	0.04904838710599213	0.04249687285392712	0.061918616538059815	83.75923806715043	48.965240667224094	66.89227853514558	75.74706097634822	11.278271037584322	4.474177702226305
13.790187078703012	0.01	0.01	0.01	0.007	0.01	0.7815068013797031	0.10360202674384059	0.04904838684196718	0.04249687008992315	0.0619186165380435	83.66888835776625	48.76165451595357	66.91191293983306	75.4594298717159	11.274682716142479	4.355307671055352
13.908680821113546	0.01	0.01	0.01	0.007	0.01	0.7815068013797031	0.10360202674384059	0.04904838656654371	0.04249686721570349	0.061918616538029166	83.57513777724198	48.55659176933868	66.92907971978285	75.16943105698792	11.270668679898336	4.2395958232835245
14.027174519577924	0.01	0.01	0.01	0.007	0.01	0.7815068013797031	0.10360202674384059	0.04904838627990406	0.04249686423411777	0.061918616538016696	83.47809244838018	48.35013486701521	66.94384654485336	74.87718553123787	11.266241156790812	4.1269582499894755
14.145668181943687	0.01	0.01	0.01	0.007	0.01	0.7815068013797031	0.10360202674384059	0.04904838598222165	0.04249686114792231	0.06191861653800606	83.37785562480337	48.14236377331306	66.95627928544046	74.58281072199574	11.261412047925802	4.017313264471036
14.264161808210845	0.01	0.01	0.01	0.007	0.01	0.7815068013797031	0.10360202674384059	0.049048385673660905	0.04249685795979288	0.0619186165379972	83.27452778000334	47.933356071724525	66.96644205837077	74.28642062031538	11.256192936843306	3.9105813579110937
14.382655398379411	0.01	0.01	0.01	0.007	0.01	0.7815068013797031	0.10360202674384059	0.04904838535437794	0.04249685467232341	0.06191861653799019	83.16820667538758	47.72318701667894	66.97439727468038	73.98812585540226	11.250595097712544	3.806685133952418
14.501148952449393	0.01	0.01	0.01	0.007	0.01	0.7815068013797031	0.10360202674384059	0.04904838502452074	0.04249685128802858	0.061918616537984715	83.05898743245305	47.51192959710432	66.98020568493874	73.6880337858677	11.24462950355452	3.7055492525713536
14.61964246257329	0.01	0.01	0.01	0.007	0.01	0.7815068013797031	0.10360202674384059	0.04904838468423012	0.04249684780935178	0.061918616537981024	82.94696261055186	47.29965461238024	66.98392642318969	73.38624860858772	11.238306834676427	3.607100381875388
14.738135920903611	0.01	0.01	0.01	0.007	0.01	0.7815068013797031	0.10360202674384059	0.049048384333639186	0.042496844238662984	0.06191861653797879	82.83222226847771	47.0864307186979	66.9856170506077	73.08287142551904	11.231637486123224	3.511267137803483
14.856629343135388	0.01	0.01	0.01	0.007	0.01	0.7815068013797031	0.10360202674384059	0.04904838397287436	0.04249684057824689	0.06191861653797814	82.71485400740565	46.87232444499236	66.98533359701881	72.77800026706042	11.224631573830694	3.4179800141150456
14.975122721421132	0.01	0.01	0.01	0.007	0.01	0.7815068013797031	0.10360202674384059	0.049048383602055164	0.042496836830334256	0.06191861653797891	82.59494308129844	46.65740033470879	66.98313060093085	72.47173029450872	11.217298944659664	3.3271713700676506
15.093616063608355	0.01	0.01	0.01	0.007	0.01	0.7815068013797031	0.10360202674384059	0.049048383221295545	0.04249683299707991	0.06191861653798121	82.47257242158145	46.44172093057402	66.97906114939641	72.16415377908626	11.209649181321364	3.238775350029303
15.212109377544571	0.01	0.01	0.01	0.007	0.01	0.7815068013797031	0.10360202674384059	0.04904838283070253	0.04249682908057548	0.06191861653798498	82.34782271362222	46.22534685684002	66.97317691625308	71.85536021966125	11.201691610240271	3.1527278485469985
15.330602647534793	0.01	0.01	0.01	0.007	0.01	0.7815068013797031	0.10360202674384059	0.049048382430378526	0.04249682508286536	0.061918616537990044	82.22077248202137	46.00833691507353	66.96552820138598	71.54543647999495	11.193435310039543	3.0689664802399563
15.449095881426528	0.01	0.01	0.01	0.007	0.01	0.7815068013797031	0.10360202674384059	0.049048382020419085	0.0424968210059204	0.06191861653799649	82.09149809921739	45.79074804933875	66.9561639649244	71.23446673951858	11.184889115007003	2.987430500364962
15.56758907921979	0.01	0.01	0.01	0.007	0.01	0.7815068013797031	0.10360202674384059	0.049048381600915646	0.04249681685165859	0.06191861653800428	81.96007387502	45.57263545327375	66.94513186425331	70.92253264658764	11.1760616236363	2.9080607837153747
15.686082233067099	0.01	0.01	0.01	0.007	0.01	0.7815068013797031	0.10360202674384059	0.04904838117195396	0.0424968126219475	0.06191861653801336	81.82657211246735	45.35405261873868	66.93247828919779	70.6097133884302	11.16696120500291	2.8307997810174257
15.804575342968473	0.01	0.01	0.01	0.007	0.01	0.7815068013797031	0.10360202674384059	0.04904838073361547	0.042496808318596535	0.061918616538023524	81.6910631440676	45.13505135408034	66.91824839425436	70.29608571756508	11.157596003707281	2.7555914666944847
15.92306841677141	0.01	0.01	0.01	0.007	0.01	0.7815068013797031	0.10360202674384059	0.04904838028597651	0.04249680394335825	0.06191861653803505	81.55361538336443	44.915681829890175	66.9024861308705	69.98172401746626	11.147973945737903	2.6823812989274574
16.0	0.01	0.01	0.01	0.007	0.01	0.7815068013797031	0.10360202674384059	0.04904837999043062	0.042496810292387964	0.06191861653804317	81.46337099539517	44.77308209704948	66.89145234846308	69.7772659466491	11.141592964755507	2.6358942377739085
