0.0	0.01	0.01	0.01	0.007	0.01	0.0	0.0	0.0	0.0	0.0	0.0	0.0	0.0	0.0	0.0	100.0
0.0034367416248212252	0.01	0.01	0.01	0.007	0.01	0.011335376513316444	0.0034412559687638997	0.003922731736110994	0.004129957513792216	0.004903707039139695	0.0006876347474097113	0.0011420219988678931	0.0023386876318761867	0.0039100527787220484	0.00046342028994289915	99.9280491506567
0.005474180423527824	0.01	0.01	0.01	0.007	0.01	0.017989313610471812	0.005435384003640532	0.006117480411208052	0.00637863524860928	0.007671820316887998	0.0017394537379889926	0.00287975236040193	0.005847800407547257	0.009709689445947384	0.0011613081075610855	99.8854182356519
0.008560866746652235	0.01	0.01	0.01	0.007	0.01	0.027977100725736566	0.008392771518450812	0.009267839015623953	0.009526099583947562	0.01167854956349613	0.004235069660164396	0.006978025170214244	0.013992585430807539	0.022997714379559768	0.0027878856685133006	99.82086774467284
0.011392541596768859	0.01	0.01	0.01	0.007	0.01	0.037042320063719075	0.011039823997513375	0.011982927055362434	0.012160464669809731	0.015166056028595278	0.0074693331274359905	0.012253695574376597	0.02429346978339457	0.03956714224281262	0.004854599736552739	99.76168688350185
0.014685655974430167	0.01	0.01	0.01	0.007	0.01	0.047468831722358856	0.01404079517133127	0.014943048728689099	0.014947170232154357	0.01900884838267913	0.012352555063749434	0.020163357984273274	0.03945737843213563	0.06361040930628993	0.007911757625757425	99.6929062499058
0.01803237357494834	0.01	0.01	0.01	0.007	0.01	0.05793876862227166	0.017007512183696935	0.017747865391647175	0.017502509528673334	0.022694424949835583	0.018534333764854173	0.030101265215000193	0.058143376681228064	0.09279632900788616	0.01169873894879615	99.62305463356398
0.021638055993971915	0.01	0.01	0.01	0.007	0.01	0.06907813417297635	0.020112669169290994	0.020556111462580927	0.019974722072386566	0.026434987008772705	0.026549250753880316	0.04288545033260459	0.08170503532173251	0.1290426944310451	0.016500329624547373	99.54785275560191
0.025379433655830324	0.01	0.01	0.01	0.007	0.01	0.0804843823556109	0.023237687016199864	0.023252775959856874	0.02226417287623425	0.03008335415251978	0.03632836276119007	0.05835592483061809	0.10963302938567855	0.17134841773073475	0.02222560616121734	99.46988076259431
0.02931461243556955	0.01	0.01	0.01	0.007	0.01	0.09231631605472095	0.026421264969345805	0.025868560035913687	0.02440242680501157	0.033685748025414596	0.04819507298886615	0.07696967158128794	0.1425303909137148	0.22041749451145892	0.029012528314100956	99.38793576590761
0.033408332587265964	0.01	0.01	0.01	0.007	0.01	0.10444777481149022	0.02962430432972026	0.02836879977044759	0.02636685427846914	0.0371986867812161	0.06223079027860562	0.09879204433864229	0.1802712240097287	0.27584775542647666	0.036851817104224145	99.3027609920149
0.03767876354583852	0.01	0.01	0.01	0.007	0.01	0.11691320646062979	0.03285133712110443	0.03075675944621974	0.028167230077257382	0.040626663714849215	0.07867722985628578	0.12413045484622444	0.2231365960501246	0.3378455922680141	0.045820050201141466	99.2139873247164
0.04211835275090517	0.01	0.01	0.01	0.007	0.01	0.12967018706727793	0.03608680435763609	0.03302143100631718	0.0298028553530991	0.04394441211344443	0.09769287763682565	0.15315296159064262	0.2711464948758607	0.40623730370247146	0.05594010634622684	99.12178133548535
0.0467359986560651	0.01	0.01	0.01	0.007	0.01	0.14272356630972627	0.03932758874529291	0.03516235174900621	0.0312815589566264	0.047122083471026234	0.11950536592855489	0.18612344929633573	0.3244635781170814	0.4810609582807757	0.06726171249460848	99.02596819626308
0.051535188216788666	0.01	0.01	0.01	0.007	0.01	0.15606140494702334	0.04256638044987057	0.037177090200586994	0.03260997588415863	0.05009357688666454	0.1443294816272514	0.2232743741078126	0.38317835594691174	0.5622575323949284	0.079809175533581	98.92648629168976
0.05651456585530436	0.01	0.01	0.01	0.007	0.01	0.16965781232220017	0.045792809993709896	0.03906264781832624	0.03379470684409189	0.05274796678913721	0.17235813149320744	0.26479436572076176	0.44729792519135003	0.6496640835473566	0.0935663901279775	98.82337492456662
0.061628825046876896	0.01	0.01	0.01	0.007	0.01	0.1833702983638586	0.048970357258709706	0.04080371189093366	0.034835548310459125	0.05492717188059535	0.20350343035987536	0.3104523674057589	0.5161949181672354	0.7422865241819437	0.10834420010037646	98.71758235169501
0.06688142367336598	0.01	0.01	0.01	0.007	0.01	0.1971925177923489	0.05209609139683391	0.042406670712079195	0.035746096390596595	0.056520673706881	0.23792276973115767	0.3603786099914801	0.5898191090318027	0.8399518554967945	0.12403513006239708	98.6090460048808
0.07237269566405667	0.01	0.01	0.01	0.007	0.01	0.21136517292868504	0.0552210153449908	0.04390297219874974	0.036552253968903395	0.05749968789583982	0.2764802324528115	0.4157043861847673	0.6695470392851475	0.9443604351998125	0.14079620109649071	98.49570545021778
0.07811453246283194	0.01	0.01	0.01	0.007	0.01	0.22588696378951903	0.05833934669979623	0.04529278294373505	0.03726075391003696	0.05788749160587291	0.3195441983224426	0.47680915163783333	0.7555799710534463	1.0556277645107397	0.15850672797495938	98.37733252842673
0.08405554682409619	0.01	0.01	0.01	0.007	0.01	0.24059884394768305	0.06141277884423667	0.046564117439457195	0.037872639682345645	0.05778960524319667	0.36698489809854595	0.5433561612429406	0.8471208506931465	1.1726085091736138	0.17684938107824189	98.25500313661728
0.09020971968931647	0.01	0.01	0.01	0.007	0.01	0.2555093434905121	0.06444024667637616	0.04772336585334202	0.03839834961144462	0.05734870372048793	0.41913979287193603	0.6156640890827471	0.9443118622651744	1.2954028927315449	0.19573221923576703	98.12844506620759
0.09662837704322878	0.01	0.01	0.01	0.007	0.01	0.27071157021148995	0.06743691500064522	0.04878231909743203	0.03884979673718737	0.05668714984309858	0.4767143418139984	0.6945340550843062	1.0479079175217354	1.4248812805941191	0.2152076890772937	97.99662164951971
0.10336882495975425	0.01	0.01	0.01	0.007	0.01	0.2863010888952931	0.07041618320009954	0.04975030558859059	0.03923664023737788	0.055895333514041495	0.540571020710453	0.7809351004935045	1.1588092155359928	1.562071598203823	0.23536719145330096	97.85838007088775
0.11047051076214474	0.01	0.01	0.01	0.007	0.01	0.30232065889162124	0.07337948142512035	0.05063169611203814	0.03956575277836611	0.05503895854674768	0.6115031538509529	0.8756898295404348	1.277653631938032	1.7076593385195213	0.25626247958839127	97.71294073753414
0.11795909371781424	0.01	0.01	0.01	0.007	0.01	0.31877376587098866	0.07632021389971073	0.05142861363661349	0.039842792840447255	0.054165402136404237	0.6902349040934923	0.9794795397561343	1.4048514823745586	1.8620500906464785	0.2779164069697679	97.55981205813163
0.1258543335176314	0.01	0.01	0.01	0.007	0.01	0.3356451329683011	0.07922845193418605	0.052143044468787016	0.04007314933726354	0.05330788642103465	0.7774744839652176	1.092918769108651	1.5407006254457725	2.0255229214270467	0.30034531295206174	97.39862780934271
0.13417796960112072	0.01	0.01	0.01	0.007	0.01	0.3529186184149283	0.08209446627567843	0.05277790450277306	0.04026225973412122	0.052488557573793636	0.873990664928628	1.2166543740355624	1.6855167456668507	2.1983923310667377	0.32357995444782023	97.2289860511575
0.14295563511416873	0.01	0.01	0.01	0.007	0.01	0.37058046116760546	0.08490929129518593	0.05333701051937081	0.040415486900236185	0.05172147467446246	0.980640229900677	1.3513949648829948	1.8396687670959642	2.381049754983894	0.3476684723918706	97.0504109173422
0.15221742727906662	0.01	0.01	0.01	0.007	0.01	0.38861921729794463	0.08766466456453775	0.053824875547444195	0.040537966083151335	0.05101495698276721	1.0983841690340859	1.4979234764057239	2.003591679958084	2.573976627567521	0.3726757705631971	96.86234218390325
0.16199756629137368	0.01	0.01	0.01	0.007	0.01	0.40702376840837723	0.0903526901179387	0.05424648354699966	0.04063448416135332	0.05037331859016818	1.228293258100098	1.657095096804659	2.1777826036238257	2.777737422847393	0.3986808275310514	96.66414356737207
0.17233432079446676	0.01	0.01	0.01	0.007	0.01	0.4257819320532976	0.09296566173337502	0.05460713560997314	0.04070941029386192	0.049798041980497997	1.3715558831395627	1.8298374207181054	2.362800583009011	2.9929773040968546	0.4257751677481464	96.45510571768821
0.18326987594242689	0.01	0.01	0.01	0.007	0.01	0.44487901769087806	0.09549593544921632	0.054912328195428475	0.040766657946285985	0.049288582625510405	1.5294841743613434	2.0171479887817974	2.5592647087140774	3.220417848774436	0.4540614704920355	96.23445052395675
0.19485033013892306	0.01	0.01	0.01	0.007	0.01	0.46429668437739013	0.09793589859833844	0.05516765778782541	0.04080967105992489	0.04884291613450316	1.703520820650006	2.2200923112897817	2.767854059435331	3.4608548462974875	0.4836527080234581	96.00133298754648
0.20712567711211596	0.01	0.01	0.01	0.007	0.01	0.48401183792587826	0.1002779907739443	0.05537873380146145	0.040841426755994545	0.048457925574579785	1.895244543681942	2.4398001371506126	2.989307039468544	3.715155249471511	0.5146713490105865	95.75484359664604
0.22014983782870404	0.01	0.01	0.01	0.007	0.01	0.5039956989356127	0.10251478804912766	0.05555109186184193	0.04086445110562373	0.0481296854096298	2.1063749455835046	2.677461134518871	3.224421316408581	3.9842546512533303	0.5472487353339485	95.49400992773315
0.23398077437875556	0.01	0.01	0.01	0.007	0.01	0.5242130930119837	0.10463914525999783	0.055690098549484486	0.0408808450784919	0.047853682822555414	2.3387771704365563	2.9343207653131396	3.4740549175112605	4.2691559443726455	0.5815246623485321	95.21779687458522
0.24868070076544654	0.01	0.01	0.01	0.007	0.01	0.5446219741088072	0.10664438335118645	0.055800843361319456	0.04089231847590203	0.047625003602242755	2.594466646407812	3.2116769014757094	3.7391286349971526	4.570929429904819	0.6176471614077647	94.92510526863072
0.2643161693605398	0.01	0.01	0.01	0.007	0.01	0.565172882478074	0.1085244799321683	0.055888023314391785	0.040900229882694664	0.04743850110952299	2.8756099067221443	3.510873204608386	4.0206255564592865	4.890709792424015	0.6557719226943031	94.61477335168425
0.2809572671589145	0.01	0.01	0.01	0.007	0.01	0.5858075166470986	0.11027419385899152	0.05595583977270702	0.04090563076732184	0.04728895775206048	3.1845061707056432	3.8332742574591965	4.319573820637316	5.2296744258205585	0.696059524333416	94.28559620737425
0.2986752700176894	0.01	0.01	0.01	0.007	0.01	0.6064561868088384	0.11188914036288339	0.05600793778471424	0.04090931192265843	0.04717123243126276	3.523533129481641	4.180208660845949	4.637001190800374	5.588990491321209	0.7386690040795126	93.93637555430868
0.3175396448501965	0.01	0.01	0.01	0.007	0.01	0.6270359232962145	0.1133659779311842	0.05604740807603577	0.040911850020794	0.04708038088381051	3.8950686356473296	4.55289690103933	4.973878190973811	5.969749803390403	0.7837500452468704	93.56598157692508
0.3376167725172218	0.01	0.01	0.01	0.007	0.01	0.6474518991891681	0.11470282719274634	0.05607684140997293	0.04091365172331078	0.04701175073627674	4.301435163483664	4.95241274861044	5.331092790632821	6.372939868180256	0.831439453026681	93.17337990689803
0.35897148420478847	0.01	0.01	0.01	0.007	0.01	0.6676022095982518	0.11589976652529164	0.05609840160110168	0.04091499332955875	0.04696106753967164	4.744897750415184	5.379703665676232	5.709475607348837	6.799471924627732	0.8818643489885147	92.75760326558976
0.38166973597001064	0.01	0.01	0.01	0.007	0.01	0.687383096252086	0.11695911725501441	0.05611388877374772	0.040916054958235006	0.04692451583432339	5.227690469956169	5.83563884023599	6.1098446944693965	7.250230708176408	0.9351479460360733	92.31770181170383
0.4057806086742676	0.01	0.01	0.01	0.007	0.01	0.7066926262679933	0.11788542955706839	0.056124785522412374	0.04091694886293964	0.04689879926885763	5.752035432793921	6.321047527558835	6.533037182390086	7.72610910579999	0.9914136201052406	91.85270797752362
0.4313773497358144	0.01	0.01	0.01	0.007	0.01	0.7254329700517254	0.11868526073403327	0.056132291674658996	0.040917741737473215	0.04688116511998178	6.320145078707346	6.836740042278164	6.9799228659935055	8.22802242473006	1.0507866916178903	91.36162101581475
0.4585381547765137	0.01	0.01	0.01	0.007	0.01	0.7435121924533036	0.11936685345548355	0.05613735526557891	0.04091847127387685	0.04686939149399741	6.934220209167416	7.383524104663826	7.451412216232231	8.756916455152648	1.1133955881062088	90.84339747877243
0.48734712344338615	0.01	0.01	0.01	0.007	0.01	0.7608459273105032	0.1199397632382324	0.05614070432501388	0.040919157704185256	0.04686174481060212	7.596452825377052	7.962224427477514	7.948466358752714	9.313777774115344	1.1793733653820477	90.29693934184472
0.5178952284713004	0.01	0.01	0.01	0.007	0.01	0.7773587810547606	0.12041445510720915	0.056142880696645595	0.040919811347766545	0.04685691789819363	8.309030164234928	8.573701474200632	8.472106066679352	9.899642869364293	1.2488591582823494	89.72108305499671
0.5502807532398366	0.01	0.01	0.01	0.007	0.01	0.7929852273124911	0.12080189113231893	0.05614427473690497	0.04092043723369407	0.0468539585955205	9.074126604239053	9.218857759544289	9.023410436665836	10.515595552927591	1.3219982864071411	89.11459984314747
0.5846085564995804	0.01	0.01	0.01	0.007	0.01	0.8076699507563616	0.12111313729219107	0.05614515868159815	0.04092103774198899	0.04685219723776768	9.893866723129431	9.898618801620714	9.603494833968245	11.162741056171326	1.398939603385785	88.47621879788564
0.6209877280219835	0.01	0.01	0.01	0.007	0.01	0.821367871875886	0.12135901683645614	0.056145716541171106	0.04092161400330484	0.046851179346532455	10.770247440999965	10.613881039009952	10.213461883886998	11.84215005849977	1.479829244194081	87.80467971766934
0.6595275538308982	0.01	0.01	0.01	0.007	0.01	0.8340442265206351	0.1215498266484985	0.05614606912713225	0.04092216658205527	0.046850607520076186	11.705016877241194	11.365427208745954	10.854325865226123	12.55477339698344	1.5648008083431886	87.0988154294314
0.7003322896400519	0.01	0.01	0.01	0.007	0.01	0.8456750757779048	0.12169512076067085	0.05614629373696457	0.04092269578576787	0.046850294294231626	12.699523827758552	12.153821743176792	11.526920795274776	13.301339339396725	1.6539633433403473	86.35765238247525
0.7434960115579827	0.01	0.01	0.01	0.007	0.01	0.8562484595636484	0.12180355594403225	0.05614643878742206	0.0409232018076058	0.046850125974814597	13.754573029538266	12.97931326650724	12.231814762008685	14.08225883490722	1.7473901244217778	85.58050474982032
0.7890995737334588	0.01	0.01	0.01	0.007	0.01	0.8657660935916252	0.12188279064598437	0.0561465341493906	0.04092368481559533	0.04685003628753201	14.870341327348847	13.841783701052544	12.969263915849641	14.897575832009363	1.8451126655277765	84.76702520068763
0.8372114426489061	0.01	0.01	0.01	0.007	0.01	0.8742450293919045	0.12193942967710529	0.05614659811411368	0.040924145034185976	0.04684998811765017	16.046402097479223	14.740774690783534	13.739232623358753	15.746991489981795	1.9471234755655773	83.91718296249805
0.8878929196212298	0.01	0.01	0.01	0.007	0.01	0.8817184483662571	0.1219790125452645	0.05614664189568918	0.040924582820504804	0.0468499614755447	17.281869885288927	15.675594659155857	14.541483513964504	16.629965377060994	2.053388050352249	83.03116476261074
0.9412062993562732	0.01	0.01	0.01	0.007	0.01	0.888234921512663	0.12200604677984979	0.05614667243707093	0.04092499871646671	0.04684994596692006	18.575623653085604	16.645472041698362	15.37570902745137	17.54586115446454	2.1638623320609733	82.1092296558788
0.9972236546589199	0.01	0.01	0.01	0.007	0.01	0.8938560797895402	0.12202408549446125	0.05614669410942251	0.040925393463235434	0.04684993632996432	19.92654312387701	17.64970693230496	16.241664229285934	18.49409162978018	2.278510302920628	81.15156193330661
1.056034352237016	0.01	0.01	0.01	0.007	0.01	0.8986532043760158	0.12203584101840982	0.056146709722632235	0.040925767979671505	0.046849929933162344	21.33370387947707	18.68778522529306	17.139270064414177	19.474229085188085	2.3973176315984897	80.15815610222074
1.117750774240279	0.01	0.01	0.01	0.007	0.01	0.9027034773718905	0.12204331974232432	0.05614672112280212	0.04092612331922995	0.046849925446925136	22.79651349709899	19.75944734314501	18.068679734254154	20.486073098353945	2.5203004088920227	79.12874207613898
1.1825124946641743	0.01	0.01	0.01	0.007	0.01	0.9060864770204734	0.1220479614337103	0.056146729547968094	0.04092646061999706	0.04684992217302187	24.314792839685673	20.864718394115055	19.03031345207685	21.529681982716674	2.6475096742207485	78.06274485082785
1.2504896578783122	0.01	0.01	0.01	0.007	0.01	0.90888124939487	0.12205076939319094	0.05614673584358654	0.0409267810587755	0.04684991971995553	25.888820178290324	22.003914644828246	20.024873959057604	22.60538164294631	2.779033375740327	76.95926502584767
1.321886143542354	0.01	0.01	0.01	0.007	0.01	0.9111640525167405	0.12205242305877552	0.056146740596137015	0.0409270858136602	0.04684991785010141	27.519352107212043	23.17763687330162	21.053351755867087	23.71376167669961	2.914996950244719	75.81707026435544
1.3969430138785954	0.01	0.01	0.01	0.007	0.01	0.9130067414667451	0.12205336970092273	0.05614674421802772	0.04092737603607957	0.046849916408115956	29.207632499498935	24.38675825553254	22.11702676777696	24.85566590610658	3.0555634102952562	74.63459020299804
1.4759424457263053	0.01	0.01	0.01	0.007	0.01	0.9144757004411725	0.12205389546978178	0.05614674700278751	0.04092765283065623	0.04684991528652271	30.955393025855688	25.632408405335894	23.217468118685854	26.032178895009494	3.2009331569669386	73.409912869089
1.5592122005698454	0.01	0.01	0.01	0.007	0.01	0.9156312172709445	0.12205417815348332	0.05614674916164561	0.04092791724054708	0.04684991440810941	32.76484464011603	26.91595212676904	24.3565311225498	27.2446071546943	3.3513433960703822	72.14078348553
1.6471299030938318	0.01	0.01	0.01	0.007	0.01	0.9165271978904752	0.12205432489299713	0.0561467508481578	0.04092817023382918	0.046849913716091575	34.63864229907259	28.238949392303454	25.536339898120595	28.49444237291102	3.5070656225398205	70.82461847004257
1.740125093794949	0.01	0.01	0.01	0.007	0.01	0.9172111375663737	0.12205439820434413	0.056146752175002576	0.040928412684256205	0.04684991316809098	36.57978037065932	29.603066155058386	26.75922841657533	29.78327801547807	3.6683975850842923	69.4585649755284
1.8386717635256062	0.01	0.01	0.01	0.007	0.01	0.917724273637815	0.12205443332579088	0.05614675322553779	0.04092864532901866	0.046849912732183314	38.59127776250851	31.009838158550853	28.027550506405575	31.11258687373746	3.8356379474713913	68.03970640692924
1.943246616331482	0.01	0.01	0.01	0.007	0.01	0.9181018524749383	0.12205444939018613	0.056146754061753665	0.040928868654751926	0.04684991238421094	40.675198297320186	32.45997662254362	29.343070216439816	32.48306541931131	4.009005687427581	66.5657390534699
2.0541622149821106	0.01	0.01	0.01	0.007	0.01	0.91837343122542	0.12205445636901698	0.056146754729546694	0.04092908255997466	0.04684991210600767	42.829393500961004	33.951120082782715	30.704906671792838	33.892508731859095	4.188369415452955	65.03727834635073
2.1709685578396547	0.01	0.01	0.01	0.007	0.01	0.9185631428271595	0.12205445923001372	0.05614675526163568	0.040929285415075026	0.04684991188446432	45.03674711313195	35.47051736607797	32.10270317599186	35.328890878773265	4.372349418755129	63.46556679606779
2.2910366509134974	0.01	0.01	0.01	0.007	0.01	0.9186903371720379	0.12205446033047866	0.05614675567929585	0.04092947277667377	0.046849911710982205	47.2416297105519	36.979270977302356	33.50158301491839	36.75545675808304	4.556343964746746	61.8895453916519
2.4097692593681286	0.01	0.01	0.01	0.007	0.01	0.9187720435021108	0.12205446073326225	0.05614675599988919	0.040929640531034726	0.04684991157834827	49.35952769896655	38.41972293525781	34.84800212642951	38.11768371011574	4.73331082127933	60.36954353410964
2.5248768809014757	0.01	0.01	0.01	0.007	0.01	0.9188239475406843	0.12205446088058272	0.056146756246007325	0.04092979066560732	0.04684991147695899	51.35485538360763	39.768566357238534	36.11914075417424	39.393504209930825	4.900262163913685	58.93159622288582
2.6371119423626657	0.01	0.01	0.01	0.007	0.01	0.9188575041705682	0.12205446093628441	0.05614675643964961	0.04092992736074683	0.046849911397518304	53.24677512687533	41.039754016143654	37.32693919935435	40.596086176788035	5.058779744953848	57.56251922605211
2.7481176617998133	0.01	0.01	0.01	0.007	0.01	0.9188796786670531	0.12205446095803649	0.056146756596579264	0.04093005333194085	0.04684991133342692	55.067107268440786	42.25536205254323	38.49152020515864	41.746293139566916	5.211513946539962	56.239726010908434
2.8591825374001982	0.01	0.01	0.01	0.007	0.01	0.9188945355982999	0.12205446096667821	0.05614675672672629	0.040930170257366484	0.04684991128053599	56.83895191134028	43.43118734797896	39.62756635104435	42.859059851790946	5.360395103293026	54.9466499812691
2.970925161368456	0.01	0.01	0.01	0.007	0.01	0.9189045325991154	0.12205446097012129	0.05614675683623279	0.04093027928410082	0.046849911236270254	58.57284085023868	44.574388543444215	40.74179495482944	43.941154277446486	5.506305341353871	53.675685211811604
3.0834002566210787	0.01	0.01	0.01	0.007	0.01	0.9189112453861586	0.12205446097148578	0.05614675692911458	0.04093038116824632	0.04684991119893514	60.26985095972995	45.68577598029794	41.83488224563608	44.993338518984125	5.649334028090118	52.42607601250216
3.196364731862794	0.01	0.01	0.01	0.007	0.01	0.9189157329756372	0.12205446097202252	0.05614675700827991	0.04093047645313231	0.04684991116729743	61.9266739831026	46.76330330883866	42.904672190514844	46.01366973395883	5.789200189587536	51.20031071895243
3.309521898479056	0.01	0.01	0.01	0.007	0.01	0.9189187212978316	0.12205446097223252	0.056146757076039076	0.04093056562895693	0.04684991114037679	63.53965989720499	47.804772462451936	43.948762061294964	47.000059520829176	5.9255916873583185	50.00118695197555
3.4226641118396	0.01	0.01	0.01	0.007	0.01	0.9189207069067661	0.12205446097231432	0.056146757134314676	0.040930649190742505	0.04684991111736007	65.10684939631379	48.80914498842543	44.96581866965951	47.951515985810616	6.058337154169598	48.830299878078975
3.535708657431614	0.01	0.01	0.01	0.007	0.01	0.9189220255468554	0.12205446097234632	0.05614675718471447	0.04093072762202472	0.04684991109757039	66.62824889027213	49.77667974449175	45.95577034729089	48.86827527198847	6.187430473860572	47.68780712170711
3.6486659043463563	0.01	0.01	0.01	0.007	0.01	0.9189229016273069	0.12205446097235874	0.05614675722856435	0.040930801365458847	0.04684991108045235	68.1051638597834	50.70846730296134	46.91938783413644	49.75136153983526	6.312975496560288	46.57289700305108
3.761586651959453	0.01	0.01	0.01	0.007	0.01	0.9189234840746283	0.12205446097236358	0.05614675726694051	0.04093087081059578	0.046849911065556506	69.53936060596268	51.60587465085382	47.857746788979334	50.60206140119906	6.4351156064645885	45.48440045140535
3.8745201098735236	0.01	0.01	0.01	0.007	0.01	0.9189238714926515	0.1220544609723655	0.05614675730070904	0.04093093629738787	0.04684991105252297	70.93248415400556	52.47017252930591	48.77185006836403	51.42157087002752	6.553984423443118	44.42122587211333
3.9874938985360466	0.01	0.01	0.01	0.007	0.01	0.918924129225068	0.12205446097236632	0.056146757330567676	0.04093099812548106	0.0468499110410621	72.2858300362167	53.30239762088835	49.66247678234175	52.21086457835418	6.669686228445786	43.38253601821703
4.1005128244271845	0.01	0.01	0.01	0.007	0.01	0.9189243006641823	0.12205446097236664	0.05614675735708385	0.040931056562997045	0.046849911030939315	73.60037205397899	54.103377897776525	50.53019771998832	52.9707195872362	6.782298091987264	42.36773306246957
4.213567460307417	0.01	0.01	0.01	0.007	0.01	0.9189244146761909	0.12205446097236675	0.056146757380724076	0.040931111852685186	0.04684991102196172	74.8768987541743	54.87382299682706	51.37546291774465	53.70180092468035	6.891881348542093	41.37635889752905
4.326644288445459	0.01	0.01	0.01	0.007	0.01	0.9189244904803778	0.12205446097236677	0.05614675740187731	0.04093116421548566	0.0468499110139699	76.11614708369984	55.61440870181092	52.19868881992941	54.40474164812236	6.9984929548911365	40.40799435916756
4.439732593558435	0.01	0.01	0.01	0.007	0.01	0.9189245408730804	0.12205446097236675	0.0561467574208704	0.040931213852479484	0.04684991100682987	77.31888083140603	56.3258244017668	53.00031018947404	55.08018787421384	7.102192221816368	39.46219838896312
4.552826848677013	0.01	0.01	0.01	0.007	0.01	0.9189245743701581	0.12205446097236677	0.056146757437980165	0.04093126094634311	0.0468499110004289	78.48590989752945	57.0087832205878	53.78079341550635	55.72880842899555	7.203042515939474	38.538491846377084
4.665925938007275	0.01	0.01	0.01	0.007	0.01	0.9189245966357058	0.12205446097236675	0.056146757453441117	0.04093130566294332	0.04684991099467138	79.61807436741903	57.66401103678826	54.54062647187132	56.35128446213345	7.3011099362250755	37.636368746048255
4.779031007874726	0.01	0.01	0.01	0.007	0.01	0.9189246114355052	0.12205446097236677	0.05614675746745361	0.04093134815318844	0.046849910989476745	80.7162174531094	58.29222965584461	55.28030119293905	56.94829348902375	7.3964610078322774	36.755316836027546
4.89214354192117	0.01	0.01	0.01	0.007	0.01	0.9189246212727507	0.12205446097236675	0.05614675748018851	0.04093138855489744	0.04684991098477582	81.7811647415869	58.89414452623678	56.00029945879586	57.52049772526817	7.48916089428727	35.89483387628012
5.005264237412124	0.01	0.01	0.01	0.007	0.01	0.9189246278113035	0.12205446097236677	0.05614675749179272	0.04093142699447239	0.04684991098050999	82.81371414778465	59.47043922964073	56.70108635293257	58.068538841485434	7.579272518599874	35.05443586452327
5.118392832690164	0.01	0.01	0.01	0.007	0.01	0.9189246321571679	0.12205446097236675	0.05614675750239256	0.04093146358822477	0.04684991097662856	83.81463603902274	60.02177599050172	57.383110095928515	58.593038433465814	7.666856561076657	34.23365727150329
5.231528414136968	0.01	0.01	0.01	0.007	0.01	0.9189246350455553	0.12205446097236677	0.05614675751209722	0.0409314984434094	0.04684991097308795	84.78467759332699	60.54879850827629	58.04680486571804	59.09460070253596	7.751971827758334	33.43204780136863
5.344669895622553	0.01	0.01	0.01	0.007	0.01	0.9189246369651979	0.12205446097236675	0.05614675752100158	0.040931531659037707	0.04684991096985083	85.7245679773439	61.052135067856604	58.69259423910457	59.57381540545944	7.834675695982026	32.64916833823004
5.457816318250477	0.01	0.01	0.01	0.007	0.01	0.91892463824097	0.12205446097236677	0.056146757529188546	0.04093156332659705	0.0468499109668844	86.63502129032364	61.532400265042675	59.320893167789364	60.031259491035556	7.915024369345226	31.884588596149264
5.570967007776411	0.01	0.01	0.01	0.007	0.01	0.9189246390888143	0.12205446097236675	0.05614675753673034	0.04093159353070111	0.046849910964160045	87.51673794248536	61.99019579773916	59.93210891428256	60.46749784983989	7.993072997964026	31.13788599226373
5.684121529697059	0.01	0.01	0.01	0.007	0.01	0.9189246396522583	0.12205446097236677	0.05614675754369052	0.04093162234972143	0.04684991096165309	88.37040430562294	62.426110321048554	60.52664080484078	60.88308317303153	8.068875647052963	30.408645949410005
5.797279606848788	0.01	0.01	0.01	0.007	0.01	0.9189246400266954	0.12205446097236675	0.056146757550125194	0.04093164985636914	0.04684991095934161	89.19669217777782	62.84071923446526	61.104879842855695	61.27855574569502	8.14248524812738	29.696462380304318
5.910441021999325	0.01	0.01	0.01	0.007	0.01	0.9189246402755242	0.12205446097236677	0.05614675755608349	0.04093167611822657	0.04684991095720637	89.99625827277944	63.23458451913497	61.66720832545806	61.65444328692209	8.213953551201655	29.000938182550055
6.023605565392382	0.01	0.01	0.01	0.007	0.01	0.9189246404408786	0.12205446097236675	0.0561467575616094	0.040931701198215265	0.046849910955230306	90.76974415086605	63.60825482722387	62.21399975701035	62.01126102956886	8.283331115270213	28.321685380375275
6.136772982284808	0.01	0.01	0.01	0.007	0.01	0.9189246405507605	0.12205446097236677	0.056146757566741444	0.04093172515501977	0.04684991095339889	91.51777621638709	63.96226562253973	62.745618802642966	62.34951184848454	8.350667304174173	27.658325224405655
6.249943025409746	0.01	0.01	0.01	0.007	0.01	0.9189246406237787	0.12205446097236675	0.056146757571514334	0.04093174804342968	0.04684991095169835	92.24096643579693	64.2971396690682	63.262421750760836	62.669686721036484	8.416010347057583	27.010487659510527
6.363115454978934	0.01	0.01	0.01	0.007	0.01	0.9189246406722997	0.12205446097236677	0.05614675757595882	0.04093176991466366	0.04684991095011708	92.93991265935863	64.61338731625209	63.76475669970549	62.972264993940996	8.47940736364879	26.37781113092398
6.476290053675643	0.01	0.01	0.01	0.007	0.01	0.918924640704542	0.12205446097236675	0.05614675758010254	0.04093179081665518	0.04684991094864472	93.61519902396414	64.9115068165518	64.25296380421993	63.25771468116935	8.540904397029774	25.759942313586542
6.589466626657618	0.01	0.01	0.01	0.007	0.01	0.918924640725967	0.12205446097236677	0.05614675758397003	0.04093181079431507	0.04684991094727171	94.26739624628398	65.1919845872582	64.72737544527195	63.52649270875036	8.600546436645956	25.156535935846765
6.702645001559619	0.01	0.01	0.01	0.007	0.01	0.9189246407402036	0.12205446097236675	0.0561467575875836	0.04093182988976898	0.04684991094598957	94.89706191047974	65.45529546743818	65.18831639672271	63.77904515503816	8.65837744088875	24.567254606440223
6.81582502099988	0.01	0.01	0.01	0.007	0.01	0.9189246407496636	0.12205446097236677	0.05614675759096308	0.040931848142576215	0.046849910944790955	95.50474071101645	65.70190295428301	65.63610395965172	64.01580747133202	8.714440355600745	23.991768682369443
6.929006572564895	0.01	0.01	0.01	0.007	0.01	0.9189246407559497	0.12205446097236675	0.05614675759412675	0.04093186558991057	0.04684991094366883	96.09096488921945	65.93225951471636	66.071048240582	64.23720477490781	8.768777150553664	23.429755950780773
7.042189528844893	0.01	0.01	0.01	0.007	0.01	0.9189246407601266	0.12205446097236677	0.05614675759709062	0.04093188226676539	0.046849910942617395	96.65625419014158	66.14680670275631	66.49345207587811	64.44365195559351	8.821428811642862	22.88090176602354
7.1553737624255	0.01	0.01	0.01	0.007	0.01	0.918924640762902	0.12205446097236675	0.056146757599869625	0.040931898206108625	0.046849910941630976	97.20111623411485	66.34597544865395	66.90361126014017	64.63555394720488	8.872435371206757	22.344898797739003
7.268559175872372	0.01	0.01	0.01	0.007	0.01	0.9189246407647462	0.12205446097236677	0.056146757602476983	0.040931913439015886	0.04684991094070446	97.72604693331881	66.53018635307843	67.30181481277717	64.81330600428888	8.921835942928539	21.821446724859094
7.38174569423656	0.01	0.01	0.01	0.007	0.01	0.9189246407659717	0.12205446097236675	0.056146757604925	0.04093192799480857	0.04684991093983351	98.23153070718466	66.69984989900934	67.68834509642858	64.97729389992368	8.969668738187547	21.310252120007704
7.4949332050860615	0.01	0.01	0.01	0.007	0.01	0.9189246407667858	0.12205446097236677	0.05614675760722471	0.040931941901205096	0.046849910939013986	98.7180404796201	66.85536659632247	68.06347776599578	65.12789405829021	9.01597106154889	20.81102856056196
7.608121633467188	0.01	0.01	0.01	0.007	0.01	0.9189246407673269	0.12205446097236675	0.05614675760938618	0.04093195518439813	0.04684991093824209	99.18603827658423	66.99712732612213	68.42748217723337	65.26547388042128	9.060779363106354	20.32349613156256
7.721310904424477	0.01	0.01	0.01	0.007	0.01	0.9189246407676863	0.12205446097236677	0.05614675761141864	0.04093196786917525	0.046849910937514526	99.63597530632384	67.12551350439736	68.78062140235039	65.39039189562368	9.104129242094507	19.847381445873133
7.834500950497175	0.01	0.01	0.01	0.007	0.01	0.9189246407679251	0.12205446097236675	0.05614675761333064	0.040931979979010526	0.04684991093682809	100.06829223881945	67.2408973110918	69.12315239832309	65.50299797622316	9.146055469385834	19.382417462098783
7.947691711719555	0.01	0.01	0.01	0.007	0.01	0.9189246407680838	0.12205446097236677	0.056146757615129696	0.04093199153615111	0.04684991093618005	100.48341944574092	67.34364190268994	69.45532614610535	65.60363353653905	9.186592006346018	18.928343340003686
8.060883128124786	0.01	0.01	0.01	0.007	0.01	0.9189246407681892	0.12205446097236675	0.05614675761682306	0.04093200256170134	0.04684991093556775	100.88177720930244	67.43410161453909	69.77738776578354	65.69263172197542	9.2257720207248	18.48490432812457
8.17407515473793	0.01	0.01	0.01	0.007	0.01	0.9189246407682594	0.12205446097236677	0.056146757618417184	0.040932013075689236	0.04684991093498872	101.26377600667936	67.5126221777083	70.0895766936757	65.77031761259744	9.263627910053206	18.05185156539063
8.287267739086852	0.01	0.01	0.01	0.007	0.01	0.9189246407683059	0.12205446097236675	0.056146757619918046	0.04093202309714556	0.04684991093444102	101.6298166578435	67.57954090166976	70.39212675008515	65.83700839329356	9.300191311700889	17.628942032382408
8.400460836195185	0.01	0.01	0.01	0.007	0.01	0.9189246407683368	0.12205446097236677	0.0561467576213313	0.04093203264415947	0.046849910933922455	101.9802906006962	67.63518688276436	70.68526631103501	65.89301354951306	9.335493125546016	17.2159383585165
8.51365440858251	0.01	0.01	0.01	0.007	0.01	0.9189246407683574	0.12205446097236675	0.05614675762266172	0.04093204173393638	0.046849910933431285	102.31558010526585	67.67988119394994	70.96921843252568	65.93863504488768	9.369563530805642	16.81260869299726
8.62684840377481	0.01	0.01	0.01	0.007	0.01	0.9189246407683712	0.12205446097236677	0.05614675762391441	0.04093205038286399	0.04684991093296572	102.63605842095812	67.713937064629	71.24420091829496	65.97416748885804	9.40243199608208	16.41872665594897
8.740042799283872	0.01	0.01	0.01	0.007	0.01	0.9189246407683805	0.12205446097236675	0.05614675762509335	0.04093205860653805	0.046849910932524295	102.94209011436556	67.73766007963079	71.51042655132359	65.99989832444983	9.434127308975393	16.03407105490013
8.853237565124635	0.01	0.01	0.01	0.007	0.01	0.9189246407683864	0.12205446097236677	0.05614675762620289	0.04093206641982832	0.04684991093210565	103.2340311606914	67.7513483433335	71.76810311730792	66.01610798068654	9.46467758071454	15.658425896291812
8.966432656318474	0.01	0.01	0.01	0.007	0.01	0.9189246407683902	0.12205446097236675	0.056146757627246496	0.04093207383692608	0.04684991093170809	103.5122291306688	67.75529265958984	72.01743350752237	66.0230700409026	9.494110260368469	15.291580285707273
9.079628050376357	0.01	0.01	0.01	0.007	0.01	0.9189246407683929	0.12205446097236677	0.05614675762822784	0.040932080871363706	0.0468499109313307	103.7770234803321	67.74977670691035	72.25861591621566	66.02105140789243	9.522452160140293	14.93332818707361
9.192823724809072	0.01	0.01	0.01	0.007	0.01	0.9189246407683946	0.12205446097236675	0.0561467576291499	0.04093208753606357	0.046849910930972266	104.02874567997118	67.7350772012734	72.49184389787128	66.01031245566327	9.549729463987635	14.583468384658982
9.306019649630562	0.01	0.01	0.01	0.007	0.01	0.9189246407683959	0.12205446097236677	0.05614675763001576	0.04093209384337717	0.046849910930631615	104.26771938543963	67.71146406257468	72.71730646095625	65.99110718512152	9.575967740601289	14.241804392787468
9.419215824841379	0.01	0.01	0.01	0.007	0.01	0.9189246407683966	0.12205446097236675	0.056146757630828235	0.040932099805096336	0.046849910930307964	104.49426069757506	67.67920056610645	72.93518824721258	65.96368336687473	9.601191966264345	13.908144234019884
9.532412212958493	0.01	0.01	0.01	0.007	0.01	0.9189246407683971	0.12205446097236677	0.05614675763158997	0.040932105432520814	0.04684991093000011	104.70867819999656	67.63854351510733	73.14566950199436	65.92828270111134	9.625426523391782	13.582300533983133
9.645608791492121	0.01	0.01	0.01	0.007	0.01	0.9189246407683974	0.12205446097236675	0.05614675763230316	0.040932110736457014	0.04684991092970746	104.91127324420746	67.58974338337273	73.34892628002761	65.88514095251081	9.648695226402738	13.264090257797735
9.758805552945846	0.01	0.01	0.01	0.007	0.01	0.9189246407683976	0.12205446097236677	0.05614675763297029	0.040932115727244214	0.04684991092942919	105.10234011155273	67.53304445949637	73.5451305392206	65.83448808525503	9.671021334431892	12.953334612702921
9.872002482326467	0.01	0.01	0.01	0.007	0.01	0.9189246407683979	0.12205446097236675	0.0561467576335932	0.040932120414791634	0.046849910929164476	105.28216613716354	67.46868500162329	73.73445019557076	65.77654840743598	9.692427559611978	12.649859012303141
9.985199549647206	0.01	0.01	0.01	0.007	0.01	0.918924640768398	0.12205446097236677	0.0561467576341742	0.04093212480860582	0.04684991092891259	105.4510318651346	67.39689738796416	73.91704920780842	65.71154071191734	9.71293607881045	12.353492995649038
10.098396747411467	0.01	0.01	0.01	0.007	0.01	0.9189246407683981	0.12205446097236675	0.05614675763471472	0.0409321289177906	0.04684991092867293	105.60921126459279	67.31790823375738	74.09308773092127	65.63967838663615	9.732568553019973	12.064070032399188
10.21159406062586	0.01	0.01	0.01	0.007	0.01	0.9189246407683981	0.12205446097236677	0.05614675763521669	0.04093213275108438	0.046849910928444996	105.75697183607986	67.23193854415135	74.26272215541891	65.5611695571666	9.751346133796748	11.781427510326541
10.324791481793726	0.01	0.01	0.01	0.007	0.01	0.9189246407683981	0.12205446097236675	0.05614675763568167	0.04093213631687006	0.04684991092822789	105.8945747837399	67.13920383695815	74.42610521847432	65.47621720197546	9.769289477753443	11.505406605741987
10.437988995921604	0.01	0.01	0.01	0.007	0.01	0.9189246407683981	0.12205446097236677	0.056146757636111384	0.04093213962320178	0.046849910928021384	106.02227514340672	67.03991428409803	74.58338606720208	65.38501928463835	9.786418755683265	11.2358522318488
10.551186595512782	0.01	0.01	0.01	0.007	0.01	0.9189246407683981	0.12205446097236675	0.05614675763650688	0.040932142677813074	0.04684991092782499	106.14032194507551	66.93427482635468	74.73471036406453	65.28776886157912	9.802753666279502	10.972612915158395
10.664384265573744	0.01	0.01	0.01	0.007	0.01	0.9189246407683981	0.12205446097236677	0.05614675763686969	0.040932145488140406	0.04684991092763805	106.24895833682207	66.82248531055227	74.88022034782298	65.18465421032116	9.818313444941246	10.715540746228546
10.777582006104534	0.01	0.01	0.01	0.007	0.01	0.9189246407683981	0.12205446097236675	0.05614675763720101	0.040932148061325405	0.04684991092746034	106.34842174430514	66.70474058871825	75.02005494255101	65.07585892269319	9.833116877711372	10.464491245364375
10.890779809608397	0.01	0.01	0.01	0.007	0.01	0.9189246407683981	0.12205446097236677	0.0561467576375019	0.04093215040424143	0.04684991092729126	106.43894398207378	66.58123065765163	75.15434980583878	64.96156203522932	9.847182308629392	10.219323333600228
11.003977668588563	0.01	0.01	0.01	0.007	0.01	0.9189246407683981	0.12205446097236675	0.056146757637773714	0.040932152523502435	0.0468499109271304	106.52075139297382	66.45214076770445	75.28323741524251	64.84193813118362	9.860527651162116	9.979899235860922
11.117175568051453	0.01	0.01	0.01	0.007	0.01	0.9189246407683981	0.12205446097236677	0.05614675763801722	0.04093215442547966	0.046849910926977635	106.59406497176883	66.31765154471893	75.40684713471832	64.71715745467722	9.873170397470451	9.746084418919356
11.230373500500274	0.01	0.01	0.01	0.007	0.01	0.9189246407683981	0.12205446097236675	0.05614675763823364	0.040932156116304436	0.04684991092683238	106.65910050112124	66.17793908308904	75.52530530436833	64.58738599804632	9.885127630018069	9.51774748418202
11.343571465935039	0.01	0.01	0.01	0.007	0.01	0.9189246407683981	0.12205446097236677	0.05614675763842367	0.0409321576018788	0.04684991092669443	106.71606867108746	66.03317505161922	75.63873530971995	64.45278560097496	9.896416030956678	9.29476009575622
11.456769464355755	0.01	0.01	0.01	0.007	0.01	0.9189246407683981	0.12205446097236675	0.056146757638588174	0.04093215888789021	0.04684991092656345	106.76517519296364	65.88352680709352	75.7472576424385	64.313514056796	9.907051890619679	9.076996924368064
11.569967480768812	0.01	0.01	0.01	0.007	0.01	0.9189246407683981	0.12205446097236677	0.056146757638728215	0.04093215997983069	0.04684991092643928	106.80662091104354	65.72915751775612	75.85098995469913	64.1697252280654	9.917051115420085	8.864335604760495
11.683165507677401	0.01	0.01	0.01	0.007	0.01	0.9189246407683981	0.12205446097236675	0.05614675763884431	0.04093216088299212	0.04684991092632148	106.84060192753434	65.57022623457247	75.95004714768086	64.02156911351972	9.926429239025177	8.65665662287037
11.796363537584714	0.01	0.01	0.01	0.007	0.01	0.9189246407683981	0.12205446097236677	0.05614675763893724	0.0409321616024795	0.04684991092620985	106.86730970973893	65.40688799850379	76.0445414284777	63.869191948503605	9.935201430333011	8.453843263670848
11.90956157798756	0.01	0.01	0.01	0.007	0.01	0.9189246407683981	0.12205446097236675	0.05614675763900778	0.04093216214321048	0.046849910926103924	106.88693120081075	65.23929391358601	76.13458238481189	63.712736273501214	9.943382503058942	8.255781519715901
12.022759628885941	0.01	0.01	0.01	0.007	0.01	0.9189246407683981	0.12205446097236677	0.05614675763905636	0.04093216250993617	0.04684991092600378	106.89964891946323	65.06759127207673	76.22027702719018	63.552341051238464	9.950986922245438	8.062360068155334
12.135957682783047	0.01	0.01	0.01	0.007	0.01	0.9189246407683981	0.12205446097236675	0.05614675763908395	0.040932162707249135	0.04684991092590929	106.90564106599365	64.89192364704645	76.30172985058756	63.388141753460594	9.958028812610868	7.873470206609754
12.249155724685258	0.01	0.01	0.01	0.007	0.01	0.9189246407683981	0.12205446097236677	0.05614675763909066	0.04093216273958967	0.04684991092581992	106.90508162570046	64.7124309826812	76.37904289461669	63.220270445566044	9.964521966693226	7.6890057906190465
12.362353762089382	0.01	0.01	0.01	0.007	0.01	0.9189246407683981	0.12205446097236675	0.0561467576390773	0.040932162611234835	0.04684991092573565	106.89814046709176	64.52924963335195	76.45231582110567	63.04885582328405	9.970479854302623	7.508863125466092
12.475551787498611	0.01	0.01	0.01	0.007	0.01	0.9189246407683981	0.12205446097236677	0.05614675763904437	0.04093216232632757	0.04684991092565619	106.88498343753083	64.34251250730112	76.52164594387905	62.874023347184774	9.975915627872526	7.332940969743547
12.588749800912948	0.01	0.01	0.01	0.007	0.01	0.9189246407683981	0.12205446097236675	0.05614675763899238	0.04093216188886848	0.04684991092558149	106.8657724572215	64.15234911376336	76.58712829875331	62.695895286886746	9.98084213114843	7.1611404419477775
12.701947802332393	0.01	0.01	0.01	0.007	0.01	0.9189246407683981	0.12205446097236677	0.05614675763892166	0.04093216130272614	0.04684991092551141	106.84066561115026	63.9588856556986	76.64885569177916	62.51459080792147	9.985271905984124	6.99336497726099
12.815145791756947	0.01	0.01	0.01	0.007	0.01	0.9189246407683981	0.12205446097236675	0.05614675763883273	0.04093216057164292	0.04684991092544564	106.80981723904796	63.7622451088563	76.70691875148647	62.33022604581548	9.989217199416276	6.82952027327357
12.928343769186613	0.01	0.01	0.01	0.007	0.01	0.9189246407683981	0.12205446097236677	0.056146757638726036	0.040932159699239634	0.04684991092538411	106.77337802324334	63.562547298977904	76.76140597990529	62.1429141784291	9.992689970573265	6.669514236978098
13.041541719627784	0.01	0.01	0.01	0.007	0.01	0.9189246407683981	0.12205446097236675	0.056146757638601906	0.040932158689029975	0.04684991092532664	106.73149508035985	63.35990900421124	76.81240379586383	61.95276552196216	9.995701897053216	6.513256953457907
13.154739643080466	0.01	0.01	0.01	0.007	0.01	0.9189246407683981	0.12205446097236677	0.056146757638460706	0.04093215754440655	0.046849910925273075	106.68431203537477	63.15444397576014	76.8599965980383	61.75988755025316	9.9982643824271	6.36066059299292
13.267937547041466	0.01	0.01	0.01	0.007	0.01	0.9189246407683981	0.12205446097236675	0.05614675763830287	0.04093215626864998	0.046849910925223455	106.63196910351989	62.946263021726665	76.90426680736594	61.56438497332117	10.000388562245616	6.211639373897506
13.381135416517193	0.01	0.01	0.01	0.007	0.01	0.9189246407683981	0.12205446097236677	0.056146757638128514	0.040932154864951324	0.046849910925177485	106.5746031843992	62.73547413262667	76.94529490194572	61.366359855099816	10.002085309789708	6.066109553547052
13.494333251507655	0.01	0.01	0.01	0.007	0.01	0.9189246407683981	0.12205446097236675	0.05614675763793797	0.04093215333639311	0.046849910925135	106.51234792349402	62.52218248139367	76.98315947753711	61.16591161331519	10.00336524297922	5.923989331388374
13.60753106700645	0.01	0.01	0.01	0.007	0.01	0.9189246407683981	0.12205446097236677	0.05614675763773163	0.040932151685953176	0.04684991092509606	106.44533378508842	62.306490488603906	77.01793728969747	60.96313708055681	10.004238730086431	5.785198805244489
13.720728863013582	0.01	0.01	0.01	0.007	0.01	0.9189246407683981	0.12205446097236675	0.05614675763750997	0.04093214991652702	0.04684991092506045	106.37368814324894	62.08849794437158	77.04970328701155	60.758130618659365	10.00471589525491	5.649659964020162
13.833926639529054	0.01	0.01	0.01	0.007	0.01	0.9189246407683981	0.12205446097236677	0.05614675763727301	0.04093214803092136	0.04684991092502809	106.29753534723152	61.86830204439783	77.07853065894629	60.55098415242651	10.004806624467687	5.517296624346809
13.947124374062502	0.01	0.01	0.01	0.007	0.01	0.9189246407683981	0.12205446097236675	0.05614675763702104	0.040932146031872466	0.04684991092499901	106.21699680888334	61.64599749663686	77.10449087219165	60.341787269772745	10.004520571222349	5.388034413139138
14.06032207411073	0.01	0.01	0.01	0.007	0.01	0.9189246407683981	0.12205446097236677	0.0561467576367542	0.04093214392201566	0.04684991092497284	106.13219103584719	61.42167647963384	77.1276537237585	60.13062718230256	10.003867161955405	5.261800664973297
14.173519739673743	0.01	0.01	0.01	0.007	0.01	0.9189246407683981	0.12205446097236675	0.056146757636472734	0.040932141703912184	0.046849910924949674	106.04323372372791	61.195428774476	77.14808737026217	59.917588849220444	10.00285560127207	5.138524425597474
14.286717370751557	0.01	0.01	0.01	0.007	0.01	0.9189246407683981	0.12205446097236677	0.056146757636177096	0.04093213938004717	0.04684991092492951	105.9502378172998	60.96734180827681	77.16585836831884	59.702755018036136	10.0014948771635	5.018136403177052
14.399914974840959	0.01	0.01	0.01	0.007	0.01	0.9189246407683981	0.12205446097236675	0.056146757635867135	0.040932136952827915	0.04684991092491207	105.85331356851351	60.737500695525604	77.1810317129571	59.48620626324172	9.999793765959778	4.900568921650383
14.513112544445178	0.01	0.01	0.01	0.007	0.01	0.9189246407683981	0.12205446097236677	0.056146757635543276	0.04093213442460053	0.04684991092489733	105.75256861867831	60.50598833899789	77.19367087113841	59.2680210811124	9.997760837615536	4.785755906134722
14.626310079564226	0.01	0.01	0.01	0.007	0.01	0.9189246407683981	0.12205446097236675	0.05614675763520552	0.04093213179763802	0.046849910924885295	105.6481080414042	60.27288543835713	77.20383782094822	59.048275897557104	9.995404460268775	4.673632821963573
14.739507595191657	0.01	0.01	0.01	0.007	0.01	0.9189246407683981	0.12205446097236677	0.056146757634854105	0.040932129074138776	0.04684991092487584	105.54003439419964	60.03827052674236	77.21159308611895	58.82704510229875	9.992732804673302	4.564136632146682
14.852705068837164	0.01	0.01	0.01	0.007	0.01	0.9189246407683981	0.12205446097236675	0.056146757634489286	0.04093212625626097	0.04684991092486886	105.42844782741945	59.80222013106545	77.21699576662206	58.60440119973894	9.989753850066245	4.457205812609989
14.965902507997527	0.01	0.01	0.01	0.007	0.01	0.9189246407683981	0.12205446097236677	0.05614675763411113	0.040932123346082865	0.04684991092486445	105.31344607775867	59.56480868265848	77.2201035769761	58.38041472443036	9.98647538713515	4.352780251914586
15.079099912672756	0.01	0.01	0.01	0.007	0.01	0.9189246407683981	0.12205446097236675	0.05614675763371966	0.04093212034562848	0.04684991092486235	105.19512455943972	59.32610864378789	77.22097287580264	58.15515436008922	9.982905023254457	4.250801254161141
15.192297282862866	0.01	0.01	0.01	0.007	0.01	0.9189246407683981	0.12205446097236677	0.05614675763331509	0.040932117256864735	0.04684991092486263	105.07357641185392	59.0861905400782	77.21965869817714	57.92868696990434	9.979050186619308	4.151211498658251
15.305494618567863	0.01	0.01	0.01	0.007	0.01	0.9189246407683981	0.12205446097236675	0.0561467576328977	0.0409321140817034	0.04684991092486517	104.9488925529605	58.84512300729358	77.21621478664288	57.70107764039025	9.974918130445154	4.053955007701785
15.41869191978776	0.01	0.01	0.01	0.007	0.01	0.9189246407683981	0.12205446097236677	0.05614675763246737	0.04093211082200295	0.04684991092486986	104.82116173143422	58.60297283701502	77.21069362149825	57.472389724206074	9.970515937068981	3.958977115109156
15.53188917902581	0.01	0.01	0.01	0.007	0.01	0.9189246407683981	0.12205446097236675	0.05614675763202418	0.040932107479575354	0.04684991092487678	104.69047058634243	58.35980503737568	77.20314645094021	57.242684897209536	9.965850522271978	3.8662244415610636
15.645086403778784	0.01	0.01	0.01	0.007	0.01	0.9189246407683981	0.12205446097236677	0.05614675763156843	0.04093210405617319	0.04684991092488575	104.55690367099811	58.115682828318874	77.19362331850996	57.01202315366717	9.960928638271715	3.7756448460978254
15.758283601543441	0.01	0.01	0.01	0.007	0.01	0.9189246407683981	0.12205446097236675	0.056146757631100115	0.04093210055350088	0.04684991092489689	104.4205435178925	57.87066771601356	77.18217309165071	56.780462876227865	9.955756878075427	3.6871874098143937
15.87148076482304	0.01	0.01	0.01	0.007	0.01	0.9189246407683981	0.12205446097236677	0.056146757630619167	0.04093209697322594	0.04684991092491002	104.28147070477456	57.62481956702379	77.16884349117451	56.548060905715985	9.95034167994757	3.6008024185152414
15.984677893617592	0.01	0.01	0.01	0.007	0.01	0.9189246407683981	0.12205446097236675	0.05614675763012597	0.040932093316966095	0.04684991092492519	104.13976387432707	57.37819660030045	77.1536811162014	56.31487253326599	9.944689330065533	3.516441316846643
16.0	0.01	0.01	0.01	0.007	0.01	0.9189246407683981	0.12205446097236675	0.05614675763005829	0.04093209694829024	0.04684991092492737	104.120384579198	57.344757848484605	77.15149044281692	56.28325120931516	9.943906355438962	3.505175296117809
