0.0	0.01	0.01	0.01	0.007	0.01	0.0	0.0	0.0	0.0	0.0	0.0	0.0	0.0	0.0	0.0	100.0
0.0034691599251500203	0.01	0.01	0.01	0.007	0.01	0.011520128823327648	0.0031868565839177263	0.003948720882870475	0.004010658110424388	0.004646822350265716	0.0007128490377770791	0.0010975198918591687	0.002404831321167579	0.0037126312265372222	0.0004829692150232207	99.92939716642903
0.005543038530020837	0.01	0.01	0.01	0.007	0.01	0.018338258809273984	0.005048321902667053	0.006169593742791357	0.006213593019962459	0.007293783110618951	0.0018144063828172017	0.00278449872651672	0.0060457570964112615	0.009277193770105193	0.0012179840245891826	99.88721430010963
0.008677521413021371	0.01	0.01	0.01	0.007	0.01	0.028546772352139267	0.007801250181966597	0.009340077856793694	0.009290021911826589	0.011118321672279463	0.004426433126945238	0.0067601920323703876	0.014479303087066119	0.022021146559408854	0.0029306333340147856	99.82349244534275
0.011560563908015693	0.01	0.01	0.01	0.007	0.01	0.03783484821076218	0.010270473947198948	0.012069755046232002	0.011871856706247874	0.014458640849162823	0.007823606505265618	0.01189561098802356	0.02516645607285104	0.03797153389775583	0.00511533867564736	99.76491808927425
0.014912445417267165	0.01	0.01	0.01	0.007	0.01	0.04851240626281377	0.01306745578789413	0.0150335748406745	0.014602095745695957	0.0181419132535286	0.01295517277699804	0.019597466899065753	0.040880390608120785	0.061130434845380444	0.008350004055975364	99.69686160618573
0.018321947728887008	0.01	0.01	0.01	0.007	0.01	0.05924165147344377	0.015833283980228985	0.01783271874853055	0.01710772092707486	0.021682745850823096	0.019460526638342017	0.029286468068601725	0.060237841935178685	0.08928621438037827	0.012364773768403059	99.62768282216932
0.021995423250240877	0.01	0.01	0.01	0.007	0.01	0.07065461020806227	0.018726380868967166	0.020623092127550747	0.019531625882206742	0.025283602733833142	0.027898619353786763	0.041753798129231	0.08461312136880149	0.12427223990105907	0.017460818405913115	99.5532017433147
0.025808186557555745	0.01	0.01	0.01	0.007	0.01	0.08234118521401193	0.021636726744459617	0.023290849595574734	0.021776611586080342	0.028806150126908858	0.03819966563727865	0.05684645025714132	0.11346832281267367	0.1651335360998814	0.023545581582754625	99.47595544095954
0.02981834955078616	0.01	0.01	0.01	0.007	0.01	0.09446032183923678	0.02459934362343632	0.025865920535671112	0.023872922328624542	0.03229678532035443	0.05070172802491461	0.07500525220028723	0.14740030182679426	0.21253972809731528	0.0307672061316607	99.39477450752659
0.03398992314816615	0.01	0.01	0.01	0.007	0.01	0.10688228484245184	0.027577659862285067	0.02831461904635575	0.02579840686894347	0.0357167475980748	0.06548994950249473	0.09629179462515383	0.18625806851986104	0.26610095344784956	0.039119680780221995	99.31039631371124
0.03834065114385408	0.01	0.01	0.01	0.007	0.01	0.11963978990078943	0.03057525262733108	0.03064048059534813	0.02756242634914075	0.03907335025104397	0.08281513417553547	0.120999096805223	0.23030201689040813	0.3260048008585182	0.048687922866690575	99.22247068341473
0.04286200935376204	0.01	0.01	0.01	0.007	0.01	0.1326868232698427	0.033577073548911915	0.032833334943116244	0.029164204735062052	0.042344385771240146	0.10283861536835094	0.14928178756313415	0.2795203685245719	0.3920682441191481	0.059500254906108344	99.1311792022142
0.04756159598636256	0.01	0.01	0.01	0.007	0.01	0.1460241215096332	0.03657933087693228	0.03489328910337178	0.030611260088214524	0.04550039794440582	0.12578960712986703	0.18138117268078802	0.3340379907723427	0.46430083954432033	0.07161242385133572	99.0363781069571
0.05244247635190878	0.01	0.01	0.01	0.007	0.01	0.15963824360079115	0.03957508825838329	0.036819216984168145	0.031910368007415896	0.04847134111879159	0.15188629808352228	0.21751179051134664	0.3939145867210452	0.5426313738813295	0.08505476748934923	98.93801588710127
0.057501160476368066	0.01	0.01	0.01	0.007	0.01	0.17349720111610636	0.042553706065790314	0.03860904703061145	0.03306791473864591	0.05113274222023217	0.18131281996004642	0.25783077895142376	0.459103392635851	0.6268610127497694	0.09980661581601041	98.83617356129794
0.06266416450448828	0.01	0.01	0.01	0.007	0.01	0.18738314673235157	0.045466673850214655	0.040241941278765576	0.03407923128582876	0.05329690173272034	0.21378894178089183	0.30186010412801717	0.5285640509254899	0.715545846123182	0.11557542505485449	98.73233914486907
0.06793227945812486	0.01	0.01	0.01	0.007	0.01	0.2012872797807803	0.048312212728142484	0.04172785677623717	0.034959767189375095	0.05484666502835463	0.24941298557180375	0.3496449397810021	0.6021451769726373	0.8084300650989802	0.13221837889749924	98.62650325577366
0.07343564431188873	0.01	0.01	0.01	0.007	0.01	0.21553239398896923	0.05115404174383113	0.04310709885852825	0.035740695062973886	0.05576377315378212	0.2892487779298608	0.4025011732148103	0.6815939363401277	0.9076325851423581	0.1499787426634074	98.51606238128907
0.07920085885862418	0.01	0.01	0.01	0.007	0.01	0.2301545737739708	0.05399421021032752	0.04438393450342725	0.036430017250481596	0.05608016872074861	0.3337838412657309	0.4609325949006584	0.7673120498833528	1.0135375920976406	0.16876488043977084	98.40049937261479
0.0851661992622668	0.01	0.01	0.01	0.007	0.01	0.24496707058547756	0.05679244349074735	0.04554552949056339	0.03702680155702156	0.05591217510446535	0.3828099715845427	0.52451881780457	0.8583497658388509	1.1248801036239335	0.1881991400375233	98.28106756392582
0.09133045814270911	0.01	0.01	0.01	0.007	0.01	0.25994173898402073	0.05954113313073572	0.04659627843300639	0.03753968643528788	0.05541282899905448	0.4365366168991176	0.5933870775492224	0.954599486501721	1.2414706450169775	0.20813109892631504	98.15780550477918
0.0977641736290761	0.01	0.01	0.01	0.007	0.01	0.2752193072177458	0.062262921150044774	0.04755139177901944	0.037981766813354766	0.054706071587995696	0.495846144990023	0.6685024030008049	1.0570930986341738	1.3644985578825903	0.22867765831719455	98.02932019796962
0.10452989385474196	0.01	0.01	0.01	0.007	0.01	0.2909066995982089	0.0649716410610597	0.04842040134779961	0.03836224087816635	0.05388030593913969	0.5616804372873471	0.7508528773392703	1.1667975761187512	1.4950466580824417	0.24995115304562252	97.89438597084963
0.11167023512400989	0.01	0.01	0.01	0.007	0.01	0.30705198744376433	0.06766904294772473	0.04920778725511126	0.038687391796392544	0.0529985591441109	0.6348987631080337	0.8412694525667465	1.284388495934473	1.6338342347494235	0.2720148187756708	97.75218181185929
0.11920705399285453	0.01	0.01	0.01	0.007	0.01	0.32364786093311604	0.07034693547701819	0.049915322390531675	0.03896210258327209	0.05210643947251545	0.7162190617508313	0.9403605224380568	1.4102008015186447	1.7811779382639226	0.2948797983857676	97.60230565211766
0.12715722471247834	0.01	0.01	0.01	0.007	0.01	0.34067095216047455	0.07299477310205003	0.05054508803529535	0.039191249150823795	0.051235514287066124	0.8063454505109404	1.048675471817903	1.5444704054787706	1.937289142765484	0.3185539494027226	97.44445867037629
0.13554011904931137	0.01	0.01	0.01	0.007	0.01	0.35809873735405273	0.07560263452670504	0.051100255381175394	0.039379915151002295	0.05040649105766805	0.9060440051872658	1.1667953437490883	1.6874578390939374	2.1024210163895423	0.3430623649238745	97.27829664973281
0.14438062340080832	0.01	0.01	0.01	0.007	0.01	0.3759148558103356	0.078161979733276	0.051585007469807126	0.03953323433674444	0.04963214848569818	1.0161860600579709	1.2953783821589981	1.8395032851888544	2.2769305855165887	0.36845338834672653	97.1033710381996
0.15370865049372676	0.01	0.01	0.01	0.007	0.01	0.3941065162461474	0.08066514426832526	0.05200417652945655	0.03965616904617381	0.04891981731012547	1.1377550737941902	1.4351595571832276	2.0010222060719047	2.4612709238936987	0.39479452613980814	96.91913993145138
0.16355896211955961	0.01	0.01	0.01	0.007	0.01	0.4126626268439	0.0831050143279456	0.052362997031794235	0.039753374375918575	0.0482730798364131	1.2718560911076138	1.5869523479810426	2.172504736599448	2.6559880346329647	0.42216994418410997	96.72497298762842
0.17397081362875538	0.01	0.01	0.01	0.007	0.01	0.43157165928872726	0.08547473493182135	0.05266692044768029	0.03982911500981222	0.047692929892047126	1.419721701316533	1.7516457956042149	2.35451084245892	2.8617131496884882	0.4506779768891733	96.52015997780224
0.18498794269002938	0.01	0.01	0.01	0.007	0.01	0.4508202523964714	0.08776758209054387	0.052921492157627176	0.03988722375003868	0.04717852817392821	1.5827213763282153	1.9302048445248767	2.547670625152152	3.0791610287018827	0.4804299650398777	96.30391268540886
0.19665848755616744	0.01	0.01	0.01	0.007	0.01	0.47039173513442506	0.0899768784026702	0.0531322532943355	0.039931084040478376	0.04672771517920466	1.7623688278160385	2.1236679388416917	2.752682837643671	3.3091262174980556	0.5115491183461387	96.07536838359941
0.20903495866194147	0.01	0.01	0.01	0.007	0.01	0.49026482498209056	0.0920959824320211	0.05330465974250548	0.03996363076474821	0.04633736087983316	1.960328810659758	2.333143775735484	2.9703138964673337	3.55247980079778	0.5441696593444024	95.83359247260357
0.22217412047614768	0.01	0.01	0.01	0.007	0.01	0.5104122921305265	0.09411832313353924	0.053444003435292015	0.039987363858486724	0.04600361662566835	2.178420847780534	2.5598048733659775	3.201394954321886	3.810163885115642	0.5784357974257839	95.57758310029986
0.23613688592598742	0.01	0.01	0.01	0.007	0.01	0.5307998162894513	0.0960374995454895	0.053555327464332364	0.040004372032671966	0.04572210442325683	2.418620925802699	2.8048796414275965	3.446818829750176	4.083185870533419	0.6145007596635402	95.30627576973764
0.2509882295421933	0.01	0.01	0.01	0.007	0.01	0.5513850777371243	0.09784743756891393	0.053643327757659315	0.040016364074781006	0.04548807191023205	2.6830609425167653	3.0696432576466823	3.7075368206145303	4.3726126441101725	0.6525258505662199	95.01854783817681
0.2667968879483783	0.01	0.01	0.01	0.007	0.01	0.5721168195008625	0.09954256822662513	0.05371224536426992	0.04002470576877875	0.045296533522809476	2.974021271093476	3.355403407753195	3.9845511843481285	4.6795602090612265	0.6926789265688097	94.71322739598553
0.28363401527521526	0.01	0.01	0.01	0.007	0.01	0.5929330359760631	0.10111796105205316	0.053765770860705296	0.040030460804397205	0.04514240996293848	3.293899134353347	3.6634655648341177	4.27888864418114	5.005162810190494	0.7351302090495984	94.38912244263028
0.30157005700741357	0.01	0.01	0.01	0.007	0.01	0.6137580505119264	0.10256942512511508	0.05380699604386566	0.040034434269871334	0.045020660722212294	3.6451336337512474	3.995063330217987	4.591542458378734	5.350508077913801	0.7800437145393868	94.04508394845949
0.32067128401276224	0.01	0.01	0.01	0.007	0.01	0.6345009548906014	0.10389376123258837	0.05383843824155302	0.04003721693036748	0.04492639391451391	4.030109966920624	4.3512802153967485	4.92340911943139	5.716567085935052	0.8275680616322293	93.68007427882827
0.34099929563198333	0.01	0.01	0.01	0.007	0.01	0.6550587819890533	0.10508927869191452	0.05386212602636956	0.040039227838046136	0.0448549572836653	4.451112085554726	4.7330273222013375	5.275277682357257	6.104182897826745	0.8778348400151746	93.2931776602801
0.36261446862667424	0.01	0.01	0.01	0.007	0.01	0.6753236528138354	0.1061563410690738	0.05387970459155452	0.04004075319037732	0.04480203259502249	4.910357807991872	5.141099750121554	5.647887656255894	6.514134368663962	0.9309666708473681	92.88353559603594
0.38558027294539016	0.01	0.01	0.01	0.007	0.01	0.6951892385509084	0.10709759085843375	0.05389252333469439	0.040041980372165775	0.04476373503744975	5.410063838847009	5.576255267394142	6.042000657481269	6.947214353297328	0.9870871426438594	92.45026753191566
0.40996583511357837	0.01	0.01	0.01	0.007	0.01	0.7145541270185484	0.10791781139474006	0.053901694062673	0.04004302662427084	0.04473669086415205	5.952483864109775	6.039263336610195	6.458440199763454	7.404272268562649	1.0463262511217735	91.99242671317086
0.4358467295680857	0.01	0.01	0.01	0.007	0.01	0.7333230186459175	0.1086235971804404	0.053908126308020346	0.04004396190611126	0.04471807237892709	6.539911831639957	6.530921278772736	6.898099793986514	7.886221609111062	1.108821467008586	91.50899084162192
0.46330503154379465	0.01	0.01	0.01	0.007	0.01	0.7514073014557126	0.10922297333886426	0.05391255078885739	0.040044825979133475	0.044705589500421486	7.1746680178368125	7.052055825902524	7.361937592101769	8.394032718555867	1.174717041151658	90.99886739352105
0.49242943314824783	0.01	0.01	0.01	0.007	0.01	0.76872580363249	0.10972501874641169	0.05391553953736161	0.04004564035517558	0.04469744841297986	7.859084557165238	7.6035248807585685	7.850971392870473	8.928726036437334	1.2441634781444315	90.46089838596025
0.5233153880615558	0.01	0.01	0.01	0.007	0.01	0.7852056558356317	0.11013949800699702	0.05391752689959452	0.040046416128413774	0.044692289875281406	8.595489948058093	8.186218586034045	8.366273373362688	9.491365069761178	1.3173170432245345	89.89386531095481
0.5560648713589275	0.01	0.01	0.01	0.007	0.01	0.8007830346475554	0.11047650677419756	0.05391883215286798	0.040047158788900014	0.04468911790819046	9.386182797765546	8.80105168823538	8.908957695889848	10.083041549628588	1.3943382891790461	89.29650182210112
0.5907850735581393	0.01	0.01	0.01	0.007	0.01	0.8154036196010688	0.11074614133401708	0.05391968252142608	0.04004787098665762	0.0446872272795893	10.233377786476044	9.448934602899309	9.480150162222127	10.704840999052983	1.475388034368913	88.66752616671052
0.6275855738745009	0.01	0.01	0.01	0.007	0.01	0.8290228943339093	0.11095820863539221	0.05392023482551986	0.04004855400716352	0.04468613588414879	11.139111949286148	10.130715759622547	10.080933525838784	11.35778195120668	1.5606198639768736	88.0057005020037
0.6665739105704136	0.01	0.01	0.01	0.007	0.01	0.8416065790572766	0.1111219879613448	0.053920594326028144	0.040049208499960666	0.04468552590469567	12.105109601027598	10.847095746883877	10.712268773767521	12.042729502166992	1.6501691882546379	87.3099168745026
0.707850247737241	0.01	0.01	0.01	0.007	0.01	0.8531315400308155	0.1112460479626351	0.05392083001935965	0.04004983481900625	0.04468519558838859	13.132625739167562	11.59852870154088	11.374905573109247	12.760297932411422	1.7441407282916452	86.5792954420264
0.7515027187647638	0.01	0.01	0.01	0.007	0.01	0.8635873334977646	0.11133811546551728	0.05392098630530658	0.04005043319332655	0.04468502181152754	14.222312103600322	12.385141676033573	12.069308525373655	13.510771544619002	1.8425982118113804	85.81326563637842
0.7976055467735902	0.01	0.01	0.01	0.007	0.01	0.8729781389634419	0.11140498957863457	0.053921091414763485	0.040051003844458886	0.04468493246607932	15.374163902063147	13.206709533724503	12.795632247874659	14.2940793155127	1.9455609646008964	85.01159380815511
0.8462214992940919	0.01	0.01	0.01	0.007	0.01	0.8813243807379424	0.11145249680390001	0.053921163212388476	0.04005154709277838	0.044684887082464694	16.58758927074226	14.062709372518432	13.553767001354476	15.109846123407788	2.053010475596753	84.17433319541075
0.8974084852911635	0.01	0.01	0.01	0.007	0.01	0.8886631594637843	0.11148548738020035	0.05392121303112076	0.04005206344647175	0.04468486390419029	17.861594475529877	14.952444441609508	14.343447057042397	15.957511008367607	2.1649058229389153	83.30170452583481
0.9512282940374115	0.01	0.01	0.01	0.007	0.01	0.8950469707059232	0.11150787487712847	0.053921248123539524	0.04005255365098125	0.04468485171131818	19.195027391603585	15.875195877503803	15.16438597479751	16.83647282226962	2.281202876808166	82.3939465216904
1.00775511855078	0.01	0.01	0.01	0.007	0.01	0.9005408810929417	0.11152271682435189	0.05392127319260986	0.04005301868963933	0.04468484492875768	20.586811077640164	16.83035768851253	16.016399766899422	17.746220761143817	2.4018717474748277	81.4511792575494
1.0670824124015623	0.01	0.01	0.01	0.007	0.01	0.9052188285754921	0.11153232639200074	0.05392129133554942	0.040053459745176	0.04468484086365025	22.036123871365085	17.817529990215156	16.89949553239159	18.686425743548057	2.5269093069822914	80.4733051338735
1.1293278857700981	0.01	0.01	0.01	0.007	0.01	0.9091597930456359	0.11153839980621692	0.05392130462481246	0.04005387814156833	0.04468483823218065	23.54251720328084	18.836569256770424	17.813923840005234	19.656991126918648	2.656346547532706	79.45994944657458
1.1946371922240326	0.01	0.01	0.01	0.007	0.01	0.9124443635185945	0.11154214408548002	0.05392131446839138	0.04005427528360241	0.044684836415766954	25.1059834756578	19.887607096302393	18.76020449050884	20.65807340513394	2.7902521467598436	78.41042997952827
1.2631869897014647	0.01	0.01	0.01	0.007	0.01	0.9151519480076485	0.11154439357310053	0.053921321836342635	0.04005465260415383	0.04468483510357032	26.726990746503994	20.971050189447748	19.739136551842588	21.690084702172108	2.9287337858975144	77.32374360439677
1.335187968790722	0.01	0.01	0.01	0.007	0.01	0.9173586727900613	0.11154570887117093	0.05392132740560555	0.040055011522999145	0.044684834127506096	28.406498669291974	22.0875711659669	20.751801309866558	22.75368626153558	3.071938444942777	76.19856030621668
1.410888282373444	0.01	0.01	0.01	0.007	0.01	0.9191359096755677	0.11154645617331609	0.0539213316541673	0.04005535341707412	0.04468483338809179	30.14596550387741	23.23809633038193	21.799563588781563	23.849778542508925	3.220052444649533	75.03321853163811
1.4905773821670576	0.01	0.01	0.01	0.007	0.01	0.9205493236998336	0.11154686794342718	0.05392133492325201	0.04005567959908746	0.04468483282125416	31.947345110876395	24.423788595517106	22.88407024279836	24.979486398284767	3.3733010623237405	73.82572310624914
1.5745902540463117	0.01	0.01	0.01	0.007	0.01	0.9216583391240556	0.11154708747127663	0.05392133745897658	0.04005599130182659	0.0446848323830254	33.81307215845525	25.646023548645847	24.00724427309724	26.144137424030696	3.5319474987446604	72.57374734386684
1.6633110399599376	0.01	0.01	0.01	0.007	0.01	0.9225159231985072	0.11154720040034051	0.05392133944058803	0.04005628966249077	0.04468483204197909	35.74601173066638	26.906342297672005	25.171259827524	27.345217962549714	3.6962891103599103	71.27465569806044
1.7571732502445703	0.01	0.01	0.01	0.007	0.01	0.9231686074630949	0.11154725627305799	0.0539213409998078	0.04005657569811515	0.04468483177510097	37.749315114817534	28.20634309034099	26.37846259233067	28.58427059558777	3.8666459006923732	69.92558665811099
1.8566474379651592	0.01	0.01	0.01	0.007	0.01	0.923656675974577	0.11154728275982449	0.053921342234176925	0.0400568502497755	0.04468483156529909	39.82600376283365	29.54739812664922	27.631127457187137	29.862624851758543	4.043326046316014	68.52371741392486
1.9621867197794265	0.01	0.01	0.01	0.007	0.01	0.9240144572725051	0.1115472947373737	0.0539213432162437	0.04005711383454296	0.04468483139979553	41.97772939234965	30.929847499102774	28.930717786989128	31.180629134345605	4.226521245469022	67.0670887843675
2.0740296616055334	0.01	0.01	0.01	0.007	0.01	0.9242706519614994	0.11154729987709847	0.05392134399965107	0.04005736622933074	0.044684831269083625	44.20089940147811	32.350537375606656	30.275542991100846	32.53530296047217	4.415976842656684	65.5572374704259
2.1915731261122744	0.01	0.01	0.01	0.007	0.01	0.9244486783689237	0.11154730195725744	0.05392134462265918	0.040057605433312646	0.04468483116631933	46.47524785732056	33.79566059563187	31.653804915637522	33.913506180612686	4.610014391741763	64.007049918504
2.3121813022632516	0.01	0.01	0.01	0.007	0.01	0.9245675213904214	0.11154730274848688	0.05392134511112053	0.04005782664540275	0.044684831086792595	48.74407862075465	35.22864115829386	33.03148363879376	35.28037213433142	4.803833105306933	62.4545387398569
2.4318168358961745	0.01	0.01	0.01	0.007	0.01	0.9246438873761486	0.11154730303616084	0.05392134548737616	0.04005802582632204	0.04468483102639131	50.931200921468644	36.601498097592	34.362389565183456	36.590128540497034	4.990934902348194	60.951752551618
2.5485314114058655	0.01	0.01	0.01	0.007	0.01	0.9246924783068471	0.11154730314057831	0.05392134577780979	0.04005820473814459	0.04468483098038883	53.005462377596864	37.89542421540771	35.62739520857119	37.8248097314303	5.168641181176564	59.52051110521445
2.6628538528243153	0.01	0.01	0.01	0.007	0.01	0.9247238222100629	0.11154730317949604	0.05392134600688742	0.040058367543974856	0.04468483094454895	54.981590287056484	39.12045249863307	36.835243649398635	38.993963370320024	5.33819262761136	58.15119066095786
2.776094185882862	0.01	0.01	0.01	0.007	0.01	0.9247444006407478	0.11154730319439064	0.053921346192329696	0.04005851742111296	0.044684830915880484	56.8859928876111	40.293571206502314	38.00189641232454	40.11378334148582	5.501838901017173	56.8258901874945
2.889318610002219	0.01	0.01	0.01	0.007	0.01	0.9247580672066951	0.11154730320017499	0.05392134634563932	0.04005865646190872	0.04468483089246166	58.73857911432928	41.42740321990267	39.1394499656289	41.19630676484713	5.661281777515064	55.53097396265459
3.0030683676785523	0.01	0.01	0.01	0.007	0.01	0.9247671790687815	0.11154730320242807	0.05392134647418016	0.04005878606347661	0.04468483087306113	60.54904999359094	42.528078170548675	40.25381426771689	42.247378273486255	5.817351969141593	54.259762090203665
3.1174206411526306	0.01	0.01	0.01	0.007	0.01	0.9247732458479537	0.11154730320330214	0.05392134658288696	0.040058907149844426	0.044684830856850016	62.319064393242634	43.596734316783014	41.34598230921426	43.26807892906969	5.970189914698937	53.011147731614855
3.232200361014546	0.01	0.01	0.01	0.007	0.01	0.9247772713295489	0.11154730320363923	0.05392134667535296	0.04005902039541	0.04468483084322381	64.04641199190186	44.63217692315478	42.41455604424625	44.2572614186925	6.119601534278777	51.786759404444076
3.3471751516582104	0.01	0.01	0.01	0.007	0.01	0.9247799338544068	0.11154730320376861	0.0539213467543955	0.0400591263930405	0.04468483083171107	65.72835534694043	45.6329454494012	43.45779118305224	45.213523149583594	6.265345198138752	50.58864142389454
3.462173318937231	0.01	0.01	0.01	0.007	0.01	0.9247816915337163	0.1115473032038182	0.05392134682231531	0.040059225722237926	0.04468483082193067	67.36338382076283	46.59836100382718	44.47468395126057	46.13620705974226	6.40728362160275	49.41800743669428
3.5771184072123274	0.01	0.01	0.01	0.007	0.01	0.9247828511544838	0.11154730320383716	0.05392134688100887	0.040059318945081294	0.04468483081357213	68.95154182383163	47.52869313245813	45.46518541168326	47.02556180592501	6.545413333847709	48.27498388415389
3.692008851458125	0.01	0.01	0.01	0.007	0.01	0.9247836163470781	0.11154730320384443	0.05392134693202961	0.04005940658220978	0.044684830806384426	70.4939591042026	48.42485320621643	46.42992037126176	47.882449537255695	6.6798249521216775	47.15892275306015
3.806878651920609	0.01	0.01	0.01	0.007	0.01	0.9247841214907432	0.11154730320384716	0.05392134697663673	0.0400594890986986	0.044684830800165824	71.99219710544358	49.2879934869228	47.36978661372392	48.70796311155561	6.810646986957554	46.06885726774917
3.921764273652037	0.01	0.01	0.01	0.007	0.01	0.9247844550727937	0.11154730320384826	0.05392134701584622	0.0400595669037716	0.044684830794755194	73.44777055103832	50.11922370805166	48.28565785779838	49.50315523603721	6.938004361156661	45.0038433871141
4.036687466631535	0.01	0.01	0.01	0.007	0.01	0.9247846753816282	0.11154730320384866	0.053921347050479185	0.04005964035806995	0.04468483079002298	74.86193825039528	50.91949337775999	49.17825157872077	50.26892581479505	7.062000056098619	43.96311408275616
4.15165280533585	0.01	0.01	0.01	0.007	0.01	0.9247848208659144	0.11154730320384881	0.05392134708120405	0.04005970978260182	0.04468483078586473	76.23570362810501	51.68959782683833	50.04812724365101	51.00602757157065	7.182714961759369	42.946083506547055
4.266653440516296	0.01	0.01	0.01	0.007	0.01	0.9247849169194171	0.11154730320384887	0.053921347108571244	0.04005977546624633	0.04468483078219504	77.56991223709193	52.43023827615077	50.89574604723258	51.71512339125985	7.300216257030944	41.95227916875313
4.381678684305328	0.01	0.01	0.01	0.007	0.01	0.9247849803242485	0.11154730320384891	0.05392134713303837	0.040059837670926045	0.0446848307789433	78.86535588521801	53.142082708964175	51.721535912697306	52.39684451371393	7.414566472409354	40.98126688614211
4.496719450737126	0.01	0.01	0.01	0.007	0.01	0.9247850221713322	0.11154730320384891	0.053921347154989384	0.040059896634880715	0.04468483077605107	80.12283739243227	53.82580212970246	52.52593252433332	53.051825238271995	7.525829183353203	40.03260279079113
4.611770498962498	0.01	0.01	0.01	0.007	0.01	0.9247850497877741	0.11154730320384891	0.05392134717474858	0.04005995257492902	0.04468483077346931	81.34319107575321	54.48208091185253	53.30939274448095	53.680712856598994	7.634070852474224	39.10581720197942
4.726830031398004	0.01	0.01	0.01	0.007	0.01	0.9247850680119811	0.11154730320384891	0.05392134719259061	0.04006000568844375	0.044684830771156404	82.52727243327259	55.11161004951414	54.072388464914944	54.284161216433915	7.739359959189042	38.200421430527726
4.841898216336284	0.01	0.01	0.01	0.007	0.01	0.924785080037858	0.11154730320384891	0.05392134720874982	0.04006005615532507	0.04468483076907786	83.6759384392097	55.71507578674591	54.815394268303244	54.86281984374806	7.841765281252888	37.31592206260237
4.95697569466369	0.01	0.01	0.01	0.007	0.01	0.9247850879733386	0.11154730320384891	0.05392134722342567	0.04006010413995023	0.04468483076720393	84.79003070769956	56.293150407432755	55.53887669256863	55.417325118316576	7.941354408269433	36.451833583130124
5.072062703429133	0.01	0.01	0.01	0.007	0.01	0.924785093209534	0.11154730320384891	0.05392134723678971	0.04006014979296253	0.04468483076550955	85.87036716591106	56.84648799276077	56.24328880498745	55.94829619918234	8.03819299555733	35.60768487048531
5.187158808902626	0.01	0.01	0.01	0.007	0.01	0.9247850966644874	0.11154730320384891	0.053921347248989435	0.04006019325281418	0.044684830763973296	86.91774071789806	57.37572403729392	56.92906922401415	56.456334645316836	8.132344634292563	34.78302047035087
5.302263074093405	0.01	0.01	0.01	0.007	0.01	0.9247850989440493	0.11154730320384891	0.05392134726015217	0.04006023464704335	0.04468483076257661	87.93292207145879	57.881477210863515	57.59664384873949	56.94202609526121	8.223871094180064	33.977398631951615
5.4173744322109245	0.01	0.01	0.01	0.007	0.01	0.924785100448038	0.11154730320384891	0.053921347270388546	0.04006027409331963	0.04468483076130364	88.9166639490362	58.36435170530229	58.24642853883945	57.405942511546804	8.312832694687957	33.19038815786812
5.532491907769197	0.01	0.01	0.01	0.007	0.01	0.9247851014402936	0.11154730320384891	0.0539213472797948	0.040060311700359556	0.0446848307601407	89.8697034092476	58.8249385119802	58.87883060242572	57.84864340198546	8.399288510649242	32.42156664288495
5.64761477674763	0.01	0.01	0.01	0.007	0.01	0.924785102094916	0.11154730320384891	0.05392134728845538	0.04006034756872586	0.04468483075907586	90.7927633270574	59.26381621035794	59.49424975839675	58.27067657334397	8.483296504602134	31.67051931943868
5.762742482776547	0.01	0.01	0.01	0.007	0.01	0.924785102526781	0.11154730320384891	0.0539213472964441	0.04006038179159274	0.04468483075809877	91.68655177109989	59.68155072067389	60.093077711330935	58.6725778899601	8.564913469104646	30.93683958189118
5.8778746447980765	0.01	0.01	0.01	0.007	0.01	0.9247851028116834	0.11154730320384891	0.053921347303825994	0.04006041445540614	0.04468483075720024	92.5517621971456	60.07869546577033	60.67569826208891	59.05487142523956	8.644195042536657	30.220128865179944
5.99301091221312	0.01	0.01	0.01	0.007	0.01	0.9247851029996309	0.11154730320384891	0.05392134731065822	0.04006044564052197	0.04468483075637238	93.38907254754278	60.45579104460702	61.242486676095645	59.418069142747484	8.721195624127546	29.519997442050816
6.108151003017213	0.01	0.01	0.01	0.007	0.01	0.9247851031236163	0.11154730320384891	0.053921347316991726	0.040060475421728636	0.044684830755608404	94.19914582799471	60.813365610316374	61.79381003560139	59.76267125480206	8.795968423344943	28.836064020450483
6.223294597049009	0.01	0.01	0.01	0.007	0.01	0.9247851032054053	0.11154730320384891	0.05392134732287132	0.040060503868761636	0.04468483075490185	94.98262965775993	61.151934792522546	62.3300268941543	60.08916614200574	8.868565414610066	28.167956205747856
6.338441404623154	0.01	0.01	0.01	0.007	0.01	0.9247851032593583	0.11154730320384891	0.05392134732833712	0.040060531046712186	0.0446848307542474	95.74015709517495	61.472002193228306	62.851487794473464	60.398030825295834	8.939037409306344	27.515309896404897
6.4535911436570235	0.01	0.01	0.01	0.007	0.01	0.9247851032949483	0.11154730320384891	0.05392134733342473	0.04006055701642118	0.04468483075364016	96.47234679116438	61.77405957754865	63.35853533224264	60.68973114422317	9.007434066066383	26.877769239843957
6.568743547299969	0.01	0.01	0.01	0.007	0.01	0.9247851033184249	0.11154730320384891	0.053921347338166344	0.04006058183482457	0.04468483075307594	97.17980335126414	62.05858715409116	63.851504362597964	60.9647220217545	9.073803920380076	26.25498641062165
6.683898379189683	0.01	0.01	0.01	0.007	0.01	0.924785103333911	0.11154730320384891	0.053921347342590034	0.040060605555261246	0.04468483075255099	97.86311772610401	62.326053860381684	64.3307222288989	61.22344773420741	9.138194417102572	25.646621358191503
6.799055433456169	0.01	0.01	0.01	0.007	0.01	0.9247851033441259	0.11154730320384891	0.053921347346721785	0.04006062822775613	0.044684830752061706	98.52286749169204	62.57691759824904	64.79650891690427	61.466342133051	9.200651932829574	25.05234164687986
6.914214519471513	0.01	0.01	0.01	0.007	0.01	0.9247851033508642	0.11154730320384891	0.053921347350584806	0.040060649899282076	0.04468483075160515	99.15961704221179	62.81162543524801	65.24917714728467	61.69382883389807	9.261221790001551	24.471822374517963
7.029375484732684	0.01	0.01	0.01	0.007	0.01	0.9247851033553087	0.11154730320384891	0.05392134735419966	0.040060670613983586	0.04468483075117851	99.7739179955923	63.030613884466355	65.68903261922031	61.9063214815225	9.319948291232988	23.904745897566606
7.144538176729386	0.01	0.01	0.01	0.007	0.01	0.9247851033582404	0.11154730320384891	0.05392134735758527	0.040060690413402975	0.044684830750779427	100.36630925947719	63.234309057695555	66.11637401298832	62.10422389223474	9.376874721377776	23.350801865018887
7.259702458198928	0.01	0.01	0.01	0.007	0.01	0.9247851033601742	0.11154730320384891	0.05392134736075847	0.040060709336667576	0.044684830750405684	100.93731739500367	63.42312692849501	66.53149320400445	62.28793030281645	9.432043377901083	22.80968698146689
7.374868199500322	0.01	0.01	0.01	0.007	0.01	0.9247851033614496	0.11154730320384891	0.053921347363734905	0.040060727420668144	0.0446848307500553	101.48745685040853	63.59747354528871	66.93467538494843	62.457825571139374	9.485495588928599	22.281104887551344
7.4900352786151	0.01	0.01	0.01	0.007	0.01	0.9247851033622909	0.11154730320384891	0.05392134736652859	0.04006074470021923	0.044684830749726276	102.01723023165948	63.757745255636046	67.32619921504289	62.61428538774358	9.537271734896986	21.764766004896163
7.605203581148042	0.01	0.01	0.01	0.007	0.01	0.9247851033628459	0.11154730320384891	0.053921347369152293	0.040060761208205474	0.044684830749417315	102.52712856730108	63.90432892569834	67.70633696613919	62.757676482892755	9.587411269741295	21.26038738436075
7.720373007955285	0.01	0.01	0.01	0.007	0.01	0.924785103363212	0.11154730320384891	0.053921347371617356	0.040060776975712434	0.04468483074912665	103.01763159948194	64.03760216338935	68.07535468974986	62.888356837436554	9.635952744791183	20.767692525295512
7.83554347514516	0.01	0.01	0.01	0.007	0.01	0.9247851033634533	0.11154730320384891	0.05392134737393487	0.0400607920321487	0.044684830748852974	103.48920803137831	64.15793352428965	68.43351235338186	63.006675877047265	9.682933828548888	20.2864112339704
7.950714906451351	0.01	0.01	0.01	0.007	0.01	0.9247851033636125	0.11154730320384891	0.053921347376114266	0.040060806405362866	0.04468483074859518	103.9423157402111	64.26568270666147	68.78106395144005	63.11297465587987	9.728391323106358	19.81627951564123
8.065887217978059	0.01	0.01	0.01	0.007	0.01	0.9247851033637176	0.11154730320384891	0.0539213473781644	0.04006082012175352	0.044684830748352174	104.37740196419357	64.36120074122447	69.1182575954926	63.20758603506312	9.772361177889708	19.357039495214842
8.181060341082953	0.01	0.01	0.01	0.007	0.01	0.9247851033637869	0.11154730320384891	0.05392134738009357	0.04006083320635478	0.044684830748122704	104.79490363340862	64.44483021163836	69.44533571623674	63.290834891698836	9.814878517965715	18.908439185759384
8.296234207122296	0.01	0.01	0.01	0.007	0.01	0.9247851033638325	0.11154730320384891	0.0539213473819091	0.04006084568293062	0.04468483074790604	105.19524754471357	64.51690543448005	69.76253514708925	63.36303828810852	9.855977656819324	18.470232416113724
8.411408770334326	0.01	0.01	0.01	0.007	0.01	0.9247851033638627	0.11154730320384891	0.053921347383618014	0.04006085757404535	0.04468483074770117	105.57885066946903	64.57775266248781	70.07008731307712	63.424505664472484	9.895692122774578	18.042178613077425
8.526583954445291	0.01	0.01	0.01	0.007	0.01	0.9247851033638824	0.11154730320384891	0.0539213473852266	0.04006086890116418	0.04468483074750744	105.94612019878436	64.62769024104507	70.36821821130845	63.47553898463857	9.93405465842978	17.624042872036537
8.641759721319383	0.01	0.01	0.01	0.007	0.01	0.9247851033638956	0.11154730320384891	0.05392134738674076	0.04006087968468889	0.04468483074732419	106.29745399248405	64.66702882650009	70.6571487158686	63.51643294459596	9.971097261960727	17.21559557551553
8.75693601756451	0.01	0.01	0.01	0.007	0.01	0.9247851033639042	0.11154730320384891	0.053921347388165806	0.04006088994404824	0.04468483074715081	106.63324061878534	64.69607153733905	70.93709455532512	63.54747511331777	10.006851186122027	16.81661246685073
8.872112797415753	0.01	0.01	0.01	0.007	0.01	0.92478510336391	0.11154730320384891	0.053921347389506734	0.04006089969774567	0.044684830746986426	106.95385963993887	64.71511413947782	71.2082664893721	63.56894610845698	10.04134696289412	16.42687444512175
8.987290030363466	0.01	0.01	0.01	0.007	0.01	0.9247851033639137	0.11154730320384891	0.05392134739076826	0.04006090896341064	0.04468483074683053	107.25968183526203	64.7244452149125	71.47087043803923	63.58111975574318	10.074614421905165	16.046167423800505
9.102467678269713	0.01	0.01	0.01	0.007	0.01	0.9247851033639162	0.11154730320384891	0.05392134739195441	0.04006091775786105	0.04468483074668277	107.55106933877333	64.72434632425502	71.72510753891567	63.584263241720485	10.106682699689276	15.674282292766595
9.217645695368192	0.01	0.01	0.01	0.007	0.01	0.924785103363918	0.11154730320384891	0.053921347393069516	0.04006092609715123	0.044684830746542496	107.82837584314012	64.71509217396175	71.9711742598907	63.57863727167747	10.137580256029267	15.311014801120848
9.332824074032098	0.01	0.01	0.01	0.007	0.01	0.9247851033639192	0.11154730320384891	0.053921347394117004	0.040060933996591705	0.04468483074640944	108.09194690074229	64.69695077056204	72.20926260221708	63.564496216467994	10.167334901504255	14.956165303472456
9.448002760866519	0.01	0.01	0.01	0.007	0.01	0.9247851033639198	0.11154730320384891	0.053921347395100294	0.040060941470834284	0.04468483074628307	108.34211991413481	64.67018358556543	72.43956002759464	63.54208826596855	10.195973790398241	14.609538914061856
9.563181740616232	0.01	0.01	0.01	0.007	0.01	0.9247851033639204	0.11154730320384891	0.05392134739602259	0.040060948533866554	0.04468483074616294	108.57922451627614	64.6350456968796	72.66224973560801	63.511655564804954	10.223523457452604	14.270945140179418
9.678360990397863	0.01	0.01	0.01	0.007	0.01	0.9247851033639206	0.11154730320384891	0.05392134739688683	0.040060955199071296	0.04468483074604893	108.80358264398089	64.59178594341651	72.8775106674015	63.47343435711726	10.250009820297283	13.940197921082747
9.79354047969983	0.01	0.01	0.01	0.007	0.01	0.9247851033639207	0.11154730320384891	0.05392134739769567	0.04006096147926015	0.04468483074594043	109.0155087198138	64.54064707409933	73.08551760624293	63.42765512730103	10.275458194027912	13.617115523462624
9.908720185638431	0.01	0.01	0.01	0.007	0.01	0.9247851033639208	0.11154730320384891	0.053921347398451884	0.04006096738669659	0.044684830745837296	109.21530985524731	64.48186588495913	73.28644130180267	63.37454272981292	10.299893308600154	13.301520398127025
10.023900085329842	0.01	0.01	0.01	0.007	0.01	0.924785103363921	0.11154730320384891	0.0539213473991579	0.04006097293312867	0.044684830745739285	109.40328600404644	64.41567336076767	73.48044854875596	63.314316522728696	10.323339320541406	12.993239105432911
10.13908016351821	0.01	0.01	0.01	0.007	0.01	0.924785103363921	0.11154730320384891	0.053921347399815814	0.04006097812981261	0.04468483074564612	109.5797301391821	64.34229480629057	73.66770229040412	63.247190491828164	10.345819827666894	12.692102200564298
10.254260404947619	0.01	0.01	0.01	0.007	0.01	0.924785103363921	0.11154730320384891	0.05392134740042773	0.040060982987542196	0.04468483074555747	109.74492840035967	64.26194998274998	73.84836169409611	63.17337337929277	10.367357880328298	12.397944162252124
10.369440794362086	0.01	0.01	0.01	0.007	0.01	0.924785103363921	0.11154730320384891	0.05392134740099556	0.040060987516672246	0.04468483074547304	109.89916025224689	64.17485323806494	74.0225822385971	63.093068806700046	10.38797599408211	12.110603301993248
10.484621324133686	0.01	0.01	0.01	0.007	0.01	0.924785103363921	0.11154730320384891	0.05392134740152112	0.04006099172713762	0.04468483074539272	110.0426986482023	64.08121362765573	74.19051581035437	63.00647538922756	10.407696163341935	11.82992165699605
10.599801971378223	0.01	0.01	0.01	0.007	0.01	0.924785103363921	0.11154730320384891	0.053921347402006416	0.040060995628486404	0.044684830745316276	110.17581015243479	63.98123505712419	74.35231075331944	62.913786870031494	10.426539869523001	11.555744959514417
10.71498271321144	0.01	0.01	0.01	0.007	0.01	0.924785103363921	0.11154730320384891	0.05392134740245261	0.0400609992298914	0.044684830745243764	110.29875510995137	63.87511639331292	74.5081119746601	62.8151922254132	10.444528095752526	11.287922512899643
10.83016354963341	0.01	0.01	0.01	0.007	0.01	0.924785103363921	0.11154730320384891	0.05392134740286162	0.04006100254015556	0.04468483074517456	110.41178781197266	63.763051559895864	74.65806105345166	62.71087575538998	10.461681341719425	11.026307057653886
10.945344480644211	0.01	0.01	0.01	0.007	0.01	0.924785103363921	0.11154730320384891	0.053921347403234614	0.04006100556774236	0.044684830745108726	110.51515660746306	63.64522967140818	74.80229628460644	62.60101720990486	10.478019630965258	10.770754746895246
11.060525483359495	0.01	0.01	0.01	0.007	0.01	0.924785103363921	0.11154730320384891	0.05392134740357298	0.040061008320805246	0.04468483074504614	110.60910402321717	63.52183517167131	74.94095272797945	62.48579191931569	10.49356251890956	10.5211251162937
11.175706542523017	0.01	0.01	0.01	0.007	0.01	0.924785103363921	0.11154730320384891	0.05392134740387805	0.04006101080718599	0.044684830744986685	110.69386692876432	63.393047914975	75.07416232263863	62.365370871482995	10.50832910820228	10.277280937299299
11.290887658134803	0.01	0.01	0.01	0.007	0.01	0.924785103363921	0.11154730320384891	0.053921347404150756	0.0400610130344244	0.04468483074493001	110.76967666923399	63.259043263141244	75.20205396579095	62.23992080348499	10.522338059872553	10.0390881282051
11.40606881493858	0.01	0.01	0.01	0.007	0.01	0.924785103363921	0.11154730320384891	0.05392134740439257	0.040061015009790056	0.04468483074487633	110.83675917119966	63.11999222514548	75.32475354833802	62.10960433317088	10.535607599689195	9.806415745132524
11.521250012934363	0.01	0.01	0.01	0.007	0.01	0.924785103363921	0.11154730320384891	0.053921347404604233	0.04006101674027706	0.044684830744825176	110.89533508815973	62.976061524721125	75.44238405799915	61.97458002331541	10.548155531911997	9.57913584698386
11.636431244494014	0.01	0.01	0.01	0.007	0.01	0.924785103363921	0.11154730320384891	0.05392134740478671	0.04006101823263005	0.04468483074477672	110.9456199082541	62.8274137278525	75.55506562171081	61.835002501825	10.559999246340205	9.357123472304835
11.75161250961754	0.01	0.01	0.01	0.007	0.01	0.924785103363921	0.11154730320384891	0.053921347404941186	0.04006101949334672	0.04468483074473059	110.98782408173538	62.674207322113816	75.66291558731172	61.691022536804695	10.57115572955958	9.14025654049384
11.866793785420484	0.01	0.01	0.01	0.007	0.01	0.924785103363921	0.11154730320384891	0.05392134740506826	0.04006102052870628	0.04468483074468686	111.02215312718099	62.51659685360791	75.76604855981977	61.542787165722316	10.581641571388841	8.928415841863446
11.981975079531	0.01	0.01	0.01	0.007	0.01	0.924785103363921	0.11154730320384891	0.05392134740516882	0.04006102134474901	0.04468483074464531	111.04880776390853	62.35473294902972	75.86457651368417	61.390439716579266	10.591472979080633	8.721484872437934
12.097156384320936	0.01	0.01	0.01	0.007	0.01	0.924785103363921	0.11154730320384891	0.053921347405243826	0.04006102194731237	0.044684830744605886	111.06798400728606	62.1887624685079	75.95860881184454	61.234119952002175	10.60066578186501	8.519349855786919
12.212337699790291	0.01	0.01	0.01	0.007	0.01	0.924785103363921	0.11154730320384891	0.053921347405293696	0.04006102234202702	0.0446848307445687	111.07987328432569	62.01882856372567	76.04825228627395	61.07396412427516	10.609235441740712	8.32189963854247
12.327519003054597	0.01	0.01	0.01	0.007	0.01	0.924785103363921	0.11154730320384891	0.053921347405319384	0.04006102253434376	0.04468483074453351	111.08466253741936	61.8450708106168	76.13361127327734	60.910105100601776	10.617197059765665	8.129025681345084
12.44270030174201	0.01	0.01	0.01	0.007	0.01	0.924785103363921	0.11154730320384891	0.053921347405321424	0.04006102252950985	0.044684830744500165	111.08253433261618	61.66762521533587	76.2147877117362	60.742672368907	10.624565388251472	7.9406219084271275
12.557881588224374	0.01	0.01	0.01	0.007	0.01	0.924785103363921	0.11154730320384891	0.05392134740530047	0.04006102233260463	0.044684830744468634	111.07366695694662	61.486624365465644	76.29188116386297	60.571792180539774	10.631354835531619	7.75658472748663
12.673062862501691	0.01	0.01	0.01	0.007	0.01	0.924785103363921	0.11154730320384891	0.053921347405257045	0.040061021948532255	0.0446848307444389	111.0582345184178	61.302197476893035	76.36498888684103	60.39758759461535	10.637579475472329	7.576812934554257
12.788244124573962	0.01	0.01	0.01	0.007	0.01	0.924785103363921	0.11154730320384891	0.05392134740519174	0.04006102138203447	0.04468483074441089	111.0364070424586	61.11447048482977	76.43420588059266	60.2201785639859	10.643253054691684	7.401207671263074
12.90342537444119	0.01	0.01	0.01	0.007	0.01	0.924785103363921	0.11154730320384891	0.05392134740510489	0.0400610206376968	0.044684830744384396	111.00835056666678	60.92356612159418	76.49962494009952	60.03968200872779	10.648389000145986	7.229672370484323
13.018606604475222	0.01	0.01	0.01	0.007	0.01	0.924785103363921	0.11154730320384891	0.053921347404997245	0.040061019719959394	0.04468483074435974	110.97422723581694	60.729604005523704	76.56133670254432	59.85621190016388	10.653000426251968	7.062112714190649
13.133787807047916	0.01	0.01	0.01	0.007	0.01	0.924785103363921	0.11154730320384891	0.05392134740486906	0.04006101863311899	0.04468483074433652	110.9341953913532	60.5327007029917	76.61942970214733	59.669879319463995	10.657100142547767	6.898436569598499
13.248968989787425	0.01	0.01	0.01	0.007	0.01	0.924785103363921	0.11154730320384891	0.053921347404720904	0.040061017381324886	0.04468483074431476	110.88840965315877	60.33296977416227	76.67399042587266	59.480792500821074	10.660700661200122	6.738553917626024
13.364150137437463	0.01	0.01	0.01	0.007	0.01	0.924785103363921	0.11154730320384891	0.05392134740455313	0.0400610159686081	0.04468483074429432	110.83702101998863	60.13052190940908	76.72510334239065	59.289056960456634	10.66381420263343	6.582376856989981
13.479331242369899	0.01	0.01	0.01	0.007	0.01	0.924785103363921	0.11154730320384891	0.05392134740436616	0.04006101439886772	0.04468483074427543	110.7801769434126	59.92546494639697	76.7728509641793	59.0947755126914	10.666452703388101	6.429819512301608
13.594512319841025	0.01	0.01	0.01	0.007	0.01	0.924785103363921	0.11154730320384891	0.053921347404160345	0.04006101267586651	0.04468483074425781	110.71802139962507	59.71790390899404	76.81731389747402	58.89804830660134	10.668627822802483	6.280797968595356
13.709693377478988	0.01	0.01	0.01	0.007	0.01	0.924785103363921	0.11154730320384891	0.053921347403935956	0.04006101080325443	0.04468483074424153	110.65069498320118	59.50794112674282	76.85857087296178	58.698972939020386	10.670350948602781	6.135230266747394
13.82487441528379	0.01	0.01	0.01	0.007	0.01	0.924785103363921	0.11154730320384891	0.05392134740369326	0.0400610087845731	0.044684830744226474	110.57833498746714	59.29567630014341	76.89669879028087	58.49764451625644	10.671633203351133	5.993036357196794
13.940055410371032	0.01	0.01	0.01	0.007	0.01	0.924785103363921	0.11154730320384891	0.05392134740343286	0.04006100662326982	0.04468483074421252	110.50107549346185	59.08120659288102	76.93177275699017	58.29415574138336	10.672485450651692	5.85413807297586
14.055236355112598	0.01	0.01	0.01	0.007	0.01	0.924785103363921	0.11154730320384891	0.05392134740315488	0.04006100432267749	0.04468483074419991	110.41904742161266	58.86462662325009	76.96386614302065	58.08859690590375	10.67291830163779	5.718459039144571
14.170417257136638	0.01	0.01	0.01	0.007	0.01	0.924785103363921	0.11154730320384891	0.05392134740285944	0.04006100188601931	0.044684830744188365	110.33237860165586	58.646028522663975	76.99305061905694	57.88105594499021	10.67294212054566	5.585924632990755
14.285598131699418	0.01	0.01	0.01	0.007	0.01	0.924785103363921	0.11154730320384891	0.053921347402547025	0.04006099931641667	0.04468483074417797	110.24119384730295	58.425502007616195	77.01939619247368	57.671618505512726	10.672567030210962	5.456461953527751
14.40077897117282	0.01	0.01	0.01	0.007	0.01	0.924785103363921	0.11154730320384891	0.05392134740221782	0.0400609966169116	0.04468483074416868	110.14561505063259	58.203134495520125	77.04297123916722	57.46036805579129	10.671802917794766	5.329999815455109
14.515959767928734	0.01	0.01	0.01	0.007	0.01	0.924785103363921	0.11154730320384891	0.05392134740187187	0.040060993790456516	0.044684830744160346	110.04576123441382	57.97901111772126	77.06384254786109	57.2473858977269	10.670659440367915	5.206468682778845
14.631140521967177	0.01	0.01	0.01	0.007	0.01	0.924785103363921	0.11154730320384891	0.05392134740150962	0.040060990839912276	0.04468483074415304	109.94174861165573	57.753214759023706	77.08207535799164	57.032751204073364	10.669146030129461	5.085800622713097
14.746321233288164	0.01	0.01	0.01	0.007	0.01	0.924785103363921	0.11154730320384891	0.05392134740113108	0.04006098776805617	0.04468483074414658	109.83369065660595	57.52582612554828	77.09773339382569	56.816541082636235	10.667271899631881	4.967929276994753
14.861501901891712	0.01	0.01	0.01	0.007	0.01	0.924785103363921	0.11154730320384891	0.05392134740073677	0.04006098457758492	0.04468483074414122	109.72169816834916	57.29692379680309	77.11087889958281	56.598830625487174	10.66504604687371	4.852789825389146
14.976682527777836	0.01	0.01	0.01	0.007	0.01	0.924785103363921	0.11154730320384891	0.05392134740032649	0.04006098127111751	0.04468483074413683	109.60587933293102	57.066584276537704	77.12157267374356	56.37969295702971	10.662477260274128	4.740318950041616
15.091863110946552	0.01	0.01	0.01	0.007	0.01	0.924785103363921	0.11154730320384891	0.05392134739990055	0.04006097785119799	0.04468483074413338	109.48633978404195	56.834882042408935	77.1298741025624	56.15919928094306	10.65957412353225	4.630454800655356
15.207043651397875	0.01	0.01	0.01	0.007	0.01	0.924785103363921	0.11154730320384891	0.05392134739945919	0.04006097432029799	0.04468483074413061	109.36318266229402	56.60188959448608	77.13584119280402	55.937418926030055	10.656345020373774	4.523136960476365
15.322224149131822	0.01	0.01	0.01	0.007	0.01	0.924785103363921	0.11154730320384891	0.05392134739900241	0.04006097068081924	0.044684830744128864	109.23650867312361	56.36767750262236	77.13953060372071	55.71441939099465	10.652798139187608	4.418306413066831
15.437404604148407	0.01	0.01	0.01	0.007	0.01	0.924785103363921	0.11154730320384891	0.05392134739853043	0.04006096693509604	0.044684830744127844	109.10641614335158	56.132314452719044	77.14099767828861	55.49026638817378	10.648941477555033	4.315905509848633
15.552585016447647	0.01	0.01	0.01	0.007	0.01	0.924785103363921	0.11154730320384891	0.05392134739804334	0.04006096308539718	0.04468483074412767	108.97300107643231	55.89586729190795	77.14029647371996	55.265023886247945	10.644782846673875	4.215877938399148
15.66776538602956	0.01	0.01	0.01	0.007	0.01	0.924785103363921	0.11154730320384891	0.053921347397541335	0.04006095913392893	0.04468483074412849	108.83635720642171	55.658401072677364	77.13747979126812	55.03875415195417	10.640329875680138	4.1181686914818885
15.782945712894158	0.01	0.01	0.01	0.007	0.01	0.924785103363921	0.11154730320384891	0.05392134739702435	0.04006095508283638	0.04468483074412975	108.6965760506941	55.41997909596606	77.13259920534176	54.81151779082457	10.635590015869457	4.022724036794981
15.89812599704146	0.01	0.01	0.01	0.007	0.01	0.924785103363921	0.11154730320384891	0.05392134739649273	0.040060950934205836	0.044684830744132036	108.5537469614369	55.1806629532493	77.12570509194421	54.583373786973	10.630570544820714	3.929491487420799
16.0	0.01	0.01	0.01	0.007	0.01	0.924785103363921	0.11154730320384891	0.05392134739601028	0.040060952924123996	0.044684830744134534	108.42494810496355	54.96829676711259	77.11796883451687	54.38087581673467	10.625903625596502	3.8488320884658256
