0.0	0.01	0.01	0.01	0.007	0.01	0.0	0.0	0.0	0.0	0.0	0.0	0.0	0.0	0.0	0.0	100.0
0.003359353227092698	0.01	0.01	0.01	0.007	0.01	0.010156820870530976	0.0027819540827795012	0.0033462466253365098	0.003976917453216458	0.005526754339180621	0.0006044921966628985	0.0009344486780669069	0.0020340564144757964	0.004524494607501893	0.0004891718291756518	99.92013002433535
0.005343401033054375	0.01	0.01	0.01	0.007	0.01	0.016092590028456102	0.00439022140988454	0.005217637998126436	0.0061396707348088195	0.008658948583055581	0.001524600456041283	0.002350569041982029	0.0050759865796482125	0.011209885850956447	0.001224665138445885	99.87298845582661
0.00835078984984969	0.01	0.01	0.01	0.007	0.01	0.025001858926938767	0.006779865199343215	0.007913903131223055	0.009176177921853237	0.013228066240747835	0.0037061243090499574	0.005691236738316986	0.012144357881216369	0.026535928562534263	0.002944164832101257	99.80157440262994
0.01110670827656513	0.01	0.01	0.01	0.007	0.01	0.03307390657727914	0.008919794179141884	0.010243799350974806	0.011722483070489929	0.017234088261281533	0.006527639659745203	0.009987739933470224	0.02108419164966139	0.04563556468265871	0.0051337242261508455	99.73617665445562
0.014311093870585531	0.01	0.01	0.01	0.007	0.01	0.04234987979107444	0.011349366554220485	0.012793397855621516	0.014423968448393791	0.021685262223947947	0.010783282954702397	0.01643016727999293	0.034258896519628615	0.07336325982403986	0.008383297880030782	99.66019069177011
0.01756648876950442	0.01	0.01	0.01	0.007	0.01	0.051654259475887504	0.013754674489868323	0.015218671025845839	0.016908803099960793	0.025991876970848926	0.01616464317297392	0.024525684052172574	0.05051229022379458	0.10703799893310836	0.012422571296031398	99.5830544204096
0.021073349918119287	0.01	0.01	0.01	0.007	0.01	0.0615446341422896	0.01627666704834691	0.017657480726008788	0.019321211389088596	0.03040286730649817	0.023136087566588897	0.034944735423079715	0.07103733208680575	0.1488932404288641	0.017563719196726304	99.50002647769645
0.024712103529351777	0.01	0.01	0.01	0.007	0.01	0.07166342904306118	0.018819802329161483	0.020010432422462865	0.021563796033241458	0.03474570555501587	0.03163635392436325	0.047561679234066324	0.09540777180008453	0.19779471967683437	0.02371889170430541	99.41394904644262
0.028539676470054946	0.01	0.01	0.01	0.007	0.01	0.08215177775734238	0.02141622531793426	0.022304307761500976	0.023666842642797774	0.03907458434018828	0.04194589535958676	0.06275547578983123	0.12416946149239338	0.25458083851655666	0.031046459173008738	99.32348531385219
0.032522292132889895	0.01	0.01	0.01	0.007	0.01	0.09289822863000329	0.02403475874508951	0.024508646161039514	0.02560738135721965	0.04333681150363292	0.05413547222216177	0.0805877115759293	0.15723525589454654	0.3188148844010618	0.03954760713474835	99.2294445726621
0.03667812956029056	0.01	0.01	0.01	0.007	0.01	0.103933606627026	0.026679700884476	0.026625941710250182	0.027394080383091164	0.04753837465155887	0.06841556570610785	0.10131929340359208	0.19487585491127263	0.3907656505164496	0.04931725323429958	99.13140851005144
0.04100042990070629	0.01	0.01	0.01	0.007	0.01	0.1152207686771409	0.02933889813276558	0.02864592828051793	0.02902516929996822	0.05165305639517793	0.08492519434681726	0.1250995397677136	0.23713584886603245	0.4702637012799241	0.06039390649958264	99.02954834584162
0.045497957210820845	0.01	0.01	0.01	0.007	0.01	0.12676306597114612	0.03201002282772581	0.030567283326472017	0.030507094645062727	0.05565621780428159	0.10386188129118051	0.15215512649319285	0.28418150392013597	0.5573759493252932	0.0728468902214971	98.92366986218897
0.05017364805605655	0.01	0.01	0.01	0.007	0.01	0.1385475427281752	0.034686954379386625	0.032386638362340237	0.03184501227074911	0.05948914696166951	0.12540911929671705	0.18268423753279106	0.33610934844115464	0.6520429390261799	0.08672091186169709	98.81371715855883
0.05503344759670372	0.01	0.01	0.01	0.007	0.01	0.15056793903309668	0.037365209572714365	0.034102674457499337	0.03304593692242604	0.06305101658105837	0.1497706032154232	0.21690520411864583	0.3930331460033353	0.7542451664001394	0.10204819137020935	98.69956451047322
0.060046253863769	0.01	0.01	0.01	0.007	0.01	0.16272779828975872	0.0400208599804397	0.03570345740316711	0.034110170758865035	0.06617003660969538	0.17695060078627547	0.25475074758888566	0.4545899884930106	0.8631346159755806	0.11869923275784253	98.58195602586613
0.06516216283646527	0.01	0.01	0.01	0.007	0.01	0.17489240894720026	0.042623558467670936	0.037177063892819336	0.035039608883558136	0.0686672666025043	0.2067871800346113	0.2959260747446658	0.5200845161922941	0.9773445959266857	0.1364082459049467	98.4620730782401
0.0704674809595283	0.01	0.01	0.01	0.007	0.01	0.18725087066457355	0.04521246655411593	0.038551392365345015	0.0358607439032458	0.07048267716745861	0.23991227651941086	0.34122649372885155	0.5905548502068723	1.0985532052546363	0.155334054903619	98.33790561783978
0.07602452790034306	0.01	0.01	0.01	0.007	0.01	0.19992146919479362	0.047808965736554125	0.0398402298309055	0.036588559443283895	0.07161078207355219	0.27693366907049227	0.3913842444667631	0.6668503143482146	1.228041478734919	0.1755464565495584	98.20801451212378
0.08179322844522448	0.01	0.01	0.01	0.007	0.01	0.21278423262809076	0.050385025387086425	0.04103244612586977	0.037223351474646275	0.07212279186894115	0.3178155125796523	0.4462419549844552	0.7484317992374065	1.3647269837562712	0.19673583809092646	98.07335768070126
0.08779324301898275	0.01	0.01	0.01	0.007	0.01	0.22585594922389365	0.05294122704587825	0.042132453713796016	0.03777432775839444	0.07216578018085343	0.36291298146644757	0.5061625830471468	0.8355507693677913	1.5088967705699914	0.2188224310671779	97.93349724714027
0.09403896740565952	0.01	0.01	0.01	0.007	0.01	0.23913841798209987	0.05547496917713366	0.04314329985176648	0.03824946019019184	0.07188621609358097	0.4125688975206054	0.5714758566935604	0.9283868128429095	1.6607235914265734	0.24173654106895157	97.78812118105975
0.1005906661064023	0.01	0.01	0.01	0.007	0.01	0.2527244758421456	0.05800027084688833	0.044074155192833774	0.0386588857074918	0.07139930452201082	0.46754229867745883	0.6430340232182284	1.0278196202814724	1.821516159727894	0.265604059449535	97.63585514104244
0.10749114612170003	0.01	0.01	0.01	0.007	0.01	0.26665931619103134	0.060520744796409766	0.044929112138846206	0.039009588453166474	0.07078752234507263	0.5285372778846327	0.7215792267267519	1.134501601488074	1.9921858208820808	0.29050536688290507	97.47573953558664
0.11477147298661121	0.01	0.01	0.01	0.007	0.01	0.2809559254254211	0.06303339929242707	0.045709905827189264	0.03930717149275162	0.07010902136468228	0.5962199166267032	0.8077678886678459	1.2489131691617814	2.1733600432848657	0.31649140082623495	97.30709478428274
0.12245171768345788	0.01	0.01	0.01	0.007	0.01	0.29559957099335415	0.0655301917467303	0.04641726291593312	0.039556659772430815	0.06940475666541229	0.6711991974311908	0.9021489441521764	1.371353953600763	2.3653872135240492	0.34358408543648983	97.12950240456924
0.13055406049669482	0.01	0.01	0.01	0.007	0.01	0.31057478732052624	0.06800314958923144	0.047052777354196655	0.03976322158942552	0.06870259906997317	0.7541375128505019	1.0053044925355819	1.5021410580553944	2.5686594686642064	0.3718210998766889	96.94250105203324
0.1391038314279421	0.01	0.01	0.01	0.007	0.01	0.3258666720317304	0.07044461249849208	0.04761886847174197	0.039932031971207316	0.0680212156240887	0.8457653277062971	1.11786375148024	1.6416272875903721	2.7836408436296254	0.40125697792957077	96.74556348545926
0.14813137282634548	0.01	0.01	0.01	0.007	0.01	0.34146320808383473	0.07284758629008549	0.04811872226127137	0.040068146707792976	0.06737281710162711	0.9469080033804826	1.2405303515029587	1.7902336390258489	3.010915570052216	0.4319673669959803	96.53805505384886
0.15767118945807723	0.01	0.01	0.01	0.007	0.01	0.3573524591134052	0.0752052691249468	0.04855604318986039	0.04017635047002352	0.06676524875275437	1.0584854264907413	1.3740747775765103	1.9484373912368684	3.251167069579395	0.46404429334646596	96.31925505050054
0.16776222949846345	0.01	0.01	0.01	0.007	0.01	0.3735218563864162	0.07751096313958086	0.04893493434573309	0.04026107771785053	0.06620331805130061	1.1815228023362387	1.5193399692174996	2.116777602451762	3.5051841265726313	0.4975957773775003	96.08835217668582
0.17844764434112245	0.01	0.01	0.01	0.007	0.01	0.3899566148592699	0.07975789432265995	0.049259777962796514	0.04032635789721898	0.06568969864730659	1.3171549260694542	1.677238434720485	2.295851351704652	3.773852975703088	0.5327439718306614	95.84445220987206
0.18977494191842872	0.01	0.01	0.01	0.007	0.01	0.4066388509853792	0.08193917943705874	0.04953515421228916	0.04037578933504908	0.06522550205029941	1.4666341825082254	1.8487533832269922	2.4863159603271803	4.058158460084108	0.5696248204304644	95.5865769018208
0.2017959551128365	0.01	0.01	0.01	0.007	0.01	0.4235464541103015	0.08404779716137856	0.049765762610551385	0.04041252897833056	0.06481066149251936	1.6313353296390156	2.0349357524976215	2.6888877250062273	4.35917977444634	0.6083872082729331	95.31366741005105
0.2145668715190432	0.01	0.01	0.01	0.007	0.01	0.440652146319285	0.08607662496955494	0.04995635067673074	0.040439296695788246	0.06444418491408535	1.812759690142211	2.2369005458374915	2.9043413241163796	4.678087033274389	0.6491923670727366	95.02458664992103
0.2281481232645276	0.01	0.01	0.01	0.007	0.01	0.4579224853668779	0.0880185071015649	0.05011164102549859	0.04045839058590118	0.06412433301485065	2.0125356431180847	2.455819339580179	3.1335065556307065	5.016133650070811	0.6922128354271667	94.71812516359202
0.24260416260056444	0.01	0.01	0.01	0.007	0.01	0.47531694321059637	0.0898663690010004	0.050236257187785405	0.04047171181015323	0.06384875104715636	2.2324149914777984	2.69290915941693	3.3772628516967105	5.37464524907355	0.7376310377551574	94.39300988961217
0.2580029670778291	0.01	0.01	0.01	0.007	0.01	0.492786981862401	0.0916133654933559	0.05033464727040744	0.04048079710784131	0.06361457790876476	2.474261994213384	2.949415085813992	3.636528958195442	5.755001353185877	0.7856369790481393	94.04791928558983
0.27441518077422267	0.01	0.01	0.01	0.007	0.01	0.5102751984874979	0.09325306608134726	0.05041100849944818	0.04048685734675102	0.06341854546024076	2.7400323290350426	3.226584909610745	3.9122462634990405	6.158607794434578	0.8364247806159348	93.68150673380931
0.29191271527225704	0.01	0.01	0.01	0.007	0.01	0.5277145771142432	0.09477967258427991	0.050469217016689986	0.04049082014041261	0.06325707699891817	3.0317376487027965	3.5256328978541487	4.205352956643086	6.586855931228006	0.8901875501855524	93.2924358818725
0.31056685820738966	0.01	0.01	0.01	0.007	0.01	0.5450281634343302	0.09618828248019552	0.05051276941135492	0.04049337441541808	0.06312638779959295	3.351394925205277	3.8476937830713633	4.5167500849116555	7.041070478441442	0.9471108002635962	92.87942641240767
0.33044621677786146	0.01	0.01	0.01	0.007	0.01	0.5621296482644396	0.09747520621621876	0.05054474163443752	0.04049501465960561	0.06302258917381162	3.700965427037348	4.193773555230326	4.847265308444289	7.522454600283495	1.0073654798698877	92.44130252097567
0.3516153596388027	0.01	0.01	0.01	0.007	0.01	0.5789255232716458	0.09863833459826617	0.050567768939187865	0.040496082727885456	0.06294179609058358	4.0822997031300465	4.564713762043403	5.197628901952381	8.032053539552278	1.0711032640073725	91.97702483256222
0.3741349703251196	0.01	0.01	0.01	0.007	0.01	0.5953189289124126	0.09967749113592314	0.050584047048950365	0.04049680542958719	0.06288023871651545	4.497107332728422	4.96118567405509	5.56847517985502	8.570755851250798	1.1384564840346345	91.48568832980914
0.39806379914466233	0.01	0.01	0.01	0.007	0.01	0.6112145530356824	0.10059466586565328	0.05059535275996232	0.04049732667072236	0.06283437333144881	4.9469625395750265	5.383720806162078	5.960373217560326	9.139337624082044	1.2095434085401675	90.96648116026395
0.4234617276520206	0.01	0.01	0.01	0.007	0.01	0.6265233033758849	0.10139403783753614	0.05060308082700728	0.04049773350208106	0.062800981726941	5.433337716341393	5.832765531916215	6.3738744957807105	9.738531425691319	1.28447666166126	90.41862068821958
0.45039279771663526	0.01	0.01	0.01	0.007	0.01	0.6411656919637468	0.10208176995848088	0.05060829285072651	0.04049807601657674	0.06277724495275436	5.957644417935793	6.308737764174785	6.809557964355502	10.369091447812062	1.3633712838187462	89.84129263474577
0.4789274666934196	0.01	0.01	0.01	0.007	0.01	0.6550736928487676	0.10266564005800065	0.05061177268904926	0.04049838160158853	0.06276078153634308	6.521265589854808	6.812070399714672	7.268060455413912	11.03183723308022	1.4463502681280624	89.23360937545614
0.5091437022723392	0.01	0.01	0.01	0.007	0.01	0.6681913323447938	0.10315459361760784	0.05061408250074023	0.04049866448115734	0.06274964937090333	7.125568120151017	7.343233002503822	7.750086676335218	11.72766759454913	1.5335465153129921	88.59459517320519
0.5411269920181662	0.01	0.01	0.01	0.007	0.01	0.6804745526092649	0.10355829292188665	0.05061561457097043	0.04049893168495518	0.06274231773089903	7.77189411602263	7.902732321857306	8.256400773503094	12.457547650724017	1.6251015336422403	87.9231958477662
0.5749692674786084	0.01	0.01	0.01	0.007	0.01	0.6918907432858434	0.10388670507914026	0.050616635850582084	0.040499186537866064	0.06273761943109309	8.461529022893348	8.49109182726901	8.787800360722873	13.222470382504675	1.721161006548584	87.21831181390556
0.6107668922173131	0.01	0.01	0.01	0.007	0.01	0.7024182699331092	0.10414975029676331	0.050617323990974995	0.040499430568216956	0.06273469303565568	9.195649004622657	9.108813773656516	9.34507637993893	14.023397764204061	1.8218678049216241	86.47885010800853
0.6486178932230559	0.01	0.01	0.01	0.007	0.01	0.7120461756325666	0.10435701515925293	0.05061779503137043	0.040499664483839175	0.06273292319390235	9.975251982317232	9.756328246953494	9.928962633434415	14.861187242279476	1.9273531170986433	85.70379036845434
0.6886188799110157	0.01	0.01	0.01	0.007	0.01	0.7207741402365232	0.10451752806449431	0.05061812372956066	0.04049988864021731	0.06273188472033632	10.80108330424441	10.433938258913791	10.540082815303592	15.736515061417759	2.0377271006536986	84.89225441623027
0.7308624556128928	0.01	0.01	0.01	0.007	0.01	0.7286126679137673	0.10463959052730201	0.050618357892033894	0.040500103254222916	0.06273129374159905	11.673575170030462	11.141775535461584	11.178907898343569	16.649815027091524	2.1530713746745067	84.04356236888889
0.7754360988245564	0.01	0.01	0.01	0.007	0.01	0.7355833179051373	0.10473065756790838	0.05061852810209135	0.04050030850164076	0.06273096738611549	12.592822245558347	11.879783181057052	11.845738316022155	17.601253291429938	2.2734359583020174	83.1572560572339
0.8224233179378999	0.01	0.01	0.01	0.007	0.01	0.7417186744842093	0.10479726273564036	0.05061865410116569	0.040500504565985786	0.06273079216015306	13.558610733108509	12.647736615041257	12.540721396118377	18.590753696809706	2.3988425393744808	82.2330757307736
0.8719072985158336	0.01	0.01	0.01	0.007	0.01	0.7470617439304165	0.10484498633869896	0.050618748850232556	0.04050069166645464	0.06273070029941069	14.570503498528781	13.44530282093082	13.263904565667916	19.618073717075063	2.5292941595386886	81.27088918148264
0.9239763760399723	0.01	0.01	0.01	0.007	0.01	0.7516645962617644	0.10487846656571768	0.05061882105299302	0.04050087007310458	0.06273065291310871	15.627963146009707	14.272122917176116	14.01531135728998	20.68291172928902	2.6647889668669382	80.27059033641052
0.978730330747737	0.01	0.01	0.01	0.007	0.01	0.7555863301951112	0.10490145131385818	0.05061887670038166	0.04050104011135427	0.06273062854847185	16.730486960290943	15.127898608598006	14.795023026418757	21.785020544818586	2.8053349290039833	79.23199003074583
1.0362864649916397	0.01	0.01	0.01	0.007	0.01	0.7588906294917092	0.10491688375527931	0.05061892001369883	0.04050120215718925	0.06273061581902634	17.877727569492233	16.012464298893768	15.603249335406721	22.92430353716975	2.950962540181669	78.15472075897645
1.096785092164064	0.01	0.01	0.01	0.007	0.01	0.7616432656918211	0.10492701046641416	0.050618954027487284	0.040501356626442456	0.06273060889369172	19.06958841611652	16.925838815145408	16.440382807002425	24.10088523644326	3.101734497826821	77.03816296424203
1.1603944003881788	0.01	0.01	0.01	0.007	0.01	0.7639098269244515	0.10493349913767898	0.050618980958557915	0.04050150396138065	0.06273060487635126	20.306291366653234	17.868256509779513	17.307035932095445	25.315155706584527	3.257752259734491	75.88139355075545
1.2273150039739098	0.01	0.01	0.01	0.007	0.01	0.7657538416658894	0.10493755429424807	0.05061900244705749	0.040501644617365856	0.06273060235909245	21.58842161937401	18.84018269206251	18.204065616221175	26.56779476185777	3.4191602560304726	74.6831509015666
1.297784708592539	0.01	0.01	0.01	0.007	0.01	0.7672353572146375	0.10494002267803691	0.05061901971903708	0.040501779051420043	0.06273060066154783	22.916959121622423	19.842320597646435	19.1325914290612	27.85978510463484	3.586148936488676	73.44180760298559
1.3720838056944247	0.01	0.01	0.01	0.007	0.01	0.7684099506519703	0.10494148357453285	0.05061903369905619	0.04050190771303041	0.06273059944898052	24.293300851393123	20.875612800231536	20.094010514350288	29.192418048156707	3.758957161496992	72.15534697273047
1.450541482863759	0.01	0.01	0.01	0.007	0.01	0.7693281202314934	0.1049423224900249	0.050619045089847915	0.04050203103745531	0.06273059854840492	25.71928224273808	21.941242553090113	21.090014668089587	30.5672989270139	3.9378749163420306	70.82133588638492
1.5335435163161608	0.01	0.01	0.01	0.007	0.01	0.7700349836606782	0.10494278873960622	0.05061905442949081	0.040502149440596116	0.0627305978631105	27.197196520753447	23.04063312719935	22.12260847810829	31.9863498114221	4.1232461329656696	69.43689517147823
1.621541820180001	0.01	0.01	0.01	0.007	0.01	0.7705702195993629	0.104943038786995	0.05061906213291807	0.04050226331488968	0.06273059733383117	28.7298164983229	24.17544741142307	23.194131572640224	33.451812610214354	4.315472144035309	67.9986632060921
1.7150655576838123	0.01	0.01	0.01	0.007	0.01	0.7709681889877649	0.10494316772736038	0.05061906852225953	0.040502373023795744	0.06273059692113735	30.320406000456057	25.347576985291653	24.307276010619724	34.966238830630516	4.515014130746525	66.50276438770811
1.8147325196264492	0.01	0.01	0.01	0.007	0.01	0.7712581878779691	0.10494323139055353	0.050619073849134104	0.04050247888995981	0.06273059659720025	31.972691529426488	26.55909792616812	25.465078327237556	36.53243679448898	4.722390863758297	64.94480964835152
1.9212527681196292	0.01	0.01	0.01	0.007	0.01	0.771464787703676	0.10494326133641742	0.05061907831091898	0.040502581159817794	0.06273059634165806	33.69066177643958	27.812096364433856	26.67079327261182	38.153250925218856	4.938155089537137	63.32005412002879
2.035383504398208	0.01	0.01	0.01	0.007	0.01	0.7716082187792929	0.10494327467399367	0.050619082061849424	0.04050267987659293	0.06273059613935843	35.477583722720205	29.107925057374683	27.927217823531365	39.83060449050702	5.162771570494824	61.62429582091025
2.1575934843834403	0.01	0.01	0.01	0.007	0.01	0.7717047172707355	0.10494328025354256	0.05061908521652469	0.040502774357922905	0.06273059597918432	37.33080237271413	30.443449983078832	29.233035005887004	41.56063854943804	5.395963757398785	59.858813498957765
2.28609808045046	0.01	0.01	0.01	0.007	0.01	0.7717666764619321	0.10494328241611942	0.050619087831670455	0.040502861332198346	0.06273059585418414	39.21413301876166	31.791472018388546	30.563255465473326	43.3083005384343	5.633230615875505	58.05692461864762
2.412710316977136	0.01	0.01	0.01	0.007	0.01	0.7718035819147279	0.10494328318394636	0.05061908989164452	0.04050293534444106	0.06273059576136819	41.006094308859474	33.064969950452635	31.832190955615474	44.960782257403665	5.859282631553711	56.33462704316239
2.5312513164609407	0.01	0.01	0.01	0.007	0.01	0.7718248644536944	0.10494328345247664	0.050619091467517766	0.040503000321270036	0.06273059569403734	42.628219858528084	34.20962114516398	32.98381908327016	46.44736391322963	6.0641820157403945	54.76846270413125
2.6435336342459457	0.01	0.01	0.01	0.007	0.01	0.7718376413255833	0.10494328355319944	0.05061909271289955	0.04050306205914664	0.06273059564320314	44.11649450442978	35.2525919116943	34.04307708320034	47.80304045177104	6.252419226505632	53.32516136737327
2.753351479963367	0.01	0.01	0.01	0.007	0.01	0.7718457037265699	0.10494328359368267	0.050619093745664645	0.040503119985509366	0.06273059560276414	45.52794919701193	36.23495619251199	35.05017193981644	49.081019504431126	6.431172625474455	51.95033796014205
2.8635087703226403	0.01	0.01	0.01	0.007	0.01	0.7718509454817767	0.10494328361053941	0.05061909463298689	0.04050317333526841	0.06273059556936263	46.90104833326769	37.18392650917893	36.03240297686759	50.31662725699382	6.605300296274759	50.60687410707883
2.975261344347462	0.01	0.01	0.01	0.007	0.01	0.7718543795961084	0.10494328361758846	0.0506190954088816	0.040503222563125406	0.06273059554124398	48.25145986303678	38.11038982003707	37.000972168520825	51.52402501017938	6.7767886788395595	49.279450977952855
3.0886399831817255	0.01	0.01	0.01	0.007	0.01	0.7718566153674621	0.10494328362049887	0.05061909609069919	0.04050326821725306	0.06273059551742617	49.57886385780043	39.01406889214898	37.955686671138686	52.70285581594835	6.945600512119564	47.968290579225794
3.2030194332962303	0.01	0.01	0.01	0.007	0.01	0.7718580551444705	0.10494328362168083	0.05061909668934677	0.04050331066945376	0.06273059549724117	50.87562020922369	39.889765516729895	38.89106456560397	53.84633298819798	7.110765287647084	46.68090241013855
3.3176779411896486	0.01	0.01	0.01	0.007	0.01	0.7718589740329957	0.1049432836221552	0.05061909721436836	0.04050335025529943	0.06273059548012862	52.13399263754122	40.73239005645927	39.801488089682955	54.94778325485506	7.27129404716079	45.42505044719634
3.432138292629375	0.01	0.01	0.01	0.007	0.01	0.7718595579095717	0.10494328362234465	0.05061909767540655	0.040503387321147694	0.0627305954655785	53.349830304853306	41.53941277989637	40.68387204684897	56.00385366902087	7.426649507715146	44.20506794653089
3.5462446410734563	0.01	0.01	0.01	0.007	0.01	0.7718599288020611	0.10494328362242036	0.050619098081872066	0.04050342215961643	0.06273059545313747	54.52286293608657	42.31096232694949	41.53791495551656	57.0146567093753	7.576787208470109	43.02147279145518
3.660067218070064	0.01	0.01	0.01	0.007	0.01	0.7718601648441842	0.10494328362245073	0.050619098442233126	0.04050345496925422	0.06273059544242378	55.65519558331663	43.0487363491394	42.365041298831464	57.98235960153944	7.721966390960507	41.87239458802434
3.773760920821795	0.01	0.01	0.01	0.007	0.01	0.7718603153951645	0.10494328362246294	0.050619098763596965	0.04050348588061396	0.06273059543313005	56.7495971440509	43.754828117246156	43.167174026786036	58.909654882931946	7.862532663712426	40.75525682271379
3.887460003000291	0.01	0.01	0.01	0.007	0.01	0.7718604115573898	0.1049432836224679	0.05061909905168389	0.040503515001090576	0.06273059542501518	57.80841330671669	44.43101144057879	43.94594335338997	59.798823525259905	7.9987788915775	39.66787306542312
4.0012336689512775	0.01	0.01	0.01	0.007	0.01	0.7718604730079165	0.1049432836224699	0.05061909931104467	0.040503542440309855	0.06273059541789085	58.83321892108097	45.078532670253644	44.70242578481226	60.65145900912585	8.13089997520624	38.608816686692634
4.115089724204128	0.01	0.01	0.01	0.007	0.01	0.771860512267203	0.10494328362247067	0.05061909954534801	0.040503568314593966	0.06273059541160732	59.824956365893776	45.698220419605924	45.43723762402109	61.468607999398316	8.259009893862281	37.5772987086598
4.229001133202623	0.01	0.01	0.01	0.007	0.01	0.7718605373361591	0.104943283622471	0.050619099757631715	0.040503592741437465	0.06273059540604291	60.78424903895724	46.290699071886316	46.15076034214695	62.25104887976816	8.383181565844628	36.57285844732935
4.342933732865151	0.01	0.01	0.01	0.007	0.01	0.7718605533366042	0.10494328362247113	0.05061909995047769	0.04050361583201297	0.06273059540109713	61.71167257407986	46.8565645168283	46.84333905021018	62.999522430060644	8.503481655828582	35.5950874431852
4.456863340077666	0.01	0.01	0.01	0.007	0.01	0.7718605635464357	0.10494328362247117	0.050619100126117436	0.04050363768581647	0.06273059539668521	62.607895204996716	47.39646995213862	47.51538723980426	63.714845296799226	8.619988775373368	34.64348168763535
4.570780479358514	0.01	0.01	0.01	0.007	0.01	0.7718605700609433	0.10494328362247121	0.0506191002864918	0.040503658388999275	0.06273059539273536	63.473698000683676	47.911134108206056	48.16740353004785	64.39792158421476	8.732796258343237	33.717416327505404
4.684686924653684	0.01	0.01	0.01	0.007	0.01	0.7718605742178599	0.10494328362247121	0.050619100433289155	0.04050367801588054	0.06273059538918732	64.30992998747634	48.40131017013631	48.799939639310914	65.04970237747254	8.842006476009889	32.816189369535124
4.798589314586258	0.01	0.01	0.01	0.007	0.01	0.7718605768706286	0.10494328362247121	0.05061910056797483	0.040503696632031336	0.06273059538599003	65.11744965597634	48.8677487144205	49.4135572730946	65.67113694552647	8.94772330168961	31.93908195748702
4.91249394044344	0.01	0.01	0.01	0.007	0.01	0.7718605785636147	0.10494328362247121	0.05061910069181882	0.040503714297167016	0.06273059538309961	65.89708477307154	49.31117376082784	50.008797903036516	66.26314095781511	9.050046878302526	31.085401241914965
5.026404219759013	0.01	0.01	0.01	0.007	0.01	0.7718605796440877	0.10494328362247121	0.05061910080592503	0.04050373106697476	0.06273059538047894	66.64961742795889	49.732274944417846	50.58617109435585	66.82658590163014	9.149071632083203	30.254497367858434
5.140320605499091	0.01	0.01	0.01	0.007	0.01	0.7718605803336384	0.10494328362247121	0.05061910091125555	0.040503746993815155	0.06273059537809683	67.37578771849955	50.131710777036375	51.14615686204165	67.36230321833355	9.244886714249018	29.445760549167467
5.2542417323274595	0.01	0.01	0.01	0.007	0.01	0.7718605807736902	0.10494328362247121	0.05061910100865403	0.04050376212675617	0.06273059537592568	68.07630472303201	50.5101157321246	51.68921371552706	67.87109360369134	9.337577410458382	28.65860986000115
5.368165789591952	0.01	0.01	0.01	0.007	0.01	0.77186058105451	0.10494328362247121	0.05061910109886362	0.04050377651138058	0.06273059537394211	68.7518570090336	50.86810654385099	52.215786560956154	68.3537353543452	9.427226508825306	27.892482018870894
5.482091373963093	0.01	0.01	0.01	0.007	0.01	0.771860581233712	0.10494328362247121	0.05061910118254123	0.040503790189742324	0.06273059537212591	69.40311831226089	51.20628543726646	52.726311047990805	68.81098867501116	9.51391504612617	27.146825138806115
5.596017821488009	0.01	0.01	0.01	0.007	0.01	0.7718605813480663	0.10494328362247121	0.050619101260269916	0.04050380320050482	0.06273059537045923	70.03074930670078	51.525241051201455	53.22121496726726	69.24359692007434	9.597722544147237	26.42109667122037
5.70994501899588	0.01	0.01	0.01	0.007	0.01	0.7718605814210391	0.10494328362247121	0.050619101332568306	0.04050381557929361	0.06273059536892664	70.63539629304707	51.82554773273274	53.700917244717125	69.65228563864974	9.678726836980998	25.71476484694691
5.8238731400314965	0.01	0.01	0.01	0.007	0.01	0.7718605814676053	0.10494328362247121	0.050619101399898975	0.04050382735906627	0.06273059536751444	71.21768977950202	52.10776487325262	54.16582681128749	70.03776165683125	9.757003880319335	25.027310338861543
5.937802395870678	0.01	0.01	0.01	0.007	0.01	0.7718605814973202	0.10494328362247121	0.05061910146267519	0.0405038385704563	0.06273059536621099	71.77824346675072	52.372436547875765	54.61634175040909	70.40071255203937	9.832627610986231	24.358227557673178
6.051732869524043	0.01	0.01	0.01	0.007	0.01	0.771860581516282	0.10494328362247121	0.05061910152126685	0.040503849242058985	0.06273059536500548	72.31765390195757	52.620091557640905	55.052848946285366	70.74180666149365	9.905669893379063	23.707025239964892
6.16566452327723	0.01	0.01	0.01	0.007	0.01	0.7718605815283819	0.10494328362247121	0.05061910157600609	0.04050385940061122	0.06273059536388903	72.83650107533464	52.851243944665505	55.475724477437055	71.0616937336009	9.97620059196238	23.073225941660883
6.279597221322695	0.01	0.01	0.01	0.007	0.01	0.771860581536103	0.10494328362247121	0.050619101627192076	0.04050386907114374	0.06273059536285305	73.33534905197774	53.06639350897664	55.885334044404814	71.361005585037	10.044287649055509	22.456365475344988
6.393530805212573	0.01	0.01	0.01	0.007	0.01	0.77186058154103	0.10494328362247121	0.05061910167509435	0.04050387827708815	0.06273059536189042	73.81474677845509	53.266026377952414	56.28203355015634	71.64035683646244	10.109997187314837	21.85599210900022
6.5074651240411425	0.01	0.01	0.01	0.007	0.01	0.7718605815441739	0.10494328362247121	0.05061910171995669	0.040503887040392435	0.06273059536099468	74.27522861820161	53.450615430446234	56.66616946954142	71.90034545274744	10.173393576270042	21.271666071332103
6.621400087265187	0.01	0.01	0.01	0.007	0.01	0.7718605815461802	0.10494328362247121	0.050619101761999866	0.04050389538161071	0.06273059536016012	74.71731493215624	53.620620719566794	57.03807926453399	72.14155328623796	10.234539505822209	20.702958979943723
6.735335634522783	0.01	0.01	0.01	0.007	0.01	0.7718605815474605	0.10494328362247121	0.05061910180142438	0.04050390332002455	0.06273059535938129	75.14151229808503	53.776489739447	57.398091502596756	72.36454640315762	10.293496010412431	20.14945371691121
6.849271720542561	0.01	0.01	0.01	0.007	0.01	0.7718605815482774	0.10494328362247121	0.05061910183841227	0.0405039108737478	0.0627305953586537	75.5483138039249	53.91865772579722	57.74652603472578	72.56987545672915	10.350322503197996	19.61074421568041
6.963208315144035	0.01	0.01	0.01	0.007	0.01	0.7718605815487986	0.10494328362247121	0.050619101873129645	0.040503918059813765	0.06273059535797332	75.93819939706296	54.04754797581753	58.08369422117126	72.75807608845682	10.405076818025547	19.086435174614245
7.077145388146325	0.01	0.01	0.01	0.007	0.01	0.7718605815491311	0.10494328362247121	0.05061910190572779	0.040503924894263216	0.06273059535733626	76.31163617658059	54.16357214565778	58.409899109076186	72.92966929783576	10.457815243511092	18.576141844311916
7.191082886730739	0.01	0.01	0.01	0.007	0.01	0.7718605815493432	0.10494328362247121	0.050619101936345084	0.04050393139222972	0.06273059535673906	76.66907866643312	54.267130543434334	58.725435592467086	73.08516180518546	10.508592554342851	18.079489843613345
7.305020788261357	0.01	0.01	0.01	0.007	0.01	0.7718605815494787	0.10494328362247121	0.05061910196510827	0.04050393756797729	0.0627305953561787	77.01096931916054	54.35861248475982	59.03059077727344	73.22504650993673	10.557462075475298	17.596114651668913
7.418959047464448	0.01	0.01	0.01	0.007	0.01	0.7718605815495652	0.10494328362247121	0.05061910199213343	0.04050394343498938	0.06273059535565259	77.33773867188434	54.43839653836668	59.32564404309398	73.34980278711174	10.604475697265892	17.12566157411626
7.532897626611744	0.01	0.01	0.01	0.007	0.01	0.7718605815496206	0.10494328362247121	0.0506191020175272	0.04050394900600819	0.06273059535515797	77.64980575775883	54.50685084216563	59.61086733170935	73.4598968909066	10.649683927017582	16.66778535138561
7.646836495520568	0.01	0.01	0.01	0.007	0.01	0.7718605815496556	0.10494328362247121	0.05061910204138788	0.040503954293085	0.06273059535469243	77.94757840836725	54.564333379591886	59.88652534258643	73.55578230149966	10.693135925327658	16.222149910569332
7.760775624008019	0.01	0.01	0.01	0.007	0.01	0.7718605815496781	0.10494328362247121	0.05061910206380537	0.04050395930763137	0.06273059535425426	78.23145352999656	54.61119224608225	60.15287570601875	73.63790005795249	10.734879538793084	15.788428152009216
7.874714996982841	0.01	0.01	0.01	0.007	0.01	0.7718605815496923	0.10494328362247121	0.05061910208486336	0.04050396406045312	0.06273059535384153	78.5018174300245	54.647765918905314	60.41016920515039	73.70667910000031	10.774961340257184	15.366301654823575
7.988654584261811	0.01	0.01	0.01	0.007	0.01	0.7718605815497015	0.10494328362247121	0.050619102104638575	0.04050396856180601	0.0627305953534521	78.75904602560018	54.6743835034807	60.65864988905252	73.76253657116405	10.813426651886594	14.955460558707014
8.102594370753435	0.01	0.01	0.01	0.007	0.01	0.7718605815497073	0.10494328362247121	0.05061910212320222	0.04050397282141608	0.0627305953530848	79.00350519169741	54.69136499499445	60.89855531969919	73.80587815329918	10.850319589028757	14.555603225124672
8.216534348912102	0.01	0.01	0.01	0.007	0.01	0.771860581549711	0.10494328362247121	0.05061910214061981	0.04050397684851666	0.06273059535273805	79.23555100681519	54.69902151706407	61.13011672531185	73.8370983645867	10.885683089238784	14.166436049033784
8.330474488554255	0.01	0.01	0.01	0.007	0.01	0.7718605815497135	0.10494328362247121	0.0506191021569526	0.04050398065189598	0.06273059535241052	79.45552995439665	54.69765555913575	61.35355910909475	73.85658085193656	10.919558934525014	13.787673346082537
8.444414774588168	0.01	0.01	0.01	0.007	0.01	0.771860581549715	0.10494328362247121	0.05061910217225705	0.04050398423990492	0.06273059535210092	79.6637792566632	54.687561212870165	61.56910149220947	73.86469869504518	10.951987793967675	13.419037012638395
8.558355199468041	0.01	0.01	0.01	0.007	0.01	0.7718605815497159	0.10494328362247121	0.05061910218658589	0.04050398762048723	0.06273059535180804	79.86062710233561	54.66902439397597	61.77695705555311	73.86181468335782	10.983009250591362	13.0602563521716
8.672295740556066	0.01	0.01	0.01	0.007	0.01	0.7718605815497164	0.10494328362247121	0.05061910219998761	0.04050399080121692	0.06273059535153108	80.04639284883572	54.64232306581738	61.97733325455031	73.84828159280656	11.012661824217078	12.711067948410081
8.786236397852361	0.01	0.01	0.01	0.007	0.01	0.7718605815497169	0.10494328362247121	0.050619102212508114	0.040503993789298996	0.06273059535126885	80.22138732091896	54.60772744627926	62.17043203894376	73.82444245228258	11.04098300979978	12.371215354926758
8.900177141173026	0.01	0.01	0.01	0.007	0.01	0.7718605815497172	0.10494328362247121	0.05061910222418962	0.04050399659162144	0.0627305953510206	80.38591295525023	54.565500229995834	62.35644990918475	73.79063081351293	11.068009291427764	12.040449067511567
9.014117970518123	0.01	0.01	0.01	0.007	0.01	0.7718605815497173	0.10494328362247121	0.05061910223507164	0.0405039992147392	0.06273059535078558	80.5402641160219	54.515896773074616	62.535578162932026	73.74717099343918	11.093776184130885	11.718526161081682
9.128058870795693	0.01	0.01	0.01	0.007	0.01	0.7718605815497174	0.10494328362247121	0.05061910224519109	0.040504001664918826	0.06273059535056295	80.6847272430495	54.45916530495952	62.7080029591239	73.69437833252987	11.118318248798486	11.405210245992597
9.241999849551796	0.01	0.01	0.01	0.007	0.01	0.7718605815497175	0.10494328362247121	0.050619102254582465	0.04050400394813329	0.06273059535035191	80.81958111258439	54.39554710331498	62.87390551289599	73.63255942059999	11.141669125921664	11.100271189327684
9.355940899240464	0.01	0.01	0.01	0.007	0.01	0.7718605815497175	0.10494328362247121	0.05061910226327805	0.04050400607010025	0.06273059535015169	80.94509699356128	54.3252766989936	63.03346217045351	73.5620123480687	11.163861552001007	10.803485051150629
9.469882004769689	0.01	0.01	0.01	0.007	0.01	0.7718605815497175	0.10494328362247121	0.05061910227130802	0.04050400803629097	0.06273059534996209	81.0615388614113	54.248582057488285	63.18684455274582	73.48302693524678	11.184927385747132	10.514633895835109
9.583823151047444	0.01	0.01	0.01	0.007	0.01	0.7718605815497175	0.10494328362247121	0.05061910227870042	0.040504009851941095	0.06273059534978243	81.16916360255385	54.16568475263323	63.33421969298899	73.39588495174196	11.204897633146132	10.23350561124221
9.697764330527713	0.01	0.01	0.01	0.007	0.01	0.7718605815497175	0.10494328362247121	0.05061910228548231	0.04050401152205793	0.0627305953496121	81.26822121008541	54.07680013300829	63.47575016837303	73.30086032655824	11.223802471452409	9.959893735318522
9.811705550756539	0.01	0.01	0.01	0.007	0.01	0.7718605815497175	0.10494328362247121	0.05061910229167801	0.040504013051428374	0.06273059534945072	81.3589549711531	53.98213748147453	63.611594226270505	73.19821934943059	11.241671272167729	9.693597289712518
9.925646796641868	0.01	0.01	0.01	0.007	0.01	0.7718605815497175	0.10494328362247121	0.05061910229731138	0.040504014444652264	0.06273059534929741	81.44160161520793	53.88190020915481	63.74190585454306	73.08822090904222	11.258532616558275	9.434420721628527
10.03958807572974	0.01	0.01	0.01	0.007	0.01	0.7718605815497175	0.10494328362247121	0.050619102302403865	0.04050401570612643	0.06273059534915211	81.51639152497519	53.77628597706188	63.8668349486726	72.97111665227379	11.274414323788251	9.182173654381076
10.153529365382061	0.01	0.01	0.01	0.007	0.01	0.7718605815497175	0.10494328362247121	0.05061910230697648	0.04050401684008462	0.06273059534901443	81.58354886954821	53.665486898320495	63.98652736228163	72.84715123090878	11.289343463720206	8.936670866719743
10.267470673144866	0.01	0.01	0.01	0.007	0.01	0.7718605815497175	0.10494328362247121	0.050619102311048776	0.040504017850572095	0.06273059534888407	81.64329180965018	53.549689632989306	64.10112508047204	72.71656242899951	11.303346385246853	8.697732023174336
10.381411999018155	0.01	0.01	0.01	0.007	0.01	0.7718605815497175	0.10494328362247121	0.050619102314638786	0.040504018741476244	0.06273059534876031	81.69583263286715	53.42907556895867	64.21076628190913	72.57958138490564	11.31644873026578	8.465181626281705
10.495353335455896	0.01	0.01	0.01	0.007	0.01	0.7718605815497175	0.10494328362247121	0.05061910231776383	0.04050401951653454	0.06273059534864332	81.74137791304423	53.30382096644623	64.31558544203286	72.43643277293559	11.328675452857974	8.238848885542348
10.609294682458088	0.01	0.01	0.01	0.007	0.01	0.7718605815497175	0.10494328362247121	0.05061910232044011	0.04050402017933289	0.06273059534853229	81.78012866997179	53.174097081016846	64.41571344637858	72.28733495982532	11.340050839388386	8.018567561208503
10.723236032478697	0.01	0.01	0.01	0.007	0.01	0.7718605815497175	0.10494328362247121	0.05061910232268318	0.04050402073332263	0.06273059534842736	81.81228051196675	53.04007031541772	64.5112776728309	72.13250019361281	11.350598524756972	7.804175872230704
10.83717738551772	0.01	0.01	0.01	0.007	0.01	0.7718605815497175	0.10494328362247121	0.050619102324507254	0.040504021181817576	0.06273059534832813	81.83802378567778	52.901902334041594	64.60240209847423	71.97213474928685	11.360341511302025	7.595516348284432
10.951118726483083	0.01	0.01	0.01	0.007	0.01	0.7718605815497175	0.10494328362247121	0.05061910232592626	0.04050402152801401	0.06273059534823414	81.85754371151235	52.75975021831454	64.68920737239411	71.80643912137845	11.36930218376318	7.392435755838488
11.065060078012898	0.01	0.01	0.01	0.007	0.01	0.7718605815497175	0.10494328362247121	0.050619102326953005	0.04050402177496502	0.06273059534814555	81.8710205295426	52.61376652536385	64.77181094444218	71.6356081036498	11.377502329891204	7.194784891645418
11.179001425015093	0.01	0.01	0.01	0.007	0.01	0.7718605815497175	0.10494328362247121	0.05061910232759968	0.04050402192563176	0.06273059534806175	81.87862961999194	52.464099503531784	64.85032709405299	71.45983105133088	11.384963150556471	7.002418607684321
11.292942759943628	0.01	0.01	0.01	0.007	0.01	0.7718605815497175	0.10494328362247121	0.050619102327878	0.040504021982860725	0.06273059534798266	81.88054164237447	52.310893154964674	64.92486704980632	71.27929196498367	11.391705279117211	6.81519562245602
11.406884082798507	0.01	0.01	0.01	0.007	0.01	0.7718605815497175	0.10494328362247121	0.05061910232779882	0.04050402194938959	0.0627305953479081	81.87692265985328	52.154287349278334	64.99553906977806	71.09416963322393	11.397748796362272	6.632978419021629
11.520825393579731	0.01	0.01	0.01	0.007	0.01	0.7718605815497175	0.10494328362247121	0.05061910232737269	0.0405040218278562	0.06273059534783787	81.86793426115922	51.99441794497651	65.062448515507	70.9046377844506	11.403113244734921	6.45563315726164
11.6347666922873	0.01	0.01	0.01	0.007	0.01	0.7718605815497175	0.10494328362247121	0.050619102326609274	0.04050402162080291	0.06273059534777191	81.85373368031111	51.83141689832536	65.12569792944261	70.71086522366257	11.407817642729153	6.2830295755676495
11.748707986467249	0.01	0.01	0.01	0.007	0.01	0.7718605815497175	0.10494328362247121	0.050619102325517855	0.040504021330676473	0.06273059534770987	81.83447391169504	51.66541235821638	65.18538711415925	70.51301595237462	11.411880499149314	6.115040884187228
11.862649268573545	0.01	0.01	0.01	0.007	0.01	0.7718605815497175	0.10494328362247121	0.05061910232410714	0.040504020959845295	0.06273059534765177	81.81030382714633	51.49652880217642	65.24161319375345	70.31124933739468	11.415319825920756	5.951543705615412
11.976590538606189	0.01	0.01	0.01	0.007	0.01	0.7718605815497175	0.10494328362247121	0.050619102322385756	0.040504020510590225	0.06273059534759724	81.7813682833111	51.324887104210134	65.29447069767916	70.10572019827734	11.41815315227294	5.792417949839543
12.090531796565182	0.01	0.01	0.01	0.007	0.01	0.7718605815497175	0.10494328362247121	0.05061910232036178	0.040504019985112154	0.06273059534754628	81.74780822983577	51.150604643144796	65.34405162592992	69.89657894274794	11.420397537323502	5.6375467377174715
12.204473034904499	0.01	0.01	0.01	0.007	0.01	0.7718605815497175	0.10494328362247121	0.05061910231804237	0.040504019385540366	0.06273059534749878	81.70976081658	50.97379540945259	65.39044551370293	69.68397170033502	11.422069582558022	5.486816324975371
12.318414253624141	0.01	0.01	0.01	0.007	0.01	0.7718605815497175	0.10494328362247121	0.05061910231543492	0.040504018713926136	0.06273059534745443	81.66735949088984	50.79457007461934	65.433739503769	69.46804041087165	11.423185444358985	5.340115998167586
12.43235545272411	0.01	0.01	0.01	0.007	0.01	0.7718605815497175	0.10494328362247121	0.05061910231254616	0.04050401797225118	0.06273059534741338	81.62073409839138	50.61303609242293	65.4740184069277	69.24892295110989	11.423760845707159	5.197338004036027
12.546296632204411	0.01	0.01	0.01	0.007	0.01	0.7718605815497175	0.10494328362247121	0.0506191023093827	0.0405040171624295	0.06273059534737532	81.57001097937622	50.42929778651867	65.51136476436058	69.02675324481389	11.423811087772057	5.058377470362019
12.660237792065049	0.01	0.01	0.01	0.007	0.01	0.7718605815497175	0.10494328362247121	0.05061910230595063	0.04050401628631083	0.06273059534734005	81.51531306260954	50.2434564356734	65.5458589083173	68.80166136990158	11.423351061192504	4.923132328934392
12.774178939852048	0.01	0.01	0.01	0.007	0.01	0.7718605815497175	0.10494328362247121	0.05061910230225573	0.04050401534567863	0.0627305953473079	81.45675995262683	50.055610344206706	65.57757902318961	68.57377364753151	11.422395256976174	4.791503231977365
12.888120075565409	0.01	0.01	0.01	0.007	0.01	0.7718605815497175	0.10494328362247121	0.05061910229830366	0.04050401434226177	0.0627305953472783	81.39446802586654	49.86585494734938	65.60660119844592	68.34321277342167	11.420957777249457	4.6633934970723985
13.002061191659113	0.01	0.01	0.01	0.007	0.01	0.7718605815497175	0.10494328362247121	0.05061910229409941	0.04050401327773662	0.06273059534725142	81.32855051840848	49.67428289044206	65.63299948548365	68.11009791750624	11.419052345818834	4.538709034961101
13.116002280587145	0.01	0.01	0.01	0.007	0.01	0.7718605815497175	0.10494328362247121	0.050619102289648575	0.040504012153724914	0.06273059534722704	81.25911760657517	49.480984093075875	65.65684595440902	67.87454480514808	11.416692318269543	4.417358271411662
13.229943349895528	0.01	0.01	0.01	0.007	0.01	0.7718605815497175	0.10494328362247121	0.05061910228495552	0.0405040109717868	0.06273059534720529	81.18627647890978	49.28604579749784	65.6782107496539	67.6366657789331	11.41389069140807	4.299252064576159
13.343884399584265	0.01	0.01	0.01	0.007	0.01	0.7718605815497175	0.10494328362247121	0.050619102280024815	0.040504009733436416	0.0627305953471858	81.1101314291323	49.08955267913335	65.69716213640359	67.39656993610123	11.41066011324515	4.1843036641692555
13.457825437199377	0.01	0.01	0.01	0.007	0.01	0.7718605815497175	0.10494328362247121	0.0506191022748609	0.0405040084401349	0.06273059534716853	81.03078392413059	48.89158689124711	65.71376655365398	67.1543631856605	11.407012891961083	4.0724286320684
13.571766455194847	0.01	0.01	0.01	0.007	0.01	0.7718605815497175	0.10494328362247121	0.05061910226946792	0.04050400709330587	0.06273059534715364	80.94833269515371	48.69222817279143	65.72808865970048	66.91014838265457	11.402961005699872	3.96354480261551
13.68570745357068	0.01	0.01	0.01	0.007	0.01	0.7718605815497175	0.10494328362247121	0.05061910226384971	0.04050400569432356	0.06273059534714094	80.86287379606568	48.49155387601935	65.74019138336749	66.6640253642654	11.398516110750826	3.857572199533146
13.799648432326881	0.01	0.01	0.01	0.007	0.01	0.7718605815497175	0.10494328362247121	0.05061910225801022	0.04050400424451886	0.06273059534713024	80.77450067981674	48.289639044367384	65.75013596895366	66.416091047281	11.393689550351024	3.7544329848959808
13.913589376371434	0.01	0.01	0.01	0.007	0.01	0.7718605815497175	0.10494328362247121	0.0506191022519528	0.04050400274519064	0.06273059534712164	80.68330428032947	48.08655650260451	65.75798202037105	66.16643954072144	11.388492363770322	3.6540514150732846
14.02753030079636	0.01	0.01	0.01	0.007	0.01	0.7718605815497175	0.10494328362247121	0.050619102245680864	0.04050400119757893	0.06273059534711496	80.58937304418637	47.88237683767109	65.76378754822439	65.91516212404329	11.38293529241661	3.5563537450320615
14.141471205601668	0.01	0.01	0.01	0.007	0.01	0.7718605815497175	0.10494328362247121	0.050619102239197696	0.040503999602894386	0.06273059534711024	80.49279303190742	47.67716853883478	65.76760900868005	65.66234742104132	11.377028789712021	3.4612682149603184
14.255412098333364	0.01	0.01	0.01	0.007	0.01	0.7718605815497175	0.10494328362247121	0.050619102232506485	0.040503997962306325	0.06273059534710736	80.39364796397267	47.4709980155591	65.76950134651224	65.40808142346403	11.370783027772754	3.368724977664052
14.369352971445444	0.01	0.01	0.01	0.007	0.01	0.7718605815497175	0.10494328362247121	0.05061910222560999	0.04050399627695736	0.06273059534710636	80.29201930291623	47.26392969509445	65.7695180350847	65.1524476127529	11.36420790615242	3.2786560657289954
14.483293824937913	0.01	0.01	0.01	0.007	0.01	0.7718605815497175	0.10494328362247121	0.050619102218510986	0.04050399454795063	0.06273059534710713	80.18798629484087	47.05602603679501	65.76771111637261	64.8955269790988	11.357313057967424	3.190995322793769
14.597234666356776	0.01	0.01	0.01	0.007	0.01	0.7718605815497175	0.10494328362247121	0.05061910221121227	0.040503992776351444	0.06273059534710965	80.0816260277817	46.847347585477735	65.764131238632	64.63739808848628	11.350107856905435	3.105678355765134
14.711175488156032	0.01	0.01	0.01	0.007	0.01	0.7718605815497175	0.10494328362247121	0.05061910220371622	0.04050399096320264	0.06273059534711374	79.97301351036205	46.637953065068764	65.75882769431743	64.37813719962196	11.342601425573573	3.022642504544007
14.825116275243687	0.01	0.01	0.01	0.007	0.01	0.7718605815497175	0.10494328362247121	0.05061910219602529	0.04050398910952078	0.06273059534711944	79.8622217219039	46.42789941592636	65.75184845695325	64.11781831129571	11.334802641909516	2.941826789225289
14.939057027619752	0.01	0.01	0.01	0.007	0.01	0.7718605815497175	0.10494328362247121	0.05061910218814187	0.04050398721628281	0.06273059534712679	79.74932164498298	46.21724180251765	65.7432402150579	63.85651317283132	11.32672014419509	2.8631718492162377
15.052997767922221	0.01	0.01	0.01	0.007	0.01	0.7718605815497175	0.10494328362247121	0.050619102180068	0.04050398528442297	0.06273059534713564	79.63438230942597	46.0060336471	65.73304840467335	63.594291326540144	11.31836233668816	2.7866198960832036
15.166938503697093	0.01	0.01	0.01	0.007	0.01	0.7718605815497175	0.10494328362247121	0.050619102171805916	0.040503983314856926	0.06273059534714596	79.51747088109317	45.794326746242774	65.72131724542464	63.331220253057644	11.309737398475113	2.7121146974585884
15.280879234944367	0.01	0.01	0.01	0.007	0.01	0.7718605815497175	0.10494328362247121	0.05061910216335736	0.04050398130847811	0.06273059534715779	79.3986527056117	45.582171302693304	65.70808977319497	63.0673654117899	11.300853289107046	2.6396015295917357
15.394819946572053	0.01	0.01	0.01	0.007	0.01	0.7718605815497175	0.10494328362247121	0.05061910215472432	0.04050397926616352	0.062730595347171	79.2779913660135	45.36961598394453	65.69340787331375	62.802790314504016	11.291717755186182	2.5690271410961363
15.508760631034164	0.01	0.01	0.01	0.007	0.01	0.7718605815497175	0.10494328362247121	0.0506191021459085	0.04050397718876031	0.0627305953471856	79.15554870703073	45.15670792324843	65.67731230896264	62.537556527262375	11.282338334366333	2.5003396991338165
15.622701295876695	0.01	0.01	0.01	0.007	0.01	0.7718605815497175	0.10494328362247121	0.05061910213691183	0.04050397507708159	0.0627305953472016	79.03138487254017	44.94349274729952	65.65984274946842	62.27172370535084	11.272722360197141	2.433488747639578
15.73664194109965	0.01	0.01	0.01	0.007	0.01	0.7718605815497175	0.10494328362247121	0.050619102127735585	0.04050397293192197	0.06273059534721895	78.90555837472812	44.73001465932268	65.64103780246649	62.0053496972771	11.262876969374904	2.3684251842156923
15.850582566703034	0.01	0.01	0.01	0.007	0.01	0.7718605815497175	0.10494328362247121	0.050619102118381276	0.04050397075405384	0.06273059534723759	78.77812613007718	44.51631646474807	65.62093504138984	61.738490577292545	11.252809106427355	2.305101219327424
15.964523180232835	0.01	0.01	0.01	0.007	0.01	0.7718605815497175	0.10494328362247121	0.0506191021088506	0.04050396854422195	0.0627305953472574	78.6491434935172	44.30243959571047	65.59957103166714	61.471200676353895	11.242525528165954	2.2434703371738745
16.0	0.01	0.01	0.01	0.007	0.01	0.7718605815497175	0.10494328362247121	0.05061910210584763	0.04050397510720879	0.06273059534726383	78.60867514218941	44.23581625091674	65.59266721649702	61.3878970328545	11.239280608473742	2.224619295220147
