0.0	0.01	0.01	0.01	0.007	0.01	0.0	0.0	0.0	0.0	0.0	0.0	0.0	0.0	0.0	0.0	100.0
0.0034012662122758887	0.01	0.01	0.01	0.007	0.01	0.010876292877353519	0.0033777714960331142	0.0035959666549405657	0.004040336012485751	0.003061193938110618	0.0007499997957762652	0.0011723273717088394	0.0018474840173394033	0.0043360548702824865	0.0004275124727851034	99.92797826041713
0.005486304014640716	0.01	0.01	0.01	0.007	0.01	0.01747093237458291	0.005399792651919897	0.005677012791414636	0.006332751014024752	0.004845696331050352	0.0019448788270091987	0.0030303685424419085	0.0047363366628137725	0.011056446040403647	0.0010978824599317798	99.88385327717313
0.008612426463152615	0.01	0.01	0.01	0.007	0.01	0.027255967639208286	0.008363900229912399	0.008631745070342856	0.009527600495658865	0.007402687582571541	0.004768908728370597	0.007395342705943091	0.011418343535527124	0.02644574806691155	0.0026543818995002954	99.81773265832715
0.011511281331837845	0.01	0.01	0.01	0.007	0.01	0.03622104345650459	0.011041788150233035	0.011204083457303764	0.012249503579014902	0.009660044597196278	0.008480333455255933	0.01309339278336365	0.019992023009933538	0.045976015773446614	0.004661686449910917	99.7564580896624
0.014876771562745698	0.01	0.01	0.01	0.007	0.01	0.04649979638928537	0.014067644291684663	0.014001034936742707	0.015143504834651503	0.012162213089112382	0.01408848920484104	0.021642830130062296	0.032628000833451645	0.074438978575384	0.0076392998764105696	99.6853671945369
0.01831019060305883	0.01	0.01	0.01	0.007	0.01	0.056844520033700795	0.017065101949732257	0.01665837920464181	0.017826906983858318	0.014604510797060235	0.021226293333973398	0.0324420129229374	0.04828855496018164	0.10930403426342003	0.011360839390843104	99.61289361242925
0.02200968295541022	0.01	0.01	0.01	0.007	0.01	0.06783318089781096	0.020196722103514572	0.019315675734226937	0.020442646904556504	0.01713549259365426	0.030491740222716078	0.0463498265070451	0.0680653830857715	0.1528137840946058	0.016110565555790417	99.53486265136273
0.025853845245508048	0.01	0.01	0.01	0.007	0.01	0.07908073849409844	0.0233463302863813	0.021867214362082762	0.022887387284879206	0.01968010087990217	0.04181964502130055	0.0632131894602197	0.0915627362270509	0.20388941889363327	0.021828634611774485	99.45384501883954
0.02989753394068389	0.01	0.01	0.01	0.007	0.01	0.090727080625384	0.02654827884977533	0.024338478861277223	0.025189347689231124	0.02228755618885157	0.05557110617617866	0.08350933549127097	0.11926123325678828	0.26337364446823663	0.028677307057332017	99.3686934354178
0.03410453305537152	0.01	0.01	0.01	0.007	0.01	0.1026456637964812	0.0297627449205545	0.026696801182893973	0.02732224137136257	0.024945007577217203	0.07183720820836854	0.10730426906609875	0.15105159089567397	0.33082511129659786	0.036687123006592035	99.28018025916678
0.03848963797949046	0.01	0.01	0.01	0.007	0.01	0.1148573700799289	0.03299105298745681	0.028943520205416517	0.029292751378436344	0.027663875272949938	0.09087608132023492	0.13490105669433336	0.1871332823388957	0.40646815989149127	0.04597571285207256	99.1880037449632
0.04304291379580371	0.01	0.01	0.01	0.007	0.01	0.1273129502070295	0.036216031673064475	0.031068015673047313	0.031097506812558875	0.030419141252869014	0.11284950829469072	0.16645215017982234	0.22749144600357535	0.4900775115486833	0.0566123051944465	99.09238278301473
0.04777453750033982	0.01	0.01	0.01	0.007	0.01	0.14001849153552348	0.039435396073167366	0.033071244280179685	0.03274376099806592	0.03316101278701518	0.1380116704422285	0.20223307189120096	0.27225809410378654	0.5817408520289156	0.06869899642213359	98.99311409815405
0.0526912319094842	0.01	0.01	0.01	0.007	0.01	0.15296891064750076	0.04264393682298518	0.034952857573757094	0.034237749531543925	0.03578488529649462	0.16661531670067464	0.24250451260425965	0.32152943984811555	0.6814744685300179	0.08230503327148382	98.89006801492216
0.05775699988632858	0.01	0.01	0.01	0.007	0.01	0.1660484809370051	0.045810045536463145	0.03669915197170156	0.03557581222571668	0.03811641821132511	0.19864473448165493	0.28714213818480117	0.3749315405579669	0.7883638934913266	0.09731653406430153	98.784009778668
0.06289850974261676	0.01	0.01	0.01	0.007	0.01	0.1790556002986597	0.04888468372734207	0.03829191064223853	0.03675263704481423	0.039969676403926686	0.23374477410397454	0.33555857882766665	0.43158206021924117	0.9005394354745391	0.11339789062517977	98.67648209985663
0.0681744686000137	0.01	0.01	0.01	0.007	0.01	0.19212789711836895	0.05190069866299509	0.03975744926615447	0.03779605030215719	0.04126343252054581	0.2724104659600235	0.38834346110868645	0.49200411503972236	1.01895488487051	0.1305442843891156	98.5662642784207
0.07370178429554705	0.01	0.01	0.01	0.007	0.01	0.20553053835453672	0.05491614774848019	0.04112865678036461	0.03873553561030754	0.04197770363345779	0.3157224069577437	0.4468472144736104	0.5575170733306614	1.1460693991891286	0.14892736269774237	98.45092751191261
0.07956700734930491	0.01	0.01	0.01	0.007	0.01	0.21943247282702852	0.057962094350697074	0.0424201636678126	0.03958536421345812	0.04213052658040755	0.36473737281624885	0.5123278038742697	0.629223312478383	1.2838410544887287	0.16860878121417033	98.32868732372992
0.08563460123997806	0.01	0.01	0.01	0.007	0.01	0.23347523430870465	0.060954615443816834	0.04359935784499557	0.04032916013332147	0.04180196930196557	0.41866266296012034	0.5835526376457454	0.7054856432351073	1.4289770586987944	0.18889404761186662	98.20238914000247
0.09185877815890622	0.01	0.01	0.01	0.007	0.01	0.2475309061143615	0.06386540301113924	0.0446629470598841	0.0409714847936314	0.04112625886762385	0.4772834987219582	0.6600903468666317	0.7856358423408337	1.580137798313432	0.2094203772427911	98.07300020448943
0.09832322539236897	0.01	0.01	0.01	0.007	0.01	0.2617637167733776	0.06672710054094352	0.04563023421292748	0.04153006576537193	0.04021447026144771	0.5416044887546022	0.7430907970004657	0.8706660967458035	1.7391319627836195	0.23029746843148252	97.93879697584325
0.10508289725743786	0.01	0.01	0.01	0.007	0.01	0.27625844343880174	0.06955313028515141	0.04651100130276667	0.042015549771000214	0.03915355753059512	0.6124936641640921	0.833473371231292	0.9612573116647668	1.9071450312185476	0.25156423931109123	97.79866123582778
0.11219992189910963	0.01	0.01	0.01	0.007	0.01	0.2911021382580878	0.07235523060204989	0.0473130473914847	0.042436629280112874	0.03800823611906409	0.6910126993102289	0.9323502099427293	1.0582215438302038	2.085580556487368	0.2732970492766475	97.65133385174393
0.11971425896850696	0.01	0.01	0.01	0.007	0.01	0.30632298083018983	0.07513234142502352	0.04803974585680921	0.04279911983660914	0.03683061837706906	0.77809083118433	1.0406071436785602	1.1620897198161395	2.275306292200824	0.2955144150122816	97.4960226858735
0.1276574570330531	0.01	0.01	0.01	0.007	0.01	0.32192321669281476	0.07787811098244038	0.04869334143504517	0.04310805415727551	0.035661565808466765	0.8746354828748081	1.1590484075550698	1.2732760481426753	2.4769748616066583	0.3182229528527187	97.3321161024521
0.13604870517911644	0.01	0.01	0.01	0.007	0.01	0.3378742674522573	0.08058091613366962	0.04927554163462012	0.04336808491189813	0.03453325752728487	0.98145636762708	1.2883070637051801	1.3920109504660814	2.6909135555397254	0.3414089416665688	97.15926337641396
0.14490490433451586	0.01	0.01	0.01	0.007	0.01	0.354138926377338	0.08322844411641349	0.04978886004590258	0.04358409915570302	0.033469103386208114	1.0993644604328492	1.4289710045449138	1.5184757777581228	2.917376826710778	0.36506905502157555	96.97716599060732
0.15424278963362015	0.01	0.01	0.01	0.007	0.01	0.3706760392599091	0.0858087377065162	0.05023674113660024	0.04376115763655407	0.032484923659275404	1.2291919381517618	1.5816072720195251	1.6528333659046335	3.1566029119787564	0.3892149857483746	96.78553400591368
0.16408236845694543	0.01	0.01	0.01	0.007	0.01	0.3874466198626652	0.0883112603285391	0.05062355067491056	0.04390436922798904	0.03159002992563396	1.3718384862942554	1.7468150367956314	1.7952798607295035	3.4089050778601426	0.4138800275361689	96.58401599627845
0.17444684414339448	0.01	0.01	0.01	0.007	0.01	0.40441298311002216	0.0907267336696911	0.05095429795028319	0.04401868284594227	0.030788650033025052	1.5282753790989767	1.9252262512454685	1.946046943378171	3.674672223960938	0.43911570413364304	96.37220165247189
0.18536309736007683	0.01	0.01	0.01	0.007	0.01	0.4215387820981509	0.09304712119283517	0.05123440983842224	0.044108743566716305	0.030081090133747993	1.6995577678291207	2.1175153439884156	2.1054115485060443	3.9543823248230763	0.4649900473108059	96.14961312264408
0.1968615050577485	0.01	0.01	0.01	0.007	0.01	0.43878790849248656	0.09526546002720389	0.051469506834357304	0.04417878938425146	0.029464747363000875	1.8868270955503488	2.3243971823109324	2.273695361444935	4.2485975550897335	0.49158452993444507	95.9157100771061
0.2089762695495516	0.01	0.01	0.01	0.007	0.01	0.4561242277141806	0.09737582998126058	0.05166521601300656	0.04423259570747843	0.02893489993961198	2.09132082535494	2.5466331452925686	2.4512710813151206	4.557971301579292	0.5189925502890052	95.66988452943102
0.22174578397994021	0.01	0.01	0.01	0.007	0.01	0.4735112914896837	0.09937332425441774	0.051826993322698134	0.04427345153157851	0.02848535538549866	2.3143829835809266	2.7850375969300627	2.6385685577475995	4.883254993266061	0.5473182164924225	95.41145518698187
0.23521326215318047	0.01	0.01	0.01	0.007	0.01	0.4909123143416132	0.10125405286432174	0.05195996012055817	0.04430416164937697	0.02810897467437984	2.557479609529831	3.040489027300277	2.8360840261231473	5.225310580675382	0.5766759113534345	95.13965678446918
0.249427262400269	0.01	0.01	0.01	0.007	0.01	0.508289866188793	0.10301511237957757	0.05206875996141758	0.0443270675651216	0.027798107371771897	2.8222128892193155	3.3139390025347737	3.0443868806539074	5.585119198769363	0.6071897822066583	94.85363199305473
0.26444193903402474	0.01	0.01	0.01	0.007	0.01	0.525605171581912	0.10465452499139127	0.05215745703331506	0.04434408259480063	0.0275449461935342	3.110329947420259	3.6064151935710327	3.264121470655683	5.963781891013207	0.6389928320318684	94.55242925411407
0.28031692066193287	0.01	0.01	0.01	0.007	0.01	0.5428170712635135	0.10617116883501643	0.05222949562437589	0.044356736591730124	0.027341805903936946	3.423722834638701	3.919015898855992	3.4960025299857467	6.362510072595696	0.6722254308104461	94.23500848409964
0.2971171478143184	0.01	0.01	0.01	0.007	0.01	0.5598811825200246	0.10756475471294306	0.05228772704670153	0.04436622601576467	0.027181330426144273	3.764424777461954	4.252902240405637	3.7408093303643484	6.7826143442646085	0.7070339455326796	93.90024790414002
0.31491307062346546	0.01	0.01	0.01	0.007	0.01	0.576749671808543	0.10883586664488973	0.05233448922584411	0.04437346525950776	0.02705664151963866	4.134610725984755	4.609296296781194	3.999384627646479	7.225501685493065	0.7435702590713353	93.54694405865652
0.33378122985162323	0.01	0.01	0.01	0.007	0.01	0.5933715158863418	0.10998602783164207	0.052371710074134076	0.04437913611414617	0.026961445236831805	4.53660374442305	4.989486223190389	4.272638824256802	7.692681295748191	0.7819921452847152	93.17380478528713
0.35380478476309823	0.01	0.01	0.01	0.007	0.01	0.6096927621809525	0.11101773966787445	0.0524010062306653	0.04438373345223846	0.026890105484427326	4.9728785960143105	5.394829818271806	4.561552996187429	8.18576793483293	0.8224635666364852	92.77944399444384
0.37507344058918535	0.01	0.01	0.01	0.007	0.01	0.6256564543857323	0.11193447475604845	0.05242375990388193	0.04438760602730201	0.026837686130349342	5.446049595041684	5.826745265883781	4.867172905240637	8.70646931698636	0.8651537977929052	92.36238903054003
0.3976824933879229	0.01	0.01	0.01	0.007	0.01	0.6412023325852658	0.1127406416124481	0.052441169440417414	0.04439099173718945	0.02679996136375737	5.958834068408007	6.286683127310327	5.190590127424398	9.256551215449171	0.9102348528796809	91.92110581982189
0.4217309746631703	0.01	0.01	0.01	0.007	0.01	0.6562666756063832	0.113441543655703	0.0524542777862054	0.04439404704237219	0.02677339709857617	6.513988582114959	6.776079516330182	5.532910398902719	9.837780814411826	0.9578772340532731	91.45404157921233
0.44731923694997894	0.01	0.01	0.01	0.007	0.01	0.6707827866485844	0.11404334414009515	0.052463986494849	0.04439687063794552	0.026755108856671525	7.114224475397828	7.296298299997129	5.895214484911992	10.451857688871646	1.0082447275861075	90.95967778634416
0.4745466294448497	0.01	0.01	0.01	0.007	0.01	0.6846825284695809	0.1145530278919331	0.0524710627032816	0.04439952183498562	0.026742802572408766	7.762118697149076	7.848576772323071	6.278521126106714	11.10034887651663	1.0614895545892837	90.436580341356
0.5035100055774404	0.01	0.01	0.01	0.007	0.01	0.697898992575866	0.11497833273692788	0.052476144616516146	0.044402034330138944	0.0267347042627327	8.460040690861327	8.433990856175734	6.6837625711132285	11.784645893096997	1.1177493136168293	89.88343255550522
0.5343034188597036	0.01	0.01	0.01	0.007	0.01	0.7103699022726097	0.11532761877979779	0.052479748871876716	0.044404426111238654	0.026729483523265055	9.21010842299098	9.05344716843815	7.111777332638707	12.50595135805215	1.1771463386189758	89.29904460344392
0.5670186369313204	0.01	0.01	0.01	0.007	0.01	0.722041011148987	0.11560966051369058	0.05248228125832479	0.04440670622690082	0.026726175129419744	10.014168603149923	9.707693630354955	7.563314442069176	13.265285279848127	1.2397886593490397	88.68234721867826
0.6017454473222125	0.01	0.01	0.01	0.007	0.01	0.7328687979200449	0.11583337629704363	0.052484050720624384	0.0444088791063484	0.026724102887967376	10.873777952499484	10.397326886214795	8.0390346771621	14.063486359729247	1.3057705309982732	88.03238946069114
0.6385709768694271	0.01	0.01	0.01	0.007	0.01	0.7428222453436955	0.11600753521290673	0.052485285482524166	0.04441094709818139	0.026722809760479464	11.790166418345008	11.122780588587823	8.539498399520992	14.901191017264185	1.375171078343877	87.3483547601784
0.6775779649276449	0.01	0.01	0.01	0.007	0.01	0.7518838832902313	0.11614048350904534	0.05248614958668094	0.04441291183575255	0.026721997584094187	12.76418071010927	11.884293944283744	9.065140038423777	15.778790561561124	1.448051045465512	86.62959528582661
0.718842968708558	0.01	0.01	0.01	0.007	0.01	0.7600504196945727	0.1162399200537961	0.05248675826004566	0.04441477493068321	0.026721478264642648	13.7962333757542	12.681880592886063	9.616243271333298	16.696390347411253	1.524449591319433	85.87566551187628
0.7624360064171707	0.01	0.01	0.01	0.007	0.01	0.7673330752078437	0.11631273330161242	0.05248719103606168	0.04441653833761674	0.026721136638994652	14.886296494813491	13.515326799278457	10.192937045534297	17.65380443713413	1.604383922200725	85.08632744881449
0.8084227250616673	0.01	0.01	0.01	0.007	0.01	0.7737574224645196	0.11636490152625589	0.05248750219770042	0.04441820456556824	0.026720903846336748	16.033967337947303	14.384237427313872	10.795225503453981	18.650606763909888	1.6878535742278733	84.26150956608714
0.8568691964097291	0.01	0.01	0.01	0.007	0.01	0.7793624273571179	0.11640145437470893	0.052487728618002195	0.04441977679176829	0.02672073928365434	17.238605722680493	15.288127407981177	11.423050726643972	19.686235746564055	1.774849199897205	83.40122070556785
0.9078482622303992	0.01	0.01	0.01	0.007	0.01	0.7841985378628068	0.11642649139909642	0.052487895375326804	0.04442125887470518	0.026720619019055154	18.499510349369228	16.22653390064309	12.076371603994382	20.76012343109581	1.8653635505139967	82.50544164651768
0.9614460376329484	0.01	0.01	0.01	0.007	0.01	0.7883249977516773	0.11644324933222767	0.052488019632035046	0.04442265526987961	0.02672052871708691	19.816092761478632	17.199120381847134	12.755239082189666	21.871815747978744	1.9594019251536359	81.5740212334235
1.0177675859669588	0.01	0.01	0.01	0.007	0.01	0.7918067919047798	0.11645420471934916	0.052488113246706256	0.044423970876071264	0.02672045950793713	21.188019046740877	18.20575385339397	13.45985459608584	23.021061949813955	2.0569902635800643	80.60659511679006
1.0769414837883873	0.01	0.01	0.01	0.007	0.01	0.794711657157757	0.11646119551319553	0.0524881845078771	0.04442521085331559	0.02672040565916754	22.615309218397776	19.246550946525144	14.190608388182778	24.207868054900644	2.1581804332935985	79.60253163680412
1.139123504214305	0.01	0.01	0.01	0.007	0.01	0.7971074676651777	0.11646554603506241	0.0524882392791653	0.04442638044827127	0.026720363290482354	24.09839867866137	20.321898289723997	14.948101092136788	25.43252015599146	2.2630531827973064	78.56090025274987
1.2044997932524508	0.01	0.01	0.01	0.007	0.01	0.7990601404434289	0.11646818346436219	0.052488281757990946	0.04442748484717312	0.02672032966495731	25.638170668869613	21.432454579127917	15.733153527696759	26.695585890104304	2.371719449092053	77.48045574381008
1.2732898383483777	0.01	0.01	0.01	0.007	0.01	0.8006320822277303	0.11646973879593886	0.05248831498269647	0.0444285290624738	0.02672030278926429	27.235966957597288	22.579139668898137	16.54680832967416	27.997900014852394	2.4843205223029634	76.35963319724806
1.3457493330479466	0.01	0.01	0.01	0.007	0.01	0.8018811279877154	0.11647062943727036	0.05248834117552244	0.0444295178500922	0.026720281177948356	28.893579242978884	23.763112032708932	17.3903243657183	29.340535586074484	2.6010271998869077	75.19655244649606
1.4221726288965757	0.01	0.01	0.01	0.007	0.01	0.8028598909161446	0.11647112363321618	0.052488361977510695	0.044430455647938974	0.026720263706289625	30.61321434629918	24.98572906265233	18.265160039535186	30.724754493318486	2.722037390310014	73.9890373169039
1.5028937882685058	0.01	0.01	0.01	0.007	0.01	0.80361544032921	0.11647138867864179	0.05248837861134224	0.04443134652273222	0.026720249513131053	32.39741240767505	26.248475031537268	19.17293451074346	32.151920349389904	2.8475706500275515	72.73466484920837
1.58828376055276	0.01	0.01	0.01	0.007	0.01	0.8041892311485748	0.11647152566880205	0.052488391995415495	0.044432194106044175	0.026720237933740797	34.24886879426755	27.552822110599042	20.115341304495907	33.623335133781126	2.9778561289173	71.43087998090003
1.6787378671334698	0.01	0.01	0.01	0.007	0.01	0.8046172205719956	0.11647159367247817	0.0524884028244159	0.044433001488230206	0.026720228452028264	36.17005002353602	28.89994908525322	21.093957773050427	35.13991593705779	3.113106124304934	70.07525458458622
1.7746410403993595	0.01	0.01	0.01	0.007	0.01	0.8049301225410177	0.11647162597090628	0.05248841162650645	0.04443377101950385	0.026720220666012113	38.16237999310922	30.290166642485136	22.109834997884292	36.701545056039905	3.2534593370026537	68.66605258570753
1.8762851037257742	0.01	0.01	0.01	0.007	0.01	0.8051537634821061	0.11647164058673098	0.05248841880394182	0.044434503937644955	0.026720214262809867	40.22456485474102	31.7217621256037	23.162644689568317	38.3057788925319	3.3988630651592224	67.20341562686261
1.9837008315496942	0.01	0.01	0.01	0.007	0.01	0.8053095254096346	0.1164716468628851	0.0524884246623042	0.04443519977954072	0.02672020900019069	42.34951807014681	33.18892011044327	24.249100964459828	39.945547420318235	3.548855602116583	65.6915709906289
2.0964089923092475	0.01	0.01	0.01	0.007	0.01	0.8054148814535479	0.11647164941361692	0.05248842943399173	0.04443585587648463	0.02672020469076187	44.52031382867035	34.679062082396754	25.360864002117495	41.60625452576205	3.7022777873421227	64.1417895363782
2.2132889023884363	0.01	0.01	0.01	0.007	0.01	0.805483982078722	0.1164716503965846	0.05248843330255739	0.044436468024795776	0.026720201183468482	46.709176461276876	36.17237888278226	26.483971124853635	43.26538294919577	3.8571961893941933	62.57325069368235
2.332885402491151	0.01	0.01	0.01	0.007	0.01	0.8055280812332752	0.11647165075909541	0.052488436426776634	0.04443703301272962	0.026720198343910755	48.88479696261722	37.647053497896714	27.602535569468763	44.89842598708694	4.011415080259379	61.00795247930109
2.4539755669061636	0.01	0.01	0.01	0.007	0.01	0.805555690536207	0.1164716508889005	0.05248843895141897	0.044437550837201495	0.026720196046115995	51.02312511345577	39.086642394589376	28.70427838052361	46.487096428502156	4.163239676780952	59.46299401630414
2.575787814943391	0.01	0.01	0.01	0.007	0.01	0.80557278661968	0.11647165093461842	0.052488441002457815	0.04443802427809428	0.026720194178415257	53.11039917241524	40.48197795755186	29.7821236014343	48.02134416228244	4.31169494634597	57.94829568047701
2.697933105288421	0.01	0.01	0.01	0.007	0.01	0.8055833159035578	0.11647165095059192	0.05248844268273122	0.0444384574712357	0.02672019264861095	55.14075909329105	41.82937807268652	30.833015967465606	49.49727244884819	4.456361275247766	56.468197386397485
2.820258417534949	0.01	0.01	0.01	0.007	0.01	0.8055897858242523	0.11647165095615307	0.0524884440725805	0.04443885479541019	0.026720191384152887	57.11288207062951	43.12826244196405	31.85621948691962	50.91443747595871	4.5971390802015515	55.02380504574908
2.942737900111687	0.01	0.01	0.01	0.007	0.01	0.8055937578740069	0.11647165095808597	0.05248844523350583	0.044439220337189174	0.026720190329218407	59.02768734365304	44.37955238942934	32.852150816996264	52.274049721237034	4.7340876017366735	53.61460768361664
3.065396709373561	0.01	0.01	0.01	0.007	0.01	0.8055961952985605	0.11647165095875701	0.05248844621225937	0.04443955768581188	0.026720189441202767	60.886880177349724	45.58467576930955	33.821634402940646	53.57786653030299	4.867322130558574	52.239516420313606
3.1882636866758256	0.01	0.01	0.01	0.007	0.01	0.805597690206712	0.11647165095898952	0.052488447044444296	0.044439869903031615	0.026720188687555078	62.692146425340404	46.74503084620953	34.765487016982284	54.827603425406664	4.99695679377471	50.897448688556146
3.3113498331290785	0.01	0.01	0.01	0.007	0.01	0.8055986063541727	0.11647165095907003	0.05248844775739478	0.044440159578891074	0.026720188043217966	64.44484510689557	47.861791189865244	35.68435702369479	56.02472513426391	5.123082492660791	49.58755737201348
3.434645371813153	0.01	0.01	0.01	0.007	0.01	0.8055991672831595	0.11647165095909781	0.05248844837235043	0.04444042891707442	0.02672018748867895	66.14601060266726	48.935915629421515	36.578723728403716	57.17046107561131	5.245766877413808	48.30923448802915
3.5581264032079307	0.01	0.01	0.01	0.007	0.01	0.8055995103831798	0.1164716509591074	0.05248844890603916	0.04444067981721091	0.026720187008545445	67.7964857332638	49.9682401998634	37.44896552694267	58.265907941875945	5.365063756786114	47.06201641865
3.6817638567760556	0.01	0.01	0.01	0.007	0.01	0.8055997200509969	0.11647165095911063	0.052488449371805954	0.04444091394014513	0.026720186590524636	69.39706427950084	50.959571684193456	38.29543403255638	59.312131436332045	5.481023294426105	45.84547917459571
3.805530379379202	0.01	0.01	0.01	0.007	0.01	0.8055998480764927	0.11647165095911183	0.052488449780415586	0.04444113275410757	0.02672018622469544	70.948584214245	51.910746092539895	39.118503247460815	60.31022832880964	5.593698751180263	44.65916800108952
3.9294038337849195	0.01	0.01	0.01	0.007	0.01	0.8055999261990984	0.11647165095911226	0.05248845014062888	0.04444133756594428	0.026720185902982533	72.45196349490824	52.82264891343366	39.91858901696231	61.26134662536792	5.703149135257796	43.50256878082854
4.0533678374862765	0.01	0.01	0.01	0.007	0.01	0.8055999738451303	0.11647165095911242	0.0524884504596285	0.0444415295428001	0.026720185618767465	73.90819398746456	53.69620878195365	40.69614650101017	62.16667733003008	5.809438835516132	42.37511079164194
4.177410585503525	0.01	0.01	0.01	0.007	0.01	0.8056000028912044	0.11647165095911242	0.05248845074333858	0.04444170972866741	0.026720185366593974	75.3183158904543	54.53237963864251	41.451657182902174	63.0274344210171	5.912635825712391	41.276184684159794
4.3015232285398275	0.01	0.01	0.01	0.007	0.01	0.8056000205917805	0.11647165095911242	0.05248845099667334	0.04444187905848217	0.026720185141939586	76.68339085618076	55.33212296805358	42.18561495693557	63.84483544927443	6.012809749530714	40.20516208248289
4.425698466215328	0.01	0.01	0.01	0.007	0.01	0.8056000313749443	0.11647165095911242	0.05248845122373142	0.0444420383707857	0.026720184941036187	78.00448153365201	56.09639472496723	42.898515425343504	64.62008750995668	6.1100304509073435	39.16141081657864
4.549929753000533	0.01	0.01	0.01	0.007	0.01	0.8056000379421192	0.11647165095911242	0.05248845142794965	0.04444218841930606	0.02672018476072758	79.28264068106874	56.826138504150656	43.590850171829125	65.35437999292947	6.204367188647345	38.14430311211242
4.6742109712312745	0.01	0.01	0.01	0.007	0.01	0.8056000419406194	0.11647165095911242	0.05248845161222558	0.04444232988330381	0.026720184598355994	80.5189066872376	57.52228274998789	44.263104405041496	66.04888164067134	6.2958883132579215	37.153218961264784
4.798536482114176	0.01	0.01	0.01	0.007	0.01	0.8056000443745809	0.11647165095911242	0.052488451779014594	0.04444246337667236	0.026720184451672475	81.71430342704842	58.185740548656824	44.91575692083471	66.7047402752482	6.384661260582054	36.18754612363814
4.922901184839252	0.01	0.01	0.01	0.007	0.01	0.8056000458558692	0.11647165095911242	0.052488451930408284	0.044442589455713485	0.02672018431876422	82.86984016220755	58.81740944257092	45.54928009039831	67.3230825482235	6.4707525488952005	35.24668008613884
5.047300608523672	0.01	0.01	0.01	0.007	0.01	0.8056000467572023	0.11647165095911242	0.05248845206819633	0.04444270862581596	0.026720184197997033	83.98651169262497	59.41817137391767	46.1641399886112	67.90501381446617	6.554227794956716	34.330023809867534
5.171730913382791	0.01	0.01	0.01	0.007	0.01	0.8056000473055558	0.11647165095911242	0.052488452193916735	0.044442821347164416	0.026720184087968696	85.06529764189311	59.98889215536373	46.76079604833985	68.45161754594312	6.635151665606408	33.43698817919084
5.2961888175002105	0.01	0.01	0.01	0.007	0.01	0.8056000476391153	0.11647165095911242	0.05248845230889732	0.04444292803966059	0.02672018398747064	86.10716120975124	60.53042069432356	47.33970041105943	68.96395453519217	6.713587788427787	32.566992916146695
5.420671465639531	0.01	0.01	0.01	0.007	0.01	0.8056000478419911	0.11647165095911242	0.05248845241428838	0.04444302908720451	0.026720183895458622	87.1130476667458	61.04358814993522	47.901297116617265	69.44306208151289	6.7895986411328195	31.719467759000402
5.545176355549413	0.01	0.01	0.01	0.007	0.01	0.8056000479653691	0.11647165095911242	0.052488452511089904	0.04444312484146402	0.026720183811025186	88.0838835721686	61.529207534898056	48.44602167639472	69.8899536452376	6.86324549343904	30.893853088415803
5.669701264127143	0.01	0.01	0.01	0.007	0.01	0.8056000480403932	0.11647165095911242	0.05248845260017496	0.04444321562518659	0.02672018373338045	89.02057615573115	61.98807344916037	48.97430072486824	70.30561865865904	6.934588359940449	30.089600452022907
5.794244231214975	0.01	0.01	0.01	0.007	0.01	0.8056000480860099	0.11647165095911242	0.05248845268230823	0.04444330173512327	0.026720183661833596	89.92401326057984	62.42096212821872	49.48655197698565	70.69102265033713	7.003685994592428	29.306172637172658
5.91880346908872	0.01	0.01	0.01	0.007	0.01	0.8056000481137437	0.11647165095911242	0.0524884527581609	0.044443383444596224	0.026720183595779202	90.79506282475069	62.82863129512416	49.98318391705958	71.04710721279739	7.070595849177602	28.54304416290932
6.043377395627724	0.01	0.01	0.01	0.007	0.01	0.8056000481306039	0.11647165095911242	0.052488452828324844	0.0444434610057846	0.026720183534684604	91.63457333686384	63.211820503385084	50.464596033392816	71.37479042462111	7.135374105579922	27.799700945853672
6.167964584958369	0.01	0.01	0.01	0.007	0.01	0.8056000481408531	0.11647165095911242	0.05248845289332338	0.044443534651737025	0.02672018347807962	92.44337372696268	63.57125121985528	50.931178729679125	71.67496704866515	7.198075664544665	27.07564046417527
6.292563751062866	0.01	0.01	0.01	0.007	0.01	0.8056000481470831	0.11647165095911242	0.052488452953619924	0.044443604598163114	0.026720183425548737	93.22227354152227	63.907627057413656	51.3833133936716	71.9485088732365	7.258754155765295	26.370371686030605
6.417173772631659	0.01	0.01	0.01	0.007	0.01	0.8056000481508697	0.11647165095911242	0.05248845300962685	0.04444367104502437	0.02672018337672284	93.97206339048903	64.22163413004748	51.82137262233395	72.19626515653559	7.317461969011692	25.68341475569755
6.541793627118741	0.01	0.01	0.01	0.007	0.01	0.8056000481531712	0.11647165095911242	0.052488453061711446	0.04444373417795385	0.02672018333127418	94.69351484891882	64.51394117982153	52.24572012822088	72.4190628911841	7.374250242540604	25.014301179731397
6.666422407306203	0.01	0.01	0.01	0.007	0.01	0.80560004815457	0.11647165095911242	0.05248845311020177	0.0444437941695244	0.026720183288909787	95.38738090077744	64.78519994654908	52.65671095802118	72.61770727249025	7.429168893473646	24.362573529488316
6.791059296591677	0.01	0.01	0.01	0.007	0.01	0.8056000481554202	0.11647165095911242	0.05248845315539179	0.04444385118038486	0.026720183249368246	96.05439614373684	65.03604544009023	53.054691570553686	72.79298209170065	7.482266629366131	23.7277853652593
6.915703552516791	0.01	0.01	0.01	0.007	0.01	0.8056000481559368	0.11647165095911242	0.05248845319754511	0.04444390536028115	0.02672018321241518	96.69527706597731	65.26709624984491	53.43999995463762	72.94565016378264	7.533590965183701	23.1095011007586
7.0403545067976	0.01	0.01	0.01	0.007	0.01	0.8056000481562507	0.11647165095911242	0.05248845323689892	0.04444395684897204	0.026720183177840265	97.31072242003282	65.47895489326716	53.81296580395037	73.07645378423241	7.583188247908872	22.507295777948798
7.165011548838725	0.01	0.01	0.01	0.007	0.01	0.8056000481564415	0.11647165095911242	0.05248845327366747	0.044444005777056074	0.0267201831454538	97.90141351566342	65.67220813581484	54.1739106428214	73.18611516707136	7.6311036746239	21.92075492116825
7.289674134009804	0.01	0.01	0.01	0.007	0.01	0.8056000481565575	0.11647165095911242	0.05248845330804361	0.044444052266713746	0.026720183115085287	98.46801463736796	65.84742735377645	54.52314802735759	73.27533690874601	7.677381320618113	21.34947426997905
7.4143417836641206	0.01	0.01	0.01	0.007	0.01	0.8056000481566279	0.11647165095911242	0.05248845334020247	0.04444409643237881	0.026720183086580307	99.01117341162575	66.00516887488821	54.86098371733587	73.34480243306095	7.722064163574666	20.793059557773063
7.539014027355466	0.01	0.01	0.01	0.007	0.01	0.8056000481566707	0.11647165095911242	0.052488453370302536	0.04444413838135798	0.026720183059799178	99.5315209328126	66.14597425252778	55.18771569667113	73.39517641040904	7.765194087767105	20.251126541521344
7.663690468902793	0.01	0.01	0.01	0.007	0.01	0.8056000481566967	0.11647165095911242	0.052488453398488004	0.04444417821436971	0.026720183034615135	100.02967242873034	66.27037069538808	55.50363452962675	73.42710524345033	7.806811932660455	19.723300478553956
7.788370728601282	0.01	0.01	0.01	0.007	0.01	0.8056000481567124	0.11647165095911242	0.052488453424889864	0.04444421602605681	0.026720183010912866	100.50622738599814	66.37887133874676	55.80902338126262	73.44121748064629	7.846957497100053	19.209216156244562
7.913054459743197	0.01	0.01	0.01	0.007	0.01	0.805600048156722	0.11647165095911242	0.052488453449627714	0.0444442519054386	0.0267201829885876	100.96176999374896	66.47197560437294	56.10415823672883	73.43812426387726	7.885669569778221	18.708517593279407
8.037741373398065	0.01	0.01	0.01	0.007	0.01	0.8056000481567279	0.11647165095911242	0.05248845347281086	0.044444285936319085	0.026720182967543953	101.39686959073188	66.55016954555461	56.38930812718513	73.41841975100174	7.922985960455533	18.220857724576845
8.162431188872027	0.01	0.01	0.01	0.007	0.01	0.8056000481567315	0.11647165095911242	0.05248845349453906	0.04444431819767774	0.02672018294769428	101.81208083989775	66.61392613456582	56.66473517945035	73.38268153668935	7.958943508055431	17.745898385061366
8.287123641968712	0.01	0.01	0.01	0.007	0.01	0.8056000481567336	0.11647165095911242	0.05248845351490361	0.04444434876401396	0.02672018292895894	102.20794412183345	66.66370559743932	56.930694806360634	73.33147107509454	7.993578107245653	17.283310056182852
8.411818501509023	0.01	0.01	0.01	0.007	0.01	0.8056000481567348	0.11647165095911242	0.052488453533988524	0.04444437770565815	0.026720182911264576	102.58498593631535	66.69995573739914	57.187435906044605	73.26533408150004	8.026924736094738	16.83277159309888
8.536515552817916	0.01	0.01	0.01	0.007	0.01	0.8056000481567356	0.11647165095911242	0.05248845355187097	0.044444405089066025	0.026720182894544264	102.94371918869886	66.72311223621256	57.435200985851154	73.18480093632903	8.059017473866792	16.393970080734807
8.661214589468013	0.01	0.01	0.01	0.007	0.01	0.8056000481567361	0.11647165095911242	0.052488453568621606	0.044444430977087425	0.026720182878736183	103.28464350525181	66.73359895930368	57.67422630537861	73.090387084896	8.089889521314602	15.96660065720068
8.785915446316068	0.01	0.01	0.01	0.007	0.01	0.8056000481567365	0.11647165095911242	0.05248845358430594	0.0444444554291982	0.026720182863783415	103.60824565175145	66.73182825594589	57.90474209408786	72.98259339527269	8.119573230554458	15.55036620159718
8.910617949952986	0.01	0.01	0.01	0.007	0.01	0.8056000481567366	0.11647165095911242	0.05248845359898402	0.04444447850174177	0.02672018284963394	103.91499971982071	66.71820124639986	58.12697260759159	72.86190657059747	8.148100114069624	15.144977308749484
9.035321959998717	0.01	0.01	0.01	0.007	0.01	0.8056000481567368	0.11647165095911242	0.05248845361271152	0.04444450024812063	0.026720182836239205	104.20536755129821	66.69310810788014	58.341136353154944	72.728799481597	8.175500875513892	14.750151958973106
9.160027336068278	0.01	0.01	0.01	0.007	0.01	0.8056000481567368	0.11647165095911242	0.0524884536255398	0.044444520718998216	0.026720182823554862	104.479798963726	66.65692835580927	58.54744617500897	72.58373155566089	8.201805422429382	14.365615439519276
9.284733954290385	0.01	0.01	0.01	0.007	0.01	0.8056000481567368	0.11647165095911242	0.052488453637516565	0.04444453996246887	0.026720182811539643	104.7387320936395	66.61003111527228	58.74610942611679	72.42714911180302	8.227042890037707	13.99110010729369
9.409441682531028	0.01	0.01	0.01	0.007	0.01	0.8056000481567368	0.11647165095911242	0.05248845364868582	0.04444455802422877	0.02672018280015519	104.98259364180885	66.55277539786896	58.93732806825727	72.25948573509771	8.251241655847297	13.62634528324767
9.534150429948806	0.01	0.01	0.01	0.007	0.01	0.8056000481567368	0.11647165095911242	0.05248845365908843	0.044444574947706414	0.026720182789366463	105.21179926112171	66.48551034100537	59.12129888491306	72.08116254605517	8.274429368517355	13.271096930822665
9.658860089181642	0.01	0.01	0.01	0.007	0.01	0.8056000481567368	0.11647165095911242	0.05248845366876239	0.04444459077422394	0.02672018277914013	105.42675372395374	66.40857548768778	59.29821352447679	71.89258860352112	8.296632955179485	12.925107654986615
9.783570569383803	0.01	0.01	0.01	0.007	0.01	0.8056000481567368	0.11647165095911242	0.05248845367774308	0.04444460554311264	0.026720182769446193	105.62785126366583	66.32230102066009	59.46825868118241	71.69416117980886	8.31787864616447	12.588136437545426
9.908281796226522	0.01	0.01	0.01	0.007	0.01	0.8056000481567368	0.11647165095911242	0.0524884536860632	0.04444461929183122	0.02672018276025567	105.81547583904187	66.22700800172115	59.631616219378515	71.48626606823684	8.338191992477867	12.25994847688805
10.032993703639125	0.01	0.01	0.01	0.007	0.01	0.8056000481567368	0.11647165095911242	0.052488453693753434	0.04444463205607957	0.026720182751542528	105.99000138129969	66.12300861249544	59.788463284664815	71.26927789792144	8.357597881603603	11.94031505244235
10.157706217290471	0.01	0.01	0.01	0.007	0.01	0.8056000481567368	0.11647165095911242	0.05248845370084217	0.0444446438699093	0.026720182743282115	106.1517920296312	66.01060640060574	59.9389724048541	71.04356045994756	8.376120552048443	11.629013409947918
10.282419262848379	0.01	0.01	0.01	0.007	0.01	0.8056000481567368	0.11647165095911242	0.052488453707356296	0.04444465476581606	0.026720182735451216	106.30120239854706	65.89009650168197	60.08331162084777	70.80946698529911	8.393783611564128	11.32582658478941
10.407132782498719	0.01	0.01	0.01	0.007	0.01	0.8056000481567368	0.11647165095911242	0.05248845371332031	0.04444466477481994	0.026720182728028424	106.43857784231368	65.76176584337891	60.22164462087305	70.56734039543625	8.410610055671903	11.030543213323922
10.531846726686236	0.01	0.01	0.01	0.007	0.01	0.8056000481567368	0.11647165095911242	0.05248845371875741	0.044444673926552374	0.02672018272099381	106.56425468001399	65.6258933654918	60.35413084137944	70.317513589873	8.426622282024457	10.742957410508929
10.656561037595662	0.01	0.01	0.01	0.007	0.01	0.8056000481567368	0.11647165095911242	0.052488453723689515	0.04444468224934108	0.02672018271432837	106.6785604122879	65.48275024755812	60.48092555933209	70.0603097473281	8.441842103727621	10.462868666279277
10.781275657411244	0.01	0.01	0.01	0.007	0.01	0.8056000481567368	0.11647165095911242	0.05248845372813679	0.0444446897702785	0.02672018270801469	106.78181396040266	65.33260010620029	60.60218000968589	69.79604257244908	8.456290765680569	10.190081686213757
10.905990561355061	0.01	0.01	0.01	0.007	0.01	0.8056000481567368	0.11647165095911242	0.05248845373211815	0.04444469651527243	0.026720182702036264	106.87432591221156	65.17569915241742	60.71804152030088	69.52501647824371	8.469988962857242	9.924406186690614
11.030705732908604	0.01	0.01	0.01	0.007	0.01	0.8056000481567368	0.11647165095911242	0.05248845373565179	0.044444702509120575	0.026720182696377503	106.95639871031226	65.01229641076588	60.82865358582585	69.24752688188508	8.48295685121527	9.665656822789138
11.155421122514898	0.01	0.01	0.01	0.007	0.01	0.8056000481567368	0.11647165095911242	0.05248845373875399	0.04444470777559068	0.026720182691023876	107.0283268387925	64.84263396462677	60.934155931851244	68.96386054029806	8.495214057568274	9.41365314390219
11.280136680616726	0.01	0.01	0.01	0.007	0.01	0.8056000481567368	0.11647165095911242	0.05248845374144067	0.04444471233745903	0.026720182685961907	107.09039705816188	64.6669471020132	61.03468464481161	68.67429571678592	8.506779697158482	9.168219395279271
11.4048523824355	0.01	0.01	0.01	0.007	0.01	0.8056000481567368	0.11647165095911242	0.052488453743726446	0.04444471621654941	0.026720182681178505	107.14288861563402	64.48546445881098	61.13037228506311	68.37910235136805	8.517672389045467	8.92918434917049
11.52956820319255	0.01	0.01	0.01	0.007	0.01	0.8056000481567368	0.11647165095911242	0.05248845374562525	0.044444719433793765	0.02672018267666195	107.18607342392274	64.29840822622978	61.2213479567381	68.0785423393147	8.52791026644003	8.69638123775488
11.654284109849524	0.01	0.01	0.01	0.007	0.01	0.8056000481567368	0.11647165095911242	0.05248845374714998	0.04444472200928218	0.026720182672400523	107.22021625030602	64.10599433475511	61.30773739212066	67.77286976969171	8.537510988733892	8.469647651893627
11.779000077627627	0.01	0.01	0.01	0.007	0.01	0.8056000481567368	0.11647165095911242	0.05248845374831297	0.04444472396229674	0.026720182668383653	107.24557490834648	63.90843259588702	61.389663051275505	67.46233109788075	8.546491755167546	8.248825397285728
11.903716098267271	0.01	0.01	0.01	0.007	0.01	0.8056000481567368	0.11647165095911242	0.05248845374912555	0.04444472531134675	0.026720182664601185	107.26240043700788	63.70592684904827	61.467244210879734	67.14716532970746	8.55486931715346	8.033760372284611
12.028432146989614	0.01	0.01	0.01	0.007	0.01	0.8056000481567368	0.11647165095911242	0.052488453749598624	0.04444472607422431	0.026720182661043673	107.27093727058148	63.498675172000794	61.54059702569433	66.82760430517675	8.56265998758961	7.824302519070697
12.153148207275423	0.01	0.01	0.01	0.007	0.01	0.8056000481567368	0.11647165095911242	0.0524884537497426	0.044444726268026126	0.026720182657701888	107.2714234154952	63.28686999538023	61.609834625710604	66.50387283278243	8.56987965401259	7.620305675432089
12.27786427086508	0.01	0.01	0.01	0.007	0.01	0.8056000481567368	0.11647165095911242	0.05248845374956667	0.04444472590918702	0.02672018265456758	107.26409061521515	63.07069825110351	61.67506719368844	66.17618887910295	8.576543789500397	7.421627474761844
12.402580304720118	0.01	0.01	0.01	0.007	0.01	0.8056000481567368	0.11647165095911242	0.05248845374908013	0.044444725013529585	0.026720182651632538	107.2491645159548	62.85034157595076	61.73640202500871	65.84476384184487	8.582667461749864	7.228129299149837
12.527296308840542	0.01	0.01	0.01	0.007	0.01	0.8056000481567368	0.11647165095911242	0.052488453748291704	0.044444723596261435	0.026720182648889007	107.2268648210204	62.62597635286359	61.79394363213761	65.50980257837803	8.588265346601572	7.039676091527193
12.652012258447535	0.01	0.01	0.01	0.007	0.01	0.8056000481567368	0.11647165095911242	0.05248845374720912	0.04444472167203532	0.02672018264632997	107.19740545132744	62.39777395088424	61.847793788462496	65.17150373503601	8.59335173536189	6.856136352140479
12.776728145281515	0.01	0.01	0.01	0.007	0.01	0.8056000481567368	0.11647165095911242	0.05248845374584023	0.044444719254952525	0.026720182643948483	107.16099469012435	62.16590078642591	61.89805161902204	64.83005980845896	8.597940546731577	6.677381983634633
12.901443961082917	0.01	0.01	0.01	0.007	0.01	0.8056000481567368	0.11647165095911242	0.052488453744192046	0.04444471635859654	0.026720182641738137	107.1178353315111	61.93051848362047	61.944813661363334	64.4856573564602	8.602045335692475	6.503288227681665
13.026159689332598	0.01	0.01	0.01	0.007	0.01	0.8056000481567368	0.11647165095911242	0.05248845374227126	0.04444471299606192	0.026720182639692655	107.06812482715269	61.69178401822543	61.988173930214096	64.13847718389269	8.605679302761867	6.333733589048403
13.150875321771036	0.01	0.01	0.01	0.007	0.01	0.8056000481567368	0.11647165095911242	0.052488453740084345	0.04444470917996651	0.02672018263780634	107.01205541999173	61.44984981104134	62.02822398933014	63.788694455463244	8.608855303765695	6.168599727819779
13.27559086665788	0.01	0.01	0.01	0.007	0.01	0.8056000481567368	0.11647165095911242	0.05248845373763746	0.044444704922467416	0.026720182636073585	106.94981427363409	61.204863831871535	62.06505301668499	63.436478825719576	8.61158585884351	6.007771367830709
13.400306315733623	0.01	0.01	0.01	0.007	0.01	0.8056000481567368	0.11647165095911242	0.05248845373493616	0.0444447002353004	0.026720182634488998	106.88158361960163	60.956969781870846	62.09874785620485	63.081994681989094	8.613883160371453	5.851136259964071
13.525021644219645	0.01	0.01	0.01	0.007	0.01	0.8056000481567368	0.11647165095911242	0.052488453731985976	0.04444469512979881	0.02672018263304765	106.80754089021578	60.706307210602056	62.129393080549065	62.72540129214696	8.615759081783008	5.698585101042054
13.64973686037562	0.01	0.01	0.01	0.007	0.01	0.8056000481567368	0.11647165095911242	0.052488453728791816	0.04444468961688188	0.026720182631744884	106.727858815012	60.45301152864158	62.15707106256195	62.366852805350796	8.617225186646698	5.550011396712079
13.774451947682556	0.01	0.01	0.01	0.007	0.01	0.8056000481567368	0.11647165095911242	0.05248845372535854	0.04444468370710634	0.026720182630575916	106.64270557632851	60.19721423244734	62.1818620181149	62.00649855556237	8.618292735817528	5.405311458578638
13.899166914400121	0.01	0.01	0.01	0.007	0.01	0.8056000481567368	0.11647165095911242	0.052488453721690614	0.044444677410652264	0.026720182629536855	106.55224489678166	59.93904291004248	62.20384407320565	61.64448305404181	8.618972695906178	5.264384272774411
14.023881744009374	0.01	0.01	0.01	0.007	0.01	0.8056000481567368	0.11647165095911242	0.05248845371779237	0.04444467073736818	0.026720182628623114	106.45663618905942	59.6786214461433	62.22309330870978	61.280946263857174	8.619275746530766	5.127131487001396
14.148596436510468	0.01	0.01	0.01	0.007	0.01	0.8056000481567368	0.11647165095911242	0.05248845371366795	0.044444663696760964	0.02672018262783094	106.35603463980776	59.41607003785067	62.23968382131785	60.91602360813872	8.619212288083995	4.9934572946014555
14.273310991903552	0.01	0.01	0.01	0.007	0.01	0.8056000481567368	0.11647165095911242	0.05248845370932109	0.04444465629801885	0.026720182627156527	106.25059133062939	59.151505326557285	62.25368777189787	60.5498461422052	8.618792448852583	4.863268387089649
14.398025410188778	0.01	0.01	0.01	0.007	0.01	0.8056000481567368	0.11647165095911242	0.0524884537047554	0.04444464855002502	0.026720182626596527	106.1404533452913	58.88504049355574	62.26517543597917	60.182540674764994	8.618026092114215	4.736473889011348
14.522739683106805	0.01	0.01	0.01	0.007	0.01	0.8056000481567368	0.11647165095911242	0.0524884536999742	0.04444464046137468	0.02672018262614729	106.02576388187929	58.616785370956435	62.27421525240057	59.814229910316165	8.616922823133443	4.612985302568869
14.647453818917283	0.01	0.01	0.01	0.007	0.01	0.8056000481567368	0.11647165095911242	0.05248845369498079	0.04444463204037157	0.026720182625805708	105.9066623318318	58.3468464790832	62.28087387306405	59.445032490825184	8.615491995684051	4.4927164211986295
14.772167809360893	0.01	0.01	0.01	0.007	0.01	0.8056000481567368	0.11647165095911242	0.05248845368977818	0.044444623295059896	0.02672018262556862	105.7832844093379	58.07532718578559	62.285216207166705	59.0750632050594	8.613742718896047	4.375583302118618
14.89688164617834	0.01	0.01	0.01	0.007	0.01	0.8056000481567368	0.11647165095911242	0.05248845368436922	0.044444614233224426	0.02672018262543298	105.65576223342083	57.80232775714365	62.287305468265345	58.704433048736725	8.611683863556062	4.26150419075686
15.021595329369816	0.01	0.01	0.01	0.007	0.01	0.8056000481567368	0.11647165095911242	0.05248845367875655	0.044444604862395584	0.026720182625396084	105.52422441294966	57.52794542287206	62.28720321839414	58.33324930576236	8.60932406815425	4.150399456461327
15.14630886719495	0.01	0.01	0.01	0.007	0.01	0.8056000481567368	0.11647165095911242	0.05248845367294282	0.04444459518985894	0.026720182625455113	105.38879613677885	57.25227445733067	62.284969410412714	57.961615651113966	8.606671744839897	4.042191537903664
15.271022259653911	0.01	0.01	0.01	0.007	0.01	0.8056000481567368	0.11647165095911242	0.052488453666930265	0.04444458522267505	0.02672018262560753	105.24959928030708	56.97540629523218	62.280662429995274	57.58963230037053	8.603735085634845	3.9368049036313293
15.395735490228027	0.01	0.01	0.01	0.007	0.01	0.8056000481567368	0.11647165095911242	0.05248845366072116	0.04444457496769316	0.026720182625850793	105.10675250310392	56.69742962775065	62.27433913767716	57.217396132164225	8.600522068495652	3.834166005096543
15.520448558917508	0.01	0.01	0.01	0.007	0.01	0.8056000481567368	0.11647165095911242	0.05248845365431762	0.044444564431539164	0.02672018262618261	104.96037129649278	56.41843040435178	62.26605490748593	56.84500068464559	8.597040462126749	3.734203197417705
15.645161482241363	0.01	0.01	0.01	0.007	0.01	0.8056000481567368	0.11647165095911242	0.052488453647721804	0.04444455362062294	0.026720182626600603	104.81056806348548	56.13849190532754	62.25586366438754	56.47253624786587	8.593297831249256	3.636846691156447
15.769874268459153	0.01	0.01	0.01	0.007	0.01	0.8056000481567368	0.11647165095911242	0.05248845364093521	0.04444454254116201	0.026720182627102525	104.6574522275355	55.85769486843646	62.243817923402425	56.10009002785777	8.589301542561355	3.542028523851918
15.894586892792885	0.01	0.01	0.01	0.007	0.01	0.8056000481567368	0.11647165095911242	0.052488453633959875	0.04444453119920485	0.026720182627686568	104.50113034316873	55.576117614703435	62.22996882995714	55.727746308303374	8.585058770863977	3.44968252978744
16.0	0.01	0.01	0.01	0.007	0.01	0.8056000481567368	0.11647165095911242	0.05248845362791853	0.04444452832931399	0.0267201826282425	104.36657595357131	55.3375624062853	62.216893431417	55.41316323831491	8.581285525077176	3.373507355783194
