0.0	0.01	0.01	0.01	0.007	0.01	0.0	0.0	0.0	0.0	0.0	0.0	0.0	0.0	0.0	0.0	100.0
0.003373640329115128	0.01	0.01	0.01	0.007	0.01	0.010718647577486282	0.0031790876311663563	0.0035202694674493894	0.004058280929301469	0.003015104902849641	0.0007934179709749516	0.0011466313922520346	0.001844922300233869	0.004473484665351656	0.0004271145478120427	99.93122399990418
0.005422856801813423	0.01	0.01	0.01	0.007	0.01	0.017157925965976976	0.005062773484752786	0.0055430889898868	0.0063381687709178096	0.004759802908904903	0.0020432201532027254	0.002942793134008412	0.004699821805503188	0.011327014087999705	0.0010898477386527363	99.88947117881474
0.008504474570895421	0.01	0.01	0.01	0.007	0.01	0.02674084781381026	0.00782981267324682	0.008429975751862401	0.009523804350607467	0.0072713518050795236	0.005000170983531208	0.007165094020918272	0.011317399597448369	0.02703455964466118	0.002631630952947598	99.8267160032888
0.011353547102602262	0.01	0.01	0.01	0.007	0.01	0.03549439405375448	0.010319569709951702	0.01094208152667124	0.012228564160353244	0.009485698817538798	0.008870597140477917	0.012652132310382664	0.01978433831864477	0.04688428186106529	0.004613786119260999	99.76873153862618
0.014662756857725997	0.01	0.01	0.01	0.007	0.01	0.04553514998853511	0.01313114010583593	0.013682169136747325	0.015104664913674713	0.0119452094979492	0.01471648207157354	0.020877531945027544	0.0322734713791209	0.07579575366076122	0.0075555036886238176	99.70142461605235
0.01803530050217563	0.01	0.01	0.01	0.007	0.01	0.055629961395187874	0.015910277072202886	0.016290504101315703	0.01776781731500115	0.014347189183116654	0.02214445540178765	0.03124489993982965	0.04774712330412615	0.11114597000078144	0.011229369255168443	99.63287624707323
0.02166909359533996	0.01	0.01	0.01	0.007	0.01	0.06635288169691728	0.018810274668590792	0.018906894307832902	0.020362944613330585	0.016840365964674635	0.03178121592712681	0.044582299825252844	0.06730437646854182	0.15523116161820333	0.015919808952687436	99.55907061930247
0.025443676703300125	0.01	0.01	0.01	0.007	0.01	0.07732470469280457	0.021722276768410567	0.021426651067631197	0.022786841592102054	0.01935075555156631	0.043554187324870826	0.06073312671787225	0.09055675851840306	0.20693721794681214	0.021567321423655993	99.4824633102215
0.02941407854058048	0.01	0.01	0.01	0.007	0.01	0.08868537655631153	0.024678753507113127	0.023875612329650964	0.025068446725151496	0.02192910611422715	0.05784091061562671	0.08015409312731045	0.11799705160028698	0.26712816184425303	0.02833553191787585	99.40194536102057
0.033544511397311245	0.01	0.01	0.01	0.007	0.01	0.10031084614089059	0.027642531521071226	0.026221033189874243	0.027181679922380488	0.02456504955275643	0.07473451933227253	0.10290238306754337	0.14952736766955016	0.3353514965458049	0.03625700897352514	99.3182512161879
0.037849577376495476	0.01	0.01	0.01	0.007	0.01	0.1122217466523915	0.03061471417221283	0.028463880498037802	0.029133328705687286	0.027273738789068726	0.0945027344907596	0.1292629926064265	0.18535819411797613	0.4118332983945141	0.04545228838310175	99.23109351460815
0.04231815816735166	0.01	0.01	0.01	0.007	0.01	0.12436641247716733	0.03357844736823249	0.03059243141696909	0.03091966076299135	0.03003442617603413	0.11730566354048849	0.15936654998619526	0.22547459080819454	0.49631776657730287	0.055992559972320693	99.14070629134477
0.04695828126435364	0.01	0.01	0.01	0.007	0.01	0.13674584474560303	0.03653038665391745	0.0326064028854193	0.032547520686799385	0.032801298466448234	0.1433929830623103	0.19345285751895855	0.2699985763518587	0.5888483544440459	0.06798114585715336	99.04693636635422
0.05177905979539805	0.01	0.01	0.01	0.007	0.01	0.1493621632708011	0.039467387882669326	0.03450612198065472	0.03402431343092075	0.03547332966347253	0.17303736173385237	0.2317792105761073	0.3190596550562298	0.6894859080746034	0.08150216282939184	98.9496096017894
0.05675005138086469	0.01	0.01	0.01	0.007	0.01	0.16211510640765142	0.042363273422129734	0.036278655423542056	0.03534777017088058	0.03787233065255453	0.2062547990089716	0.27426304826036124	0.37235009447988654	0.7974139558569503	0.09646666699430352	98.84935033563669
0.06177564685776946	0.01	0.01	0.01	0.007	0.01	0.17474866427006863	0.04516012262025357	0.037896746693286604	0.036507202265203174	0.039788779865024396	0.2425065290117617	0.3201249545388374	0.42873416575055623	0.9102163799473459	0.11246967142858173	98.7480930366964
0.06690984980006592	0.01	0.01	0.01	0.007	0.01	0.18739130914151184	0.04788768282588268	0.0393869084903535	0.03753127875211625	0.04113475565969164	0.2822459847630158	0.36985231527695933	0.48867420237737647	1.0287377424610082	0.12948610972277597	98.64475458961863
0.07227636613809618	0.01	0.01	0.01	0.007	0.01	0.20032681478122968	0.0506049876813878	0.0407861626458941	0.03845230801909997	0.04189330696679018	0.3266322775424307	0.4247782800939885	0.5535856511699131	1.155643010307873	0.14771228075303736	98.536855855666
0.077985264676358	0.01	0.01	0.01	0.007	0.01	0.2137811465797929	0.05335290255720163	0.042115585000652093	0.03928854031564502	0.04208639711934701	0.37696357310798867	0.4863424809168476	0.6248942498726001	1.2935091083984287	0.1672964016593675	98.42220276605842
0.08391110098231923	0.01	0.01	0.01	0.007	0.01	0.22742019025134652	0.056057437919674075	0.04334098842614381	0.04002348501910918	0.04179370339747581	0.4325095513732058	0.5534744713607227	0.7010877491441662	1.4392261048337567	0.18756933415006277	98.30333397015475
0.08997829206402046	0.01	0.01	0.01	0.007	0.01	0.24104811401746865	0.05867869590688939	0.0444510441654434	0.04065739087667775	0.0411557462281079	0.49276656744289554	0.6254185452721435	0.7811168797337681	1.5907006869904972	0.20806353649584752	98.18177841975148
0.09628832577863654	0.01	0.01	0.01	0.007	0.01	0.2548692107952777	0.061254848897030235	0.04546853205141255	0.041209828882658665	0.04028580321359632	0.5589631147540928	0.7034826808474888	0.8662433555708575	1.750244437643965	0.2289587266144955	98.05551699186141
0.10289313701500351	0.01	0.01	0.01	0.007	0.01	0.26896097718583967	0.06379670826698479	0.04640206865557274	0.041690738690978085	0.03927154854139725	0.6319876970798998	0.7885133230258252	0.9571445000356998	1.9190141995562193	0.2502914933470425	97.92353109880412
0.10985852351048192	0.01	0.01	0.01	0.007	0.01	0.28341756939042445	0.06631605120755817	0.04725932329608302	0.04210869407530957	0.038176061008227416	0.7130064053060006	0.8816252735862871	1.0547256959830036	2.0985597323824208	0.2721582747726707	97.78453218940034
0.11721982961249514	0.01	0.01	0.01	0.007	0.01	0.2982572084845288	0.06880976353011514	0.04804220279915401	0.04246889697218895	0.03705030853029175	0.8029516317216946	0.9836038005023314	1.1594894510662634	2.2896658167034785	0.29456914333804896	97.63784688085504
0.12500563535737313	0.01	0.01	0.01	0.007	0.01	0.3134765328734046	0.07127078766329942	0.048751841525074	0.04277606168357984	0.03593342041950773	0.9027445921955529	1.0951691866585254	1.2718384649466055	2.492935177589956	0.31752723215263384	97.48294219929478
0.13323174179433778	0.01	0.01	0.01	0.007	0.01	0.32904141512718316	0.07368741969841708	0.04938889369978789	0.043034633033468724	0.03485582042951659	1.0131915398679066	1.2168641902791264	1.3919773882272442	2.7086232801597148	0.3410130614982582	97.31954438387376
0.1419148269314444	0.01	0.01	0.01	0.007	0.01	0.34491565603324864	0.07604851103276548	0.04995521629373537	0.04324946154513924	0.03383897617319785	1.1351380259430655	1.3492303678053166	1.520104227143328	2.936993074939362	0.3650258547606047	97.14736657035854
0.15107261902343375	0.01	0.01	0.01	0.007	0.01	0.36106126377619463	0.07834361526136943	0.05045373664841266	0.043425593900848936	0.032897135592365956	1.269470513925153	1.4928079309498132	1.6564149785359048	3.178323334323811	0.38958176517262993	96.9661057844002
0.16072719021936	0.01	0.01	0.01	0.007	0.01	0.37744388994681044	0.08056379968811625	0.0508884202743768	0.043568122231502034	0.0320385547246579	1.4171669436711452	1.6481868707206409	1.8011555318414114	3.432998761733101	0.4147200978081821	96.775378423854
0.17090384634285846	0.01	0.01	0.01	0.007	0.01	0.3940299389160985	0.08270118686687854	0.051263931343788184	0.04368195846289607	0.03126701133035061	1.5792878258268759	1.815992240800559	1.95460863482676	3.7014830670202805	0.44049729788179576	96.57474332021238
0.18163153058569853	0.01	0.01	0.01	0.007	0.01	0.4107864526578312	0.08474893342385634	0.05158542173695501	0.043771703493018836	0.030582866440332427	1.756988190134917	1.9968917592287359	2.1171025476486465	3.984330393275178	0.4669854897442607	96.36369490536643
0.19294234456712345	0.01	0.01	0.01	0.007	0.01	0.4276795797131122	0.08670104788838702	0.051858304681848225	0.04384155180208317	0.029983963340188834	1.9515149018696034	2.1915881233367434	2.2890058142315257	4.282172241612353	0.49426909513393086	96.14167391244366
0.2048718575548567	0.01	0.01	0.01	0.007	0.01	0.44467439141244886	0.08855240533239939	0.05208807028572384	0.04389524303795333	0.029466281632344368	2.16421555368029	2.400823444016086	2.470733304917297	4.595724135247222	0.5224437395197881	95.90806266798027
0.21745931953771258	0.01	0.01	0.01	0.007	0.01	0.46173451618852257	0.0902987442745222	0.05228010025678324	0.04393604007007	0.029024471947305636	2.3965456202765623	2.625381759890434	2.662750224167667	4.925788773150604	0.5516150732093719	95.66218249191469
0.23074812886897364	0.01	0.01	0.01	0.007	0.01	0.4788220940084391	0.09193669988366839	0.05243950005409932	0.04396673073218947	0.02865228461507561	2.6500800299962073	2.866095741265188	2.865579291333876	5.273264917937338	0.5818983173975427	95.40328637552562
0.24478601896161503	0.01	0.01	0.01	0.007	0.01	0.49589731337892023	0.09346379435430013	0.05257095776641825	0.04398964659144569	0.02834293375147244	2.926519288914762	3.1238480659557055	3.0798028339048966	5.639147983586416	0.6134172673968943	95.13055745266678
0.25962501089757883	0.01	0.01	0.01	0.007	0.01	0.5129177415608324	0.09487841878419918	0.05267865491910294	0.044006695778369596	0.028089397528216438	3.2276896249450657	3.399567770581812	3.306060488027585	6.024523729250093	0.6463029164827216	94.8431122886191
0.2753212338736565	0.01	0.01	0.01	0.007	0.01	0.529837691388596	0.09617983142416701	0.052766240611938194	0.04401940561245125	0.027884659946293685	3.5555380616493335	3.6942232247191473	3.545044198570132	6.430557907662089	0.6806919410065201	94.54000695323978
0.29193511794404425	0.01	0.01	0.01	0.007	0.01	0.5466082023613049	0.09736820688258305	0.052836863358412166	0.044028970899766984	0.02772189969333782	3.912132642737409	4.008821356927377	3.797498403034025	6.858495001088228	0.7167261239582103	94.22023614457008
0.30953215135706186	0.01	0.01	0.01	0.007	0.01	0.5631776527066314	0.09844470870588039	0.052893236821005336	0.044036303931393475	0.0275946408278915	4.299673389694376	4.344417403249121	4.0642284131350275	7.309670706125335	0.7545530545255988	93.88272187044643
0.3281839750350687	0.01	0.01	0.01	0.007	0.01	0.5794925690034914	0.09941153428239495	0.05293771247824603	0.04404208335468856	0.027496875025005106	4.720510656515145	4.702131239252759	4.346113468650627	7.785531846340665	0.7943275569312129	93.52629635184151
0.3479692824181218	0.01	0.01	0.01	0.007	0.01	0.5954980995726452	0.10027189848498154	0.05297234065426093	0.044046799997529106	0.027423155968196136	5.177159179172023	5.083159930404676	4.644116284424552	8.287649798951245	0.8362127085408357	93.14968952074302
0.36897411767574595	0.01	0.01	0.01	0.007	0.01	0.6111379950436722	0.10102996397627723	0.05299891348381145	0.04405079825545981	0.027368661344470982	5.672296756339256	5.48877813305607	4.95928291796466	8.817717183412206	0.880379621031169	92.75152883230012
0.3912913513071481	0.01	0.01	0.01	0.007	0.01	0.6263542593157028	0.10169074406496087	0.05301899180237434	0.044054312004015654	0.02732922053413138	6.208739621055172	5.9203216943058035	5.292729769158546	9.377522728552592	0.927005564284794	92.3303553211603
0.41501933530805507	0.01	0.01	0.01	0.007	0.01	0.641086841178752	0.10226000245132752	0.05303392163651873	0.04405749449007035	0.027301310660002884	6.789391833029713	6.379154569337334	5.645618042152101	9.968905187182086	0.976270479069881	91.88465542163954
0.4402599824325529	0.01	0.01	0.01	0.007	0.01	0.6552738059793143	0.10274416107473454	0.053044846105650884	0.044060442211922256	0.02728202687444553	7.41717298342588	6.866624380404134	6.019119704447942	10.593693345486834	1.0283524212445614	91.41290343859002
0.4671166103272313	0.01	0.01	0.01	0.007	0.01	0.6688522856660711	0.10315020934919422	0.05305271698660236	0.044063213250114204	0.02726903380156107	8.094932723936594	7.384014116714861	6.414380369447868	11.253641414507749	1.0834226649560292	90.91360783115465
0.4956920344893696	0.01	0.01	0.01	0.007	0.01	0.6817603437263808	0.10348559948040198	0.05305830846893691	0.04406584080711689	0.02726050427857899	8.825366167405786	7.932500184347268	6.8324864900149285	11.950372249488884	1.1416414658973482	90.38535200450693
0.5260871276710848	0.01	0.01	0.01	0.007	0.01	0.6939395374783814	0.10375810900606734	0.05306223406435862	0.04406834280402819	0.027255050529727362	9.610939014507533	8.513121463471352	7.274440095907081	12.685333764046106	1.203154910113558	89.82682554773075
0.5583997148353944	0.01	0.01	0.01	0.007	0.01	0.7053377480589498	0.10397566267979483	0.05306496652954353	0.04407072836828875	0.02725165202255981	10.453822561545179	9.126756853395163	7.741139113668914	13.45976519417276	1.2680925543892088	89.23684841569059
0.5927232594277684	0.01	0.01	0.01	0.007	0.01	0.7159117966115466	0.10414612187094931	0.053066859817562526	0.04407300196893733	0.02724958395653638	11.35582723387152	9.774100746337243	8.233355467411682	14.274660237902571	1.3365647532374672	88.61439794757011
0.6291450041133458	0.01	0.01	0.01	0.007	0.01	0.7256296216251874	0.10427706472718411	0.05306817156424343	0.04407516588456079	0.027248350157280294	12.318327733792414	10.45563016848776	8.75170654832558	15.13071992263562	1.4086590406028983	87.95864435904386
0.6677438513849349	0.01	0.01	0.01	0.007	0.01	0.7344720214313636	0.10437558326986027	0.0530690844723582	0.04407722159180432	0.02724762365686488	13.342189225266628	11.171569376972492	9.29662474632222	16.02830322321899	1.484436203720116	87.26898884249188
0.7085891643833088	0.01	0.01	0.01	0.007	0.01	0.7424340360106872	0.1044481176842875	0.0530697252394386	0.04407917053925959	0.0272471971516609	14.427728128422729	11.92187391792439	9.868342014830159	16.967403497478564	1.563928398742931	86.54508284023704
0.7517419313798124	0.01	0.01	0.01	0.007	0.01	0.7495258394620468	0.104500338758475	0.05307018022403371	0.04408101460676303	0.02724694411967062	15.574747636198643	12.70625921358338	10.466908884357471	17.94768217468917	1.6471420025549985	85.78680386369153
0.7972589158455053	0.01	0.01	0.01	0.007	0.01	0.7557727794636622	0.10453708303707207	0.05307050764723416	0.04408275638374789	0.027246790070765217	16.782663604226368	13.524281425332555	11.092254377826526	18.96856907972707	1.7340660969432284	84.99417953082457
0.845199132059804	0.01	0.01	0.01	0.007	0.01	0.7612142490313439	0.10456234171981721	0.05307074660095617	0.04408439929632861	0.02724669250305421	18.050698479598584	14.37545402072103	11.744274824180424	20.02940821225795	1.8246849189309913	84.1672748192051
0.8956309660273796	0.01	0.01	0.01	0.007	0.01	0.7659013888356943	0.10457929973303541	0.05307092340268489	0.04408594758232544	0.02724662772043919	19.37809119937691	15.259366264378494	12.422926187848658	21.129606332031187	1.9189907546932685	83.30607453085625
0.9486385950375651	0.01	0.01	0.01	0.007	0.01	0.7698940189267975	0.1045904153645601	0.05307105591859642	0.044087406146981194	0.027246582645428737	20.764280102383783	16.175778403002226	13.128300617022381	22.26875247272418	2.0169946031020993	82.41038535896978
1.0043270118387462	0.01	0.01	0.01	0.007	0.01	0.773257335425753	0.10459752556683104	0.05307115642799235	0.04408878035200126	0.02724655000535604	22.2090355723457	17.12468203181556	13.860678047834204	23.44669369653488	2.118733344328262	81.479769187004
1.06282577382258	0.01	0.01	0.01	0.007	0.01	0.7760588347937039	0.10460196085508544	0.05307123349234802	0.04409007579375638	0.027246525638942212	23.712543323812305	18.106329331937566	14.6205552302685	24.663571412602536	2.2242737500366156	80.51350466511288
1.124291998151928	0.01	0.01	0.01	0.007	0.01	0.7783657341907222	0.10460465639383136	0.05307129316939748	0.04409129810875841	0.02724650704991278	25.275451405561085	19.12124142127199	15.40865968301216	25.919830785676258	2.333714383725278	79.51056756894106
1.1889129221972141	0.01	0.01	0.01	0.007	0.01	0.7802429693286143	0.1046062505027945	0.05307133980550772	0.04409245281877728	0.027246492652048204	26.89888938572382	20.17020181510084	16.22595299211845	27.21621054795884	2.4471860077564545	78.46962434431582
1.2569084389391478	0.01	0.01	0.01	0.007	0.01	0.7817517534198812	0.10460716644130749	0.05307137655908312	0.04409354521897163	0.02724648137911644	28.584470436121702	21.25424171126827	17.07362860279877	28.553721468416338	2.564851213677482	77.38903227594363
1.3285334163200595	0.01	0.01	0.01	0.007	0.01	0.7829486152891413	0.10460767679189463	0.053071405751581285	0.04409458029747492	0.027246472480600123	30.33427164662931	22.374613497348886	17.953101341843524	29.933609021500068	2.6869028926480167	76.26684977194871
1.4040794512577965	0.01	0.01	0.01	0.007	0.01	0.7838848311231504	0.10460795192475121	0.05307142910686274	0.04409556267627342	0.027246465410300052	32.150784671435815	23.532746865373092	18.86598427336962	31.357293438729172	2.813560936158381	75.1008623677154
1.4838745895889016	0.01	0.01	0.01	0.007	0.01	0.7846061612215955	0.10460809505503361	0.0530714479168252	0.04409649655479378	0.027246459761712787	34.03680375734309	24.730166231146388	19.814035888241417	32.826261247412816	2.945064810428595	73.88864622472059
1.5682780566362138	0.01	0.01	0.01	0.007	0.01	0.7851528205926032	0.10460816668490049	0.05307146315752773	0.04409738563527636	0.02724645522783051	35.99518945662532	25.968330808338507	20.799046068096718	34.34186171812203	3.0816576347911364	72.62770977220421
1.6576629971949135	0.01	0.01	0.01	0.007	0.01	0.7855596217340042	0.10460820104844626	0.05307147557132361	0.04409823299178444	0.027246451574580575	38.02836745740111	27.248310703342597	21.822589177885973	35.90490425261658	3.2235518506270946	71.31580605250602
1.7523729704169932	0.01	0.01	0.01	0.007	0.01	0.7858562454294765	0.10460821678970857	0.05307148572525857	0.04409904082608987	0.02724644862251272	40.13729279786581	28.570135362461677	22.885506461807747	37.51486186892907	3.3708574296094937	69.95159459054595
1.8526262625740892	0.01	0.01	0.01	0.007	0.01	0.7860676097266407	0.10460822364671585	0.05307149405272551	0.04409981003906722	0.027246446233824856	42.31942428529845	29.93154314214057	23.98688381177007	39.16836159228722	3.523440328267617	68.53595798889236
1.9583409100799187	0.01	0.01	0.01	0.007	0.01	0.7862143280472095	0.10460822647683893	0.0530715008841647	0.04410053964670593	0.0272464443027485	44.56535433298853	31.32593776010174	25.122336929286796	40.8567472431077	3.680685393727694	67.07422457969892
2.068923549321574	0.01	0.01	0.01	0.007	0.01	0.7863132533911814	0.10460822758199771	0.053071506473604535	0.04410122653597536	0.02724644274728872	46.85531315315892	32.74034272305112	26.28220814825528	42.563699679421205	3.84124772601245	65.57853195602077
2.1832469716535794	0.01	0.01	0.01	0.007	0.01	0.786378021413705	0.10460822799183175	0.05307151102698012	0.04410186665663887	0.02724644150075714	49.160189934178064	34.156215717755984	27.452026415031103	44.266363935376724	4.0031179938294486	64.06729826996859
2.300010843719507	0.01	0.01	0.01	0.007	0.01	0.7864193829499282	0.10460822813768506	0.053071514726426246	0.04410245759752608	0.027246440504873255	51.45006715150129	35.55484533865475	28.616788478715648	45.94195985615097	4.164216246624049	62.559747420283784
2.418180024476958	0.01	0.01	0.01	0.007	0.01	0.7864453479831075	0.10460822818819017	0.05307151773709301	0.04410300008081053	0.02724643970797031	53.70296322321475	36.92270425296571	29.765401252948646	47.57420245505677	4.323006493591919	61.07016582022866
2.5371015976039852	0.01	0.01	0.01	0.007	0.01	0.786461483797715	0.10460822820540305	0.05307152020104038	0.04410349720722113	0.027246439066583583	55.906202160400916	38.25216545502566	30.891419675778803	49.15405944692772	4.478597680674585	59.60690532348339
2.6564272271637908	0.01	0.01	0.01	0.007	0.01	0.7864714576686856	0.10460822821122001	0.05307152223376695	0.044103953153052336	0.02724643854604766	58.05394394137441	39.53987486940261	31.991833003458165	50.677702484656336	4.630574730334932	58.173911257666234
2.7760019637894056	0.01	0.01	0.01	0.007	0.01	0.7864776063415424	0.1046082282131772	0.05307152392589602	0.04410437225848303	0.027246438119607145	60.14441667437414	40.784989194285565	33.06568391080162	52.14433595011046	4.778806876112349	56.77248324760597
2.895780421042388	0.01	0.01	0.01	0.007	0.01	0.7864813918957664	0.10460822821383409	0.05307152534737135	0.04410475857947045	0.027246437766908327	62.17798842621456	41.98796498698264	34.113101291398394	53.55471790563335	4.923313566036476	55.4025143184654
3.0157657080713993	0.01	0.01	0.01	0.007	0.01	0.7864837206582701	0.10460822821405415	0.053071526551876656	0.044105115706293094	0.027246437472528917	64.15588828164638	43.1497692713483	35.1346542001377	54.91020671175277	5.0641750162234525	54.063323512165375
3.1359699365222204	0.01	0.01	0.01	0.007	0.01	0.7864851521480359	0.10460822821412773	0.05307152758068956	0.04410544673114235	0.02724643722474811	66.07946192072878	44.27142985217082	36.13097262148068	56.21222556615641	5.201479796031995	52.7541481630478
3.256394976062898	0.01	0.01	0.01	0.007	0.01	0.7864860313089416	0.10460822821415226	0.05307152846577944	0.04410575429330838	0.027246437014587177	67.94985602644151	45.35385087172006	37.10258479208598	57.46204765065896	5.335302400104961	51.474357292227474
3.377028281999069	0.01	0.01	0.01	0.007	0.01	0.786486570722717	0.1046082282141605	0.053071529232173086	0.044106040653665246	0.02724643683509191	69.76798072455261	46.397795575940656	38.049896525905645	58.6607796480119	5.465700439815964	50.22348039051995
3.4978468898781125	0.01	0.01	0.01	0.007	0.01	0.7864869013530059	0.10460822821416323	0.05307152989970211	0.04410630776914046	0.027246436680811188	71.53459929416334	47.403942537970785	38.973236547720454	59.8094299714301	5.59272092626065	49.001149264692046
3.618823873949867	0.01	0.01	0.01	0.007	0.01	0.7864871038227401	0.10460822821416407	0.053071530484267056	0.04410655735390971	0.0272464365474225	73.25043976555646	48.372951946744884	39.87291399112736	60.9089865342016	5.716408205404611	47.807022938033974
3.739933701503313	0.01	0.01	0.01	0.007	0.01	0.7864872277098904	0.1046082282141644	0.053071530998748936	0.04410679092444925	0.0272464364314633	74.91627367057245	49.305510494484686	40.74925960605976	61.9604679063721	5.836809627415689	46.64073312873625
3.86115509179412	0.01	0.01	0.01	0.007	0.01	0.7864873034626174	0.10460822821416452	0.05307153145367308	0.04410700983111086	0.027246436330136334	76.53294827407358	50.20234819794736	41.60264317300739	62.964941180336965	5.953977928053696	45.50186063443322
3.98247162153246	0.01	0.01	0.01	0.007	0.01	0.7864873497569026	0.10460822821416453	0.053071531857701186	0.04410721528070951	0.0272464362411653	78.1013835386797	51.0642347985074	42.43347259099133	63.9235162858209	6.0679710856367866	44.38993584089721
4.1038709499931345	0.01	0.01	0.01	0.007	0.01	0.7864873780352509	0.10460822821416453	0.053071532218005264	0.04410740835391072	0.02724643616268594	79.62255136733681	51.89196647811402	43.24218355563526	64.83732961187988	6.1788508872076155	43.304451832686226
4.225343521626852	0.01	0.01	0.01	0.007	0.01	0.7864873953018907	0.10460822821416453	0.05307153254055639	0.044107590019777126	0.027246436093162917	81.09745117201926	52.68635111326737	44.029227093826755	65.70752649136499	6.286681205706988	42.24488057452186
4.346881447437912	0.01	0.01	0.01	0.007	0.01	0.786487405841155	0.10460822821416453	0.05307153283035235	0.044107761148727456	0.027246436031324487	82.5270910648201	53.44819720208787	44.79505986963539	66.53524827133785	6.391526662813043	41.21068560079021
4.468477801045335	0.01	0.01	0.01	0.007	0.01	0.7864874122721487	0.10460822821416453	0.053071533091598726	0.04410792252422919	0.027246435976111323	83.91247657676948	54.178307306137945	45.540138343091364	67.3216247275359	6.493451823957759	40.20132969051442
4.590126267055775	0.01	0.01	0.01	0.007	0.01	0.7864874161952101	0.10460822821416453	0.05307153332785245	0.044108074853213865	0.027246435926636774	85.25460496018543	54.87747474007691	46.264915822433096	68.0677702451118	6.592520792024017	39.21627873725439
4.711821078581215	0.01	0.01	0.01	0.007	0.01	0.7864874185877775	0.10460822821416453	0.053071533542137034	0.044108218775247385	0.027246435882154214	86.55446341088062	55.54648245047872	46.969841580379345	68.77478246714581	6.688797084540248	38.25500286861957
4.833557059207752	0.01	0.01	0.01	0.007	0.01	0.7864874200466152	0.10460822821416453	0.05307153373703485	0.04410835487046074	0.02724643584203214	87.81302857513732	56.18610259462962	47.655360653696945	69.44374172033537	6.782343604530848	37.316976647143086
4.955329648642362	0.01	0.01	0.01	0.007	0.01	0.7864874209359483	0.10460822821416453	0.053071533914761805	0.04410848366635562	0.027246435805733837	89.03126589554725	56.797096044302236	48.32191355333777	70.07571037169318	6.873222599189322	36.40167939425071
5.077134879745234	0.01	0.01	0.01	0.007	0.01	0.786487421478007	0.10460822821416453	0.05307153407722698	0.044108605643654306	0.0272464357728011	90.21012852796365	57.380211691723936	48.96993573451976	70.6717319991117	6.9614955859491765	35.50859584868211
5.198969331116713	0.01	0.01	0.01	0.007	0.01	0.786487421808347	0.10460822821416453	0.05307153422608242	0.044108721241367756	0.027246435742840944	91.35055615862814	57.936185740356045	49.59985700027613	71.2328305796968	7.047223269785499	34.637216928191236
5.3208300148875045	0.01	0.01	0.01	0.007	0.01	0.786487422009634	0.10460822821416453	0.05307153436276271	0.0441088308611947	0.02724643571551545	92.4534734064588	58.46574083972738	50.21210065956281	71.76000956475141	7.1304654275299555	33.78704084740193
5.442714320789166	0.01	0.01	0.01	0.007	0.01	0.7864874221322697	0.10460822821416453	0.053071534488517945	0.04410893487140022	0.027246435690532093	93.51978897520425	58.96958563776495	50.80708308092289	72.25425142449828	7.211280846498315	32.95757370779194
5.56461993585999	0.01	0.01	0.01	0.007	0.01	0.7864874222069783	0.10460822821416453	0.05307153460444166	0.04410903361021582	0.02724643566763778	94.5503947494087	59.448414345443844	51.38521320080094	72.71651724206195	7.289727257315532	32.148330165283525
5.68654477209627	0.01	0.01	0.01	0.007	0.01	0.7864874222524856	0.10460822821416453	0.053071534711493375	0.044109127388841825	0.027246435646611708	95.54616513034928	59.90290645578357	51.9468921507639	73.14774649739493	7.365861283277052	31.35883394765744
5.8084869747758034	0.01	0.01	0.01	0.007	0.01	0.786487422280203	0.10460822821416453	0.053071534810517795	0.04410921649411433	0.027246435627261492	96.50795714570735	60.333726845315624	52.49251331036658	73.54885724247472	7.439738447679817	30.58861778480844
5.930444882282868	0.01	0.01	0.01	0.007	0.01	0.7864874222970833	0.10460822821416453	0.05307153490226029	0.044109301190851005	0.027246435609418525	97.43661020220411	60.74152572313567	53.02246215484489	73.92074614229304	7.511413153437701	29.837223631192565
6.052417018194838	0.01	0.01	0.01	0.007	0.01	0.7864874223073635	0.10460822821416453	0.05307153498738168	0.04410938172393651	0.027246435592934458	98.3329461530752	61.12693873684827	53.537116275544	74.2642886774181	7.580938686234008	29.10420265045984
6.174402034863303	0.01	0.01	0.01	0.007	0.01	0.7864874223136232	0.10460822821416453	0.05307153506646797	0.04410945832016921	0.027246435577678776	99.19776905335445	61.49058695655747	54.03684521649941	74.58033925019811	7.648367192953012	28.38911546661846
6.296398737752935	0.01	0.01	0.01	0.007	0.01	0.7864874223174351	0.10460822821416453	0.053071535140041405	0.04410953118991493	0.02724643556353595	100.0318655532268	61.833077145266934	54.52201067280474	74.86973155819075	7.713749709101371	27.691531904614997
6.418406045129443	0.01	0.01	0.01	0.007	0.01	0.7864874223197557	0.10460822821416453	0.05307153520856788	0.04410960052857588	0.02724643555040383	100.8360048428521	62.15500184349583	54.99296642872174	75.13327880887037	7.777136151139636	27.011031104405372
6.54042300428979	0.01	0.01	0.01	0.007	0.01	0.7864874223211686	0.10460822821416453	0.05307153527246435	0.04410966651790643	0.027246435538191435	101.61093901379353	62.456939633361074	55.4500585348449	75.37177409446046	7.838575341111509	26.347201294665034
6.662448751214395	0.01	0.01	0.01	0.007	0.01	0.786487422322029	0.10460822821416453	0.05307153533210451	0.04410972932719219	0.02724643552681784	102.35740306091769	62.73945526245243	55.893625273200534	75.58599065564441	7.8981150027685265	25.699639874462516
6.784482502528028	0.01	0.01	0.01	0.007	0.01	0.7864874223225528	0.10460822821416453	0.05307153538782488	0.04410978911430898	0.027246435516210706	103.07611512892173	63.003099874375394	56.3239972621141	75.77668224141424	7.955801776594353	25.067953296618988
6.906523547452693	0.01	0.01	0.01	0.007	0.01	0.7864874223228715	0.10460822821416453	0.05307153543992807	0.04410984602667668	0.02724643550630542	103.76777676892053	63.24841124575754	56.74149756588743	75.94458347632944	8.01168123550418	24.451756945279303
7.0285712397537194	0.01	0.01	0.01	0.007	0.01	0.7864874223230655	0.10460822821416453	0.053071535488687406	0.044109900202118066	0.027246435497044086	104.43307320387984	63.475914028781695	57.146441808727346	76.09041023389177	8.065797901140403	23.850675008359616
7.150624997763808	0.01	0.01	0.01	0.007	0.01	0.7864874223231838	0.10460822821416453	0.053071535534350095	0.04410995176963296	0.02724643548837426	105.07267364328011	63.686120011729926	57.539138318010394	76.21486002237883	8.118195264104884	23.264340307143502
7.272684296319892	0.01	0.01	0.01	0.007	0.01	0.7864874223232556	0.10460822821416453	0.053071535577140054	0.044110000850099126	0.027246435480249045	105.68723155470875	63.87952836451817	57.91988824126652	76.3186123601713	8.168915800681551	22.69239416502347
7.394748658695636	0.01	0.01	0.01	0.007	0.01	0.7864874223232995	0.10460822821416453	0.05307153561726105	0.04411004755690814	0.027246435472626278	106.27738494172303	64.05662588777864	58.28898566622874	76.40232915447307	8.218000989988083	22.134486272529994
7.516817648530282	0.01	0.01	0.01	0.007	0.01	0.7864874223233259	0.10460822821416453	0.05307153565489768	0.044110091996541714	0.027246435465467404	106.84375662701709	64.21788726475167	58.646717743503615	76.46665508241696	8.265491331493866	21.590274549178528
7.63889086175446	0.01	0.01	0.01	0.007	0.01	0.7864874223233421	0.10460822821416453	0.05307153569021889	0.04411013426909661	0.027246435458737676	107.38695453999078	64.36377531530024	58.99336481144658	76.51221797362268	8.311426362845593	21.059425002629787
7.760967934683676	0.01	0.01	0.01	0.007	0.01	0.7864874223233521	0.10460822821416453	0.05307153572337843	0.04411017446875871	0.027246435452405626	107.90757207536983	64.49474126778787	59.3292005666342	76.53962919579837	8.355844683730544	20.541611517886466
7.883048535941258	0.01	0.01	0.01	0.007	0.01	0.7864874223233582	0.10460822821416453	0.05307153575451679	0.04411021268423807	0.027246435446442754	108.40618837273081	64.61122500602231	59.6544921851155	76.54948402624466	8.39878397318976	20.036515720755094
8.005132366464709	0.01	0.01	0.01	0.007	0.01	0.7864874223233617	0.10460822821416453	0.05307153578376311	0.044110248999164464	0.027246435440822614	108.88336863009455	64.71365532371415	59.969500465824396	76.54236202253072	8.440281009859545	19.543826807076098
8.127219151425576	0.01	0.01	0.01	0.007	0.01	0.786487422323364	0.10460822821416453	0.05307153581123492	0.0441102834924507	0.027246435435521594	109.33966438221323	64.80245016879186	60.2744799514775	76.51882738829615	8.480371689230777	19.063241406538715
8.249308640233604	0.01	0.01	0.01	0.007	0.01	0.7864874223233654	0.10460822821416453	0.05307153583704097	0.0441103162386238	0.02724643543051787	109.77561380933757	64.8780168928093	60.5696790699251	76.47942933522981	8.51909104359676	18.59446341431956
8.37140060654038	0.01	0.01	0.01	0.007	0.01	0.7864874223233662	0.10460822821416453	0.053071535861281056	0.044110347308127996	0.02724643542579157	110.19174203981521	64.94075249535122	60.85534027267304	76.42470243769834	8.55647326160196	18.13720382609378
8.49349483207026	0.01	0.01	0.01	0.007	0.01	0.7864874223233668	0.10460822821416453	0.05307153588404657	0.044110376767607734	0.02724643542132432	110.58856139530444	64.99104385765442	61.13170013461659	76.35516699029746	8.592551702703476	17.691180634716716
8.615591114708378	0.01	0.01	0.01	0.007	0.01	0.7864874223233671	0.10460822821416453	0.05307153590542238	0.04411040468016159	0.027246435417099625	110.96657171801883	65.02926798723385	61.398989510365865	76.27132935138691	8.627358919034007	17.25611863620724
8.737689268502711	0.01	0.01	0.01	0.007	0.01	0.7864874223233672	0.10460822821416453	0.05307153592548656	0.04411043110557677	0.02724643541310181	111.3262606607014	65.05579225104741	61.65743366712305	76.1736822801479	8.660926674151478	16.83174927143896
8.859789156011775	0.01	0.01	0.01	0.007	0.01	0.7864874223233672	0.10460822821416453	0.05307153594431117	0.04411045610053393	0.027246435409316788	111.66810405858566	65.07097460617096	61.90725247974885	76.06270523515423	8.693285969799163	16.417810362950927
8.98189061552869	0.01	0.01	0.01	0.007	0.01	0.7864874223233672	0.10460822821416453	0.05307153596196305	0.04411047971883222	0.027246435405731594	111.99256599595896	65.075163809352	62.14866040552983	75.93886475766129	8.724467044072517	16.014046214405056
9.103993493427188	0.01	0.01	0.01	0.007	0.01	0.7864874223233672	0.10460822821416453	0.053071535978504135	0.04411050201156287	0.02724643540233415	112.3000991858451	65.06869965048601	62.381866683280265	75.80261477064055	8.754499398739169	15.620207342418853
9.226097676509465	0.01	0.01	0.01	0.007	0.01	0.7864874223233672	0.10460822821416453	0.05307153599399175	0.04411052302726643	0.027246435399113256	112.59114531569087	65.05191316350873	62.60707551615114	75.65439684994453	8.783411824273708	15.236050228056898
9.34820304348739	0.01	0.01	0.01	0.007	0.01	0.7864874223233672	0.10460822821416453	0.05307153600847939	0.04411054281210822	0.027246435396058564	112.86613518476574	65.02512683764596	62.82448609790364	75.49464057976063	8.811232404707562	14.861337331632884
9.470309497330012	0.01	0.01	0.01	0.007	0.01	0.7864874223233672	0.10460822821416453	0.053071536022016016	0.04411056141001197	0.02724643539316071	113.1254890406035	64.98865482045096	63.03429279153443	75.32376381188348	8.837988542072468	14.495836849168516
9.592416924830022	0.01	0.01	0.01	0.007	0.01	0.7864874223233672	0.10460822821416453	0.05307153603464808	0.044110578862810924	0.027246435390410786	113.36961674370694	64.94280313082498	63.23668517467609	75.14217301183902	8.863706963749191	14.139322696551186
9.714525237038421	0.01	0.01	0.01	0.007	0.01	0.7864874223233672	0.10460822821416453	0.05307153604641837	0.04411059521035644	0.027246435387800482	113.59891810330267	64.88786984636322	63.43184822376117	74.9502634886601	8.888413747507204	13.79157425180203
9.83663436117838	0.01	0.01	0.01	0.007	0.01	0.7864874223233672	0.10460822821416453	0.05307153605736681	0.044110610490637615	0.02724643538532227	113.8137830953443	64.82414529508836	63.619962407818555	74.74841967960897	8.912134334930117	13.45237625101183
9.958744208297535	0.01	0.01	0.01	0.007	0.01	0.7864874223233672	0.10460822821416453	0.05307153606753065	0.04411062473990312	0.027246435382969125	114.01459204267181	64.7519122617665	63.80120374741437	74.53701547578281	8.934893540477976	13.121518748563203
10.080854697529109	0.01	0.01	0.01	0.007	0.01	0.7864874223233672	0.10460822821416453	0.053071536076944405	0.04411063799275163	0.02724643538073421	114.20171589515115	64.67144616379582	63.97574396115205	74.31641445167504	8.956715571592222	12.79879691962133
10.202965780353635	0.01	0.01	0.01	0.007	0.01	0.7864874223233672	0.10460822821416453	0.05307153608564098	0.04411065028221417	0.02724643537861156	114.37551648770702	64.58301521265723	64.14375060152307	74.08697007710103	8.977624047308094	12.484010875495578
10.325077392076626	0.01	0.01	0.01	0.007	0.01	0.7864874223233672	0.10460822821416453	0.05307153609365066	0.044110661639862825	0.027246435376595435	114.53634668581645	64.48688062169164	64.3053870863879	73.84902605739913	8.997642003810316	12.176965671714765
10.447189476089981	0.01	0.01	0.01	0.007	0.01	0.7864874223233672	0.10460822821416453	0.05307153610100179	0.04411067209588217	0.027246435374680477	114.68455064125264	64.3832967640788	64.46081283402603	73.60291653867682	9.016791912927692	11.87747112425542
10.569301983872188	0.01	0.01	0.01	0.007	0.01	0.7864874223233672	0.10460822821416453	0.05307153610772105	0.044110681679144136	0.02724643537286158	114.82046400155635	64.27251134032483	64.61018335920836	73.34896634830123	9.035095695687943	11.585341695058633
10.691414858814008	0.01	0.01	0.01	0.007	0.01	0.7864874223233672	0.10460822821416453	0.053071536113833424	0.04411069041728714	0.027246435371134078	114.94441409898633	64.15476555787744	64.75365034841073	73.08749126481572	9.052574733295014	11.300396417492106
10.813528060480236	0.01	0.01	0.01	0.007	0.01	0.7864874223233672	0.10460822821416453	0.05307153611936214	0.04411069833677097	0.02724643536949361	115.0567201791208	64.03029426985692	64.89136178201723	72.81879819777036	9.06924988381895	11.02245872802932
10.935641540348076	0.01	0.01	0.01	0.007	0.01	0.7864874223233672	0.10460822821416453	0.05307153612432929	0.04411070546295028	0.027246435367936046	115.15769357294057	63.899326155283376	65.02346199609732	72.5431854643055	9.085141491459726	10.751356415259195
11.057755257981713	0.01	0.01	0.01	0.007	0.01	0.7864874223233672	0.10460822821416453	0.05307153612875551	0.04411071182012474	0.027246435366457517	115.24763790562604	63.762083856761464	65.15009178971547	72.26094297392513	9.100269401320205	10.48692147688894
11.179869197207003	0.01	0.01	0.01	0.007	0.01	0.7864874223233672	0.10460822821416453	0.053071536132660094	0.04411071743158555	0.027246435365054455	115.32684929190519	63.61878410943493	65.27138852574241	71.97235240258989	9.114652973268743	10.228989984609836
11.301983325675094	0.01	0.01	0.01	0.007	0.01	0.7864874223233672	0.10460822821416453	0.053071536136061324	0.04411072231968651	0.02724643536372342	115.3956164893757	63.46963793236164	65.38748617295974	71.67768749500306	9.128311088785434	9.977402071502128
11.42409761103699	0.01	0.01	0.01	0.007	0.01	0.7864874223233672	0.10460822821416453	0.05307153613897629	0.04411072650588377	0.027246435362461203	115.45422109291151	63.314850754859464	65.49851540673491	71.37721423315037	9.141262164799663	9.732001796956885
11.54621202094358	0.01	0.01	0.01	0.007	0.01	0.7864874223233672	0.10460822821416453	0.05307153614142132	0.0441107300107817	0.027246435361264837	115.50293771053683	63.154622556249464	65.60460368980287	71.07119103580719	9.15352416508531	9.492637050372755
11.668326514958332	0.01	0.01	0.01	0.007	0.01	0.7864874223233672	0.10460822821416453	0.053071536143411174	0.044110732854179144	0.027246435360131396	115.54203413271671	62.98914801328921	65.7058753445196	70.75986897387143	9.165114610631182	9.259159472481604
11.790441084993972	0.01	0.01	0.01	0.007	0.01	0.7864874223233672	0.10460822821416453	0.053071536144960504	0.044110735055086815	0.027246435359058227	115.57177151110521	62.818616577480896	65.80245166248694	70.4434918561273	9.176050594213732	9.031424287349234
11.912555698701201	0.01	0.01	0.01	0.007	0.01	0.7864874223233672	0.10460822821416453	0.05307153614608256	0.04411073663179606	0.027246435358042928	115.59240450225869	62.64321268071248	65.8944509318743	70.12229655782951	9.186348785501819	8.809290322096773
12.034670347992698	0.01	0.01	0.01	0.007	0.01	0.7864874223233672	0.10460822821416453	0.05307153614679014	0.044110737601887225	0.027246435357083064	115.60418143902409	62.46311579419994	65.98198854909077	69.79651307564413	9.196025445741542	8.592619829027056
12.156785024781136	0.01	0.01	0.01	0.007	0.01	0.7864874223233672	0.10460822821416453	0.05307153614709526	0.04411073798227593	0.027246435356176362	115.6073444776706	62.27850058456678	66.06517706977618	69.46636476531	9.205096435485334	8.381278447251086
12.278899696717174	0.01	0.01	0.01	0.007	0.01	0.7864874223233672	0.10460822821416453	0.053071536147009116	0.044110737789258204	0.027246435355320568	115.60212975175945	62.08953707246963	66.1441262633568	69.13206858037309	9.213577222814553	8.175135159892477
12.401014339538811	0.01	0.01	0.01	0.007	0.01	0.7864874223233672	0.10460822821416453	0.05307153614654251	0.04411073703852236	0.02724643535451394	115.58876752380776	61.89639070264668	66.21894320449165	68.79383515350915	9.22148289553081	7.974062155307895
12.523128961333386	0.01	0.01	0.01	0.007	0.01	0.7864874223233672	0.10460822821416453	0.05307153614570543	0.044110735745161986	0.02724643535375446	115.56748232189733	61.6992224175055	66.28973235166058	68.45186889004601	9.228828171720473	7.77793471126077
12.645243545926245	0.01	0.01	0.01	0.007	0.01	0.7864874223233672	0.10460822821416453	0.05307153614450729	0.04411073392373525	0.02724643535304037	115.53849308561273	61.49818885791426	66.35659557660577	68.10636828346014	9.235627405136642	7.586631211713167
12.767358069055433	0.01	0.01	0.01	0.007	0.01	0.7864874223233672	0.10460822821416453	0.05307153614295728	0.04411073158828041	0.027246435352369803	115.50201330597308	61.29344244883846	66.419632239537	67.75752602780162	9.241894595452827	7.400033042274907
12.889472506459033	0.01	0.01	0.01	0.007	0.01	0.7864874223233672	0.10460822821416453	0.05307153614106377	0.044110728752335036	0.02724643535174146	115.45825115878354	61.08513149296772	66.47893925575914	67.4055291466426	9.247643397485891	7.218024503359611
13.011586866224413	0.01	0.01	0.01	0.007	0.01	0.7864874223233672	0.10460822821416453	0.05307153613883471	0.04411072542893842	0.0272464353511535	115.40740962093054	60.873400217845244	66.53461116997508	67.0505590461054	9.252887130987064	7.040492692175929
13.133701148351623	0.01	0.01	0.01	0.007	0.01	0.7864874223233672	0.10460822821416453	0.05307153613627788	0.04411072163067671	0.0272464353506046	115.34968660910671	60.65838894444268	66.58674019352382	66.69279177394016	9.257638786765254	6.867327495262596
13.255815344753413	0.01	0.01	0.01	0.007	0.01	0.7864874223233672	0.10460822821416453	0.053071536133400384	0.04411071736970289	0.027246435350093468	115.28527510685142	60.440234187142636	66.63541626286485	66.33239816097142	9.261911034934336	6.698421518719051
13.377929447342554	0.01	0.01	0.01	0.007	0.01	0.7864874223233672	0.10460822821416453	0.05307153613020881	0.04411071265775072	0.02724643534961861	115.2143632834239	60.21906873639399	66.68072709945518	65.96954393473986	9.2657162331859	6.533670009446806
13.500043431857266	0.01	0.01	0.01	0.007	0.01	0.7864874223233672	0.10460822821416453	0.05307153612670964	0.04411070750616289	0.027246435349179046	115.13713462298874	59.99502178252485	66.72275825885083	65.60438990143219	9.269066434056608	6.3729708112523245
13.622157298297664	0.01	0.01	0.01	0.007	0.01	0.7864874223233672	0.10460822821416453	0.053071536122909095	0.04411070192588305	0.0272464353487734	115.0537680156519	59.768218933608665	66.76159319825281	65.23709195535645	9.27197339360112	6.216224247677576
13.744271038576596	0.01	0.01	0.01	0.007	0.01	0.7864874223233672	0.10460822821416453	0.05307153611881276	0.04411069592749205	0.027246435348400364	114.96443788862283	59.53878236322601	66.79731331610077	64.8678013017229	9.274448577662875	6.063333104142569
13.86638466078145	0.01	0.01	0.01	0.007	0.01	0.7864874223233672	0.10460822821416453	0.05307153611442604	0.04411068952120746	0.027246435348059275	114.86931429877596	59.30683085218189	66.82999800985566	64.49666450704119	9.27650316951538	5.914202537138913
13.988498140650593	0.01	0.01	0.01	0.007	0.01	0.7864874223233672	0.10460822821416453	0.05307153610975409	0.04411068271692863	0.027246435347748933	114.76856307742545	59.072479965532175	66.85972471212902	64.12382376702872	9.27814807597477	5.768740074943524
14.110611486271432	0.01	0.01	0.01	0.007	0.01	0.7864874223233672	0.10460822821416453	0.05307153610480173	0.0441106755242106	0.02724643534746831	114.66234588465392	58.83584201261462	66.88656895610892	63.74941682750489	9.27939393527466	5.626855481253445
14.232724697644114	0.01	0.01	0.01	0.007	0.01	0.7864874223233672	0.10460822821416453	0.053071536099573595	0.044110667952301605	0.027246435347216543	114.55082034206993	58.59702620435525	66.91060441119126	63.37357722161142	9.280251122939946	5.488460749211142
14.354837766681564	0.01	0.01	0.01	0.007	0.01	0.7864874223233672	0.10460822821416453	0.053071536094073744	0.04411066001015617	0.0272464353469928	114.43414013428654	58.35613873291146	66.93190292972031	62.996434382044995	9.280729758377532	5.353470045635996
14.47695070147116	0.01	0.01	0.01	0.007	0.01	0.7864874223233672	0.10460822821416453	0.053071536088306594	0.04411065170643164	0.027246435346796105	114.31245508313053	58.11328280081388	66.95053459597268	62.61811367507268	9.280839711283994	5.221799630847764
14.599063485838649	0.01	0.01	0.01	0.007	0.01	0.7864874223233672	0.10460822821416453	0.053071536082275696	0.04411064304952485	0.027246435346625787	114.18591128191625	57.86855877607051	66.96656776309972	62.238736631755074	9.2805906076918	5.093367850894879
14.721176119784213	0.01	0.01	0.01	0.007	0.01	0.7864874223233672	0.10460822821416453	0.05307153607598489	0.04411063404755728	0.02724643534648097	114.05465114844007	57.622064185215386	66.98006910221372	61.85842092631997	9.27999183605833	4.968095042767195
14.84328860330804	0.01	0.01	0.01	0.007	0.01	0.7864874223233672	0.10460822821416453	0.053071536069437514	0.04411062470839598	0.027246435346360946	113.91881353033924	57.37389381644654	66.99110364084387	61.47728052692584	9.27905255302553	4.845903503076947
14.965400928323144	0.01	0.01	0.01	0.007	0.01	0.7864874223233672	0.10460822821416453	0.053071536062636746	0.04411061503966775	0.02724643534626515	113.77853380254768	57.12413980581273	66.99973480287976	61.095425819319146	9.27778168921891	4.726717447647368
15.087513086742572	0.01	0.01	0.01	0.007	0.01	0.7864874223233672	0.10460822821416453	0.05307153605558567	0.04411060504876405	0.0272464353461927	113.63394394484155	56.872891688875555	67.006024449119	60.71296367753512	9.276187954800696	4.610462955929305
15.2096250866537	0.01	0.01	0.01	0.007	0.01	0.7864874223233672	0.10460822821416453	0.05307153604828713	0.04411059474283914	0.027246435346143065	113.4851726055208	56.62023643328251	67.010032916082	60.329997506518865	9.274279844617917	4.497067910350773
15.331736952318149	0.01	0.01	0.01	0.007	0.01	0.7864874223233672	0.10460822821416453	0.05307153604074398	0.044110584128817985	0.02724643534611567	113.33234518036585	56.366258502406794	67.01181905204712	59.946627332909216	9.272065643290437	4.386461953450183
15.453848659474678	0.01	0.01	0.01	0.007	0.01	0.7864874223233672	0.10460822821416453	0.05307153603295846	0.04411057321344725	0.027246435346109876	113.17558397390391	56.1110400530828	67.0114402530413	59.56295009705776	9.269553431593433	4.278576502424228
15.575960208123492	0.01	0.01	0.01	0.007	0.01	0.7864874223233672	0.10460822821416453	0.053071536024933155	0.044110562003254986	0.027246435346125173	113.01500818799443	55.854660846225165	67.0089525006875	59.179059511219656	9.266751090322547	4.173344639281683
15.69807159017769	0.01	0.01	0.01	0.007	0.01	0.7864874223233672	0.10460822821416453	0.05307153601667012	0.04411055050457965	0.027246435346160933	112.8507340377763	55.59719837382937	67.00441039637545	58.79504624537674	9.263666305767838	4.070701098852356
15.82018282989879	0.01	0.01	0.01	0.007	0.01	0.7864874223233672	0.10460822821416453	0.05307153600817159	0.044110538723550474	0.027246435346216548	112.68287477060646	55.33872783191325	66.9978671933909	58.41099788227814	9.260306573437827	3.970582194725064
15.942293903025696	0.01	0.01	0.01	0.007	0.01	0.7864874223233672	0.10460822821416453	0.053071535999439555	0.044110526666147065	0.02724643534629189	112.51154084816967	55.07932234828721	66.98937483372406	58.026999251912976	9.256679204867904	3.872925846884508
16.0	0.01	0.01	0.01	0.007	0.01	0.7864874223233673	0.10460822821416453	0.05307153599523284	0.04411052967773527	0.027246435346334093	112.42939537842699	54.95642995128255	66.98469796265253	57.845573522176366	9.254873943797593	3.8276156985001415
