0.0	0.01	0.01	0.01	0.007	0.01	0.0	0.0	0.0	0.0	0.0	0.0	0.0	0.0	0.0	0.0	100.0
0.0033349828335682936	0.01	0.01	0.01	0.007	0.01	0.01056866621596761	0.0026259904347274614	0.003308451590325295	0.003935744029109758	0.0054524265711411715	0.0006235107691631462	0.0009050441319890139	0.0020409320799268803	0.004637328514294811	0.0005200960772174594	99.92064782224152
0.005242396727580816	0.01	0.01	0.01	0.007	0.01	0.016552114307141763	0.004097186830126007	0.005105001043463826	0.005998749657218597	0.008444875512551752	0.001536110127483613	0.002224164444497702	0.004978839628139326	0.01121401067163428	0.0012719845186753094	99.87529135598646
0.008162491514986865	0.01	0.01	0.01	0.007	0.01	0.025626903696853175	0.006307084945996759	0.007727534197692301	0.008914878314592114	0.012856203467076301	0.003707068489152249	0.005347224470739702	0.011837280143201923	0.026314797594838388	0.003035754703414194	99.80589419598475
0.010810817463983224	0.01	0.01	0.01	0.007	0.01	0.033768656705942174	0.008267834181159192	0.009978673591425105	0.011326316582217735	0.016686671525165005	0.006476087955199795	0.009309492289432914	0.020404292011520643	0.044839353289017475	0.005250778972954683	99.74299742339957
0.013894344627821232	0.01	0.01	0.01	0.007	0.01	0.04314351064419154	0.010499857424573121	0.012455599352220258	0.013879906516040893	0.02095266636891228	0.01064616074667311	0.01524363034732681	0.03303050883772846	0.07164541789032272	0.008533567653550513	99.6698147219504
0.01701516569474671	0.01	0.01	0.01	0.007	0.01	0.052518203314977974	0.012704354508226798	0.014813502053104537	0.016211891505486735	0.02506907073301138	0.01588877769957117	0.02265994297949444	0.04854374108815878	0.10395676697422557	0.012591183865027996	99.59580158092479
0.020375917389959274	0.01	0.01	0.01	0.007	0.01	0.06248745979354059	0.015018518832508466	0.01719530370624338	0.01846757575013487	0.029289110399918748	0.02266721326006202	0.032189894375183645	0.06813113205858531	0.14397264024494597	0.017746655190837766	99.5161597247706
0.023857710982364774	0.01	0.01	0.01	0.007	0.01	0.0726795470881331	0.017352297978325732	0.019501684625906304	0.020554073877235443	0.03344337005099739	0.030909508437905176	0.043703292159213925	0.09136803865842763	0.19052052743419343	0.02390348953383795	99.43371662922222
0.02751855019049548	0.01	0.01	0.01	0.007	0.01	0.08324825184386991	0.019738040963178438	0.02176155564763502	0.022503103678234788	0.037588926814361566	0.04089248549472397	0.057555103604839855	0.1188070395643478	0.24441285183058445	0.031224862007869097	99.34710768716458
0.03132526072471071	0.01	0.01	0.01	0.007	0.01	0.09407998851493919	0.02214696577711411	0.023944451235873965	0.024293993895266854	0.0416755198004675	0.05268048620325019	0.07379822932170992	0.15037251014721248	0.305197034094025	0.039710059000956546	99.25712769523878
0.03529671627575165	0.01	0.01	0.01	0.007	0.01	0.10521122369414079	0.024584341573787506	0.026053477945132766	0.025936545991379286	0.045712621107797884	0.06648067489402536	0.09267802499733353	0.18635151657821053	0.3731303413597442	0.0494578201336363	99.16334045348623
0.039426755148618445	0.01	0.01	0.01	0.007	0.01	0.11660639150431638	0.02703946527585999	0.028078123849553174	0.02743019268357912	0.04967985241400405	0.08242876553791811	0.11433521743884315	0.22680904016591874	0.44804166785352073	0.06050953545976905	99.06590221010885
0.04372483445321161	0.01	0.01	0.01	0.007	0.01	0.1282728414538173	0.029511085151775057	0.030016919358550918	0.02878209534681589	0.053564131171017285	0.10072127421049289	0.13898699144170745	0.27193686055567007	0.5300013013720909	0.07294191256680885	98.96460112494582
0.04819406478687913	0.01	0.01	0.01	0.007	0.01	0.14019922911350435	0.03199392109687821	0.031865757109871364	0.029997841170589724	0.057327574811143686	0.12153947524386156	0.1668224580812083	0.3218548621320311	0.618949650827309	0.08680946380894053	98.8593760495781
0.052843478369520316	0.01	0.01	0.01	0.007	0.01	0.1523888502375595	0.034485764892333334	0.033623546753547326	0.03108532574769116	0.06090484484691333	0.1451011517629083	0.19807172666676626	0.37673761806531386	0.7149306307077262	0.10217195584943867	98.75002741546943
0.05767461081345775	0.01	0.01	0.01	0.007	0.01	0.1648240237073217	0.03698013043804956	0.03528683967581953	0.03205112665259847	0.064180042124112	0.17159628417062225	0.2329195866546166	0.4366613838816003	0.817824194574385	0.1190392944393063	98.63653310384903
0.06265380926460028	0.01	0.01	0.01	0.007	0.01	0.17739865391740117	0.03945353306815572	0.036842855497140045	0.0328972530585784	0.06698173558125509	0.20100167037216457	0.2712662696197956	0.5012153813376159	0.92671303364979	0.1372454481354342	98.51969688062695
0.06776398919422158	0.01	0.01	0.01	0.007	0.01	0.19005387281631486	0.041893131994904305	0.038288387955415934	0.033632005221544144	0.06916623596972522	0.23334395700435978	0.31307814580354304	0.5701252117240103	1.0409765410531377	0.15661541515561853	98.3999310958049
0.07308858486490509	0.01	0.01	0.01	0.007	0.01	0.202975790160547	0.04433277383662927	0.039647140983776516	0.034276109004457364	0.07068719168076482	0.26931879334588826	0.35917498936418196	0.6444977910334833	1.1622801876109747	0.17731833897811805	98.27529499482326
0.07866520972552189	0.01	0.01	0.01	0.007	0.01	0.21622608854140093	0.04678054568026536	0.04092502288298944	0.03483930896016997	0.07155212331865787	0.30942427731388916	0.41009584941473504	0.7249048673416918	1.2913450838367786	0.199337273854843	98.14492874041198
0.0844721098845819	0.01	0.01	0.01	0.007	0.01	0.22972211748388774	0.04921767717262704	0.042114236181340324	0.03532503262863481	0.07184704892209486	0.35375728427433145	0.4658549425413263	0.8110617289361319	1.4275219069220089	0.2224144195348502	98.0093630705094
0.09050291513982826	0.01	0.01	0.01	0.007	0.01	0.24342025793076516	0.051633517959485925	0.043213088505110145	0.035739712038666153	0.07171272737045431	0.40250172374198456	0.5265709722804123	0.9028589477809768	1.5704897840121315	0.24636777632975176	97.86876841811474
0.09679074005503562	0.01	0.01	0.01	0.007	0.01	0.2573648645353653	0.0540330688171761	0.044227594182892266	0.03609231616779415	0.07128586008980978	0.45617259088356205	0.5927616193627365	1.0007772226190008	1.7208655276264828	0.2712021230315926	97.72239668583808
0.10339615264281192	0.01	0.01	0.01	0.007	0.01	0.2716518730569524	0.056429055195666517	0.045165991461614784	0.036391563904315	0.07067112133709588	0.5155946768471995	0.6652970507833372	1.1057591300628233	1.8799496897971373	0.29705624263066394	97.56886772963922
0.11036602533812336	0.01	0.01	0.01	0.007	0.01	0.2863352914527538	0.058825672284145064	0.04603200792770059	0.03664380914624833	0.06994431006559977	0.5815689373531261	0.7449786493007289	1.2185683029676038	2.0487359152742814	0.3240312964172651	97.40712919073859
0.1177343768962517	0.01	0.01	0.01	0.007	0.01	0.30143229975869384	0.06122025395625672	0.04682674041439355	0.03685417741140956	0.06916011817679278	0.6548510745331262	0.8325140173498004	1.3397720841877412	2.227911274911842	0.352190274436676	97.23643533194888
0.12552599541942303	0.01	0.01	0.01	0.007	0.01	0.31693381462354697	0.06360569103044339	0.04755036070590508	0.037027309090788	0.06835790918381286	0.7361600400076591	0.9285291720981872	1.4697786144553293	2.4179336531370885	0.3815706072213596	97.05626152577062
0.13376608716656743	0.01	0.01	0.01	0.007	0.01	0.33282550063758465	0.0659741362049616	0.048203669097464076	0.03716778399542478	0.06756519262628786	0.8262624188954931	1.0336685603906066	1.6089866036713434	2.6192638184910257	0.4122195631110924	96.86608041695582
0.14248275678907482	0.01	0.01	0.01	0.007	0.01	0.3490922454093139	0.06831778147922266	0.04878830471202636	0.03728007555301576	0.06680079278629092	0.9260007204908176	1.148624018483609	1.7578264051935735	2.832426695822426	0.44420140473837977	96.6653054993324
0.15170832739211934	0.01	0.01	0.01	0.007	0.01	0.36571967931069993	0.070629103033029	0.04930670792174069	0.0373684488196581	0.06607728466787964	1.036314599714176	1.2741533715536146	1.9167837648297859	3.058044147686588	0.4776001994813997	96.45326212162442
0.16147883313484263	0.01	0.01	0.01	0.007	0.01	0.3826920766958917	0.07290058419484968	0.04976194425713056	0.037436858881331685	0.0654028576679438	1.1582424981430683	1.4110753448152564	2.086392371416506	3.2968221397963218	0.5125162361525232	96.22920092164132
0.17183385223389572	0.01	0.01	0.01	0.007	0.01	0.39999102752082843	0.0751246006161124	0.050157592375074035	0.0374888920412852	0.06478255808545012	1.2929256708435382	1.5602670176033133	2.2672313849170846	3.549545315952546	0.5490641483715802	95.9923035315381
0.18281610585826508	0.01	0.01	0.01	0.007	0.01	0.41759384963019475	0.07729331849046284	0.05049764450864172	0.037527732367197406	0.06421913006083907	1.4416076651311687	1.722656138451088	2.459918375926594	3.817065146608675	0.5873705205462432	95.74169377871993
0.19447130980340277	0.01	0.01	0.01	0.007	0.01	0.4354726128125853	0.07939871792324685	0.05078642961365019	0.037556150219689916	0.06371355844723148	1.6056351066458638	1.8992151674035012	2.6651063440483735	4.100293678115194	0.6275726033491447	95.47644322381184
0.20684807495736568	0.01	0.01	0.01	0.007	0.01	0.45359339241993213	0.08143267747148931	0.051028534689225094	0.037576505851787054	0.063265434185074	1.7864574488407206	2.090954574799162	2.8834814903455266	4.40019793796541	0.6698172843011592	95.19557576736617
0.21999803432051013	0.01	0.01	0.01	0.007	0.01	0.47191599837470943	0.08338713618594885	0.051228720768194236	0.03759076567873008	0.06287320799271244	1.9856283684582927	2.298918444469892	3.115764949685328	4.717799293276964	0.7142608327476937	94.89806734166825
0.2339761058839007	0.01	0.01	0.01	0.007	0.01	0.49039397696098513	0.08525429312158038	0.051391826574454624	0.03760052873706955	0.06253438840067368	2.20480797659252	2.524181508932059	3.362716865321478	5.054175465799359	0.7610690212362183	94.58284285878612
0.24884085852369672	0.01	0.01	0.01	0.007	0.01	0.5089748016438417	0.08702682318518372	0.05152266195140173	0.0376070615219492	0.062245715433215325	2.4457655730231487	2.767847413401926	3.625142081143828	5.410464317849953	0.8104174657587837	94.24877125751468
0.26465478028612205	0.01	0.01	0.01	0.007	0.01	0.5275999960237191	0.08869807625412127	0.05162589641917027	0.03761133895032346	0.06200332896158321	2.710379659885388	3.0310450726574003	3.903893708884702	5.787864539258257	0.8624915024322487	93.8946632395709
0.28148420622562204	0.01	0.01	0.01	0.007	0.01	0.5462050038822956	0.090262243634026	0.05170595247806004	0.03761408884035377	0.06180293704196798	3.000630341876247	3.3149188803496594	4.199870126521144	6.187627534696055	0.9174848325370648	93.51927710015498
0.2993986861408487	0.01	0.01	0.01	0.007	0.01	0.5647187844714534	0.09171449633945199	0.05176691402200965	0.03761583702673264	0.06163998133023103	3.318578722953397	3.620608673720512	4.51400153420104	6.61103561373274	0.9755962891912601	93.12133735116703
0.3184697356134031	0.01	0.01	0.01	0.007	0.01	0.5830633800253439	0.09305111885167985	0.05181245791612286	0.03761695035700674	0.06150979353245173	3.666330255090887	3.9492182154103674	4.847225280626716	7.059365701010024	1.0370246373534264	92.69956701083017
0.3387692183625212	0.01	0.01	0.01	0.007	0.01	0.6011539711030303	0.09426966737861127	0.051845812403111195	0.037617675355261386	0.06140773809606186	4.045984952696037	4.301776705575849	5.200454661468736	7.533845059741805	1.101962298700718	92.25272760018952
0.3603678849552366	0.01	0.01	0.01	0.007	0.01	0.6188999721775555	0.0953691607344545	0.05186974139740198	0.03761817114164442	0.061329339689817436	4.459584223441822	4.679203407550438	5.574550663373183	8.035611786922935	1.170589737157611	91.77965493748243
0.3833346910605671	0.01	0.01	0.01	0.007	0.01	0.6362074537684138	0.0963502755183077	0.051886550958773134	0.03761853604037556	0.06127039549074957	4.9090683387367875	5.082287720659943	5.970307507092892	8.565694543875978	1.243072478854105	91.27927709936364
0.4077372485385865	0.01	0.01	0.01	0.007	0.01	0.652982638440813	0.09721548415990536	0.05189811357660966	0.03761882801141016	0.061227070658002626	5.396255293162809	5.511692165959942	6.388457709887032	9.125018984586202	1.3195618055406184	90.75060737938924
0.4336433347750813	0.01	0.01	0.01	0.007	0.01	0.669135798880033	0.0979690747407912	0.05190590640738866	0.03761907953328087	0.06119597182524572	5.922843627387284	5.967977354406984	6.829694691658312	9.714437975595608	1.4001987671472398	90.19271476742402
0.46112296342304326	0.01	0.01	0.01	0.007	0.01	0.6845847648101258	0.09861702206651957	0.0519110597584275	0.037619307851497065	0.06117419207940846	6.4904318167052555	6.4516394584024175	7.294703717076587	10.334773026135837	1.4851198419625884	89.6046836155608
0.4902503883749874	0.01	0.01	0.01	0.007	0.01	0.699257507235894	0.09916672423651329	0.05191441166166471	0.03761952162201827	0.061159323353498246	7.100541742013172	6.9631476604456815	7.78419007889995	10.986851890413686	1.5744622177391998	88.98557657630037
0.5211054726832881	0.01	0.01	0.01	0.007	0.01	0.7130936421828583	0.09962664983759971	0.05191656391151585	0.037619724949338594	0.06114943743541271	7.754632980735861	7.502970083987357	8.298894965616498	11.671529466911707	1.6683669290525893	88.3344129965451
0.55377408116196	0.01	0.01	0.01	0.007	0.01	0.7260450330155418	0.10000595074501753	0.051917935193672625	0.03761991968041734	0.061143041852218624	8.454098472363775	8.071581282182324	8.839593799542932	12.38968504386193	1.76697886437455	87.65016948235932
0.5883472990272591	0.01	0.01	0.01	0.007	0.01	0.7380758023342194	0.10031408585715794	0.05191880798608387	0.037620106618467535	0.06113901975295265	9.200235382172483	8.669447745529476	9.407074644993601	13.14219282054921	1.8704431658635172	86.93180578921725
0.6249195565776926	0.01	0.01	0.01	0.007	0.01	0.7491621195538627	0.10056048614444041	0.05191936740346943	0.037620286119117	0.061136563091097086	9.994191951406911	9.296993572191449	10.002099165969167	13.929869232869027	1.9788984412633297	86.17831299933559
0.6635858981260242	0.01	0.01	0.01	0.007	0.01	0.7592920229815103	0.10075427454209075	0.051919731571872074	0.037620458360979867	0.06113510679561544	10.836896008512658	9.954551715588856	10.625351258975776	14.753404174784894	2.092467700880806	85.38877756961084
0.7044390049262607	0.01	0.01	0.01	0.007	0.01	0.7684654334578063	0.1009040436669782	0.051919974172432125	0.03762062345982354	0.06113426918608821	11.72898023939263	10.642312626561207	11.27738429434745	15.613290864002142	2.211249002207657	84.56244744411377
0.7475668998803277	0.01	0.01	0.01	0.007	0.01	0.7766943427345184	0.10101768782405743	0.051920140385457565	0.03762078151595512	0.06113380150753078	12.670727013051286	11.360286736753958	11.9585822583101	16.50977467627092	2.3353085856124967	83.69878085041584
0.793052387819529	0.01	0.01	0.01	0.007	0.01	0.7840029755188421	0.1011022840817955	0.05192025766859087	0.03762093263751673	0.061133547531463564	13.662057810656869	12.108297755383202	12.669150802986309	17.44284188223542	2.4646794158902763	82.79745742011464
0.8409749176548861	0.01	0.01	0.01	0.007	0.01	0.7904275856666918	0.10116401869492145	0.05192034273861474	0.03762107695625474	0.06113341282873214	14.702582272471282	12.886015651457457	13.409146887768097	18.412259182707952	2.599366707733463	81.85834047970907
0.8914148392884295	0.01	0.01	0.01	0.007	0.01	0.7960155723948599	0.10120815779444373	0.05192040591794361	0.0376212146393955	0.061133342521416854	15.791703440318145	13.693025008466934	14.178543469250178	19.417658596639733	2.739359783948119	80.88139481249968
0.9444592271019344	0.01	0.01	0.01	0.007	0.01	0.8008237877880247	0.10123906172916658	0.05192045374677545	0.03762134589627024	0.06113330595172372	16.92875600819555	14.528911318837368	14.97731324956068	20.45864593126199	2.8846473495579152	79.86657999045205
1.0002081460806065	0.01	0.01	0.01	0.007	0.01	0.8049161783880212	0.10126023970055957	0.051920490510176706	0.03762147097845223	0.06113328663998722	18.113147397627664	15.393344408757295	15.805512000073609	21.534906779500353	3.0352326335774493	78.81374387208443
1.0587805365619978	0.01	0.01	0.01	0.007	0.01	0.8083610961301405	0.10127443656649805	0.051920519117071136	0.0376215901741688	0.06113327604005485	19.34447909217601	16.286144848110162	16.663347938301257	22.64629215747079	3.191145940219958	77.72253337519666
1.12031934957741	0.01	0.01	0.01	0.007	0.01	0.8112286400079431	0.10128373984479899	0.0519205416067012	0.03762170379904311	0.06113326985402619	20.62263732771069	17.207327761802535	17.551231526816828	23.79287646212837	3.352453590139298	76.59232966902388
1.1849961567672764	0.01	0.01	0.01	0.007	0.01	0.8135883084692282	0.10128969410329863	0.05192055944635624	0.03762181218575022	0.06113326596663439	21.94785629790807	18.15712799990246	18.46980913778389	24.97499230326885	3.519263882293934	75.42220341275984
1.2530154938474063	0.01	0.01	0.01	0.007	0.01	0.815507100099722	0.10129341180050179	0.051920573712817955	0.03762191567414754	0.06113326334355071	23.320758378362466	19.136010685367623	19.419984208335627	26.193246913482046	3.691730737245479	74.21088541898568
1.324619501643588	0.01	0.01	0.01	0.007	0.01	0.8170481029822164	0.10129567310219573	0.05192058520801663	0.03762201460305004	0.06113326147058945	24.74238194497766	20.144674763035518	20.402933214640026	27.448529434519006	3.870056351024966	72.95674336783559
1.4000931710403863	0.01	0.01	0.01	0.007	0.01	0.8182695339241811	0.10129701069800073	0.051920594535999495	0.037622109303685945	0.061133260080055526	26.214201117323732	21.184052140392875	21.4201191990369	28.74201221712825	4.054493349259103	71.65776099466824
1.4797706566363864	0.01	0.01	0.01	0.007	0.01	0.8192241641624145	0.10129777851807999	0.051920602156018354	0.03762220009469618	0.06113325902181605	27.738143680185146	22.25530606500232	22.473306861169725	30.07515066211381	4.245347157865644	70.31151449118231
1.564042893202701	0.01	0.01	0.01	0.007	0.01	0.8199590549575733	0.1012982051656635	0.0519206084200929	0.037622287277821666	0.06113325820394267	29.316607250608598	23.359827794346675	23.564579003847314	31.449680467945374	4.442978535459672	68.91514618110499
1.6533665543099072	0.01	0.01	0.01	0.007	0.01	0.8205155328706686	0.10129843396503588	0.051920613600057786	0.03762237113261702	0.0611332575654567	30.952468708128205	24.49922700661848	24.696350749340247	32.86760668493016	4.6478055968410645	67.46533979639734
1.7482733906590795	0.01	0.01	0.01	0.007	0.01	0.8209293429700256	0.10129855196283265	0.051920617907244906	0.03762245190576404	0.06113325706345206	32.649063177536334	25.675298452378275	25.871365075906645	34.33116286759608	4.860302327887585	65.9583181518967
1.8493739012164858	0.01	0.01	0.01	0.007	0.01	0.8212309244577344	0.10129861023864993	0.051920621506798346	0.03762252977985822	0.06113325666660232	34.41002412262376	26.88988955454357	27.092594373076572	35.84264669264955	5.080979973511026	64.38995977656235
1.957323907446319	0.01	0.01	0.01	0.007	0.01	0.821445751487366	0.10129863765824564	0.051920624527602204	0.037622604761529094	0.06113325635160559	36.23847571554229	28.144322920269484	28.362693336485847	37.40370148299056	5.310287358638933	62.756491740320286
2.072557389835665	0.01	0.01	0.01	0.007	0.01	0.8215946197126418	0.1012986498645154	0.05192062706625261	0.03762267621380167	0.061133256101304885	38.132527731723144	29.43631717616943	29.6808720079561	39.01148447023208	5.548046481313341	61.05851258123333
2.193551628039578	0.01	0.01	0.01	0.007	0.01	0.8216935388751638	0.10129865493883486	0.05192062917286004	0.037622741116047645	0.06113325590491502	40.05864101825928	30.742069838988595	31.024273603553613	40.636370879868174	5.7901013208581045	59.325069630181844
2.312315032565373	0.01	0.01	0.01	0.007	0.01	0.8217544928462366	0.10129865687466373	0.05192063082923776	0.03762279460634	0.06113325575866623	41.888492208954766	31.974595570291058	32.30351183694992	42.17011278529693	6.0203426631267805	57.671455029588024
2.4224725922286163	0.01	0.01	0.01	0.007	0.01	0.8217907071427314	0.10129865760029061	0.05192063208825752	0.03762284223444213	0.06113325565279813	43.53337847813297	33.07554258244446	33.45612318309323	43.54009891269604	6.227569696560213	56.178896333445635
2.5261734799708124	0.01	0.01	0.01	0.007	0.01	0.8218132001560642	0.1012986578935965	0.051920633081682196	0.03762288986160745	0.06113325557273438	45.03697919593617	34.07581486498381	34.512115548379114	44.78478817517719	6.417229022038023	54.80913721634992
2.6275043957943214	0.01	0.01	0.01	0.007	0.01	0.821827960207986	0.10129865802128782	0.05192063390857456	0.037622935135749255	0.061133255508622905	46.46521176623797	35.02025404021486	35.51742372169118	45.959980857246485	6.597601129624307	53.50294991424513
2.7293750105214802	0.01	0.01	0.01	0.007	0.01	0.8218379643484974	0.10129865807898099	0.05192063462338515	0.03762297651932479	0.061133255455200056	47.861179962149826	35.93771094096615	36.502270446446175	47.10157651433597	6.774118646029743	52.22118200266185
2.833026237217718	0.01	0.01	0.01	0.007	0.01	0.8218447972390291	0.10129865810514005	0.051920635252220786	0.037623014414492825	0.06113325540984338	49.24150916317526	36.83910365856928	37.478405009962955	48.22315886156038	6.948886061420187	50.94852250530888
2.938416783027804	0.01	0.01	0.01	0.007	0.01	0.8218494291888127	0.10129865811682981	0.051920635807378795	0.037623049403508274	0.06113325537116057	50.604609653048	37.723286037330084	38.44476155776436	49.32329955862897	7.121707937265344	49.68630326168245
3.044835782388648	0.01	0.01	0.01	0.007	0.01	0.8218525304723648	0.10129865812195948	0.05192063629625285	0.037623081874501585	0.06113325533821661	51.9407183261743	38.58388533819569	39.39444850193992	50.394067379933105	7.291349397452631	48.4434940303702
3.15149789049327	0.01	0.01	0.01	0.007	0.01	0.821854586248996	0.10129865812418179	0.05192063672570886	0.03762311217137724	0.06113325531019118	53.24027667778596	39.4148378183328	40.32064686603337	51.427916408370464	7.456594333350452	47.22903820232008
3.257902739701322	0.01	0.01	0.01	0.007	0.01	0.8218559425422967	0.10129865812513987	0.05192063710321874	0.037623140632342414	0.061133255286299544	54.498197589804285	40.213096266636285	41.2196592003647	52.42105468967738	7.61678875301847	46.04784792362276
3.3639043648817895	0.01	0.01	0.01	0.007	0.01	0.821856837246309	0.10129865812555333	0.05192063743637194	0.037623167509635035	0.06113325526582157	55.71408226095197	40.97866738263691	42.09110538541066	53.373490268461715	7.771872423896482	44.900508391011286
3.4695966401129676	0.01	0.01	0.01	0.007	0.01	0.8218574287953421	0.10129865812573248	0.05192063773209421	0.03762319293491512	0.06113325524814247	56.890318920434986	41.71331616736294	42.93660045114509	54.287418793852666	7.922140349126849	43.784980266450155
3.575155685580843	0.01	0.01	0.01	0.007	0.01	0.82185782090425	0.10129865812581029	0.0519206379961965	0.0376232169677704	0.061133255232767095	58.03000178223612	42.41921069889665	43.75828179859676	55.16553721828218	8.06797917631069	42.69852089841007
3.6807272979871275	0.01	0.01	0.01	0.007	0.01	0.8218580812390401	0.10129865812584424	0.05192063823332233	0.037623239657225395	0.06113325521930759	59.135648691338886	43.098116903934745	44.55788945787925	56.010042009453514	8.209703574142498	41.638895852101406
3.7863827126370166	0.01	0.01	0.01	0.007	0.01	0.821858254170293	0.101298658125859	0.05192063844713471	0.03762326107044067	0.0611332552074623	60.20882159460375	43.751181127856746	45.336485310224326	56.82235876604482	8.347506968214882	40.60475694093209
3.8921261662117237	0.01	0.01	0.01	0.007	0.01	0.8218583690087443	0.10129865812586547	0.05192063864057123	0.03762328129305423	0.061133255196991865	61.25032531328718	44.37907377735252	46.094587928227384	57.60332103650165	8.481486149963898	39.59547200791394
3.997925684197648	0.01	0.01	0.01	0.007	0.01	0.8218584452247808	0.10129865812586825	0.05192063881606313	0.037623300418376325	0.06113325518770157	62.260602168348754	44.982244456115886	46.832452626087054	58.35348777812177	8.611691339836097	38.610758915177954
4.103743488953474	0.01	0.01	0.01	0.007	0.01	0.8218584957822617	0.10129865812586944	0.051920638975685	0.03762331853602859	0.06113325517942936	63.24006209863154	45.56112663335454	47.55030936639619	59.07339796609276	8.738168422256493	37.65037109597226
4.209554029677564	0.01	0.01	0.01	0.007	0.01	0.8218585293103554	0.10129865812586997	0.05192063912123923	0.03762333572456166	0.061133255172038214	64.18924808089339	46.116235028554634	48.24848414464996	59.763691703425714	8.860980321466842	36.71393504179204
4.3153483111678606	0.01	0.01	0.01	0.007	0.01	0.8218585515442057	0.10129865812587018	0.051920639254300974	0.037623352049342626	0.06113325516541154	65.10885407226023	46.64817183574359	48.92741399322517	60.42511792605562	8.98020949965639	35.80092848411938
4.421129368882628	0.01	0.01	0.01	0.007	0.01	0.8218585662896535	0.10129865812587026	0.05192063937624418	0.037623367564615554	0.0611332551594505	65.9996640159377	47.15758696512208	49.58760386555239	61.05848492533764	9.095950235618734	34.91073657175549
4.526905056375063	0.01	0.01	0.01	0.007	0.01	0.821858576069896	0.10129865812587031	0.05192063948826259	0.03762338231728197	0.06113325515407115	66.86247812536479	47.64513318185901	50.229573178351274	61.66460454348577	9.208299161222167	34.04272284317981
4.632682441966626	0.01	0.01	0.01	0.007	0.01	0.8218585825573425	0.10129865812587034	0.051920639591392516	0.03762339635019243	0.061133255149201995	67.6980638951472	48.11143777208619	50.85381966012177	62.24425693922902	9.317348911286444	33.19627782016998
4.738465196738183	0.01	0.01	0.01	0.007	0.01	0.8218585868606985	0.10129865812587034	0.051920639686533994	0.03762340970402371	0.06113325514478217	68.50713839628675	48.55709337414749	51.460805833661695	62.79817919466282	9.423185784565222	32.37083760299029
4.844253699310641	0.01	0.01	0.01	0.007	0.01	0.8218585897152179	0.10129865812587034	0.051920639774472165	0.03762342241772833	0.06113325514075966	69.29037403288348	48.98266232940002	52.05096283651745	63.32707073308081	9.525890448256716	31.565879136607414
4.950046415516869	0.01	0.01	0.01	0.007	0.01	0.8218585916086246	0.10129865812587034	0.05192063985589604	0.03762343452823192	0.061133255137089525	70.04841279121297	49.38868540598973	52.62470074023326	63.83160416965147	9.625539765872045	30.780906521753234
5.055841383619873	0.01	0.01	0.01	0.007	0.01	0.8218585928644846	0.10129865812587034	0.05192063993141309	0.037623446069978216	0.061133255133733175	70.7818789927455	49.77568916600521	53.18241797658023	64.31243447054786	9.722208451683857	30.01543832614285
5.161637174295175	0.01	0.01	0.01	0.007	0.01	0.8218585936974557	0.10129865812587034	0.05192064000156118	0.037623457074673516	0.0611332551306567	71.49138641223288	50.1441898617584	53.72450669617544	64.770203794036	9.815970003555579	29.269000276934456
5.267433170964283	0.01	0.01	0.01	0.007	0.01	0.8218585942499342	0.10129865812587034	0.05192064006681816	0.03762346757134691	0.06113325512783085	72.17753976452931	50.494694135795825	54.251353944460625	65.205542357642	9.906896903190937	28.541123601030648
5.373229380634217	0.01	0.01	0.01	0.007	0.01	0.821858594616372	0.10129865812587034	0.051920640127609566	0.037623477586640426	0.0611332551252298	72.84093298005381	50.82769804028812	54.76334039048091	65.61906721730391	9.995060392602985	27.831346728648274
5.479026097584865	0.01	0.01	0.01	0.007	0.01	0.8218585948594166	0.10129865812587034	0.05192064018431479	0.03762348714516635	0.06113325512283095	73.482146898827	51.143685858754495	55.2608385657784	66.011380802224	10.080530169319541	27.13921771361261
5.584823609094422	0.01	0.01	0.01	0.007	0.01	0.821858595020619	0.10129865812587034	0.05192064023727349	0.037623496269832434	0.06113325512061463	74.10174765513727	51.44312938925603	55.744211585363345	66.38307002430562	10.16337416844531	26.464296032300712
5.690622041291363	0.01	0.01	0.01	0.007	0.01	0.8218585951275384	0.10129865812587034	0.051920640286789825	0.037623504982077165	0.06113325511856318	74.70028620130294	51.72648786776451	56.213812717029626	66.73470618354672	10.243658493137708	25.80615323511566
5.796421366156205	0.01	0.01	0.01	0.007	0.01	0.8218585951984536	0.10129865812587034	0.051920640333137105	0.03762351330200127	0.06113325511666118	75.27829886345472	51.99420841371211	56.66998574485732	67.0668455220175	10.32144748202082	25.164372499299105
5.902221457571881	0.01	0.01	0.01	0.007	0.01	0.8218585952454887	0.10129865812587034	0.0519206403765615	0.037623521248456665	0.06113325511489491	75.83630812240352	52.246726565316656	57.11306551642262	67.38002988907414	10.396803807483266	24.53854791797885
6.00802218241178	0.01	0.01	0.01	0.007	0.01	0.8218585952766847	0.10129865812587034	0.05192064041728497	0.03762352883910207	0.061133255113252336	76.3748234887233	52.48446682825432	57.54337857769066	67.67478742272401	10.469788587945228	23.92828365386013
6.113823421561017	0.01	0.01	0.01	0.007	0.01	0.8218585952973757	0.10129865812587034	0.0519206404555084	0.0376235360904867	0.061133255111722344	76.89434192808068	52.707842995230905	57.96124346211896	67.95163294648404	10.540461440483623	23.33319357114037
6.219625111959062	0.01	0.01	0.01	0.007	0.01	0.8218585953110988	0.10129865812587034	0.0519206404914139	0.03762354301811264	0.0611332551102953	77.39534835429538	52.91725848236575	58.36697103964133	68.21106838690244	10.60888054319369	22.75290077736919
6.325427197551639	0.01	0.01	0.01	0.007	0.01	0.8218585953202007	0.10129865812587034	0.05192064052516696	0.03762354963654105	0.06113325510896252	77.87831566515045	53.11310646511428	58.760864499446654	68.45358294260444	10.675102635502427	22.187037685483837
6.431229657319087	0.01	0.01	0.01	0.007	0.01	0.8218585953262376	0.10129865812587034	0.051920640556917606	0.03762355595944721	0.061133255107716195	78.34370515544146	53.295770175377434	59.14321963645756	68.67965345312787	10.739183069828815	21.63524564316801
6.537032477248591	0.01	0.01	0.01	0.007	0.01	0.8218585953302414	0.10129865812587034	0.05192064058680316	0.037623561999701176	0.06113325510654948	78.79196666322395	53.46562308596638	59.51432492205799	68.88974462822652	10.80117582684151	21.097174870595243
6.642835643327195	0.01	0.01	0.01	0.007	0.01	0.821858595332897	0.10129865812587034	0.051920640614948645	0.037623567769431314	0.06113325510545573	79.22353882134725	53.623029140275804	59.874461659313305	69.08430933324395	10.86113354502382	20.572484278114747
6.748639134534698	0.01	0.01	0.01	0.007	0.01	0.8218585953346582	0.10129865812587034	0.05192064064146843	0.03762357328008224	0.06113325510442951	79.63884930872428	53.76834298099422	60.2239041381387	69.26378887332031	10.919107550221547	20.060841283966827
6.8544429158364535	0.01	0.01	0.01	0.007	0.01	0.8218585953358264	0.10129865812587034	0.05192064066646733	0.03762357854246798	0.06113325510346541	80.03831510091466	53.90191017750557	60.56291979014475	69.42861327600163	10.975147885122924	19.56192163235685
6.960246959204681	0.01	0.01	0.01	0.007	0.01	0.8218585953366013	0.10129865812587034	0.0519206406900414	0.03762358356680461	0.061133255102559035	80.42234281935698	54.024067482544844	60.89176942870276	69.57920160990062	11.029303352725	19.075409084923514
7.066051229604242	0.01	0.01	0.01	0.007	0.01	0.8218585953371151	0.10129865812587034	0.05192064071227887	0.03762358836275996	0.06113325510170595	80.79132893583632	54.135143034601356	61.21070736865612	69.71596223630584	11.081621539734376	18.60099528725984
7.171855713021287	0.01	0.01	0.01	0.007	0.01	0.8218585953374559	0.10129865812587034	0.05192064073326095	0.03762359293947382	0.0611332551009023	81.14566012040153	54.23545660138035	61.519981670795715	69.83929311132457	11.132148860384637	18.138379449291236
7.277660395441882	0.01	0.01	0.01	0.007	0.01	0.8218585953376818	0.10129865812587034	0.05192064075306255	0.037623597305605876	0.0611332551001446	81.48571340590127	54.3253197619832	61.81983423047248	69.94958201244191	11.180930574508414	17.687268255329265
7.383465262852015	0.01	0.01	0.01	0.007	0.01	0.8218585953378317	0.10129865812587034	0.051920640771752555	0.03762360146936648	0.06113325509942962	81.81185642735747	54.405036111566865	62.110500930698585	70.04720679279438	11.228010816204852	17.247375678467055
7.489270294230402	0.01	0.01	0.01	0.007	0.01	0.8218585953379309	0.10129865812587034	0.05192064078939478	0.03762360543855149	0.06113325509875455	82.12444763513878	54.474901456611406	62.392211773084846	70.13253562387662	11.273432618841655	16.81842282763182
7.595075475562875	0.01	0.01	0.01	0.007	0.01	0.8218585953379969	0.10129865812587034	0.0519206408060481	0.037623609220559594	0.06113325509811652	82.42383656571452	54.535204020022384	62.665191061883	70.2059272501821	11.31723794854313	16.40013771287842
7.700880792835208	0.01	0.01	0.01	0.007	0.01	0.8218585953380407	0.10129865812587034	0.05192064082176723	0.037623612822422166	0.06113325509751302	82.71036404066548	54.58622462462213	62.92965752580756	70.26773121727162	11.359467727489076	15.992255103509036
7.806686239040348	0.01	0.01	0.01	0.007	0.01	0.8218585953380698	0.10129865812587034	0.05192064083660256	0.03762361625082171	0.06113325509694205	82.98436240091421	54.6282368807091	63.185824473197556	70.31828810469945	11.400161862487055	15.594516334199266
7.912491793156754	0.01	0.01	0.01	0.007	0.01	0.8218585953380891	0.10129865812587034	0.05192064085060134	0.03762361951212616	0.061133255096401454	83.24615566303392	54.661507357917664	63.43389987590394	70.35792973987017	11.439359262125306	15.206669220626804
8.018297455184534	0.01	0.01	0.01	0.007	0.01	0.8218585953381019	0.10129865812587034	0.05192064086380701	0.03762362261238663	0.06113325509588919	83.49605981392551	54.68629577373818	63.674086584511585	70.38697943172025	11.477097874667034	14.828467769700516
8.124103218116552	0.01	0.01	0.01	0.007	0.01	0.8218585953381103	0.10129865812587034	0.05192064087626014	0.037623625557373384	0.06113325509540366	83.73438293840206	54.70285515358873	63.90658238848684	70.40575217003918	11.513414701240327	14.45967212974591
8.229909067938403	0.01	0.01	0.01	0.007	0.01	0.821858595338116	0.10129865812587034	0.05192064088799872	0.037623628352592496	0.06113325509494292	83.96142541905822	54.711432001086656	64.13158014410747	70.41455483705143	11.548345819786315	14.100048435388494
8.335714997642901	0.01	0.01	0.01	0.007	0.01	0.8218585953381198	0.10129865812587034	0.05192064089905786	0.037623631003292884	0.06113325509450589	84.1774801588764	54.71226646351668	64.34926792744587	70.4136864127751	11.58192641274858	13.749368610576616
8.441520993215589	0.01	0.01	0.01	0.007	0.01	0.8218585953381221	0.10129865812587034	0.05192064090947043	0.037623633514489614	0.061133255094091024	84.38283273740461	54.705592489871755	64.55982912369215	70.40343817163799	11.61419078475195	13.407410271799993
8.547327054656508	0.01	0.01	0.01	0.007	0.01	0.8218585953381238	0.10129865812587034	0.051920640919267166	0.03762363589096454	0.06113325509369701	84.57776163361454	54.691637985057504	64.76344258544243	70.3840938736957	11.645172390817558	13.073956518969512
8.653133174958432	0.01	0.01	0.01	0.007	0.01	0.8218585953381249	0.10129865812587034	0.051920640928476744	0.037623638137292054	0.06113325509332264	84.76253836059355	54.67062496145289	64.96028270306185	70.3559299533336	11.674903850963952	12.748795867354472
8.758939347114124	0.01	0.01	0.01	0.007	0.01	0.8218585953381257	0.10129865812587034	0.05192064093712611	0.03762364025784607	0.06113325509296672	84.93742765303666	54.64276968689675	65.15051952987879	70.31921570302403	11.70341697317291	12.431722090060017
8.864745557109064	0.01	0.01	0.01	0.007	0.01	0.8218585953381261	0.10129865812587034	0.051920640945240286	0.03762364225681631	0.06113325509262843	85.10268762514433	54.60828283118893	65.33431887801314	70.27421345550763	11.730742771801712	12.122534107571804
8.970551818957816	0.01	0.01	0.01	0.007	0.01	0.8218585953381263	0.10129865812587034	0.05192064095284298	0.03762364413819547	0.061133255092306674	85.25856998812205	54.567369594013186	65.51184248330462	70.22117874202762	11.756911496120432	11.82103575922735
9.07635811864585	0.01	0.01	0.01	0.007	0.01	0.8218585953381266	0.10129865812587034	0.05192064095995611	0.03762364590582465	0.06113325509200064	85.40532012296865	54.52022986020265	65.68324801049022	70.16036048639886	11.781952635037605	11.527035842698943
9.1821644491659	0.01	0.01	0.01	0.007	0.01	0.8218585953381267	0.10129865812587034	0.05192064096660059	0.03762364756338049	0.06113325509170928	85.54317729305406	54.46705832291763	65.8486892150767	70.09200115736402	11.805894945059366	11.240347889142445
9.287970810517974	0.01	0.01	0.01	0.007	0.01	0.8218585953381268	0.10129865812587034	0.05192064097279581	0.037623649114383186	0.06113325509143225	85.67237479352448	54.4080446118024	66.00831603880891	70.01633692782585	11.828766468171318	10.960790047488175
9.393777202702083	0.01	0.01	0.01	0.007	0.01	0.8218585953381269	0.10129865812587034	0.051920640978560265	0.03762365056220886	0.06113325509116843	85.79314008942872	54.34337342255503	66.16227469285312	69.93359783599591	11.850594547883084	10.688184989314962
9.499583625718234	0.01	0.01	0.01	0.007	0.01	0.8218585953381269	0.10129865812587034	0.05192064098391104	0.03762365191009679	0.06113325509091741	85.90569496077622	54.27322464083137	66.31070775057714	69.84400793936025	11.871405846600856	10.42235979637284
9.605390051537299	0.01	0.01	0.01	0.007	0.01	0.8218585953381269	0.10129865812587034	0.0519206409888644	0.0376236531611745	0.06113325509067838	86.01025561732854	54.19777348373598	66.45375420083012	69.7477854911585	11.891226357446241	10.163145918710144
9.71119648716656	0.01	0.01	0.01	0.007	0.01	0.8218585953381269	0.10129865812587034	0.05192064099343572	0.03762365431842406	0.06113325509045076	86.10703290210921	54.11719057478582	66.59154962362616	69.64514303208617	11.910081432993435	9.9103789105174
9.817002939613305	0.01	0.01	0.01	0.007	0.01	0.8218585953381269	0.10129865812587034	0.05192064099763947	0.037623655384710214	0.06113325509023413	86.196232384684	54.031642079390586	66.72422622435873	69.53628755942815	11.9279957939965	9.663898417127537
9.922809408877535	0.01	0.01	0.01	0.007	0.01	0.8218585953381269	0.10129865812587034	0.05192064100148913	0.03762365636279092	0.06113325509002775	86.27805448728338	53.94128982311449	66.85191290948873	69.42142067419033	11.944993544018612	9.423548088922589
10.028615887951966	0.01	0.01	0.01	0.007	0.01	0.8218585953381269	0.10129865812587034	0.051920641004997714	0.0376236572553222	0.06113325508983139	86.3526946151813	53.846291402513714	66.9747353700261	69.30073871884689	11.961098185057615	9.189175480102248
10.134422376836598	0.01	0.01	0.01	0.007	0.01	0.8218585953381269	0.10129865812587034	0.051920641008177185	0.037623658064854966	0.061133255089644435	86.42034329220503	53.74680027962622	67.09281617818394	69.17443289441674	11.976332634728603	8.960631920177748
10.240228875531432	0.01	0.01	0.01	0.007	0.01	0.8218585953381269	0.10129865812587034	0.051920641011039166	0.037623658793843925	0.06113325508946645	86.48118627620038	53.642965891318525	67.20627485621415	69.04268939651361	11.99071923961242	8.737772436196698
10.34603538403647	0.01	0.01	0.01	0.007	0.01	0.8218585953381269	0.10129865812587034	0.051920641013594476	0.03762365944465204	0.061133255089297116	86.53540467762816	53.53493375054049	67.31522795226314	68.90568954117376	12.004279789459199	8.520455660783169
10.451841895344424	0.01	0.01	0.01	0.007	0.01	0.8218585953381269	0.10129865812587034	0.05192064101585337	0.037623660019559454	0.061133255089135925	86.5831750722569	53.422845552610084	67.4197891075592	68.76360989712137	12.017035530220083	8.30854375632324
10.557648395440717	0.01	0.01	0.01	0.007	0.01	0.8218585953381269	0.10129865812587034	0.05192064101782559	0.03762366052076742	0.06113325508898269	86.62466961598332	53.306839272756854	67.52006912994159	68.61662240699874	12.029007177809307	8.101902325799026
10.663454891332638	0.01	0.01	0.01	0.007	0.01	0.8218585953381269	0.10129865812587034	0.05192064101952043	0.03762366095038407	0.06113325508883697	86.6600561652632	53.18704922891016	67.61617609040611	68.46489446464251	12.040214934380195	7.9004002732155785
10.769261383020186	0.01	0.01	0.01	0.007	0.01	0.8218585953381269	0.10129865812587034	0.05192064102094641	0.03762366131044591	0.061133255088698345	86.68949837127903	53.06360620266649	67.70821536371349	68.30858906614735	12.050678497737412	7.703909776934295
10.875067870503363	0.01	0.01	0.01	0.007	0.01	0.8218585953381269	0.10129865812587034	0.051920641022112114	0.03762366160291697	0.06113325508856686	86.7131557878841	52.936637521248116	67.79628970234236	68.14786491153502	12.060417074731774	7.512306194377661
10.980874374804031	0.01	0.01	0.01	0.007	0.01	0.8218585953381269	0.10129865812587034	0.051920641023025176	0.03762366182967814	0.06113325508844177	86.73118397660322	52.806267118294315	67.88049931806327	67.98287647970757	12.06944939519801	7.325467946306549
11.086680867893039	0.01	0.01	0.01	0.007	0.01	0.8218585953381269	0.10129865812587034	0.05192064102369313	0.03762366199257565	0.06113325508832303	86.743734594166	52.67261570508789	67.96094188979379	67.81377424320598	12.07779371788626	7.143276563425787
11.192487356777674	0.01	0.01	0.01	0.007	0.01	0.8218585953381269	0.10129865812587034	0.051920641024123075	0.037623662093369654	0.06113325508821064	86.75095550560034	52.5358007507638	68.03771269378213	67.6407046412659	12.085467849479592	6.965616461182046
11.298293834450652	0.01	0.01	0.01	0.007	0.01	0.8218585953381269	0.10129865812587034	0.05192064102432173	0.03762366213376878	0.06113325508810381	86.75299087016334	52.395936623250556	68.11090462486811	67.4638102563491	12.092489151698057	6.792374953281689
11.404100307919258	0.01	0.01	0.01	0.007	0.01	0.8218585953381269	0.10129865812587034	0.0519206410242954	0.03762366211541396	0.06113325508800276	86.749981235473	52.253134631705656	68.18060827580581	67.28322986607573	12.098874554376263	6.623442133119049
11.509906770176208	0.01	0.01	0.01	0.007	0.01	0.8218585953381269	0.10129865812587034	0.0519206410240503	0.03762366203989962	0.061133255087907165	86.74206362685075	52.10750314024858	68.24691197536447	67.09909858538346	12.104640564368058	6.458710849974357
11.615713221221503	0.01	0.01	0.01	0.007	0.01	0.8218585953381269	0.10129865812587034	0.05192064102359234	0.037623661908762186	0.061133255087816675	86.72937163520837	51.95914761484645	68.30990185881762	66.9115479241847	12.109803277417864	6.298076606771695
11.721519668062427	0.01	0.01	0.01	0.007	0.01	0.8218585953381269	0.10129865812587034	0.051920641022926775	0.037623661723482214	0.061133255087731174	86.71203550093173	51.808170695314125	68.36966192151101	66.72070587683679	12.11437838819663	6.141437495165008
11.827326110698982	0.01	0.01	0.01	0.007	0.01	0.8218585953381269	0.10129865812587034	0.0519206410220589	0.03762366148549567	0.06113325508765048	86.69018219895543	51.65467228609065	68.42627406385999	66.52669703537983	12.11838119960572	5.988694152149835
11.933132542123884	0.01	0.01	0.01	0.007	0.01	0.8218585953381269	0.10129865812587034	0.051920641020993835	0.037623661196196034	0.06113325508757452	86.6639355215663	51.498749626416405	68.47981814439875	66.32964267676495	12.121826632704344	5.839749695725455
12.038938962337134	0.01	0.01	0.01	0.007	0.01	0.8218585953381269	0.10129865812587034	0.05192064101973613	0.03762366085692709	0.0611332550875031	86.63341615474263	51.34049733757258	68.53037203795873	66.12966082113577	12.12472923672925	5.694509643224085
12.144745371338734	0.01	0.01	0.01	0.007	0.01	0.8218585953381269	0.10129865812587034	0.05192064101829063	0.03762366046898877	0.06113325508743587	86.59874175644438	51.180007498703944	68.57801168104467	65.92686632627448	12.127103198029728	5.552881861879923
12.250551769128684	0.01	0.01	0.01	0.007	0.01	0.8218585953381269	0.10129865812587034	0.05192064101666149	0.037623660033639546	0.06113325508737283	86.56002703198521	51.017369711083504	68.62281112004484	65.72137096747268	12.128962349094653	5.4147765103839145
12.356358155706987	0.01	0.01	0.01	0.007	0.01	0.8218585953381269	0.10129865812587034	0.05192064101485272	0.037623659552097725	0.06113325508731383	86.51738380752973	50.85267116077305	68.66484255824217	65.51328351540931	12.130320177355019	5.280105981892129
12.462164531073642	0.01	0.01	0.01	0.007	0.01	0.8218585953381269	0.10129865812587034	0.051920641012868335	0.03762365902554296	0.061133255087258594	86.47092110176254	50.68599667971962	68.70417640165614	65.30270981208507	12.131189833767525	5.148784848451607
12.567970895228651	0.01	0.01	0.01	0.007	0.01	0.8218585953381269	0.10129865812587034	0.05192064101071203	0.037623658455118024	0.06113325508720733	86.4207451957748	50.51742880532673	68.74088130374454	65.08975284486186	12.13158414118469	5.020729806808412
12.673777248172016	0.01	0.01	0.01	0.007	0.01	0.8218585953381269	0.10129865812587034	0.05192064100838766	0.03762365784192976	0.06113325508715954	86.36695970121225	50.34704783853833	68.77502420899347	64.87451281865438	12.131515602516773	4.895859625563521
12.779583589903737	0.01	0.01	0.01	0.007	0.01	0.8218585953381269	0.10129865812587034	0.051920641005898285	0.037623657187051074	0.06113325508711535	86.30966562672835	50.174931900472636	68.80667039542305	64.6570872263198	12.130996408690695	4.774095093643013
12.885389920423817	0.01	0.01	0.01	0.007	0.01	0.8218585953381269	0.10129865812587034	0.05192064100324731	0.03762365649152136	0.06113325508707452	86.24896144278432	50.00115698764174	68.83588351603616	64.4375709172905	12.130038446411021	4.655358970049894
12.991196239732256	0.01	0.01	0.01	0.007	0.01	0.8218585953381269	0.10129865812587034	0.05192064100043781	0.03762365575634853	0.061133255087036986	86.18494314483756	49.825797025792376	68.86272563923609	64.2160561644934	12.128653305727896	4.539575934865651
13.097002547829055	0.01	0.01	0.01	0.007	0.01	0.8218585953381269	0.10129865812587034	0.05192064099747292	0.037623654982509844	0.061133255087002646	86.11770431495819	49.648923922402055	68.88725728823906	63.992632729598675	12.126852287416769	4.426672541470474
13.202808837706941	0.01	0.01	0.01	0.007	0.01	0.8218585953381269	0.10129865812587034	0.0519206409943552	0.037623654170957394	0.061133255086971545	86.04733618667495	49.4706076297198	68.90953747810418	63.76738794161529	12.124646410333812	4.316577177151729
13.308615116373192	0.01	0.01	0.01	0.007	0.01	0.8218585953381269	0.10129865812587034	0.05192064099108766	0.03762365332260585	0.06113325508694326	85.9739276896758	49.29091615928333	68.92962375770352	63.54040671421916	12.122046418006843	4.209219995713505
13.414421390835079	0.01	0.01	0.01	0.007	0.01	0.8218585953381269	0.10129865812587034	0.051920640987672614	0.037623652438342564	0.06113325508691789	85.89756551526175	49.10991565374852	68.94757224259396	63.311771635502716	12.11906278564062	4.104532888657059
13.52022765408533	0.01	0.01	0.01	0.007	0.01	0.8218585953381269	0.10129865812587034	0.051920640984112754	0.037623651519037356	0.06113325508689544	85.8183341827955	48.927670458595834	68.96343764872337	63.08156305759355	12.115705727265114	4.002449455287379
13.626033899116678	0.01	0.01	0.01	0.007	0.01	0.8218585953381269	0.10129865812587034	0.051920640980410375	0.03762365056553486	0.06113325508687561	85.7363160848547	48.74424314482118	68.97727333024194	62.84985912438334	12.111985201969553	3.9029049458643494
13.731840125929125	0.01	0.01	0.01	0.007	0.01	0.8218585953381269	0.10129865812587034	0.051920640976567664	0.03762364957865038	0.061133255086858504	85.65159153445308	48.55969454174022	68.98913131407303	62.61673581205508	12.107910919959265	3.8058362142185382
13.837646348537211	0.01	0.01	0.01	0.007	0.01	0.8218585953381269	0.10129865812587034	0.051920640972586946	0.037623648559166105	0.061133255086843974	85.56423880991748	48.37408376825721	68.99906233288723	62.382266967692416	12.10349234832008	3.7111816723338604
13.943452566940934	0.01	0.01	0.01	0.007	0.01	0.8218585953381269	0.10129865812587034	0.05192064096847018	0.03762364750785069	0.061133255086831956	85.47433422774344	48.18746832466075	69.00711585420704	62.146524424370504	12.098738718135449	3.618881276970125
14.049258774133028	0.01	0.01	0.01	0.007	0.01	0.8218585953381269	0.10129865812587034	0.05192064096421915	0.0376236464254551	0.061133255086822366	85.38195218722998	47.99990412266129	69.01334011343808	61.90957803825769	12.093659030247313	3.528876484109076
14.155064956098963	0.01	0.01	0.01	0.007	0.01	0.8218585953381269	0.10129865812587034	0.05192064095983613	0.0376236453127138	0.06113325508681515	85.28716521915968	47.811445526437865	69.01778214508825	61.671495739646126	12.088262061096215	3.441110211081605
14.260871126853273	0.01	0.01	0.01	0.007	0.01	0.8218585953381269	0.10129865812587034	0.051920640955322665	0.03762364417032181	0.06113325508681026	85.19004400067865	47.62214532979625	69.02048781379334	61.432343503289644	12.082556366470795	3.3555267716888633
14.366677286395959	0.01	0.01	0.01	0.007	0.01	0.8218585953381269	0.10129865812587034	0.05192064095068051	0.037623642998963765	0.06113325508680755	85.09065743772814	47.432054869522005	69.02150184110677	61.19218549081735	12.076550289004462	3.272071876486172
14.472483441734285	0.01	0.01	0.01	0.007	0.01	0.8218585953381269	0.10129865812587034	0.05192064094591148	0.03762364179929994	0.06113325508680713	84.9890726905821	47.24122402571572	69.02086783475627	60.95108405039213	12.070251962416474	3.1906925809499267
14.57828958586099	0.01	0.01	0.01	0.007	0.01	0.8218585953381269	0.10129865812587034	0.05192064094101689	0.03762364057198162	0.06113325508680866	84.88535523727201	47.04970129652385	69.01862831642218	60.70909981037834	12.063669317941525	3.111337268125893
14.684095718776073	0.01	0.01	0.01	0.007	0.01	0.8218585953381269	0.10129865812587034	0.05192064093599853	0.03762363931763727	0.06113325508681247	84.77956889598747	46.85753379625317	69.01482474889076	60.46629167623097	12.056810088183507	3.0339555993769753
14.789901833472275	0.01	0.01	0.01	0.007	0.01	0.8218585953381269	0.10129865812587034	0.05192064093085772	0.03762363803688264	0.06113325508681824	84.67177587996635	46.664767315734544	69.0094975626744	60.222716906051325	12.049681812916313	2.9584984929821743
14.895707929949598	0.01	0.01	0.01	0.007	0.01	0.8218585953381269	0.10129865812587034	0.05192064092559569	0.03762363673031172	0.06113325508682601	84.56203682362161	46.47144633099731	69.00268618118322	59.9784311208513	12.042291842982817	2.8849180827606875
15.001514022222565	0.01	0.01	0.01	0.007	0.01	0.8218585953381269	0.10129865812587034	0.05192064092021388	0.03762363539849319	0.06113325508683567	84.45041081358877	46.27761402351081	68.99442904468012	59.73348832944503	12.034647344382277	2.8131676836446387
15.107320110291177	0.01	0.01	0.01	0.007	0.01	0.8218585953381269	0.10129865812587034	0.05192064091471358	0.03762363404198878	0.06113325508684719	84.33695545600804	46.08331236387111	68.98476363652821	59.487941033533275	12.026755304804771	2.7432017815387937
15.213126187148172	0.01	0.01	0.01	0.007	0.01	0.8218585953381269	0.10129865812587034	0.05192064090909595	0.03762363266134992	0.06113325508686057	84.22172690729745	45.88858213085599	68.97372650717637	59.24184025113946	12.01862253771036	2.6749759987897184
15.318932252793553	0.01	0.01	0.01	0.007	0.01	0.8218585953381269	0.10129865812587034	0.051920640903362035	0.037623631257108506	0.061133255086875775	84.10477989541575	45.69346291652636	68.96135329609315	58.995235522422675	12.010255685630426	2.6084470567758697
15.42473831423458	0.01	0.01	0.01	0.007	0.01	0.8218585953381269	0.10129865812587034	0.05192064089751316	0.03762362982977698	0.06113325508689272	83.98616775468615	45.4979931561668	68.94767875396447	58.74817494689322	12.001661224329318	2.54357274902295
15.530544357456737	0.01	0.01	0.01	0.007	0.01	0.8218585953381269	0.10129865812587034	0.051920640891549984	0.03762362837986861	0.06113325508691133	83.86594249185025	45.30221020941434	68.93273676848547	58.500705285347316	11.992845469231082	2.480311931508555
15.636350382460028	0.01	0.01	0.01	0.007	0.01	0.8218585953381269	0.10129865812587034	0.0519206408854739	0.03762362690787329	0.061133255086931626	83.7441547807098	45.10615032416417	68.91656038156867	58.252871913657096	11.983814576640786	2.418624474816354
15.74215639625171	0.01	0.01	0.01	0.007	0.01	0.8218585953381269	0.10129865812587034	0.05192064087928566	0.037623625414263506	0.06113325508695363	83.62085400211582	44.90984867725556	68.89918181070372	58.00471887361268	11.974574548150478	2.358471243669026
15.84796240583904	0.01	0.01	0.01	0.007	0.01	0.8218585953381269	0.10129865812587034	0.05192064087298612	0.037623623899498686	0.06113325508697715	83.49608828381136	44.71333941460516	68.8806324703178	57.75628892308572	11.965131235038857	2.299814076429858
15.953768404214761	0.01	0.01	0.01	0.007	0.01	0.8218585953381269	0.10129865812587034	0.05192064086657629	0.03762362236403573	0.06113325508700224	83.36990454848137	44.51665570378583	68.86094299444497	57.50762360194856	11.95549034330349	2.2426157683534154
16.0	0.01	0.01	0.01	0.007	0.01	0.8218585953381269	0.10129865812587034	0.0519206408637412	0.03762363018930424	0.061133255087013685	83.31433549828229	44.43066884742542	68.8519894556785	57.398906495837416	11.951217182654602	2.2180718480673334
