0.0	0.01	0.01	0.01	0.007	0.01	0.0	0.0	0.0	0.0	0.0	0.0	0.0	0.0	0.0	0.0	100.0
0.0034342565552105374	0.01	0.01	0.01	0.007	0.01	0.011963659148962942	0.0029417517298071646	0.0036613457758606807	0.004121087195507537	0.004942239101985643	0.0007197276027839432	0.000972164875307757	0.002166217749456481	0.004067298729314735	0.0004376205218737853	99.92197707797276
0.005508985787890951	0.01	0.01	0.01	0.007	0.01	0.019115178760334105	0.004679314098780242	0.005750321646663507	0.006416501929827201	0.007796494342251456	0.0018460789166882315	0.0024862804146884047	0.005493478183136089	0.010250010277197002	0.0011131359137770743	99.87487077625238
0.00863283623832212	0.01	0.01	0.01	0.007	0.01	0.029776105690520378	0.007240504881387549	0.008731052885991523	0.009619042915621852	0.011916082063804602	0.004511457263963245	0.006049403063414583	0.013199711087638987	0.024402750883971945	0.0026865853294645472	99.80398627996126
0.011516311105827572	0.01	0.01	0.01	0.007	0.01	0.039503862446592417	0.009547229304317183	0.011316396563023516	0.012325218982605388	0.015537508745755067	0.007992921225352539	0.010674686607881987	0.023028060472750814	0.04222256158701701	0.004705992918577644	99.73860089081437
0.014866478703758278	0.01	0.01	0.01	0.007	0.01	0.050671655681688486	0.012159855060565885	0.014132535368550565	0.015194452483020841	0.019538528146047465	0.013251252734749445	0.017615368158447872	0.037508910821470606	0.06813643584037239	0.00770087805481951	99.66268661904758
0.018278840692679172	0.01	0.01	0.01	0.007	0.01	0.061900076261364054	0.01474839251278589	0.016806957298635312	0.01784051433045506	0.023398856943327793	0.01992803881637527	0.02636709858146703	0.05541662011644412	0.09974748562576252	0.011430541149942745	99.58542243164102
0.021955874554505744	0.01	0.01	0.01	0.007	0.01	0.0738358851647509	0.017458002885544135	0.01948489773132296	0.02040987623199979	0.02733157677853342	0.028590771372055224	0.03763966187467073	0.07802427996046785	0.13910613031132069	0.016173673535091432	99.50223247571952
0.02577498073657188	0.01	0.01	0.01	0.007	0.01	0.0860557760192948	0.02018734109466881	0.02205859671306766	0.02280024142275528	0.031184444814131698	0.03917340953943048	0.05130594732286232	0.10486881696594737	0.1851878944997013	0.021849397888106	99.41590181946252
0.029793215031122755	0.01	0.01	0.01	0.007	0.01	0.09872085542586613	0.02296841052868431	0.024555451191415778	0.025041766908574858	0.03500240457775582	0.052020683090495665	0.06776605335909457	0.13652015409354837	0.238759644948163	0.028595872576285434	99.32515074607645
0.03397539240123134	0.01	0.01	0.01	0.007	0.01	0.11169681416332262	0.025767487345158064	0.026942645172103027	0.0271099895931448	0.03873878715174885	0.06722295200484002	0.08708431721222656	0.17286712612060218	0.29941633735706885	0.036409486262197775	99.23078502802882
0.03833918909475354	0.01	0.01	0.01	0.007	0.01	0.1250160053326827	0.02858781213248046	0.029222590481042587	0.029013454657265007	0.04239629152017199	0.08503777386303114	0.10953155854864416	0.21417525847928268	0.36739138120328196	0.04536882645184446	99.13241686928598
0.04287660153545121	0.01	0.01	0.01	0.007	0.01	0.1386305087131805	0.03141551733485773	0.031384537447884386	0.0307500896332776	0.04594646376741918	0.10563325511135693	0.1352568072984568	0.26046166356900485	0.4425067007679483	0.055499575644650474	99.03023849435769
0.04759534199347616	0.01	0.01	0.01	0.007	0.01	0.15253976753502127	0.03424699356810246	0.033427424355657785	0.032326556993125415	0.04935338451215101	0.12924548929697038	0.16448618401028808	0.3118673636191139	0.524793890555499	0.06685091151170058	98.92408849215124
0.05249827371028005	0.01	0.01	0.01	0.007	0.01	0.166727513875923	0.037075482591492674	0.03534879992422759	0.033748703657955396	0.052537196994237534	0.15609718591797064	0.19741969021251912	0.36846803004125794	0.6141846968204838	0.07944600148298966	98.81391556069164
0.05757047703648127	0.01	0.01	0.01	0.007	0.01	0.18112674232950854	0.039884660192361754	0.03714147194467543	0.03501945494687496	0.055353704407396	0.18630569316947437	0.2341207104292168	0.4300975904145811	0.7102458026550393	0.09322732254261706	98.70006808281086
0.06270965611473472	0.01	0.01	0.01	0.007	0.01	0.1954329362679377	0.04261451366624968	0.03877555959158828	0.036127641434491715	0.05759579729723163	0.21937472107333117	0.2739135381866417	0.49539870767396876	0.8107506256845713	0.10782769874321295	98.58485108644265
0.06798103440643746	0.01	0.01	0.01	0.007	0.01	0.20981683042711052	0.04529787940020995	0.040280408016082646	0.0371031744305287	0.05918483901018188	0.25580737551389143	0.3173322561146311	0.5650492454818894	0.9166627896619292	0.12329157499506091	98.46681000187498
0.07352260000501923	0.01	0.01	0.01	0.007	0.01	0.22462739749200394	0.04799677076570081	0.04169486666137164	0.03797817834491906	0.06012307805498248	0.29678402922577557	0.3656843905540076	0.6408636046958742	1.0306055937216843	0.13987603932603104	98.34287104464448
0.07924673030481086	0.01	0.01	0.01	0.007	0.01	0.23959864465260317	0.050659055097284675	0.042995076706413816	0.03874421579464389	0.06046976528751371	0.3419180183716647	0.4184017715033241	0.7216475091788741	1.1506477432728819	0.1571632657692389	98.21501275905347
0.08519875444790918	0.01	0.01	0.01	0.007	0.01	0.2548209492974845	0.05329826098171768	0.04419312312060754	0.03941528231265195	0.060380660060805925	0.39179437464619016	0.4760539518539601	0.807992952029962	1.2775653765531594	0.17514713154937586	98.08224036094848
0.09139111775348974	0.01	0.01	0.01	0.007	0.01	0.2702930452770707	0.0559110076250938	0.04529229762501602	0.03999945733607675	0.06000528503012619	0.44678445767260094	0.5389409330850125	0.9000464302117593	1.4114691637126604	0.19375414470968763	97.94429719639481
0.09789113430256105	0.01	0.01	0.01	0.007	0.01	0.2861429855002065	0.058514854541307997	0.04630403868703759	0.04050845644007137	0.05945643422595522	0.5078097116896729	0.6079653815799635	0.9987917593842783	1.5536788564322173	0.2131032910419144	97.79970934107267
0.10474121981664986	0.01	0.01	0.01	0.007	0.01	0.3024240021011348	0.06111315731761227	0.047232671891809165	0.040949462968954686	0.05881209238305931	0.5756729712364619	0.6838537723751734	1.1048794832215445	1.7050063029135087	0.23325650618922836	97.64756546236468
0.11196551955504454	0.01	0.01	0.01	0.007	0.01	0.31913683323559455	0.06370015787949938	0.04807928665051137	0.041327817709682274	0.05812568977094278	0.651067211505562	0.7671726782294424	1.2186839768148887	1.8658640033153722	0.2542346247737021	97.4873665218023
0.11957694873758092	0.01	0.01	0.01	0.007	0.01	0.3362509574219434	0.06626536379821688	0.04884431993881953	0.041648518584547496	0.05743344553454599	0.7346064397904551	0.8583690965461808	1.3403880496291165	2.036404099099406	0.27603642528872485	97.31886729509594
0.12759323931410557	0.01	0.01	0.01	0.007	0.01	0.3537428199978032	0.06879978432026793	0.04952974332517676	0.041917132719744295	0.056758603368317735	0.8269830062377331	0.9579443753654512	1.470231132336423	2.2168747382781646	0.2986829220490874	97.1417202616626
0.13603663720210446	0.01	0.01	0.01	0.007	0.01	0.37159374155922265	0.07129549803399927	0.05013864369231007	0.0421394349970043	0.05611572227264004	0.928974934670081	1.0664568803615437	1.608509772912472	2.407618133965791	0.3222135372555424	96.95548352192343
0.14493495930218425	0.01	0.01	0.01	0.007	0.01	0.3897906345323938	0.07374564572697326	0.05067497779294726	0.04232117711458043	0.05551356230624431	1.0414698893107954	1.1845413699808582	1.755599030512821	2.609097357320736	0.34668676838542206	96.7595988881329
0.15432029625531415	0.01	0.01	0.01	0.007	0.01	0.4083216736792374	0.0761437539030876	0.051143223225382346	0.042467870883234934	0.05495714467339383	1.1654608687239787	1.3128972427241705	1.9119340826691749	2.8218682744861265	0.3721748495587076	96.55342209914916
0.1642292970750097	0.01	0.01	0.01	0.007	0.01	0.42717545015694985	0.07848361337551532	0.051548228168024214	0.04258468570315417	0.054448978919683144	1.3020594311562008	1.452294960724608	2.0780163117969983	3.046585758764329	0.39876332330504427	96.33621823701334
0.17470296793496404	0.01	0.01	0.01	0.007	0.01	0.44633913927732394	0.0807590692148126	0.051895071512334114	0.04267637586602159	0.053989871270886045	1.4525022341509124	1.6035747452536355	2.254410570707598	3.283997905370918	0.42654956193391974	96.10716804182391
0.18578696106909426	0.01	0.01	0.01	0.007	0.01	0.4657976273813872	0.08296397608983154	0.05218897333480346	0.042747243809787554	0.053579419864471296	1.6181635619239547	1.7676507643186916	2.4417500009339097	3.534950507666112	0.4556427957600721	95.8653637137668
0.1975316685451398	0.01	0.01	0.01	0.007	0.01	0.485532242188082	0.08509214158425865	0.05243521040852588	0.042801120645795394	0.05321634496282641	1.8005647273108785	1.9455114521586745	2.640737112981868	3.8003863430483573	0.4861637073951775	95.60980930585411
0.2099924005913255	0.01	0.01	0.01	0.007	0.01	0.5055196528875063	0.08713732966684216	0.05263904224099927	0.042841363320241625	0.05289870516008979	2.0013838383377585	2.138219731118316	2.8521458491745406	4.081345640050397	0.5182442952110098	95.33941961143447
0.2232294273194792	0.01	0.01	0.01	0.007	0.01	0.5257305982656207	0.08909328578868511	0.05280563522073832	0.04287086368582921	0.05262404979893909	2.222462163386542	2.34690972141524	3.0768209114370766	4.378962741210259	0.5520273880756819	95.05302240225582
0.23730794040598546	0.01	0.01	0.01	0.007	0.01	0.5461286351582462	0.09095380662315948	0.052939983250874796	0.04289206796621998	0.052389530711920276	2.4658071280011837	2.5727805307207388	3.315675287690608	4.694460278623818	0.5876659408975484	94.74936278292608
0.2522977591644972	0.01	0.01	0.01	0.007	0.01	0.5666687630206242	0.09271284005317423	0.05304682295734886	0.04290700453210948	0.05219199340194601	2.7335879941420527	2.8170841526276287	3.569682969125176	5.029136985332681	0.625321651949708	94.42711343104774
0.26827244318738863	0.01	0.01	0.01	0.007	0.01	0.5872956932772125	0.09436459934487992	0.05313054983192142	0.04291731852163293	0.05202805997483083	3.028116429429156	3.0811016228659867	3.8398611462967955	5.384341804893959	0.665162069039642	94.08489784471524
0.2853072480923276	0.01	0.01	0.01	0.007	0.01	0.6079414835931973	0.09590368039064347	0.05319514899360631	0.04292431192315899	0.05189420992123003	3.3517983954330064	3.3660975429523723	4.127232566776115	5.761422309448992	0.7073548416885908	93.7213382675255
0.30347588026788846	0.01	0.01	0.01	0.007	0.01	0.6285231721736994	0.09732524104550618	0.05324415648735363	0.04292898764044383	0.05178685622988851	3.707051926464481	3.673251727228292	4.432767895461359	6.1616474820702125	0.7520591232778524	93.3351284570222
0.3228473700874799	0.01	0.01	0.01	0.007	0.01	0.6489424185347681	0.09862535334534961	0.05328065638290672	0.04293209544564592	0.05170241432401532	4.096213727150612	4.003591055675379	4.7573310440275	6.586135024605431	0.7994174600462395	92.92510243737864
0.3434851043886624	0.01	0.01	0.01	0.007	0.01	0.6690889274097314	0.09980153799060412	0.05330730200456395	0.04293417738935598	0.05163737190209977	4.5214791659689135	4.357959202757686	5.101661900930178	7.035827972726342	0.8495531113074837	92.49025603145975
0.3654485662178453	0.01	0.01	0.01	0.007	0.01	0.6888468149201679	0.1008532891933345	0.05332634329721775	0.0429356107383175	0.051588371524716126	4.9848970438920945	4.737037186545164	5.466404730913773	7.51153097892835	0.9025739417749116	92.02971087517538
0.3887964038769224	0.01	0.01	0.01	0.007	0.01	0.7081012502742294	0.10178236555310557	0.05333965193226741	0.04293664717868792	0.05155230240989411	5.488399617769296	5.1413924935889765	5.852157909646623	8.01397424362274	0.9585793726217942	91.54265150607942
0.41358932026072515	0.01	0.01	0.01	0.007	0.01	0.7267435413383273	0.10259278038942475	0.053348746910663436	0.042937447129031484	0.051526382555264476	6.033838605590426	5.571529576784649	6.259519077553856	8.543871345546096	1.0176667117916538	91.02826800675157
0.43989224103588725	0.01	0.01	0.01	0.007	0.01	0.7446744295918172	0.10329056120747795	0.05335482581537296	0.04293810808360278	0.05150821350406597	6.623013408926018	6.027930190778538	6.689116615423046	9.10195926561662	1.0799356115820764	90.48571555459667
0.467775917067222	0.01	0.01	0.01	0.007	0.01	0.7618061022232824	0.10388337831631195	0.05335880348437166	0.04293868648816427	0.05149580096528666	7.257691864977685	6.5110843735464465	7.141630187355521	9.689024232146004	1.1454910698543879	89.91408742414465
0.4973179037236355	0.01	0.01	0.01	0.007	0.01	0.778063227637684	0.10438011277350016	0.05336135615172182	0.04293921347565687	0.0514875442362468	7.939619629306588	7.021509762760826	7.617799697096021	10.305912496474749	1.2144448600757785	89.31240236918069
0.5286028198122735	0.01	0.01	0.01	0.007	0.01	0.7933833033974855	0.10479041617254943	0.05336296733255262	0.04293970543228254	0.05148220206202715	8.670513652792696	7.559756820883974	8.118421515974386	10.953524514687407	1.2869151890353048	88.67960796195952
0.5617215237936265	0.01	0.01	0.01	0.007	0.01	0.807716488749601	0.10512429624897948	0.05336397155710006	0.0429401706299174	0.051478844034705866	9.45202943081509	8.126393638769642	8.644326826273524	11.632785888287833	1.3630237987070588	88.01460654346414
0.5967691424652436	0.01	0.01	0.01	0.007	0.01	0.821025269613414	0.10539175417207162	0.0533645930075702	0.042940613124425805	0.051476795878226546	10.285699232464898	8.721969907098712	9.196342066861678	12.344595207204723	1.4428904809465686	87.31630393257679
0.6338419712576047	0.01	0.01	0.01	0.007	0.01	0.8332842263996694	0.10560248429037267	0.053364977431833056	0.04294103490167542	0.05147558525929107	11.17284192195405	9.346961739445995	9.7752330156216	13.089751037356136	1.5266252079078235	86.58367906672328
0.6730337152789567	0.01	0.01	0.01	0.007	0.01	0.8444801501204484	0.10576563810598674	0.053365216977411006	0.042941436987215836	0.05147489258702341	12.114457362626156	10.001707001986606	10.381641157084971	13.86886951283757	1.6143191204181122	85.81586372186871
0.7144319679301592	0.01	0.01	0.01	0.007	0.01	0.8546125769389824	0.10588964705723745	0.053365368501652535	0.042941819991335665	0.05147450924086419	13.111130206798371	10.686347580465437	11.01602715909523	14.682311835272163	1.7060365163577091	85.01221359275458
0.7581162627131212	0.01	0.01	0.01	0.007	0.01	0.863694593521945	0.10598209665757176	0.05336546641992558	0.042942184373366395	0.051474304045012666	14.162978892706102	11.400800929501207	11.678641908768334	15.530147918377368	1.8018107966147392	84.17234480296794
0.8041587670440742	0.01	0.01	0.01	0.007	0.01	0.8717534684674246	0.10604964561859877	0.05336553131469591	0.042942530576342	0.05147419769140053	15.269677794067887	12.144776610686396	12.369539770294919	16.412174548895237	1.9016464870172232	83.29611712911124
0.8526280301661883	0.01	0.01	0.01	0.007	0.01	0.8788305843804466	0.10609798803798648	0.053365575461438164	0.042942859101657994	0.051474144150500625	16.430561306568915	12.917840729350893	13.088637256053698	17.327991356528372	2.005527792948347	82.38355966194476
0.9035949710143599	0.01	0.01	0.01	0.007	0.01	0.8849802688401938	0.10613185909335912	0.05336560623850578	0.04294317054768896	0.05147411780639956	17.64478543869569	13.719510549395574	13.835801322782565	18.2771135030487	2.113431399018	81.43475866273576
0.9571397032880747	0.01	0.01	0.01	0.007	0.01	0.8902675206412578	0.10615508353507129	0.05336562816102513	0.042943465620335214	0.051474104994411136	18.911506338570433	14.549353346593632	14.610943661737892	19.25909026013741	2.2253400958986242	80.44973739298248
1.0133579421007415	0.01	0.01	0.01	0.007	0.01	0.8947649906941693	0.10617066095810082	0.05336564406330122	0.04294374512181666	0.051474098721623014	20.230039277741202	15.407068144296018	15.41410118644575	20.273603983089668	2.3412543754052484	79.42835294930123
1.0723663784407669	0.01	0.01	0.01	0.007	0.01	0.8985497283317616	0.10618087626396736	0.05336565577665913	0.0429440099260772	0.05147409554705167	21.599979136928486	16.292541016987784	16.2454937589572	21.32053814917395	2.4612007041018575	78.37022147782059
1.1343070721887973	0.01	0.01	0.01	0.007	0.01	0.9017001366790021	0.10618742123655603	0.053365664518185474	0.04294426094938182	0.05147409383529286	23.021281463190594	17.205875793196476	17.105560444954314	22.400016290592006	2.585236666716562	77.27467016556369
1.199351277047029	0.01	0.01	0.01	0.007	0.01	0.9042934051459481	0.10619151442359541	0.0533656711170737	0.042944499122404584	0.05147409282946459	24.49431298504091	18.14740726020699	17.994980595267986	23.512419931653746	2.7134538917904156	76.1407080279513
1.2677031982563691	0.01	0.01	0.01	0.007	0.01	0.9064035181475206	0.10619401013328712	0.05336567615000705	0.042944725367123904	0.05147409218351845	26.019882666469847	19.117704376410728	18.914686637669668	24.65839420133997	2.845979753501511	74.96700671931683
1.339604087134414	0.01	0.01	0.01	0.007	0.01	0.9080998255145218	0.10619549148186158	0.05336568002484613	0.042944940579355266	0.05147409173738681	27.599261542414844	20.117568483009045	19.865873334061778	25.838846907260432	2.9829785332209293	73.75188524774687
1.4153370962856455	0.01	0.01	0.01	0.007	0.01	0.9094461070444438	0.10619634587887201	0.05336568303409129	0.04294514561670616	0.051474091413554225	29.234198898035412	21.148030667024784	20.85000769471557	27.054945927974334	3.1246526397161554	72.49329313214226
1.4952332101512815	0.01	0.01	0.01	0.007	0.01	0.9105000415041171	0.10619682368307798	0.053365685390030004	0.04294534129084528	0.05147409117124608	30.92693842105992	22.210349704233728	21.868841376226204	28.30811659678897	3.271244142607668	71.18878949022047
1.5796784839590174	0.01	0.01	0.01	0.007	0.01	0.9113129925403556	0.1061970820850108	0.05336568724837707	0.04294552836263383	0.05147409098666392	32.680234603715455	23.30600979957717	22.924425466426946	29.60003814875859	3.4230365934208415	69.83551793935185
1.6691226667184567	0.01	0.01	0.01	0.007	0.01	0.9119300351161005	0.1061972168129053	0.05336568872446393	0.04294570753831462	0.0514740908445014	34.49736484190673	24.436714286753375	24.019124776094884	30.932634690610218	3.5803567051426115	68.43018069562869
1.764088695098442	0.01	0.01	0.01	0.007	0.01	0.9123901588266247	0.10619728428967863	0.05336568990447889	0.042945879463736014	0.05147409073419326	36.382119848058366	25.60436352308798	25.155621133461462	32.3080468052243	3.743574364133262	66.96902501168404
1.8651803989527047	0.01	0.01	0.01	0.007	0.01	0.9127265961078619	0.10619731661326103	0.05336569085335126	0.04294604470956246	0.051474090648123895	38.33871496948104	26.810980847022204	26.33687102515671	33.72854124240879	3.9130959866761437	65.44788628056911
1.973077237047953	0.01	0.01	0.01	0.007	0.01	0.9129672311987582	0.10619733134791028	0.053365691620299416	0.04294620372610222	0.051474090580674405	40.37141710293093	28.058461200399297	27.565893078331055	35.196211345632584	4.089333381673139	63.86244869170308
2.0884678734646194	0.01	0.01	0.01	0.007	0.01	0.9131350456024837	0.10619733770054186	0.05336569224263589	0.04294635669211732	0.05147409052766007	42.48306522689874	29.347647197757297	28.84488502414545	36.71188713314435	4.272576591227865	62.20937328080195
2.211694547549792	0.01	0.01	0.01	0.007	0.01	0.9132485322337288	0.10619734027088215	0.053365692747888716	0.04294650296983393	0.05147409048600993	44.66875522575673	30.674503439525314	30.17139369878998	38.27064196419419	4.462445721847797	60.49125879442247
2.341195039287648	0.01	0.01	0.01	0.007	0.01	0.9133220267792599	0.10619734123640041	0.05336569315350066	0.04294663946542357	0.05147409045368387	46.890531142196	32.015015053156816	31.522861393913107	39.844094427910115	4.655685296788992	58.736782774434545
2.4708509894217543	0.01	0.01	0.01	0.007	0.01	0.9133667724267269	0.10619734157168248	0.05336569346808904	0.04294676046692436	0.05147409042946406	49.039915795879935	33.303475562315306	32.83349112460018	41.355071005648824	4.8428784895509684	57.03117813183625
2.5950914963052725	0.01	0.01	0.01	0.007	0.01	0.9133930875633874	0.1061973416851116	0.053365693706679686	0.04294686636703139	0.051474090411684284	51.031055616948244	34.48927656820431	34.0506631843323	42.74436216446223	5.016529033495022	55.44329950449903
2.714165995204408	0.01	0.01	0.01	0.007	0.01	0.9134088853728253	0.10619734172519184	0.05336569389150422	0.04294696238920974	0.051474090398293336	52.878264978876835	35.582239542059554	35.18265974299163	44.023690831168985	5.1778493360933355	53.96295308133126
2.8306661132820112	0.01	0.01	0.01	0.007	0.01	0.9134187156327501	0.10619734174013727	0.053365694040278334	0.042947050873235	0.05147409038778661	54.62919093336319	36.611518685479936	36.25832513029063	45.22734481280958	5.330972893719618	52.55287199162749
2.946882057697922	0.01	0.01	0.01	0.007	0.01	0.9134249888620662	0.10619734174589418	0.05336569416397255	0.042947132599124034	0.051474090379262816	56.32179281742805	37.59992316905704	37.300801547359086	46.38208221607687	5.479205457220049	51.182942710069646
3.064042880700272	0.01	0.01	0.01	0.007	0.01	0.9134290301519103	0.10619734174813086	0.05336569426884756	0.04294720834557428	0.051474090372206426	57.97495580145351	38.558661958689264	38.32166419434873	47.50103030567594	5.624196520729133	49.83802034186079
3.18240753132065	0.01	0.01	0.01	0.007	0.01	0.9134316284998755	0.10619734174899424	0.053365694358586464	0.042947278764819914	0.051474090366307235	59.592309555058705	39.489893360784215	39.323147767321956	48.58671859712187	5.766263859894339	48.515162404716364
3.301641246367229	0.01	0.01	0.01	0.007	0.01	0.9134332875658738	0.10619734174932374	0.05336569443564632	0.04294734431124734	0.05147409036135471	61.16933183549301	40.391076861248386	40.3024403146097	49.6361977087651	5.905009223110461	47.21808984618637
3.4212400620923815	0.01	0.01	0.01	0.007	0.01	0.9134343398192104	0.10619734174944827	0.05336569450196207	0.04294740537591412	0.05147409035718437	62.69997317057931	41.2588949903957	41.2557417603384	50.645630201738335	6.0398968051162765	45.95188181972715
3.540814284298397	0.01	0.01	0.01	0.007	0.01	0.9134350045584221	0.1061973417494951	0.053365694559212466	0.04294746236311864	0.05147409035365834	64.18042464392218	42.09140714078721	42.18060311808514	51.612798852873766	6.17058471285613	44.7198785998742
3.6601883892760068	0.01	0.01	0.01	0.007	0.01	0.9134354240472043	0.10619734174951265	0.053365694608872846	0.0429475156664134	0.05147409035066025	65.61001068081151	42.888501030617036	43.0765047941018	52.537622147910135	6.297005419798248	43.52288575885225
3.7793642405598997	0.01	0.01	0.01	0.007	0.01	0.9134356889747978	0.1061973417495193	0.05336569465220319	0.0429475656266703	0.0514740903480934	66.99031055603456	43.651338156512054	43.94433268531406	53.42149934106361	6.419290196827084	42.35984082213373
3.8984306291071293	0.01	0.01	0.01	0.007	0.01	0.9134358565149714	0.1061973417495218	0.05336569469024233	0.04294761252379139	0.05147409034588065	68.32380943447838	44.381563149579925	44.78554882571705	54.26638627909639	6.5376510929386065	41.22890118022268
4.0174831046058355	0.01	0.01	0.01	0.007	0.01	0.9134359625789579	0.10619734174952278	0.0533656947238271	0.04294765659315473	0.05147409034396054	69.612887429249	45.08073321223217	45.60156084869162	55.07413219517809	6.652291774537006	40.128282699469686
4.136581323239434	0.01	0.01	0.01	0.007	0.01	0.9134360297545887	0.1061973417495231	0.053365694753626736	0.04294769804360754	0.05147409034228504	70.85937921783128	45.75008311824815	46.393441736491155	55.84620892614374	6.763368244104504	39.05663952279846
4.255742086796092	0.01	0.01	0.01	0.007	0.01	0.9134360722975319	0.10619734174952325	0.05336569478018068	0.04294773706757405	0.05147409034081532	72.06457757070724	46.390539811621544	47.16192682111007	56.583730086741724	6.870988740661779	38.01307467662752
4.374953113299245	0.01	0.01	0.01	0.007	0.01	0.9134360992317044	0.10619734174952328	0.053365694803931066	0.04294777384426285	0.051474090339520634	73.22944445798407	47.00284668812691	47.90754334030288	57.28759642535757	6.975232192264749	36.99697047518161
4.494191750393832	0.01	0.01	0.01	0.007	0.01	0.9134361162780317	0.10619734174952328	0.05336569482524596	0.04294780853926758	0.05147409033837551	74.35483466897884	47.58768812242737	48.630750629315145	57.958640273873215	7.076167995830277	36.00780117183409
4.613438777705897	0.01	0.01	0.01	0.007	0.01	0.9134361270639408	0.10619734174952328	0.05336569484443657	0.04294784130325205	0.05147409033735869	75.44163556397532	48.1457637238214	49.3320292333321	58.5977110533335	7.173868496937999	35.04501196022642
4.73268414974201	0.01	0.01	0.01	0.007	0.01	0.9134361338879542	0.10619734174952328	0.05336569486176791	0.04294787227148609	0.05147409033645225	76.49081007930988	48.67780870741686	50.01190938494089	59.20569827413109	7.268412913365895	34.10797897583187
4.8519262160562455	0.01	0.01	0.01	0.007	0.01	0.9134361382053413	0.10619734174952328	0.05336569487746629	0.042947901564865956	0.05147409033564136	77.50337542054622	49.18458041623567	50.6709583465089	59.78351561953589	7.359885505520357	33.19602530563778
4.971167993337688	0.01	0.01	0.01	0.007	0.01	0.9134361409369363	0.10619734174952328	0.053365694891725005	0.042947929291968015	0.051474090334913646	78.48036061847226	49.66683506097	51.30975366423596	60.332074032683224	7.448371811181739	32.30845689401084
5.090413398643867	0.01	0.01	0.01	0.007	0.01	0.9134361426652531	0.10619734174952328	0.0533656949047103	0.04294795555132893	0.05147409033425833	79.42277122609104	50.12530948199384	51.92886045204072	60.852260813034896	7.533955476689011	31.444593638617494
5.209664983126463	0.01	0.01	0.01	0.007	0.01	0.9134361437587853	0.10619734174952328	0.05336569491656476	0.04294798043330941	0.05147409033366636	80.33157207010137	50.560712955694314	52.528819991352336	61.34493036169108	7.616716684930837	30.60378537199972
5.328923323701801	0.01	0.01	0.01	0.007	0.01	0.9134361444506661	0.10619734174952328	0.0533656949274113	0.042948004021328014	0.05147409033313023	81.20768571080016	50.97372715899154	53.11014842402019	61.810904285929745	7.696731992144382	29.785414043134008
5.448187599255773	0.01	0.01	0.01	0.007	0.01	0.9134361448884074	0.10619734174952328	0.05336569493735655	0.042948026392531286	0.05147409033264323	82.05199990678805	51.36501043120458	53.673341394230384	62.25097636251413	7.774074985128308	28.98888755876371
5.567456435613193	0.01	0.01	0.01	0.007	0.01	0.9134361451653498	0.10619734174952328	0.05336569494649354	0.04294804761820887	0.051474090332199934	82.86537575111518	51.73520206490377	54.21887925952202	62.66591747427058	7.848817009486065	28.21363267226579
5.686728592745038	0.01	0.01	0.01	0.007	0.01	0.9134361453405564	0.10619734174952328	0.05336569495490314	0.04294806776413631	0.0514740903317953	83.6486533614499	52.08492516641848	54.7472307995537	63.05647887582276	7.92102768393965	27.459089838164896
5.806003272897313	0.01	0.01	0.01	0.007	0.01	0.9134361454513982	0.10619734174952328	0.05336569496265671	0.04294808689096753	0.05147409033142498	84.40265415053689	52.41478777017271	55.25885471477633	63.42339346174292	7.990775106934398	26.724711104474775
5.925280112743625	0.01	0.01	0.01	0.007	0.01	0.91343614552152	0.10619734174952328	0.053365694969816885	0.04294810505468997	0.05147409033108561	85.12818077838068	52.72538286231282	55.7541995862247	63.767375804649525	8.058125851460014	26.00996017184296
6.044559001727675	0.01	0.01	0.01	0.007	0.01	0.9134361455658803	0.10619734174952328	0.053365694976439115	0.04294812230710425	0.05147409033077381	85.82601614962464	53.01728802251956	56.23370317171449	64.08912177657234	8.12314487031716	25.314313424173672
6.163839939884667	0.01	0.01	0.01	0.007	0.01	0.9134361455939435	0.10619734174952328	0.0533656949825721	0.04294813869625108	0.051474090330486846	86.49692289961592	53.29106533718784	56.697792007975046	64.38930848487296	8.185895444585498	24.637260551527348
6.283122879850209	0.01	0.01	0.01	0.007	0.01	0.9134361456116964	0.10619734174952328	0.05336569498825946	0.042948154266811374	0.05147409033022218	87.14164299068814	53.54726141011221	57.14688106528231	64.66859432745284	8.246439140551843	23.97830512522348
6.402407711057129	0.01	0.01	0.01	0.007	0.01	0.9134361456229271	0.10619734174952328	0.053365694993539776	0.04294816906041312	0.05147409032997759	87.76089822668956	53.78640777798878	57.5813740233679	64.92761949888083	8.30483585144417	23.336964283669925
6.5216942597318655	0.01	0.01	0.01	0.007	0.01	0.9134361456300317	0.10619734174952328	0.05336569499844749	0.04294818311589844	0.05147409032975135	88.3553908453889	54.00902135321108	58.00166360279501	65.16700652533515	8.361143846579377	22.712768335641734
6.640982328392887	0.01	0.01	0.01	0.007	0.01	0.913436145634526	0.10619734174952328	0.05336569500301342	0.04294819646954577	0.051474090329541713	88.92580427649598	54.21560491791909	58.40813201788067	65.38736085184483	8.415419836549862	22.105260178025517
6.760271727451753	0.01	0.01	0.01	0.007	0.01	0.9134361456373691	0.10619734174952328	0.05336569500726527	0.0429482091552697	0.05147409032934701	89.47280379968986	54.40664756147585	58.80115136725569	65.58927136374513	8.467719029591299	21.51399479648537
6.879562314716254	0.01	0.01	0.01	0.007	0.01	0.9134361456391674	0.10619734174952328	0.05336569501122801	0.04294822120479463	0.051474090329166056	89.99703718614043	54.58262509435499	59.181084020384134	65.7733108782658	8.518095186983446	20.938538763199833
6.99885397169143	0.01	0.01	0.01	0.007	0.01	0.913436145640305	0.10619734174952328	0.05336569501492347	0.04294823264783903	0.05147409032899758	90.49913502451807	54.74400034273074	59.548282781265705	65.9400365074969	8.566600648589079	20.378470065414078
7.118146603580758	0.01	0.01	0.01	0.007	0.01	0.9134361456410248	0.10619734174952328	0.053365695018372364	0.04294824351227249	0.051474090328840795	90.97971115709868	54.89122348094651	59.903091131213934	66.0899900611871	8.613286368920647	19.83337781525482
7.237440139287136	0.01	0.01	0.01	0.007	0.01	0.91343614564148	0.10619734174952328	0.053365695021592406	0.042948253824257876	0.051474090328694364	91.43936310561543	55.02473235616248	60.24584346592073	66.22369844006978	8.658201952358487	19.302861966377872
7.35673449981128	0.01	0.01	0.01	0.007	0.01	0.913436145641768	0.10619734174952328	0.05336569502460046	0.04294826360839557	0.05147409032855756	91.87867237332676	55.14495277521281	60.576865240755154	66.34167399068984	8.701395676318796	18.78653317224815
7.4760296140529725	0.01	0.01	0.01	0.007	0.01	0.9134361456419503	0.10619734174952328	0.05336569502741143	0.04294827288783396	0.05147409032842964	92.29820493108038	55.25229884424137	60.89647325324362	66.44441491281917	8.742914532403649	18.2840124323401
7.59532541091069	0.01	0.01	0.01	0.007	0.01	0.9134361456420655	0.10619734174952328	0.05336569503003897	0.04294828168437984	0.05147409032830996	92.69851159884173	55.34717327200568	61.204975850046594	66.53240562847306	8.78280425752963	17.794930852613497
7.714621835083192	0.01	0.01	0.01	0.007	0.01	0.9134361456421384	0.10619734174952328	0.05336569503249539	0.042948290018588214	0.05147409032819773	93.08012849811507	55.42996768525777	61.502673190450196	66.60611716017507	8.821109372270282	17.31892931451696
7.833918815466863	0.01	0.01	0.01	0.007	0.01	0.9134361456421843	0.10619734174952328	0.05336569503479199	0.042948297909867525	0.051474090328092595	93.44357733856484	55.501062900899285	61.78985738359288	66.66600746749937	8.857873202797913	16.85565834270123
7.953216312560305	0.01	0.01	0.01	0.007	0.01	0.9134361456422136	0.10619734174952328	0.053365695036939186	0.04294830537653642	0.05147409032799391	93.78936594617372	55.56082924460362	62.066812816581155	66.71252182232456	8.89313792726448	16.40477766499524
8.072514271059976	0.01	0.01	0.01	0.007	0.01	0.9134361456422321	0.10619734174952328	0.05336569503894628	0.04294831243592279	0.051474090327901144	94.11798848544625	55.609626800780866	62.333816244678836	66.74609312191033	8.926944591533838	15.965956152211893
8.191812643562564	0.01	0.01	0.01	0.007	0.01	0.9134361456422437	0.10619734174952328	0.053365695040822086	0.04294831910442008	0.05147409032781398	94.42992589390686	55.64780570100662	62.59113705036742	66.76714223283331	8.959333146478965	15.538871484530887
8.311111398466018	0.01	0.01	0.01	0.007	0.01	0.9134361456422512	0.10619734174952328	0.05336569504257446	0.04294832539754539	0.051474090327731994	94.7256462488393	55.675706389372	62.83903745320246	66.77607831064995	8.990342478763548	15.123209892690348
8.430410488366213	0.01	0.01	0.01	0.007	0.01	0.9134361456422558	0.10619734174952328	0.05336569504421069	0.042948331330014085	0.051474090327654896	95.00560502877656	55.69365987282656	63.07777263353494	66.7732991095818	9.020010430752519	14.718666041642432
8.54970989746227	0.01	0.01	0.01	0.007	0.01	0.9134361456422588	0.10619734174952328	0.05336569504573741	0.0429483369157673	0.051474090327582205	95.27024556100487	55.70198798266442	63.3075910149036	66.75919128925875	9.048373840142848	14.324942645523137
8.669009594151332	0.01	0.01	0.01	0.007	0.01	0.9134361456422606	0.10619734174952328	0.05336569504716104	0.042948342168046647	0.051474090327513766	95.51999923161718	55.70100361118996	63.52873434820712	66.73413071102428	9.075468554763452	13.941750414341085
8.78830954683032	0.01	0.01	0.01	0.007	0.01	0.9134361456422618	0.10619734174952328	0.05336569504848716	0.04294834709943064	0.05147409032744926	95.7552858434472	55.69101095649909	63.741437922313	66.69848273090486	9.10132946307607	13.568807786307476
8.907609731796915	0.01	0.01	0.01	0.007	0.01	0.9134361456422627	0.10619734174952328	0.053365695049720954	0.04294835172187173	0.0514740903273885	95.97651393949984	55.672305754953825	63.9459307497688	66.65260247946368	9.125990521371747	13.205840697902989
9.026910125348667	0.01	0.01	0.01	0.007	0.01	0.9134361456422632	0.10619734174952328	0.05336569505086745	0.04294835604673965	0.05147409032733103	96.18408108618539	55.64517550825782	64.14243571927962	66.59683513825703	9.149484776791882	12.852582409404494
9.146210711683981	0.01	0.01	0.01	0.007	0.01	0.9134361456422634	0.10619734174952328	0.05336569505193114	0.042948360084852644	0.05147409032727685	96.37837417898423	55.60989970270805	64.33116977146507	66.531516203718	9.171844393049252	12.508773286876934
9.265511467100199	0.01	0.01	0.01	0.007	0.01	0.9134361456422636	0.10619734174952328	0.05336569505291597	0.04294836384651851	0.05147409032722584	96.55976970045585	55.56675002877977	64.51234403203384	66.45697175596595	9.19310067095359	12.17416065856994
9.384812359993571	0.01	0.01	0.01	0.007	0.01	0.9134361456422637	0.10619734174952328	0.05336569505382608	0.04294836734156629	0.05147409032717761	96.72863400236326	55.51599059392848	64.6861639692245	66.37351871626588	9.213284071781187	11.848498626578987
9.504113366661251	0.01	0.01	0.01	0.007	0.01	0.9134361456422638	0.10619734174952328	0.05336569505466497	0.04294837057936536	0.05147409032713211	96.88532359998887	55.457878121340755	64.85282956852208	66.28146508462459	9.232424242468328	11.53154784227575
9.623414495004354	0.01	0.01	0.01	0.007	0.01	0.9134361456422638	0.10619734174952328	0.05336569505543606	0.0429483735688387	0.05147409032708909	97.03018545884326	55.39266213287695	65.012535508058	66.18111015707925	9.250550040551932	11.223075273269568
9.742715721319957	0.01	0.01	0.01	0.007	0.01	0.9134361456422638	0.10619734174952328	0.05336569505614235	0.04294837631852292	0.05147409032704845	97.16355716814097	55.32058517385177	65.16547121333514	66.07274480925264	9.267689545264641	10.922854200283494
9.862017037707119	0.01	0.01	0.01	0.007	0.01	0.9134361456422638	0.10619734174952328	0.053365695056786754	0.042948378836563814	0.051474090327010065	97.28576725193585	55.24188297828071	65.31182106220984	65.95665168773256	9.283870085743178	10.630663925279118
9.981318444165908	0.01	0.01	0.01	0.007	0.01	0.9134361456422638	0.10619734174952328	0.053365695057371994	0.04294838113074364	0.051474090326973844	97.39713539766645	55.15678465407005	65.4517645069528	65.83310543574181	9.299118259529324	10.346289633327443
10.1006199169933	0.01	0.01	0.01	0.007	0.01	0.9134361456422638	0.10619734174952328	0.0533656950579005	0.042948383208517	0.051474090326939795	97.49797266395313	55.06551288487916	65.58547616952688	65.70237294286429	9.313459948179805	10.069522309651212
10.219921448288304	0.01	0.01	0.01	0.007	0.01	0.9134361456422638	0.10619734174952328	0.05336569505837476	0.042948385077008815	0.051474090326907515	97.5885817494083	54.96828407701615	65.7131260173202	65.56471351596498	9.326920341523842	9.800158490688615
10.339223022248873	0.01	0.01	0.01	0.007	0.01	0.9134361456422638	0.10619734174952328	0.05336569505879689	0.04294838674304379	0.05147409032687711	97.66925719480439	54.86530854587539	65.8348794604279	65.42037910889236	9.339523953205005	9.538000170994689
10.458524638875026	0.01	0.01	0.01	0.007	0.01	0.9134361456422638	0.10619734174952328	0.05336569505916902	0.04294838821314994	0.05147409032684844	97.74028561751238	54.756790660543295	65.95089749764735	65.26961449355038	9.351294641269545	9.28285460548041
10.5778262823647	0.01	0.01	0.01	0.007	0.01	0.9134361456422638	0.10619734174952328	0.053365695059492936	0.0429483894935913	0.051474090326821424	97.8019459023771	54.642929031531196	66.0613368025812	65.11265749230844	9.362255622400438	9.034534237315082
10.697127960618941	0.01	0.01	0.01	0.007	0.01	0.9134361456422638	0.10619734174952328	0.05336569505977043	0.04294839059036008	0.05147409032679596	97.85450943037952	54.52391663019545	66.16634987639215	64.94973911612237	9.372429492794167	8.792856476725142
10.816429657835675	0.01	0.01	0.01	0.007	0.01	0.9134361456422638	0.10619734174952328	0.05336569506000322	0.04294839150921631	0.051474090326771936	97.89824025525476	54.39994098599916	66.26608511607068	64.78108381086177	9.381838240456881	8.557643665541816
10.935731366113867	0.01	0.01	0.01	0.007	0.01	0.9134361456422638	0.10619734174952328	0.05336569506019292	0.042948392255683046	0.051474090326749454	97.9333953161435	54.2711843046126	66.36068695318936	64.60690959512566	9.390503264364368	8.328722880457205
11.055033077552475	0.01	0.01	0.01	0.007	0.01	0.9134361456422638	0.10619734174952328	0.0533656950603411	0.04294839283506212	0.051474090326728186	97.96022462368794	54.137823619239484	66.45029595262909	64.42742824463754	9.398445389480944	8.105925822658447
11.174334792151498	0.01	0.01	0.01	0.007	0.01	0.9134361456422638	0.10619734174952328	0.05336569506044892	0.042948393252440854	0.05147409032670815	97.97897144640628	54.00003092145005	66.53504892141885	64.24284544938712	9.405684882565934	7.88908868002074
11.293636509910938	0.01	0.01	0.01	0.007	0.01	0.9134361456422638	0.10619734174952328	0.05336569506051785	0.042948393512706816	0.05147409032668954	97.9898724881059	53.857973305688155	66.61507900266805	64.05336098972998	9.412241466478296	7.678052022454186
11.412938222929753	0.01	0.01	0.01	0.007	0.01	0.9134361456422638	0.10619734174952328	0.053365695060548994	0.04294839362056214	0.051474090326672085	97.99315806368038	53.71181311188095	66.69051576873667	63.85916891008449	9.418134334360769	7.472660698101799
11.532239931207945	0.01	0.01	0.01	0.007	0.01	0.9134361456422638	0.10619734174952328	0.053365695060543505	0.04294839358052345	0.05147409032665567	97.9890522715621	53.56170803581721	66.76148532719859	63.66045765015599	9.423382164667162	7.272763691339473
11.651541626844473	0.01	0.01	0.01	0.007	0.01	0.9134361456422638	0.10619734174952328	0.053365695060502434	0.04294839339693995	0.05147409032664034	97.97777315968811	53.40781127421185	66.82811040364328	63.45741022275556	9.428003134159177	7.078214039006631
11.770843309839341	0.01	0.01	0.01	0.007	0.01	0.9134361456422638	0.10619734174952328	0.05336569506042692	0.04294839307399207	0.05147409032662615	97.95953288694136	53.250271627180474	66.89051044140751	63.250204335522376	9.432014932013283	6.888868695899112
11.890144972291512	0.01	0.01	0.01	0.007	0.01	0.9134361456422638	0.10619734174952328	0.053365695060317846	0.04294839261570822	0.05147409032661294	97.93453788226515	53.089233637675086	66.94880168064806	63.03901256185882	9.435434772259072	6.704588455419116
12.009446614200991	0.01	0.01	0.01	0.007	0.01	0.9134361456422638	0.10619734174952328	0.05336569506017588	0.04294839202596358	0.051474090326600504	97.90298899568441	52.92483768649699	67.00309725217211	62.824002453685026	9.438279407014745	6.525237822165705
12.128748235567782	0.01	0.01	0.01	0.007	0.01	0.9134361456422638	0.10619734174952328	0.053365695060002216	0.04294839130849013	0.051474090326589166	97.86508164820269	52.75722011517148	67.05350725618837	62.60533669122235	9.440565138529191	6.350684925366795
12.248049828490856	0.01	0.01	0.01	0.007	0.01	0.9134361456422638	0.10619734174952328	0.05336569505979756	0.04294839046688924	0.05147409032657858	97.8210059803097	52.586513347130825	67.10013884041898	62.383173230630106	9.44230783112199	6.180801433015435
12.36735140087125	0.01	0.01	0.01	0.007	0.01	0.9134361456422638	0.10619734174952328	0.05336569505956253	0.042948389504623076	0.0514740903265689	97.77094698490303	52.412845960714414	67.1430962883844	62.15766538920394	9.443522923261371	6.015462423609777
12.486652936906912	0.01	0.01	0.01	0.007	0.01	0.9134361456422638	0.10619734174952328	0.05336569505929783	0.04294838842504333	0.05147409032656005	97.71508466053811	52.23634285011517	67.1824810813404	61.928962045225255	9.444225438472753	5.8545463498438
12.605954436597855	0.01	0.01	0.01	0.007	0.01	0.9134361456422638	0.10619734174952328	0.05336569505900432	0.04294838723137421	0.051474090326552084	97.65359412980536	52.05712526948796	67.21839198781731	61.69720768617635	9.444429996920285	5.6979348937619445
12.725255915746134	0.01	0.01	0.01	0.007	0.01	0.9134361456422638	0.10619734174952328	0.053365695058682334	0.04294838592671681	0.05147409032654473	97.58664576599101	51.875310929568904	67.25092513403231	61.46254252577506	9.444150825872937	5.545512882650458
12.844557358549709	0.01	0.01	0.01	0.007	0.01	0.9134361456422638	0.10619734174952328	0.053365695058332586	0.04294838451408243	0.05147409032653816	97.51440534632071	51.69101416559478	67.28017406156377	61.22510271296891	9.443401770299015	5.397168265179575
12.963858765008592	0.01	0.01	0.01	0.007	0.01	0.9134361456422638	0.10619734174952328	0.053365695057955645	0.04294838299636918	0.05147409032653228	97.43703415068016	51.504345959126454	67.30622981027842	60.98502035240175	9.44219630314237	5.2527919670721746
13.083160150924826	0.01	0.01	0.01	0.007	0.01	0.9134361456422638	0.10619734174952328	0.05336569505755213	0.04294838137636648	0.05147409032652698	97.35468907841734	51.31541402717696	67.32918098324879	60.742423612373216	9.440547534972536	5.112277813566302
13.202461500496387	0.01	0.01	0.01	0.007	0.01	0.9134361456422638	0.10619734174952328	0.05336569505712235	0.042948379656786634	0.051474090326522524	97.26752279781259	51.124322985463515	67.34911380271964	60.49743692790824	9.438468224304577	4.975522507421473
13.321762813723284	0.01	0.01	0.01	0.007	0.01	0.9134361456422638	0.10619734174952328	0.053365695056666725	0.04294837784024144	0.05147409032651861	97.1756838288698	50.931174359981064	67.36611218375573	60.250181009088	9.435970786518661	4.842425495863345
13.44106409060553	0.01	0.01	0.01	0.007	0.01	0.9134361456422638	0.10619734174952328	0.05336569505618574	0.042948375929255225	0.05147409032651527	97.07931666408783	50.736066695191845	67.3802577924052	60.00077297381467	9.433067303168931	4.712888916030203
13.560365331143133	0.01	0.01	0.01	0.007	0.01	0.9134361456422638	0.10619734174952328	0.05336569505567998	0.04294837392626795	0.051474090326512616	96.97856187635396	50.53909563539763	67.39163010586978	59.74932644622772	9.429769530917092	4.586817523013642
13.679666535336107	0.01	0.01	0.01	0.007	0.01	0.9134361456422638	0.10619734174952328	0.05336569505514954	0.04294837183363906	0.05147409032651044	96.87355622395056	50.34035400392539	67.40030647106529	59.495951652472776	9.426088910226985	4.46411861982429
13.798967703184461	0.01	0.01	0.01	0.007	0.01	0.9134361456422638	0.10619734174952328	0.05336569505459488	0.04294836965365062	0.051474090326508966	96.76443275275217	50.13993188018483	67.40636216161556	59.24075551389374	9.422036573826569	4.344701989231081
13.918268826787209	0.01	0.01	0.01	0.007	0.01	0.9134361456422638	0.10619734174952328	0.05336569505401649	0.04294836738851482	0.05147409032650793	96.65132090330872	49.93791668808465	67.40987043317209	58.98384175478668	9.41762335524751	4.228479835017156
14.037569914045362	0.01	0.01	0.01	0.007	0.01	0.9134361456422638	0.10619734174952328	0.05336569505341446	0.042948365040363215	0.05147409032650741	96.53434658528923	49.73439322890824	67.41090257817135	58.7253109396435	9.412859795974207	4.115366694231338
14.15687096495893	0.01	0.01	0.01	0.007	0.01	0.9134361456422638	0.10619734174952328	0.05336569505278917	0.042948362611263335	0.05147409032650747	96.41363229352366	49.529443792207644	67.40952797726693	58.4652606097946	9.40775615406316	4.005279397961044
14.276171979527927	0.01	0.01	0.01	0.007	0.01	0.9134361456422638	0.10619734174952328	0.05336569505214097	0.04294836010321668	0.051474090326507994	96.28929719260155	49.32314821168484	67.40581415095207	58.20378535012456	9.40232241147894	3.8981370021614232
14.395472957752363	0.01	0.01	0.01	0.007	0.01	0.9134361456422638	0.10619734174952328	0.05336569505147001	0.04294835751816131	0.05147409032650905	96.16145720610942	49.11558393243379	67.39982680932708	57.94097687038017	9.396568281483226	3.793860728136834
14.514773891731261	0.01	0.01	0.01	0.007	0.01	0.9134361456422638	0.10619734174952328	0.05336569505077655	0.04294835485797909	0.05147409032651047	96.03022511228157	48.90682609023774	67.39162990115027	57.67692410181589	9.390503216237946	3.692373911245048
14.634074789365624	0.01	0.01	0.01	0.007	0.01	0.9134361456422638	0.10619734174952328	0.05336569505006069	0.042948352124483294	0.05147409032651241	95.89571060255051	48.69694753379679	67.38128565941466	57.41171322174944	9.384136412608315	3.5936019242743673
14.75337565065546	0.01	0.01	0.01	0.007	0.01	0.9134361456422638	0.10619734174952328	0.05336569504932288	0.042948349319435745	0.05147409032651477	95.75802038933823	48.486018927978215	67.36885464849867	57.14542778074477	9.377476820129392	3.497472143190327
14.872676475600782	0.01	0.01	0.01	0.007	0.01	0.9134361456422638	0.10619734174952328	0.053365695048563117	0.042948346444543574	0.05147409032651764	95.61725827776763	48.27410880040585	67.35439580849604	56.87814875814675	9.370533147264993	3.403913886735064
14.991977264201601	0.01	0.01	0.01	0.007	0.01	0.9134361456422638	0.10619734174952328	0.053365695047781825	0.04294834350146175	0.05147409032652094	95.47352524358348	48.06128360013254	67.33796649867323	56.60995463301386	9.36331386785985	3.3128583644552374
15.111278016457927	0.01	0.01	0.01	0.007	0.01	0.9134361456422638	0.10619734174952328	0.053365695046978814	0.042948340491794454	0.05147409032652463	95.32691950898838	47.84760775473396	67.31962253976424	56.34092145313961	9.355827227419134	3.2242386261202904
15.230578732369771	0.01	0.01	0.01	0.007	0.01	0.9134361456422638	0.10619734174952328	0.05336569504615451	0.04294833741709715	0.05147409032652867	95.1775366164496	47.633143725866	67.299418255134	56.07112290221393	9.348081249220007	3.137989512493861
15.349879404036177	0.01	0.01	0.01	0.007	0.01	0.9134361456422638	0.10619734174952328	0.05336569504530904	0.042948334278883366	0.05147409032653309	95.02546951068896	47.41795207760132	67.27740651235698	55.800630383109784	9.340083740797466	3.0540476129063654
15.469180039358125	0.01	0.01	0.01	0.007	0.01	0.9134361456422638	0.10619734174952328	0.053365695044442316	0.042948331078611464	0.051474090326537915	94.87080857845685	47.20209148629802	67.25363875788742	55.52951302774456	9.33184229815164	2.9723512018790017
15.588480646236594	0.01	0.01	0.01	0.007	0.01	0.9134361456422638	0.10619734174952328	0.053365695043554616	0.042948327817696426	0.05147409032654317	94.71364173586267	46.98561882007737	67.22816505734538	55.25783779458235	9.323364312361043	2.892840205597781
15.707781216770623	0.01	0.01	0.01	0.007	0.01	0.9134361456422638	0.10619734174952328	0.05336569504264618	0.042948324497520264	0.05147409032654879	94.55405451594582	46.768589217454476	67.20103413618291	54.98566956496391	9.314656976238929	2.8154561678174037
15.827081750960229	0.01	0.01	0.01	0.007	0.01	0.9134361456422638	0.10619734174952328	0.0533656950417168	0.04294832111941994	0.0514740903265548	94.39213010229942	46.55105609289398	67.1722934108428	54.713071147795574	9.305727288023665	2.7401421907232137
15.946382248805419	0.01	0.01	0.01	0.007	0.01	0.9134361456422638	0.10619734174952328	0.05336569504076676	0.04294831768469301	0.05147409032656107	94.22794940195057	46.33307119825018	67.14198902525764	54.440103354487086	9.2965820571104	2.6668428985785404
16.0	0.01	0.01	0.01	0.007	0.01	0.9134361456422638	0.10619734174952329	0.05336569504033311	0.04294832476162103	0.051474090326564054	94.15344703103926	46.23496750332991	67.12787187013134	54.317317613410346	9.292403438113428	2.634541489003231
