0.0	0.01	0.01	0.01	0.007	0.01	0.0	0.0	0.0	0.0	0.0	0.0	0.0	0.0	0.0	0.0	100.0
0.0034477740591186664	0.01	0.01	0.01	0.007	0.01	0.011195261182785507	0.0032674868301197204	0.003913112136897045	0.00411986333674171	0.004563875434234447	0.0006965891938160173	0.0011382495821855515	0.002367968580834558	0.003840941424363544	0.0004430053554312786	99.92982526501858
0.005511442391271146	0.01	0.01	0.01	0.007	0.01	0.01783152794751727	0.0051783284300996315	0.006118084891894821	0.0063877377685257865	0.007167307483806642	0.0017748253527501072	0.002890461266787667	0.005959488087501165	0.009608541631384686	0.0011182940183178751	99.88784567423058
0.008628508047362987	0.01	0.01	0.01	0.007	0.01	0.027764379000553258	0.00800231186458022	0.009265627008468669	0.009555498289115649	0.010926902530682445	0.004330876573571689	0.007017961280276278	0.01427736511914257	0.02281663205411718	0.002691230751480319	99.82447107877296
0.011496822556771315	0.01	0.01	0.01	0.007	0.01	0.03680883841690655	0.010536236830367293	0.01197854216079003	0.01221778783604608	0.014212005594365248	0.007657668532203224	0.012352144891485253	0.024826933468886217	0.039363519335514865	0.004698938439982826	99.76618948925139
0.014830999289309426	0.01	0.01	0.01	0.007	0.01	0.047208219128365383	0.01340579416347923	0.01492560533817339	0.015035425177616414	0.017833185035168446	0.012683424988757398	0.020351005080602464	0.040342011007457546	0.06339593742709043	0.00767134932397265	99.6984847598426
0.018223028774729283	0.01	0.01	0.01	0.007	0.01	0.05766362530021738	0.016243609486271574	0.01771137349074852	0.017624472879213076	0.021313504816679294	0.019057298488536212	0.030415277487235295	0.05946482632932343	0.09263211649100808	0.01136130531948738	99.62965240550741
0.0218775707162337	0.01	0.01	0.01	0.007	0.01	0.06878945205887844	0.019211662178984963	0.020490415860767552	0.020131829928610276	0.024850187210699887	0.027326756801275755	0.043365042021562945	0.08355308175157891	0.12897652270500276	0.016044683976316528	99.555546228692
0.02567098735730886	0.01	0.01	0.01	0.007	0.01	0.08018778051211381	0.02219737587523718	0.023149657623389816	0.022457055967793016	0.02830627362018188	0.03742538874680286	0.059042715731859124	0.11208156213993063	0.17144734960491648	0.02163632737521865	99.47868227706844
0.029660930720727986	0.01	0.01	0.01	0.007	0.01	0.09201363566166604	0.025236514356048154	0.02571870266914378	0.024631044099809422	0.031725345272383694	0.049685461217456685	0.07790559607007158	0.14564306414909295	0.22074499467322334	0.028271152170904784	99.39790024559181
0.03381182086466629	0.01	0.01	0.01	0.007	0.01	0.10414163511236366	0.028291696014658217	0.0281639662063767	0.02663060763423653	0.03506736573932979	0.06419265338608206	0.10001880584558004	0.18409429453878784	0.2764731033011337	0.03594247230901718	99.31392924070515
0.038141462492234844	0.01	0.01	0.01	0.007	0.01	0.11660463409546232	0.03136665085842291	0.030488873202793396	0.028465123282061987	0.03833685916581038	0.08119537168221158	0.12568788526741048	0.22769879660473824	0.338835181630913	0.04472637108310826	99.22641774356828
0.04264196947233073	0.01	0.01	0.01	0.007	0.01	0.12935984607149165	0.034446289528119005	0.03268332035460369	0.030133561224736993	0.041509456715995346	0.10085678957803329	0.15507796660855575	0.2764561761362135	0.4076561463339943	0.0546471120813381	99.1355344205956
0.04732192445625133	0.01	0.01	0.01	0.007	0.01	0.1424112130237994	0.037527284469866376	0.03474753198730438	0.031643542018535725	0.04455437104811249	0.12341016728641671	0.1884487568536518	0.3305078832264411	0.4829695636347087	0.0657544979418045	99.04111560669305
0.052184454693341285	0.01	0.01	0.01	0.007	0.01	0.15574606569597865	0.04060239399313965	0.03667997448056343	0.033001536731035286	0.0474033174482407	0.14907492714513462	0.2260269288851838	0.389921319831848	0.5647105575174406	0.07807238979922976	98.94310856499058
0.0572247526449346	0.01	0.01	0.01	0.007	0.01	0.16932977763963988	0.04365973865435651	0.03847769578695172	0.034213343549587674	0.04994110697944751	0.17802906062810492	0.26796741858589945	0.45463930136271047	0.6526548776716814	0.09157452640048451	98.84162088039629
0.062392747257494996	0.01	0.01	0.01	0.007	0.01	0.18300981324589524	0.046662638702038024	0.04012645257461372	0.03527804964757454	0.05200942024562365	0.21014899054074254	0.3139861193564847	0.5239487272068918	0.7457201558942166	0.10605833068432903	98.73767007713712
0.0677039650245191	0.01	0.01	0.01	0.007	0.01	0.19681223565630493	0.0496155357537033	0.041637621892762114	0.03621186338465044	0.05350724444739442	0.2456689333642077	0.3643131197261447	0.5979446764049516	0.8439473542250575	0.12144641860160586	98.63095234416905
0.07325839492198655	0.01	0.01	0.01	0.007	0.01	0.21097349291332937	0.05256554742189773	0.04304114340347474	0.03704047275071267	0.05441100695425813	0.2854755009730473	0.42007482528186385	0.6779808206099714	0.9490261772871567	0.13788448341065623	98.51947116010324
0.07906250862351262	0.01	0.01	0.01	0.007	0.01	0.22547866570159514	0.055504204702285266	0.044336647471203396	0.03776969966126728	0.05475096270842814	0.32990897465204494	0.481590720470633	0.7641619790925466	1.0609700876070336	0.15523459860342134	98.40311327934293
0.08507111287789343	0.01	0.01	0.01	0.007	0.01	0.24018614560534865	0.058398775559486096	0.045515449785949506	0.03840114473801959	0.05463494761295467	0.3788881243730945	0.5485873802982375	0.8557761523081574	1.178758856163983	0.17320536288748864	98.28280064953192
0.09129534724718075	0.01	0.01	0.01	0.007	0.01	0.2550971678463438	0.0612466835854161	0.046583831136281374	0.038944819351243734	0.054200555592518185	0.43274068702449553	0.6213493432168864	0.9529110343971263	1.3024373061772285	0.19169885060440028	98.15832548493682
0.09779038848119788	0.01	0.01	0.01	0.007	0.01	0.27031275927674675	0.06406352703748239	0.04755410482676912	0.03941294209064005	0.053562930188348616	0.49222764377627376	0.7007174597571588	1.0563623876646968	1.4329491745135736	0.21077754508313976	98.02860267980576
0.10461054309912587	0.01	0.01	0.01	0.007	0.01	0.2859201969379812	0.06686010537491224	0.04843507053216765	0.0398149341728459	0.05280647436314293	0.5582106802691603	0.7876167200325839	1.166958706918908	1.5712586914648288	0.23052141340178794	97.89257103807043
0.1117929196642008	0.01	0.01	0.01	0.007	0.01	0.30195675582780407	0.06963659926564898	0.04923128752249195	0.04015759302001806	0.05199217159327621	0.6314821265236065	0.8828272515940796	1.285274982238265	1.7180003586754697	0.2509743011370624	97.74951875227885
0.1193610156001491	0.01	0.01	0.01	0.007	0.01	0.3184218456993658	0.07238603621676673	0.04994546622559376	0.0404465848579193	0.05116377491428951	0.7127610444064282	0.986984820168673	1.4116624395252906	1.8735321967156642	0.27215288303212587	97.59901022616212
0.12733463342929158	0.01	0.01	0.01	0.007	0.01	0.3353014835020834	0.0750993169994099	0.05058048679906671	0.040687421815951766	0.050351617955499264	0.8027712451123634	1.1006852112222025	1.5463985269042009	2.0381310244387305	0.29407378773251025	97.44068768517872
0.13573608438036855	0.01	0.01	0.01	0.007	0.01	0.3525819655029573	0.07776772660561236	0.05114006239960983	0.040885664800342336	0.04957579190686376	0.9023051789411585	1.224563150099222	1.6897891696135383	2.212120209392676	0.31676880470701735	97.27414803511567
0.14459206121643545	0.01	0.01	0.01	0.007	0.01	0.37025284211083714	0.08038338354452558	0.05162865730202639	0.04104679216631192	0.048848986040605176	1.0122530907483966	1.35932207663708	1.842203206594857	2.3959102503286465	0.340287536805012	97.09890658879796
0.15393382308984063	0.01	0.01	0.01	0.007	0.01	0.38830597046359405	0.08293902932087817	0.05205125294508136	0.041176040092264776	0.04817870937874345	1.1336160476101496	1.505741411503236	2.0040782971985136	2.5900037238864293	0.36469574127701543	96.91439460340594
0.1637970775199819	0.01	0.01	0.01	0.007	0.01	0.40673391283621846	0.08542776542156609	0.05241314979252931	0.041278290846012325	0.04756886621246408	1.2675152690019766	1.664678091914044	2.1759206656284387	2.79499282541936	0.3900733449753652	96.71996297024826
0.17422191784773394	0.01	0.01	0.01	0.007	0.01	0.42552846479646633	0.08784286798812488	0.05271982246481877	0.041358006047654015	0.047020826944128555	1.4152015179164321	1.8370672931984757	2.358304915877356	3.011557123353217	0.41651300816904463	96.51488495139097
0.18525283101020432	0.01	0.01	0.01	0.007	0.01	0.44467933259669157	0.09017767828702879	0.05297681217014253	0.0414191915558071	0.04653414960349526	1.5780647728641608	2.023922676092142	2.551874411559056	3.240462021718843	0.44411914829046895	96.2983577032154
0.19693871534363547	0.01	0.01	0.01	0.007	0.01	0.46417284970440315	0.0924255505736278	0.053189641494274006	0.0414653842280799	0.04610707125254291	1.7576432737072751	2.2263352339478653	2.7573413369478277	3.48255679023484	0.4730071678150894	96.06950380711177
0.2093328352205569	0.01	0.01	0.01	0.007	0.01	0.48399063746949667	0.09457984538002479	0.05336374063041075	0.04149965457187474	0.04573685110295136	1.955630502198418	2.4454694108683137	2.975485253431758	3.7387707138926514	0.5033026340591171	95.82737426201642
0.2224926977069671	0.01	0.01	0.01	0.007	0.01	0.5041082477558642	0.09663397334341098	0.053504376396881284	0.04152462165983666	0.04542001805566265	2.17387924533319	2.6825560698141944	3.2071499437978988	4.01010711537299	0.5351403283598374	95.5709532294954
0.23647986236030338	0.01	0.01	0.01	0.007	0.01	0.5244938770556914	0.09858149615064767	0.053616574802794977	0.041542477631475026	0.04515255850779561	2.4144022292102556	2.9388824316876385	3.453238750907512	4.297635534367764	0.5686631552442042	95.2991643084434
0.2513597689176865	0.01	0.01	0.01	0.007	0.01	0.5451073401535174	0.10041629334629437	0.05370503063120778	0.04155501972523794	0.044930068695491744	2.6793701735335174	3.215780636036975	3.7147098441821673	4.6024838460383295	0.6040210831361659	95.01087669067357
0.2672014167700781	0.01	0.01	0.01	0.007	0.01	0.5658991250283776	0.10213276327307651	0.05377400589318651	0.04156368792746287	0.0447478920016274	2.9711038346525354	3.5146121069059566	3.9925683610549783	4.925826939928039	0.6413696973461049	94.70491442057572
0.28407609123777	0.01	0.01	0.01	0.007	0.01	0.5868086794085834	0.10372598505933743	0.0538272363245428	0.041569606677497796	0.044601254821158155	3.2920434897023174	3.836732432715657	4.287841238428037	5.2688557305577	0.6808664926725257	94.3800841709926
0.30205427296983295	0.01	0.01	0.01	0.007	0.01	0.607761485678314	0.1051918360861508	0.053867880412146546	0.04157362935958053	0.04448539789142629	3.644674433672333	4.18341937383011	4.601519999566805	5.632709713640277	0.7226630033075351	94.03523759958054
0.32120203457741997	0.01	0.01	0.01	0.007	0.01	0.6286672652065268	0.10652724474978413	0.053898537466720665	0.04157638390585638	0.04439568711566328	4.0314279287835	4.555788799309628	4.934495188599795	6.018400702982539	0.7668959503893732	93.66934237106332
0.3415805404391908	0.01	0.01	0.01	0.007	0.01	0.6494231070611296	0.10773071986928262	0.05392132476906099	0.04157831700110934	0.044327704647794536	4.454632740663739	4.954771616495055	5.287545870205436	6.426800833954359	0.8136857310625386	93.28149259983414
0.3632497421892736	0.01	0.01	0.01	0.007	0.01	0.6699208433963958	0.10880290991498852	0.05393797233193977	0.04157973459302402	0.04427734254953917	4.91655464678141	5.381177824499029	5.661402043615206	6.858714647979591	0.8631444786061775	92.87083950060139
0.3862729609885165	0.01	0.01	0.01	0.007	0.01	0.6900536953341635	0.1097468181734065	0.05394990012650877	0.04158083756305245	0.04424090145185033	5.419467338266644	5.835784255649028	6.056821000236527	7.314966534359448	0.91538589266385	92.43650703065398
0.41071958502014155	0.01	0.01	0.01	0.007	0.01	0.7097196272258328	0.11056763574495168	0.05395826959911854	0.041581751950462445	0.04421516768073978	5.965694254619242	6.319388702558839	6.474629309507788	7.796447881853032	0.97053057570452	91.97754535445675
0.43666596227990834	0.01	0.01	0.01	0.007	0.01	0.7288224589174211	0.11127238118453857	0.053964017560403525	0.04158255318975692	0.04419744819776998	6.557615005322761	6.832828934498494	6.915732371505921	8.30412661283122	1.0287072224645677	91.49291981738806
0.4641957053842044	0.01	0.01	0.01	0.007	0.01	0.7472724274332962	0.11186949636032179	0.05396788260921046	0.04158328430048559	0.044185562957404	7.197657999487884	7.376989206855573	7.38111291151897	8.839044000347345	1.0900524924029806	90.98151188939808
0.49340006391132757	0.01	0.01	0.01	0.007	0.01	0.7649868651238958	0.11236844793676365	0.053970430546049504	0.04158396864805614	0.044177805386231964	7.888292782570512	7.952806730041116	7.871829703119238	9.402311782262938	1.1547110184835092	90.44211968852612
0.5243783049423545	0.01	0.01	0.01	0.007	0.01	0.781890934133171	0.11277934211172784	0.0539720810874575	0.04158461833191042	0.04417288321595931	8.632020732014272	8.561276569498048	8.389015452791503	9.995108257498805	1.2228353679529533	89.8734592962422
0.5572375491272422	0.01	0.01	0.01	0.007	0.01	0.7979181525739775	0.11311255788624906	0.053973135345802344	0.04158523935523242	0.0441698501247594	9.43135055692347	9.203443857757051	8.933864679261653	10.618662784217221	1.2945847090859623	89.27417700152488
0.5920914138229377	0.01	0.01	0.01	0.007	0.01	0.8130106342897843	0.1133784125723216	0.05397380230258394	0.04158583460634975	0.04416803633177272	10.288741639953972	9.88037094586301	9.507601384635489	11.274217063702418	1.3701208113511418	88.64288377656725
0.629056865777576	0.01	0.01	0.01	0.007	0.01	0.827119176742949	0.11358687401999146	0.05397422248414851	0.04158640545904168	0.04416698403578709	11.206499259802635	10.593069218719462	10.111417900040907	11.96295361713696	1.4496002264385368	87.97822157225738
0.6682492115797933	0.01	0.01	0.01	0.007	0.01	0.8402035813265673	0.11374732973291861	0.05397448768814174	0.04158695256964345	0.0441663913745216	12.186619882420086	11.34239673128178	10.746385641720291	12.685892750711163	1.533162740042295	87.27896075456516
0.7097757615076072	0.01	0.01	0.01	0.007	0.01	0.852233576558715	0.11386841345584772	0.05397465639183284	0.04158747624991085	0.044166066595146804	13.230602515645145	12.128935169941586	11.413348671566897	13.443770970411443	1.620917529956924	86.5441168206492
0.7537298870915469	0.01	0.01	0.01	0.007	0.01	0.8631906164628467	0.11395788411475624	0.05397476511010441	0.04158797664970233	0.0441658925323792	14.339274881082032	12.952881552414407	12.112829481638036	14.236934740095395	1.7129309080419692	85.77305408159347
0.8001879472045742	0.01	0.01	0.01	0.007	0.01	0.873070368983893	0.11402254884905488	0.05397483634165255	0.041588453876841035	0.0441658004297025	15.512703925664535	13.814001358359738	12.844986385778611	15.065294247374792	1.809220831856562	84.96553288475798
0.8492112604796092	0.01	0.01	0.01	0.007	0.01	0.8818851436757607	0.11406822469953476	0.053974883873592526	0.04158890810530028	0.04416575157363654	16.75025072278915	14.711679486698882	13.609653956157958	15.928371999808927	1.9097623186906076	84.12166550847019
0.9008531926222803	0.01	0.01	0.01	0.007	0.01	0.8896651364556123	0.11409973891821566	0.053974916179193345	0.04158933966903248	0.04416572504015522	18.050770458726888	15.645062242093658	14.406461976966384	16.825439676429234	2.0145031567458758	83.24178536223492
0.9551690335049341	0.01	0.01	0.01	0.007	0.01	0.8964576921341797	0.11412097115693061	0.053974938520814024	0.04158974911839164	0.04416570993912008	19.412890869175868	16.613239495589905	15.234990952766337	17.75569439266369	2.1233843852408936	82.32627543453341
1.012225721580319	0.01	0.01	0.01	0.007	0.01	0.9023246397950735	0.11413493694657222	0.05397495421936036	0.04159013722772187	0.044165700772076745	20.835283932185465	17.615409049563425	16.09491541519956	18.71841862672462	2.2363591294904275	81.37540960838035
1.0721094210263633	0.01	0.01	0.01	0.007	0.01	0.907338428364189	0.11414390309674034	0.053974965410270755	0.041590504961937835	0.044165694809473244	22.316871600063436	18.650987501010732	16.986104314961402	19.713089283878844	2.3534057580629626	80.38924075936697
1.1349308634812254	0.01	0.01	0.01	0.007	0.01	0.9115779850091609	0.11414951924115996	0.05397497349320502	0.04159085342309068	0.04416569069082046	23.856958532644292	19.719668855173467	17.908678838614147	20.739436770680626	2.4745354148447007	79.36753536639016
1.200828989070051	0.01	0.01	0.01	0.007	0.01	0.9151249320994054	0.11415294914221531	0.053974979402114306	0.041591183793610126	0.04416568771596701	25.455303788236478	20.82144325983515	18.863037506142216	21.797465639925377	2.59979522848959	78.30974385231212
1.2699738752530985	0.01	0.01	0.01	0.007	0.01	0.918060487558783	0.11415498963771754	0.053974983770287	0.04159149728728561	0.04416568550193919	27.112156175731176	21.956594773766522	19.849864324742523	22.88745474739954	2.7292692758347536	77.21498926769804
1.3425695735991312	0.01	0.01	0.01	0.007	0.01	0.9204631083018079	0.11415617068911779	0.05397498703332057	0.04159179511116368	0.044165683821942435	28.8282687887672	23.125688989115982	20.870129178267458	24.00994720149514	2.8630785055666825	76.082064157814
1.4188573469046206	0.01	0.01	0.01	0.007	0.01	0.9224068161534035	0.11415683475152716	0.053974989494714	0.041592078438270376	0.04416568253066272	30.604904321948748	24.329557742320006	21.925086836553927	25.165737034356695	3.0013804582406767	74.90942848840203
1.499119547228016	0.01	0.01	0.01	0.007	0.01	0.923960093986843	0.11415719677167287	0.05397499136843919	0.041592348388995136	0.04416568152896235	32.443835614065485	25.569282859936365	23.01627660331603	26.35585449984567	3.1443690433607987	73.69520629707934
1.5836840779467336	0.01	0.01	0.01	0.007	0.01	0.925185234125207	0.11415738769203557	0.053974992807018424	0.04159260601803653	0.04416568074625526	34.347338062100384	26.84617554611324	24.145520062245414	27.581546801700352	3.292274035060442	72.43718377450219
1.6729290893924644	0.01	0.01	0.01	0.007	0.01	0.9261380366770039	0.11415748483176223	0.0539749939203023	0.04159285230355116	0.044165680130923236	36.31816375863852	28.16174361989318	25.314910468808044	28.84424683873951	3.4453594356373807	71.13281583948196
1.7672860074213457	0.01	0.01	0.01	0.007	0.01	0.9268677669648772	0.11415753236415888	0.05397499478817541	0.04159308813186967	0.04416567964458879	38.35945477275422	29.517617615702648	26.526768152251485	30.145502210683183	3.6039173490911094	69.7792697542041
1.8672353821564915	0.01	0.01	0.01	0.007	0.01	0.9274173016885499	0.11415755464942584	0.053974995469237945	0.04159331426475247	0.04416567925841592	40.474484469860045	30.915362784077654	27.783495419169515	31.486794542365228	3.768248679089952	68.37358039429012
1.9732756944639676	0.01	0.01	0.01	0.007	0.01	0.9278233950410208	0.11415756461701002	0.05397499600675575	0.0415935312502561	0.0441656789506108	42.665846146444764	32.35593063802231	29.087103142020542	32.86901289107139	3.9386009432835425	66.91317368446742
2.08579324345362	0.01	0.01	0.01	0.007	0.01	0.9281169915929487	0.11415756884821127	0.05397499643266168	0.041593739158030746	0.0441656787047492	44.9327627992754	33.83789983182831	30.43761404430544	34.29076601033951	4.114959649718416	65.39765576455139
2.2045736511573932	0.01	0.01	0.01	0.007	0.01	0.9283234950793637	0.11415757054216798	0.053974996769948956	0.041593936804232415	0.04416567850883374	47.26189792908569	35.35156861565499	31.827566252875556	35.742717126843374	4.296331962753776	63.83501062980864
2.327443048460293	0.01	0.01	0.01	0.007	0.01	0.9284632182643522	0.1141575711776367	0.053974997033916304	0.041594120345661824	0.04416567835489868	49.60351539259179	36.86385786467424	33.22767374298731	37.193112241388235	4.4788816965317855	62.25784977312218
2.44968493045642	0.01	0.01	0.01	0.007	0.01	0.9285535391942071	0.11415757140290989	0.0539749972358336	0.04159428510001925	0.04416567823698714	51.86638952311403	38.31586446125152	34.5835238366051	38.58545501392243	4.655512124038087	60.7274140286178
2.5682012443277134	0.01	0.01	0.01	0.007	0.01	0.9286108516933235	0.11415757148200371	0.05397499738943324	0.04159443207561439	0.044165678147241594	53.99817706061027	39.67488124013666	35.863579495427864	39.88840132018214	4.822126881451928	59.279549514068904
2.683402492377523	0.01	0.01	0.01	0.007	0.01	0.9286477695231361	0.11415757151068842	0.05397499750886576	0.04159456552224003	0.04416567807739631	56.01308284167754	40.95108121412678	37.07608177398059	41.11173097892627	4.979815091391034	57.90527634672796
2.79701266620212	0.01	0.01	0.01	0.007	0.01	0.9286721107780093	0.11415757152147464	0.053974997604640966	0.04159468832126662	0.044165678021361614	57.94615809708399	42.167487948196865	38.241902242937954	42.27753355369978	5.131303272896156	56.58118964441549
2.9105111297454918	0.01	0.01	0.01	0.007	0.01	0.9286884202034057	0.11415757152561665	0.05397499768343052	0.041594802173971435	0.044165677975285554	59.82501367710017	43.34192591219859	39.37757727573049	43.40290248824943	5.278746518868492	55.288637602808315
3.0246723736684014	0.01	0.01	0.01	0.007	0.01	0.9286994130133284	0.11415757152721519	0.053974997749318895	0.04159490825311473	0.04416567793680192	61.663303182644476	44.483132344704856	40.49131720066919	44.49621410382078	5.4232131937942665	54.01832276297543
3.139634744853278	0.01	0.01	0.01	0.007	0.01	0.9287068120676618	0.11415757152782914	0.05397499780492425	0.04159500734224502	0.04416567790438366	63.46347213755373	45.59273067665869	41.58458876042894	45.559025333860085	5.564894445648066	52.76858665807694
3.255168717701935	0.01	0.01	0.01	0.007	0.01	0.9287117700002302	0.11415757152806304	0.05397499785209999	0.041595099987078124	0.04416567787694164	65.22221799710702	46.66880107978718	42.65536522030556	46.58949933815892	5.703528716304932	51.541764800293166
3.370951496904658	0.01	0.01	0.01	0.007	0.01	0.9287150779742335	0.11415757152815156	0.053974997892294777	0.041595186663632974	0.044165677853619814	66.93528407871572	47.70891409146681	43.7010123614711	47.58531339568785	5.8387770408199735	50.340915159111695
3.486739892416022	0.01	0.01	0.01	0.007	0.01	0.9287172793971458	0.11415757152818491	0.053974997926705404	0.04159526785196717	0.04416567783370885	68.60008148522387	48.71173223540935	44.71988590461456	48.54519259666532	5.970429835488863	49.16798737780385
3.6024253581261316	0.01	0.01	0.01	0.007	0.01	0.9287187432799136	0.11415757152819758	0.05397499795633028	0.0415953440257976	0.04416567781661629	70.21625544620846	49.67731187371157	45.71169146301314	49.4691976477507	6.098452770376231	48.02339488232344
3.7180077178572337	0.01	0.01	0.01	0.007	0.01	0.9287197170702892	0.11415757152820233	0.05397499798199196	0.04159541562123664	0.044165677801854354	71.7850456284474	50.60667319723555	46.67710829491466	50.358311983449475	6.222937414905849	46.90643231460347
3.8335389773958712	0.01	0.01	0.01	0.007	0.01	0.9287203653169992	0.11415757152820412	0.05397499800435711	0.041595483021952276	0.044165677789027726	73.30833842028119	51.501206032384886	47.617217395677926	51.213872330972855	6.344026947856343	45.815925548168565
3.94907493045283	0.01	0.01	0.01	0.007	0.01	0.9287207970976525	0.11415757152820484	0.053974998023960434	0.0415955465618798	0.044165677777819864	74.78795932386265	52.36224207635284	48.533069147872304	52.03715920631532	6.461860260630655	44.75072872268298
4.064649800632069	0.01	0.01	0.01	0.007	0.01	0.9287210847600601	0.11415757152820509	0.053974998041231216	0.04159560653473117	0.044165677767976086	76.22536064858905	53.190875864945085	49.425489230990074	52.82922580388002	6.576547026004415	43.70995082676443
4.180272310411899	0.01	0.01	0.01	0.007	0.01	0.9287212763929703	0.11415757152820516	0.05397499805651603	0.041595663203099265	0.044165677759291436	77.62161862891575	53.98797210810584	50.29507383577578	53.59090527773749	6.688167230302297	42.69296442456953
4.295934026996573	0.01	0.01	0.01	0.007	0.01	0.928721404024676	0.11415757152820519	0.05397499807009898	0.04159571680476301	0.04416567775159771	78.97757760813728	54.754256540677794	51.14227656551919	54.322897817294916	6.796782469668452	41.69930706294939
4.411620562621777	0.01	0.01	0.01	0.007	0.01	0.9287214890098849	0.1141575715282052	0.053974998082215384	0.04159576755624027	0.044165677744755626	80.29400593055418	55.4904089202732	51.967504162095885	55.02585963576337	6.902448304512573	40.72857076243487
4.527319706044668	0.01	0.01	0.01	0.007	0.01	0.9287215455885958	0.11415757152820522	0.05397499809306224	0.04159581565462425	0.044165677738648754	81.57169403697212	56.1971189993758	52.77117762059993	55.70045645302663	7.005222103780656	39.78033053628141
4.64302473759493	0.01	0.01	0.01	0.007	0.01	0.9287215832523017	0.11415757152820522	0.053974998102805864	0.04159586127888208	0.04416567773317898	82.81148523318902	56.87510232799353	53.55375197627479	56.34737853951783	7.105165554818465	38.85412060315125
4.758733948609882	0.01	0.01	0.01	0.007	0.01	0.9287216083237173	0.11415757152820522	0.053974998111586736	0.04159590459134738	0.04416567772826388	84.01426160238617	57.525090673001	54.31570808180268	56.967331511257555	7.202343581262612	37.94944342669155
4.874448473475047	0.01	0.01	0.01	0.007	0.01	0.9287216250127718	0.11415757152820522	0.053974998119524394	0.04159594573952191	0.044165677723832925	85.18091471089208	58.147814761533645	55.057534565413214	57.561019821368916	7.296822017358304	37.065790600103576
4.990170059892534	0.01	0.01	0.01	0.007	0.01	0.9287216361219466	0.11415757152820522	0.05397499812672056	0.04159598485797222	0.04416567771982637	86.31232020932217	58.74399012804592	55.779711905914375	58.12913324513104	7.3886655689939165	36.20266157867191
5.105899712400385	0.01	0.01	0.01	0.007	0.01	0.9287216435167074	0.11415757152820522	0.05397499813326213	0.0415960220700349	0.044165677716193556	87.40932482370155	59.31431037056378	56.48270410305971	58.672340455885895	7.477936755565003	35.35957365768627
5.221637370236537	0.01	0.01	0.01	0.007	0.01	0.9287216484388473	0.11415757152820522	0.05397499813922425	0.04159605748916694	0.04416567771289056	88.47274509146555	59.85944695894852	57.16695771328695	59.191288857289294	7.564695794795659	34.53606328407088
5.337382190693991	0.01	0.01	0.01	0.007	0.01	0.9287216517150367	0.11415757152820522	0.053974998144671056	0.04159609121997772	0.04416567770987991	89.50337185419323	60.38005203166248	57.83290457403355	59.68660726203853	7.649000955991235	33.73168294558581
5.45313304726246	0.01	0.01	0.01	0.007	0.01	0.9287216538956049	0.11415757152820522	0.05397499814965835	0.04159612335902988	0.04416567770712921	90.50197598840245	60.87676164645793	58.480965388201454	60.15890899641674	7.73090901934464	32.94599695962782
5.568888897598197	0.01	0.01	0.01	0.007	0.01	0.9287216553469072	0.11415757152820522	0.053974998154234705	0.04159615399552848	0.04416567770460992	91.46931218077154	61.35019784676408	59.11155211526061	60.60879387101343	7.810475580849041	32.178578631070756
5.684649013568718	0.01	0.01	0.01	0.007	0.01	0.9287216563128164	0.11415757152820522	0.053974998158442415	0.04159618321193879	0.044165677702297915	92.40612099489987	61.80096974896548	59.72506930039795	61.03684921571301	7.887755220782384	31.429008649225047
5.800412935309765	0.01	0.01	0.01	0.007	0.01	0.9287216569556622	0.11415757152820522	0.05397499816231872	0.04159621108460617	0.04416567770017159	93.31312846101906	62.229673374810744	60.32191380456423	61.44364972066266	7.962801469679701	30.696875414568748
5.916180371591855	0.01	0.01	0.01	0.007	0.01	0.9287216573834916	0.11415757152820522	0.053974998165896106	0.04159623768433317	0.04416567769821226	94.19104535610013	62.636891368427214	60.902474319597836	61.829757168982816	8.03566674779821	29.981775640378174
6.031951130836007	0.01	0.01	0.01	0.007	0.01	0.9287216576682186	0.11415757152820522	0.05397499816920309	0.04159626307689172	0.04416567769640335	95.04056686696994	63.023192932974965	61.46713112120207	62.19572037944628	8.106402335148665	29.28331467704543
6.14772500611184	0.01	0.01	0.01	0.007	0.01	0.9287216578577063	0.11415757152820522	0.053974998172265067	0.04159628732350558	0.044165677694730184	95.8623720371169	63.38913370305475	62.01625566542865	62.54207508973043	8.175058322509924	28.60110704293212
6.263501759801492	0.01	0.01	0.01	0.007	0.01	0.9287216579838098	0.11415757152820522	0.05397499817510452	0.041596310481252584	0.04416567769318013	96.6571240459999	63.73525602330635	62.550210728032454	62.869344225652895	8.241683630935945	27.934776294493226
6.37928114660192	0.01	0.01	0.01	0.007	0.01	0.9287216580677305	0.11415757152820522	0.05397499817774128	0.0415963326034116	0.044165677691741824	97.42547074975758	64.06208933920529	63.069350719788005	63.17803827646668	8.306326053205417	27.283954676596647
6.495062921193863	0.01	0.01	0.01	0.007	0.01	0.9287216581235783	0.11415757152820522	0.05397499818019317	0.04159635373977752	0.044165677690404845	98.16804508442179	64.37015051737892	63.57402191314075	63.4686556030957	8.369032284039905	26.648282879836604
6.610846853579817	0.01	0.01	0.01	0.007	0.01	0.9287216581607437	0.11415757152820522	0.05397499818247612	0.04159637393694168	0.04416567768916054	98.88546549761894	64.6599441702889	64.06456269078853	63.7416827501869	8.42984795293221	26.027409767742512
6.726632752091496	0.01	0.01	0.01	0.007	0.01	0.9287216581854761	0.11415757152820522	0.05397499818460393	0.041596393238539815	0.044165677688000705	99.57833639854647	64.93196297800039	64.54130381043551	63.99759475496838	8.488817658815403	25.42099207992122
6.842420448056468	0.01	0.01	0.01	0.007	0.01	0.9287216582019348	0.11415757152820522	0.053974998186589435	0.04159641168548995	0.04416567768691817	100.24724835591849	65.18668790274582	65.00456849907192	64.23685535488096	8.545984983514828	24.82869434918473
6.958209788131756	0.01	0.01	0.01	0.007	0.01	0.9287216582128871	0.11415757152820522	0.05397499818844422	0.041596429316207335	0.04416567768590647	100.89277835184522	65.42458842802016	65.45467258456814	64.45991721844062	8.601392509869967	24.250188772474008
7.074000641973926	0.01	0.01	0.01	0.007	0.01	0.9287216582201756	0.11415757152820522	0.05397499819017842	0.04159644616679172	0.04416567768495984	101.51549012014799	65.64612282761098	65.89192468638814	64.66722220413482	8.655081847124762	23.68515500564803
7.189792894571996	0.01	0.01	0.01	0.007	0.01	0.9287216582250257	0.11415757152820522	0.05397499819180135	0.04159646227120407	0.044165677684072924	102.11593439186238	65.85173839705169	66.31662634267357	64.85920158393762	8.707093648438779	23.133280039070417
7.305586438579717	0.01	0.01	0.01	0.007	0.01	0.9287216582282533	0.11415757152820522	0.05397499819332136	0.041596477661428696	0.04416567768324125	102.69464914390947	66.04187168651681	66.72907213921928	65.03627626821627	8.757467628647232	22.594258071179933
7.421381166647351	0.01	0.01	0.01	0.007	0.01	0.9287216582304008	0.11415757152820522	0.053974998194746104	0.04159649236762022	0.04416567768246035	103.25215985028166	66.21694873463376	67.12954983998226	65.19885703152148	8.806242582221618	22.067790380416422
7.537176986759814	0.01	0.01	0.01	0.007	0.01	0.92872165823183	0.11415757152820522	0.053974998196082334	0.04159650641822868	0.04416567768172648	103.78897983977022	66.37738533317234	67.51834059489437	65.34734476691877	8.853456410614012	21.553585094883367
7.6529737915615215	0.01	0.01	0.01	0.007	0.01	0.928721658232781	0.11415757152820522	0.053974998197336345	0.04159651984013373	0.04416567768103626	104.30561042991488	66.52358721966027	67.89571898739575	65.4821306733038	8.899146130062537	21.05135717237096
7.76877151203944	0.01	0.01	0.01	0.007	0.01	0.928721658233414	0.11415757152820522	0.05397499819851392	0.04159653265872922	0.04416567768038623	104.8025414413687	66.65595037847108	68.26195335929788	65.60359654279894	8.943347912999043	20.560828011938703
7.884570071509849	0.01	0.01	0.01	0.007	0.01	0.9287216582338352	0.11415757152820522	0.053974998199620164	0.04159654489804607	0.04416567767977374	105.28025124904437	66.77486120219439	68.61730580044066	65.71211491877699	8.98609708874018	20.081725508668193
8.000369408625685	0.01	0.01	0.01	0.007	0.01	0.9287216582341155	0.11415757152820522	0.05397499820065979	0.04159655658083312	0.044165677679196075	105.73920714163773	66.88069673962183	68.96203236364678	65.80804933371383	9.027428171455796	19.613783808648662
8.116169454369503	0.01	0.01	0.01	0.007	0.01	0.9287216582343019	0.11415757152820522	0.05397499820163729	0.041596567728654096	0.044165677678650726	106.17986548155439	66.97382488874186	69.2963831330622	65.89175449646633	9.067374870423611	19.1567432599817
8.231970155061068	0.01	0.01	0.01	0.007	0.01	0.9287216582344259	0.11415757152820522	0.05397499820255664	0.04159657836195355	0.04416567767813569	106.60267204532735	67.05460462960369	69.62060242853224	65.96357651556333	9.105970116576598	18.710350178798258
8.347771457019261	0.01	0.01	0.01	0.007	0.01	0.9287216582345083	0.11415757152820522	0.05397499820342137	0.04159658850013766	0.044165677677648695	107.00806220588053	67.12338621696631	69.93492889244395	66.0238530857503	9.143246074908312	18.274356773743197
8.46357330656215	0.01	0.01	0.01	0.007	0.01	0.9287216582345631	0.11415757152820522	0.05397499820423478	0.04159659816163958	0.04416567767718821	107.39646117363378	67.18051138473683	70.23959562124486	66.07291368509088	9.179234162216838	17.84852100947391
8.579375665345708	0.01	0.01	0.01	0.007	0.01	0.9287216582345997	0.11415757152820522	0.0539749982050001	0.041596607363973755	0.04416567767675231	107.76828428021246	67.22631355100754	70.53483033241629	66.11107977185642	9.213965068957508	17.432606418866666
8.695178495025413	0.01	0.01	0.01	0.007	0.01	0.928721658234624	0.11415757152820522	0.053974998205720146	0.04159661612379967	0.04416567767633942	108.1239371519173	67.26111800206479	70.820855446678	66.13866496274099	9.247468771016324	17.026382032261886
8.810981741917539	0.01	0.01	0.01	0.007	0.01	0.9287216582346401	0.11415757152820522	0.053974998206397576	0.0415966244569832	0.04416567767594815	108.46381589104094	67.2852420808674	71.09788817478311	66.15597521537013	9.27977454209051	16.629622301840268
8.92678538301539	0.01	0.01	0.01	0.007	0.01	0.928721658234651	0.11415757152820522	0.05397499820703475	0.04159663237862035	0.04416567767557719	108.78830743196	67.29899538380548	71.36614074820001	66.16330901564396	9.310910982795312	16.24210681878776
9.042589387642622	0.01	0.01	0.01	0.007	0.01	0.9287216582346584	0.11415757152820522	0.05397499820763384	0.04159663990310314	0.044165677675225536	109.09778963596709	67.30267992979485	71.62582044030772	66.16095754275605	9.340906025210101	15.863620327533123
9.158393732792044	0.01	0.01	0.01	0.007	0.01	0.928721658234663	0.11415757152820522	0.05397499820819686	0.04159664704415246	0.044165677674891705	109.39263154467417	67.29659034040365	71.8771297167126	66.14920484208473	9.369786952488818	15.493952555285166
9.274198395456272	0.01	0.01	0.01	0.007	0.01	0.9287216582346662	0.11415757152820522	0.053974998208726074	0.04159665381486156	0.04416567767457482	109.6731935626217	67.28101401213544	72.12026632878053	66.12832799170353	9.397580411815154	15.132898122195325
9.390003337288782	0.01	0.01	0.01	0.007	0.01	0.9287216582346683	0.11415757152820522	0.053974998209222774	0.04159666022774047	0.04416567767427373	109.93982762373295	67.25623129048364	72.3554233925809	66.09859727097783	9.424312425713788	14.780256473795196
9.505808527612272	0.01	0.01	0.01	0.007	0.01	0.9287216582346698	0.11415757152820522	0.05397499820968908	0.041596666294737135	0.04416567767398775	110.19287744535053	67.22251563440182	72.58278954542574	66.06027631798293	9.450008412172112	14.435831696906881
9.621613943418756	0.01	0.01	0.01	0.007	0.01	0.9287216582346707	0.11415757152820522	0.05397499821012628	0.04159667202726867	0.044165677673716035	110.4326787151134	67.18013377546929	72.80254904768455	66.01362228298395	9.4746931983816	14.099432414013982
9.737419561700122	0.01	0.01	0.01	0.007	0.01	0.9287216582346712	0.11415757152820522	0.053974998210535766	0.04159667743625516	0.04416567767345759	110.65955925912307	67.12934587718439	73.01488186854051	65.95888598242126	9.498391032639857	13.770871701459946
9.853225374787192	0.01	0.01	0.01	0.007	0.01	0.9287216582346718	0.11415757152820522	0.05397499821091898	0.041596682532137656	0.04416567767321196	110.87383925237583	67.07040568150744	73.21996381243854	65.89631203945521	9.521125600757804	13.449966943905629
9.969031359671673	0.01	0.01	0.01	0.007	0.01	0.928721658234672	0.11415757152820522	0.05397499821127703	0.041596687324920924	0.04416567767297847	111.07583133744282	67.00356067371028	73.41796656036375	65.82613904444983	9.542920032939795	13.136539820145527
10.084837516353822	0.01	0.01	0.01	0.007	0.01	0.9287216582346722	0.11415757152820522	0.05397499821161112	0.04159669182417643	0.044165677672756115	111.265840868153	66.92905220951964	73.60905783191409	65.74859967567534	9.56379692401822	12.830416099135707
10.200643814155656	0.01	0.01	0.01	0.007	0.01	0.9287216582346723	0.11415757152820522	0.05397499821192242	0.041596696039093696	0.04416567767254477	111.44416598854325	66.84711569181961	73.7934013877206	65.66392087234306	9.583778336058007	12.531425687492156
10.316450237738215	0.01	0.01	0.01	0.007	0.01	0.9287216582346725	0.11415757152820522	0.05397499821221191	0.04159669997847635	0.044165677672343695	111.6110978789005	66.75798068460072	73.97115719853537	65.57232394221388	9.602885819215395	12.239402411120446
10.43225677943206	0.01	0.01	0.01	0.007	0.01	0.9287216582346725	0.11415757152820522	0.05397499821248039	0.04159670365076519	0.04416567767215227	111.76692090093734	66.66187105249547	74.14248151847484	65.47402469653683	9.621140421950736	11.954183946391941
10.548063431567737	0.01	0.01	0.01	0.007	0.01	0.9287216582346725	0.11415757152820522	0.053974998212728796	0.04159670706406114	0.04416567767197013	111.91191274399635	66.55900510018348	74.30752695897391	65.36923358485339	9.63856270133123	11.675611750530729
10.663870178806178	0.01	0.01	0.01	0.007	0.01	0.9287216582346725	0.11415757152820522	0.05397499821295819	0.04159671022614669	0.04416567767179681	112.04634457196798	66.44959571142314	74.46644256327684	65.2581558294332	9.65517273340021	11.40353099139175
10.779677013477873	0.01	0.01	0.01	0.007	0.01	0.9287216582346725	0.11415757152820522	0.05397499821316892	0.0415967131444935	0.04416567767163187	112.17048119428728	66.33385046387305	74.61937391110368	65.14099153525481	9.670990126656442	11.137790424619736
10.895483912574106	0.01	0.01	0.01	0.007	0.01	0.9287216582346725	0.11415757152820522	0.053974998213362164	0.04159671582629064	0.04416567767147504	112.2845811891183	66.2119717772684	74.76646316890704	65.01793583399633	9.686034029791688	10.87824236275439
11.011290876094913	0.01	0.01	0.01	0.007	0.01	0.9287216582346725	0.11415757152820522	0.05397499821353829	0.04159671827843641	0.04416567767132582	112.38889708757813	66.08415699656805	74.9078492185262	64.88917896238088	9.700323147455927	10.62474250628649
11.12709789637073	0.01	0.01	0.01	0.007	0.01	0.9287216582346725	0.11415757152820522	0.053974998213697896	0.04159672050757033	0.04416567767118393	112.48367548169848	65.9505985419164	75.04366769348502	64.75490640825858	9.71387574643102	10.377149934342349
11.242904958062379	0.01	0.01	0.01	0.007	0.01	0.9287216582346725	0.11415757152820522	0.05397499821384177	0.04159672252008493	0.04416567767104896	112.56915716584093	65.81148402748373	75.17405105625843	64.61529902519874	9.726709666050215	10.135327024447008
11.358712061169875	0.01	0.01	0.01	0.007	0.01	0.9287216582346725	0.11415757152820522	0.053974998213970435	0.04159672432212481	0.04416567767092064	112.64557728895514	65.66699634815838	75.299128697985	64.4705331150044	9.738842330705248	9.899139327869749
11.474519205693234	0.01	0.01	0.01	0.007	0.01	0.9287216582346725	0.11415757152820522	0.05397499821408428	0.04159672591960647	0.044165677670798785	112.71316547213212	65.51731380771237	75.41902699138234	64.32078055203601	9.750290757620233	9.668455528852501
11.59032639163247	0.01	0.01	0.01	0.007	0.01	0.9287216582346725	0.11415757152820522	0.053974998214183806	0.041596727318229006	0.04416567767068297	112.77214593754066	65.36261022781251	75.53386936108643	64.16620888833417	9.76107156634141	9.443147371605274
11.706133603648375	0.01	0.01	0.01	0.007	0.01	0.9287216582346725	0.11415757152820522	0.05397499821426986	0.04159672852349297	0.044165677670573056	112.82273762820394	65.20305507592667	75.64377633811577	64.00698147767288	9.771200986706498	9.223089617808132
11.821940834071343	0.01	0.01	0.01	0.007	0.01	0.9287216582346725	0.11415757152820522	0.053974998214342484	0.04159672954069653	0.044165677670468695	112.86515434397013	65.03881353925239	75.74886565053143	63.843257545778066	9.780694870137213	9.008159931411692
11.937748075231767	0.01	0.01	0.01	0.007	0.01	0.9287216582346725	0.11415757152820522	0.05397499821440203	0.04159673037494883	0.044165677670369614	112.89960485674347	64.87004663588779	75.84925228078883	63.67519229789327	9.7895686976904	8.798238826152685
12.053555319460035	0.01	0.01	0.01	0.007	0.01	0.9287216582346725	0.11415757152820522	0.0539749982144493	0.041596731031178634	0.04416567767027587	112.92629302768825	64.69691131388673	75.94504852967654	63.50293701430298	9.797837588684274	8.593209599192484
12.169362574425758	0.01	0.01	0.01	0.007	0.01	0.9287216582346725	0.11415757152820522	0.053974998214484274	0.04159673151413253	0.04416567767018696	112.9454179237455	64.51956052423273	76.03636409056999	63.326639120008494	9.8055163101025	8.392958240087452
12.285169832459326	0.01	0.01	0.01	0.007	0.01	0.9287216582346725	0.11415757152820522	0.05397499821450752	0.04159673182840134	0.0441656776701028	112.95717392247187	64.33814336125312	76.12330608510514	63.146442321538366	9.812619282640297	8.197373421738817
12.400977078221517	0.01	0.01	0.01	0.007	0.01	0.9287216582346725	0.11415757152820522	0.05397499821451919	0.041596731978422445	0.04416567767002317	112.96175082625835	64.15280514522037	76.20597913102186	62.96248668624529	9.81916058954298	8.006346422929962
12.516784319381943	0.01	0.01	0.01	0.007	0.01	0.9287216582346725	0.11415757152820522	0.05397499821451967	0.04159673196846845	0.04416567766994803	112.95933396972538	63.96368746309193	76.28448542196833	62.77490868021168	9.82515398615173	7.819771017632448
12.632591555940602	0.01	0.01	0.01	0.007	0.01	0.9287216582346725	0.11415757152820522	0.05397499821450943	0.04159673180267159	0.04416567766987713	112.95010432043364	63.770928304393784	76.35892476108751	62.58384130068139	9.830612905661468	7.6375434680629795
12.748398787897495	0.01	0.01	0.01	0.007	0.01	0.9287216582346725	0.11415757152820522	0.053974998214488486	0.041596731485025705	0.044165677669810326	112.93423858177206	63.574662135356675	76.42939462249261	62.38941414720587	9.835550467107826	7.459562453897395
12.864206007583013	0.01	0.01	0.01	0.007	0.01	0.9287216582346725	0.11415757152820522	0.0539749982144571	0.04159673101939603	0.0441656776697475	112.91190929414012	63.37501999624847	76.49599020126148	62.19175351584729	9.839979482413295	7.285729027312521
12.980013214997157	0.01	0.01	0.01	0.007	0.01	0.9287216582346725	0.11415757152820522	0.05397499821441561	0.04159673040951602	0.04416567766968827	112.88328492997823	63.17212955737801	76.5588044757611	61.990982452504234	9.843912464190353	7.115946534413436
13.095820402470324	0.01	0.01	0.01	0.007	0.01	0.9287216582346725	0.11415757152820522	0.053974998214364335	0.04159672965900151	0.044165677669632794	112.84852999156881	62.96611522559783	76.61792825056847	61.7872208562995	9.847361632135488	6.950120584556093
13.211627570002515	0.01	0.01	0.01	0.007	0.01	0.9287216582346725	0.11415757152820522	0.053974998214303425	0.04159672877134661	0.0441656776695809	112.80780509990427	62.757098195632715	76.67345021534152	61.580585528403255	9.850338920370117	6.788158975392532
13.327434709924132	0.01	0.01	0.01	0.007	0.01	0.9287216582346725	0.11415757152820522	0.053974998214232905	0.041596727749937265	0.04416567766953239	112.76126708976687	62.54519655371804	76.72545698634752	61.37119027265308	9.852855983643012	6.6299716636052395
13.443241829904784	0.01	0.01	0.01	0.007	0.01	0.9287216582346725	0.11415757152820522	0.05397499821415326	0.041596726598042415	0.04416567766948727	112.70906908908646	62.330525310187674	76.77403316514612	61.15914592597849	9.85492420435301	6.475470683291721
13.559048929944472	0.01	0.01	0.01	0.007	0.01	0.9287216582346725	0.11415757152820522	0.05397499821406444	0.0415967253188317	0.04416567766944523	112.6513606136157	62.113196513971644	76.81926137480654	60.94456046982543	9.856554698331438	6.324570129100285
13.67485598703441	0.01	0.01	0.01	0.007	0.01	0.9287216582346725	0.11415757152820522	0.0539749982139666	0.041596723915389225	0.04416567766940641	112.58828766184111	61.89331935393258	76.86122230170778	60.7275391285337	9.857758321066367	6.177186126549156
13.7906630165138	0.01	0.01	0.01	0.007	0.01	0.9287216582346725	0.11415757152820522	0.05397499821386026	0.04159672239068002	0.04416567766937045	112.51999276494949	61.67100011230233	76.89999476332882	60.50818432179162	9.85854567448399	6.03323670662992
13.906470026052244	0.01	0.01	0.01	0.007	0.01	0.9287216582346725	0.11415757152820522	0.05397499821374514	0.04159672074758114	0.04416567766933739	112.44661508887276	61.446342318263014	76.93565573334863	60.286595814738625	9.858927112115381	5.892641821098863
14.022277015649742	0.01	0.01	0.01	0.007	0.01	0.9287216582346725	0.11415757152820522	0.05397499821362168	0.041596718988886144	0.044165677669307034	112.36829051468332	61.21944681506618	76.96828038562052	60.06287078268689	9.858912745024584	5.755323296794715
14.13808396996712	0.01	0.01	0.01	0.007	0.01	0.9287216582346725	0.11415757152820522	0.05397499821348982	0.04159671711731251	0.04416567766927964	112.28515172268126	60.99041184073056	76.9979421352025	59.83710388926124	9.858512447630615	5.621204799851405
14.2538908813348	0.01	0.01	0.01	0.007	0.01	0.9287216582346725	0.11415757152820522	0.05397499821334965	0.041596715135491014	0.04416567766925479	112.19732825252265	60.75933304644001	77.02471268618883	59.6093873031631	9.857735863280938	5.490211765478199
14.369697765091969	0.01	0.01	0.01	0.007	0.01	0.9287216582346725	0.11415757152820522	0.05397499821320156	0.04159671304595941	0.04416567766923253	112.10494656225885	60.52630352650018	77.04866207363466	59.3798107264273	9.856592409333693	5.362271340842125
14.485504628908215	0.01	0.01	0.01	0.007	0.01	0.9287216582346725	0.11415757152820522	0.0539749982130454	0.04159671085118386	0.04416567766921269	112.00813012165825	60.29141393919339	77.0698586945753	59.148461512269805	9.855091282509623	5.237312380255162
14.601311457444378	0.01	0.01	0.01	0.007	0.01	0.9287216582346725	0.11415757152820522	0.05397499821288151	0.0415967085535713	0.04416567766919527	111.90699949730705	60.054752597768235	77.08836934482888	58.91542475346509	9.853241464427528	5.115265420548487
14.71711825070047	0.01	0.01	0.01	0.007	0.01	0.9287216582346725	0.11415757152820522	0.05397499821270971	0.04159670615544885	0.044165677669180205	111.80167238946393	59.81640545038945	77.10425926366851	58.68078326140958	9.851051726184835	4.99606260059325
14.832925008676499	0.01	0.01	0.01	0.007	0.01	0.9287216582346725	0.11415757152820522	0.053974998212530406	0.041596703659075196	0.044165677669167444	111.69226371063503	59.57645616698495	77.11759216682158	58.44461765051967	9.848530633389922	4.879637640713049
14.94873173137248	0.01	0.01	0.01	0.007	0.01	0.9287216582346725	0.11415757152820522	0.05397499821234339	0.04159670106664361	0.044165677669156855	111.57888565065844	59.33498619403594	77.12843028197906	58.20700639107134	9.84568655095277	4.7659258058289025
15.06453841878842	0.01	0.01	0.01	0.007	0.01	0.9287216582346725	0.11415757152820522	0.05397499821214899	0.041596698380283605	0.04416567766914839	111.4616477402715	59.092074808079815	77.13683438347736	57.968025860798356	9.842527647763974	4.654863869463135
15.180345063254762	0.01	0.01	0.01	0.007	0.01	0.9287216582346725	0.11415757152820522	0.053974998211947095	0.04159669560206887	0.044165677669142166	111.34065692133136	58.84779918417691	77.14286382584997	57.72775041123209	9.839061901504216	4.546390085681702
15.29615167244109	0.01	0.01	0.01	0.007	0.01	0.9287216582346725	0.11415757152820522	0.05397499821173787	0.041596692734004265	0.044165677669137905	111.21601758352516	58.602234398430326	77.1465765781806	57.48625236919812	9.83529710242827	4.440444133126691
15.411958254016975	0.01	0.01	0.01	0.007	0.01	0.9287216582346725	0.11415757152820522	0.05397499821152135	0.041596689778037516	0.04416567766913568	111.08783163842209	58.355453509739675	77.14802925485571	57.24360211628865	9.83124085808516	4.33696709667817
15.527764800312864	0.01	0.01	0.01	0.007	0.01	0.9287216582346725	0.11415757152820522	0.05397499821129755	0.041596686736071184	0.04416567766913539	110.95619859504382	58.10752764140773	77.14727714740494	56.99986816817666	9.826900598174353	4.235901447888979
15.643571311328767	0.01	0.01	0.01	0.007	0.01	0.9287216582346725	0.11415757152820522	0.053974998211066695	0.0415966836099497	0.04416567766913696	110.82121559146591	57.8585259798044	77.14437425598085	56.7551171723996	9.822283577945683	4.137190992032104
15.759377794734252	0.01	0.01	0.01	0.007	0.01	0.9287216582346725	0.11415757152820522	0.05397499821082867	0.0415966804014615	0.04416567766914038	110.68297744887093	57.608515820384724	77.13937331874371	56.50941395274629	9.817396882168143	4.040780837643112
15.875184235190217	0.01	0.01	0.01	0.007	0.01	0.9287216582346725	0.11415757152820522	0.05397499821058356	0.041596677112359856	0.0441656776691458	110.5415767622784	57.35756267928158	77.1323258427303	56.26282161809284	9.812247430409368	3.946617391388325
15.990990632696674	0.01	0.01	0.01	0.007	0.01	0.9287216582346725	0.11415757152820522	0.053974998210331436	0.041596673744340264	0.044165677669152775	110.39710390790923	57.10573025488963	77.12328213124489	56.015401523830306	9.806841979334036	3.8546482959718666
16.0	0.01	0.01	0.01	0.007	0.01	0.9287216582346725	0.11415757152820522	0.053974998210311556	0.04159667609133665	0.04416567766915339	110.38573815637146	57.08610344081127	77.12249630222001	55.99612006675678	9.806410912417919	3.8475838974179517
