0.0	0.01	0.01	0.01	0.007	0.01	0.0	0.0	0.0	0.0	0.0	0.0	0.0	0.0	0.0	0.0	100.0
0.0033556412982612073	0.01	0.01	0.01	0.007	0.01	0.01026730745709087	0.0026537199756048358	0.003379002996015245	0.003989908690635743	0.005413175261913017	0.0006075479178645163	0.0009073448354123258	0.0020741694244756333	0.004532093652942115	0.0004858093685940217	99.91930264476349
0.005341736063543965	0.01	0.01	0.01	0.007	0.01	0.016279486849708077	0.004191161142543873	0.0052733294044214046	0.006165158482350452	0.008489141979212482	0.0015346651667323265	0.0022860112159087133	0.005184559682012733	0.011247125533759728	0.0012183101232798223	99.8715711900022
0.008350094614767802	0.01	0.01	0.01	0.007	0.01	0.025295576212602994	0.00647394247848229	0.008001343348613674	0.009217853077904781	0.012975076275942824	0.0037320241938263794	0.005537468238823219	0.012410843816999539	0.0266388148392626	0.0029307294069510154	99.79931527756149
0.011108830276147424	0.01	0.01	0.01	0.007	0.01	0.033468572492887844	0.008519596621598156	0.010360957234153515	0.011780299679991356	0.016913026399810124	0.006576409188459104	0.009723181930601527	0.02156003781502306	0.04584067002998282	0.005113853196604762	99.73310085430963
0.014316140842161802	0.01	0.01	0.01	0.007	0.01	0.04285765053833287	0.010841851823884136	0.01294346071332608	0.014499384385166895	0.021290572439346872	0.010866493871565967	0.016000073202088523	0.035046015914848905	0.07372252565408623	0.00835499349347262	99.65617508363992
0.017575329368408825	0.01	0.01	0.01	0.007	0.01	0.052275811288527346	0.0131414597266208	0.015401331380614879	0.017001790412396987	0.025529805882344988	0.016292954058881478	0.023890720536747068	0.05169194844822925	0.10760187564058382	0.012386500395386218	99.57806582674007
0.021086335049247062	0.01	0.01	0.01	0.007	0.01	0.06228500359939865	0.015552617504687774	0.017873651042596448	0.019432027674563333	0.02987509030524031	0.02332295625711849	0.034047479559705066	0.07271795812566845	0.14972185060460552	0.01751998342265815	99.49399005275174
0.02472976687622595	0.01	0.01	0.01	0.007	0.01	0.07252393301488572	0.017984186859344817	0.020259873741086593	0.021692122851239008	0.034157386208827356	0.03189525968418103	0.046349217493721055	0.09769105391353962	0.19894776649987067	0.023669188742041124	99.40681820853845
0.028562370258694438	0.01	0.01	0.01	0.007	0.01	0.08313440119169548	0.020466714515579687	0.02258694596935883	0.023812322800807893	0.03843025988803839	0.04229193534013	0.061164964725254255	0.12717052454415817	0.2561227666675971	0.03099301298837118	99.31520271847224
0.03255038831685049	0.01	0.01	0.01	0.007	0.01	0.09400352980288651	0.022970419472739284	0.024823972275965348	0.025769411996267252	0.04264213096028676	0.05458417360892116	0.07855526105585593	0.16106899618061066	0.3208101742782684	0.03949397311514347	99.21996179689965
0.03671189906306589	0.01	0.01	0.01	0.007	0.01	0.10516186761687306	0.025499322395834058	0.026973372331418284	0.027571973125992827	0.04679870416979473	0.06898338090621187	0.09877415372944412	0.19966424124545556	0.39328035401295536	0.04926799096459203	99.1206749420838
0.041040083571308665	0.01	0.01	0.01	0.007	0.01	0.1165714356723816	0.0280417671539491	0.029024664519235136	0.029218113962259446	0.05087301987070618	0.08562890791406753	0.12196702056663263	0.24300262994323943	0.4733630323685568	0.06035466260546875	99.0175169242564
0.04554365817924781	0.01	0.01	0.01	0.007	0.01	0.1282351860724536	0.030595492097139267	0.030976443111638715	0.030714237246100128	0.054838000902413635	0.1047188638880994	0.14835450988780957	0.29125506404846946	0.5611254734092649	0.07282401115320794	98.91029262815789
0.050225632976708186	0.01	0.01	0.01	0.007	0.01	0.1401399173926794	0.033154683658714	0.03282527604800757	0.03206548768876612	0.0586306663514595	0.12643761277059848	0.17813019773946898	0.34452230206570783	0.6565100115134747	0.08672086565324172	98.79894395379624
0.05508998400612434	0.01	0.01	0.01	0.007	0.01	0.15227412116973527	0.03571403232577356	0.03456909845627332	0.03327840269096595	0.06214332142768061	0.1509791134694961	0.2114928848476288	0.4028977952380079	0.7594552775934551	0.10206933676420764	98.68339070051174
0.06009957948432627	0.01	0.01	0.01	0.007	0.01	0.1645259180327699	0.038247812697150975	0.036194066954034106	0.03435220099767364	0.06519905876909855	0.1783102699451877	0.24832842703273975	0.46592986638932354	0.8689706326487358	0.11871476679211229	98.56452840805143
0.06521974175330343	0.01	0.01	0.01	0.007	0.01	0.17679660783314372	0.04073476454960286	0.037692933848421574	0.03529195109194182	0.06763409047819872	0.20834992798047472	0.2884612893393896	0.5330982347345332	0.984013767977342	0.13643766657217316	98.44319064645336
0.0705432891699517	0.01	0.01	0.01	0.007	0.01	0.18929061288175184	0.043214802367700485	0.03909491967988682	0.036124612152704176	0.06939848060258624	0.24178407104796795	0.3327322686932582	0.6055690318501967	1.106437656232109	0.15542028463824226	98.31719144557837
0.07611172520583913	0.01	0.01	0.01	0.007	0.01	0.20207733637038522	0.045698429634505024	0.04040823972427001	0.036861782037889826	0.07049123978925606	0.27909633746509344	0.3816861987500498	0.6839346873177036	1.237057323689361	0.1756586555443537	98.1855687164093
0.081898277257659	0.01	0.01	0.01	0.007	0.01	0.2150661220986513	0.048164838758317986	0.04162474361070828	0.03750556639550621	0.07099344606124557	0.32033795727461917	0.43528597352561926	0.7678291665608575	1.3750928274446268	0.1968939874508459	98.04897701195242
0.0879168550043925	0.01	0.01	0.01	0.007	0.01	0.22826003755231244	0.05061192973183866	0.0427474476915231	0.03806444028868481	0.07104875912672408	0.365827952890174	0.4938363109256399	0.8574308152331837	1.5206979241983893	0.21902981070068422	97.90710993396918
0.09418521898038411	0.01	0.01	0.01	0.007	0.01	0.24166748531083346	0.053038458531975446	0.04377993844858983	0.038546697044450726	0.07079734721316179	0.415937572504626	0.5576936840965266	0.9529756838952138	1.6741276609253681	0.24201271513364925	97.75957323130748
0.10076220023367068	0.01	0.01	0.01	0.007	0.01	0.2553777261461608	0.055457061441650975	0.04473113272743788	0.03896237905228023	0.07034819186805566	0.47142061030406057	0.627677439286477	1.055346493616958	1.8366647299599568	0.26596617854233573	97.60501169762809
0.10768745764785768	0.01	0.01	0.01	0.007	0.01	0.26942880706045097	0.057869971768773315	0.045604717566260417	0.03931836401211195	0.06977931268453019	0.5329569649796692	0.7044775209583917	1.1651633913175372	2.0091471106182177	0.2909613536772442	97.4425296562297
0.11499038194565898	0.01	0.01	0.01	0.007	0.01	0.2838298723814505	0.06027383628435476	0.04640235318635119	0.03962032215931023	0.06914572296237266	0.6011960423422587	0.7887118730134597	1.2828905575711218	2.192161788105217	0.317045014097215	97.271479705812
0.12269106085106762	0.01	0.01	0.01	0.007	0.01	0.2985657651569182	0.06266112412005388	0.04712490641493943	0.039873426761558	0.06848609693928377	0.6767429164869644	0.8809112189487969	1.4088331993999534	2.3860569005911416	0.34424061340512535	97.09143872570324
0.1308122447517352	0.01	0.01	0.01	0.007	0.01	0.3136215974207816	0.06502452883016649	0.04777414033372194	0.04008298303855246	0.06782677472666863	0.7602612887498569	0.9816454768792071	1.5433240085384545	2.5912391128792027	0.3725888696470002	96.9019274077585
0.13937979683457874	0.01	0.01	0.01	0.007	0.01	0.3289828373018816	0.06735699109912496	0.04835260454243954	0.04025426997904125	0.06718547353363567	0.8524829647702442	1.0915308392355056	1.6867323677647421	2.808187035281985	0.4021468280270746	96.7024008418685
0.1484244369538014	0.01	0.01	0.01	0.007	0.01	0.3446374323212929	0.06965201064523123	0.048863581397693874	0.04039242246491843	0.06657386993776823	0.9542332429090468	1.2112546460127196	1.8394954691781555	3.0374966204492804	0.43299182411572795	96.49220932123802
0.15798094348665112	0.01	0.01	0.01	0.007	0.01	0.36057311731343733	0.07190322100267178	0.04931085157893957	0.040502288672815016	0.06599954690968596	1.0664306298490267	1.3415683644821244	2.002106727568409	3.2798611354339804	0.4652170181547096	96.27061872547164
0.1680884815075796	0.01	0.01	0.01	0.007	0.01	0.3767767996672689	0.0741043251215837	0.04969858422480023	0.04058835666722789	0.0654672298245406	1.1900978243703506	1.483293454811577	2.175122060610598	3.5360784539242585	0.49893123684623036	96.03680484736903
0.17879040768433838	0.01	0.01	0.01	0.007	0.01	0.3932330565512804	0.07624893800911293	0.050031223054374734	0.04065470270219152	0.06497962969463449	1.3263662284272393	1.6373190526986643	2.35915669333207	3.8070441443029974	0.534257300023351	95.78986012246477
0.1901344510544811	0.01	0.01	0.01	0.007	0.01	0.40992329720536247	0.07833056183048795	0.050313408196628065	0.04070496674378401	0.06453797828704681	1.4764840651439533	1.8046034017378274	2.5548878264487	4.093753255847242	0.5713317939285822	95.5287919150664
0.20217271017999267	0.01	0.01	0.01	0.007	0.01	0.42682467482373826	0.08034256271557472	0.05054989932197023	0.040742343098932064	0.06414238809841073	1.641821337767211	1.986171357599445	2.7630537573682883	4.397296681819949	0.6103043270012255	95.25252537219944
0.21496170991294444	0.01	0.01	0.01	0.007	0.01	0.44390917895081355	0.08227820763401918	0.050745505264503214	0.04076958518316606	0.0637920897602138	1.8238742258561071	2.1831112342274803	2.9844536619901536	4.718858296849342	0.6513370273702341	94.95990524345996
0.22856231213720932	0.01	0.01	0.01	0.007	0.01	0.46114265938098353	0.0841307283467567	0.050905011537176956	0.040789021052791925	0.0634855989415549	2.0242657331458385	2.3965678500930343	3.219944525333801	5.059707704320893	0.6946035688800918	94.64970141391352
0.2430395035192223	0.01	0.01	0.01	0.007	0.01	0.4784839151607456	0.08589342783829876	0.05103310638971992	0.04080257835345535	0.06322083925078516	2.2447421038534765	2.627731899617542	3.4704356274943917	5.421189251553564	0.7402877836750592	94.32061758709798
0.25846190464243024	0.01	0.01	0.01	0.007	0.01	0.4958837775345706	0.08755981840351224	0.051134304694220666	0.04081181690875416	0.06299524309951907	2.487161777921102	2.8778230623821646	3.736877916250411	5.804703547361645	0.7885813601041749	93.97130659190867
0.27490087267756563	0.01	0.01	0.01	0.007	0.01	0.5132842301805468	0.08912379256668537	0.051212872602752334	0.04081796733085107	0.06280584311999132	2.753473572650011	3.1480646297433514	4.020246126831715	6.2116785725277435	0.8396802445589382	93.60039503156868
0.29242905820172155	0.01	0.01	0.01	0.007	0.01	0.5306176629833611	0.09057982872574707	0.05127275761286078	0.04082197374704753	0.06264936200798363	3.045680265537933	3.4396473509691647	4.321511412905853	6.643527387391836	0.8937793574924512	93.20652010737872
0.3111184012374213	0.01	0.01	0.01	0.007	0.01	0.5478065230069652	0.09192323970444197	0.05131752991985694	0.040824538514167424	0.06252230466388772	3.3657857217154663	3.753682548122991	4.641604533268933	7.101592738542837	0.9510656462251936	92.78837848247275
0.33103798238830784	0.01	0.01	0.01	0.007	0.01	0.564763947434556	0.09315048070143851	0.051350340658855305	0.04082616669399114	0.06242105365653377	3.7157318448043357	4.091152386992983	4.981377097724709	7.587089504238336	1.0117108219227973	92.34477735471063
0.35225253684040403	0.01	0.01	0.01	0.007	0.01	0.581395973777265	0.09425950634152785	0.05137390002409409	0.04082720814934417	0.06234196948884929	4.097340845315116	4.452872705148302	5.3415748626216155	8.101065050293396	1.075866265392254	91.87466949468444
0.37482255346713733	0.01	0.01	0.01	0.007	0.01	0.5976055162067494	0.09525011878776281	0.05139047565106322	0.04082789549189086	0.06228149619348969	4.512283538060688	4.83948622936948	5.722838452243871	8.644399355822223	1.143662826224553	91.37715220404621
0.3988062100146792	0.01	0.01	0.01	0.007	0.01	0.6132973914089599	0.0961242008067198	0.05140190984599153	0.04082837662742325	0.06223626880921831	4.962084271257501	5.251491963479365	6.125734817352729	9.21784939022798	1.2152161093476712	90.85142585520366
0.4242624612109825	0.01	0.01	0.01	0.007	0.01	0.6283830985382779	0.0968857431803957	0.05140965345788434	0.04082874121953084	0.062203212097926716	5.448154647990714	5.689298865906592	6.550806734206079	9.82211936860637	1.2906350281857877	90.29672853188842
0.45125416338075736	0.01	0.01	0.01	0.007	0.01	0.6427842998082672	0.09754065084929751	0.05141481294137025	0.040829040975441246	0.06217961620245395	5.971836313787038	6.153282898799836	6.998620814621351	10.45792886211291	1.3700302018521622	89.71227224527038
0.47985036784428126	0.01	0.01	0.01	0.007	0.01	0.6564346888981186	0.09809638593573156	0.05141820544553536	0.04082930422447062	0.06216317889529603	6.5344341830211015	6.6438302814247745	7.469799465165402	11.126057928858538	1.453519636195943	89.09719980522539
0.5101274442441809	0.01	0.01	0.01	0.007	0.01	0.6692805596066538	0.09856153405426984	0.05142041588984949	0.040829545709039815	0.06215201256594241	7.137230066693822	7.161359425431109	7.965031706634257	11.827362000142916	1.5412307763645536	88.45056913159434
0.5421690143518987	0.01	0.01	0.01	0.007	0.01	0.6812805895953098	0.09894536591062457	0.05142185065889133	0.040829772725981664	0.062144621631433715	7.781473222035826	7.706320510931282	8.48506339541574	12.562757332497272	1.6332989935535918	87.77136445562114
0.5760648127116341	0.01	0.01	0.01	0.007	0.01	0.6924053039818802	0.09925743844566552	0.05142278431247389	0.04082998872698201	0.06213985972213802	8.468348257847563	8.279174917584914	9.030669749162369	13.333181257420257	1.7298629808302928	87.05853075404892
0.6119086221252691	0.01	0.01	0.01	0.007	0.01	0.7026365346544627	0.09950725532248413	0.05142339766672636	0.040830195293255045	0.06213687624117422	9.19892290420031	8.880357935188748	9.602613627238629	14.139532301110318	1.8310576360583328	86.31102700400162
0.6497955736319873	0.01	0.01	0.01	0.007	0.01	0.711967065500423	0.09970399145865615	0.051423807171017515	0.040830393149578065	0.06213506020952063	9.974082369052462	9.510230925987655	10.201595250305054	14.982598437865434	1.937005416165448	85.52789089192744
0.6898193197706672	0.01	0.01	0.01	0.007	0.01	0.7204005244295701	0.09985627799082702	0.05142408649360824	0.040830582653108016	0.06213398700211019	10.794462559826021	10.169032690002613	10.828202274127941	15.862986260512063	2.047807728466797	84.70830335122868
0.7320698952130148	0.01	0.01	0.01	0.007	0.01	0.7279514594575712	0.09997204112343192	0.051424281697931534	0.04083076401731358	0.06213337136712111	11.66040118567015	10.856844145722437	11.482873312575606	16.781069586456464	2.1635386700080916	83.85163579217608
0.776633139659674	0.01	0.01	0.01	0.007	0.01	0.7346453877011683	0.10005838838582043	0.0514244214855451	0.04083093741299288	0.06213302832755809	12.571926469548108	11.573580052228209	12.165887860718954	17.736975540854164	2.2842434015207447	82.95746301300083
0.8235923460547899	0.01	0.01	0.01	0.007	0.01	0.7405185273148098	0.10012153853707136	0.05142452385232909	0.04083110301633316	0.06213284225794912	13.528797108341141	12.319016350040005	12.877391001314447	18.73061942214309	2.409942632902337	82.02553068862852
0.8730321323976485	0.01	0.01	0.01	0.007	0.01	0.7456169399430884	0.10016679388511153	0.05142460026762376	0.040831261033628795	0.06213274357623829	14.530591045816411	13.092849660190552	13.617450086752509	19.761783731858372	2.540642716604267	81.05568093278825
0.9250438695244715	0.01	0.01	0.01	0.007	0.01	0.7499949780632534	0.10019855450183353	0.051424658223183366	0.040831411713033304	0.0621326919985966	15.576824973737802	13.894774707806826	14.38613035789185	20.830222427164383	2.676349037930304	80.04775282696932
0.9797316809694456	0.01	0.01	0.01	0.007	0.01	0.7537131564073738	0.10022037128928471	0.051424702756450114	0.04083155534677155	0.06213266508684374	16.66707940554594	14.724561518075555	15.183572497621334	21.935766138455403	2.817079694892949	79.0014800538802
1.0372182268624373	0.01	0.01	0.01	0.007	0.01	0.7568357316118325	0.10023503042353965	0.05142473735368863	0.04083169226619845	0.06213265080205826	17.801108984457105	15.582118891004619	16.010059230279374	23.078410140942786	2.962877191826191	77.91640245541305
1.0976499257713241	0.01	0.01	0.01	0.007	0.01	0.7594283069649769	0.1002446579900072	0.05142476448949802	0.040831822832466606	0.06213264290503203	18.97892811960395	16.467538705295457	16.866065522768924	24.258377464127975	3.113817188838305	76.79179863018356
1.1612017021838026	0.01	0.01	0.01	0.007	0.01	0.7615557076594384	0.10025083255194177	0.051424785956602714	0.040831947425554245	0.06213263825634925	20.2008719959248	17.38112259326459	17.752293582645443	25.476158816768788	3.270014521435367	75.62663799559651
1.2280816113822581	0.01	0.01	0.01	0.007	0.01	0.7632802604195194	0.10025469499494569	0.051424803074433076	0.04083206643373915	0.06213263530841651	21.467638737605483	18.32339605846649	18.669697354885397	26.73253578024597	3.4316273207841257	74.41954612009188
1.2985357084814977	0.01	0.01	0.01	0.007	0.01	0.7646605117397746	0.10025704811753014	0.051424816826092394	0.040832180244560805	0.06213263330250894	22.780318569503407	19.29511444966862	19.619500790437527	28.02859296601871	3.5988599854693515	73.16877765639131
1.3728537049540845	0.01	0.01	0.01	0.007	0.01	0.7657503605149164	0.10025844182531889	0.05142482795145379	0.040832289237868614	0.06213263186005596	24.1404182879987	20.297266518296507	20.603215700602867	29.365726709421253	3.7719660219095643	71.87218912459602
1.4513756986057227	0.01	0.01	0.01	0.007	0.01	0.7665985433093357	0.10025924258050352	0.05142483701215045	0.040832393780594924	0.06213263078298449	25.549883120351648	21.331076304862922	21.622660436344425	30.745651335539687	3.9512509589132883	70.5272097489113
1.5345005019692224	0.01	0.01	0.01	0.007	0.01	0.7672484076847533	0.1002596877237456	0.05142484443786553	0.04083249422299571	0.06213262995950383	27.011120853405203	22.39800596133052	22.679982720565505	32.170406593823216	4.13707590359641	69.13080572976625
1.6226959753981889	0.01	0.01	0.01	0.007	0.01	0.7677379082251626	0.10025992641083561	0.05142485055975903	0.04083259089553002	0.062132629320665836	28.527028718268777	23.49975867559003	23.77768690814059	33.642365327315545	4.329861760756016	67.67943726275452
1.7165114538025346	0.01	0.01	0.01	0.007	0.01	0.7680997682562831	0.10026004940728202	0.05142485563483585	0.04083268410464686	0.06213262882039795	30.101015853509075	24.63827514767774	24.91866055946349	35.1642328442035	4.530093183491456	66.16901464404604
1.8165915700186008	0.01	0.01	0.01	0.007	0.01	0.7683617613232268	0.1002601100523798	0.051424859863828505	0.04083277412342095	0.06213262842606148	31.73699983985377	25.815706726156012	26.106184944979372	36.73901563679098	4.7383195173904	64.59487334836437
1.9236855057708382	0.01	0.01	0.01	0.007	0.01	0.7685470719473183	0.1002601385149823	0.05142486340427533	0.04083286116273832	0.062132628113682815	33.439274298266355	27.034290458126662	27.34385478129244	38.369859580038295	4.955139620159845	62.95186683310531
2.0386190664483257	0.01	0.01	0.01	0.007	0.01	0.7686746974084646	0.1002601511501233	0.051424866379605014	0.0408329452654437	0.06213262786533504	35.21176219516405	28.295783245380882	28.63505261203824	40.05929807412377	5.18110857992319	61.235049451232285
2.16202192990993	0.01	0.01	0.01	0.007	0.01	0.7687598236185744	0.10026015641178809	0.051424868882665745	0.040833025851156404	0.062132627667755805	37.053735993814755	29.598416231630484	29.97983738816396	41.805173335043584	5.416192958752094	59.443810172375635
2.292467029244828	0.01	0.01	0.01	0.007	0.01	0.7688140053449454	0.10026015843848075	0.05142487096183029	0.04083309989259995	0.062132627512583444	38.933916947976094	30.91884585123857	31.355940563481944	43.57640222641308	5.656457023102306	57.607285878938306
2.421276731433344	0.01	0.01	0.01	0.007	0.01	0.7688458267452868	0.10026015914833088	0.05142487259761347	0.0408331616540216	0.06213262739707846	40.72503965364529	32.16752620976511	32.670368481540635	45.25289491631095	5.885655460023948	55.849470528977356
2.5410182064166467	0.01	0.01	0.01	0.007	0.01	0.7688637800190372	0.10026015939145903	0.05142487383724059	0.04083321553433515	0.0621326273137993	42.33343569691254	33.28067172325329	33.85385796934162	46.748758701634685	6.091757089838065	54.26354678737362
2.6536518600492234	0.01	0.01	0.01	0.007	0.01	0.7688743711015547	0.10026015948145507	0.051424874808952366	0.040833268169486986	0.06213262725120417	43.797976588838395	34.28712809235436	34.93429066749845	48.10243040662046	6.279678651303143	52.81289032430329
2.7634726359647654	0.01	0.01	0.01	0.007	0.01	0.7688809819348783	0.10026015951747153	0.051424875612099505	0.0408333180660004	0.06213262720139753	45.1820119878065	35.231633883102425	35.9579517021293	49.37387822431128	6.457508388273615	51.4358109769533
2.8736545609200164	0.01	0.01	0.01	0.007	0.01	0.768885250856944	0.10026015953247576	0.05142487630234537	0.040833363774256136	0.062132627160109706	46.52816634274697	36.143741268793725	36.956201295212	50.602801889959814	6.630708055882537	50.09028624555363
2.9856284273238076	0.01	0.01	0.01	0.007	0.01	0.7688880317214709	0.10026015953875828	0.05142487690695568	0.040833405668695096	0.06213262712518371	47.85382490771942	37.03526958888814	37.94193170582636	51.80511466354872	6.801514519999097	48.75893475388468
3.0994445821889087	0.01	0.01	0.01	0.007	0.01	0.7688898304517562	0.1002601595413516	0.051424877439102706	0.04083344434214848	0.062132627095465916	49.158680871940994	37.90592121201842	38.91496649702047	52.98042532819024	6.969892889370063	47.44193755319141
3.2144013780982186	0.01	0.01	0.01	0.007	0.01	0.7688909795471242	0.10026015954240233	0.05142487790666661	0.04083348019257095	0.06213262707019357	50.43419532368465	38.74997278833901	39.8689633196901	54.12100673825333	7.134743466219325	46.14784753774116
3.329675894955712	0.01	0.01	0.01	0.007	0.01	0.7688917061399548	0.10026015954282233	0.05142487831663174	0.04083351356745988	0.06213262704871668	51.6716091164899	39.56174856873545	40.79733655336172	55.21916320050441	7.294930905728939	44.88562579604284
3.444719474284886	0.01	0.01	0.01	0.007	0.01	0.7688921632750421	0.10026015954298932	0.05142487867634468	0.040833544817641065	0.06213262703042433	52.86613701075834	40.33835932889684	41.69640836348923	56.270938158743114	7.449827584828	43.66035360894436
3.559351755917292	0.01	0.01	0.01	0.007	0.01	0.7688924507898637	0.10026015954305573	0.051424878993178665	0.04083357422302684	0.062132627014760904	54.01735607197178	41.079846254318085	42.565744843775825	57.27632791033153	7.599367964228371	42.4727309398218
3.6736531987344754	0.01	0.01	0.01	0.007	0.01	0.7688926320186336	0.10026015954308229	0.05142487927385187	0.040833601949295875	0.06213262700125154	55.127524954932724	41.7879861757179	43.40693269557495	58.23768100108233	7.74383444033573	41.32070198060207
3.7878025260540307	0.01	0.01	0.01	0.007	0.01	0.7688927465443155	0.10026015954309293	0.0514248795240147	0.040833628085610425	0.06213262698951293	56.199655163333176	42.46499514490128	44.222145169259406	59.157949629617136	7.883608843129541	40.201391796546325
3.901955024046483	0.01	0.01	0.01	0.007	0.01	0.7688928190394515	0.10026015954309721	0.05142487974819591	0.04083365270250746	0.062132626979245015	57.236283327699574	43.11273749794658	45.01321526671104	60.03961715710845	8.01901298550271	39.11237205840399
4.016191026056698	0.01	0.01	0.01	0.007	0.01	0.7688928649539948	0.10026015954309894	0.05142487994997319	0.040833675882321216	0.062132626970214114	58.239078679580444	43.73249640920677	45.78132982908094	60.88438295861862	8.150256813362052	38.05208844032425
4.130519973799263	0.01	0.01	0.01	0.007	0.01	0.7688928940259628	0.10026015954309962	0.05142488013221292	0.040833697722350314	0.06213262696223507	59.208999546643255	44.32509587782082	46.527138982425505	61.6933242094021	8.277457943213141	37.019719878054374
4.244910940188443	0.01	0.01	0.01	0.007	0.01	0.7688929124228383	0.10026015954309993	0.051424880297280665	0.0408337183261132	0.06213262695515773	60.14664649758335	44.89113649120606	47.2510193376101	62.46721416387209	8.400687221126988	36.01482253210927
4.359324611253348	0.01	0.01	0.01	0.007	0.01	0.7688929240584191	0.10026015954310004	0.051424880447185926	0.04083373779302111	0.06213262694885753	61.05256797382583	45.431189290540686	47.95330599075426	63.20678554307933	8.520008533628872	35.037011661868384
4.473733163311238	0.01	0.01	0.01	0.007	0.01	0.768892931415564	0.10026015954310008	0.05142488058366841	0.04083375621125146	0.062132626943229394	61.92741902292134	45.9458905880274	48.63441547200041	63.9128603572817	8.635499706169698	34.085790563489226
4.588125816530684	0.01	0.01	0.01	0.007	0.01	0.7688929360672158	0.10026015954310008	0.05142488070824422	0.040833773655438506	0.062132626938184075	62.771984280344526	46.43595096135441	49.294865547212055	64.58636307198867	8.747255709624882	33.16052103786731
4.702504754423016	0.01	0.01	0.01	0.007	0.01	0.7688929390085154	0.10026015954310008	0.05142488082223291	0.040833790188401026	0.062132626933646094	63.58712645730818	46.9021203347899	49.93523708477976	65.22827353807534	8.855382037765551	32.2604746925318
4.816877817433361	0.01	0.01	0.01	0.007	0.01	0.7688929408685399	0.10026015954310008	0.05142488092678011	0.04083380586469123	0.06213262692955134	64.3737209430392	47.34514741196581	50.5561240537106	65.83957171031227	8.959986155978552	31.384901858332583
4.931252413569097	0.01	0.01	0.01	0.007	0.01	0.7688929420448736	0.10026015954310008	0.051424881022878836	0.040833820733924345	0.06213262692584521	65.13261016349853	47.765753115189874	51.15809788786004	66.4212011484719	9.06117146655483	30.533081448255285
5.045632633461032	0.01	0.01	0.01	0.007	0.01	0.7688929427888376	0.10026015954310008	0.05142488111139051	0.04083383484274265	0.06213262692248125	65.86458709987167	48.164622212688	51.74169410508363	66.97405728491032	9.159035083226664	29.70434018275148
5.160019091032633	0.01	0.01	0.01	0.007	0.01	0.7688929432593437	0.10026015954310008	0.05142488119306624	0.0408338482354699	0.062132626919419565	66.57039914066448	48.54240676890857	52.30741481040113	67.49899193900511	9.253668294902207	28.898049582233963
5.274410301680308	0.01	0.01	0.01	0.007	0.01	0.7688929435568959	0.10026015954310008	0.05142488126856364	0.040833860953935486	0.06213262691662631	67.25076076642924	48.89973412140077	52.85573836018506	67.99682416295616	9.345158221065798	28.113612677185067
5.388804219993903	0.01	0.01	0.01	0.007	0.01	0.7688929437450644	0.10026015954310008	0.05142488133846209	0.04083387303711336	0.06213262691407193	67.90636501932629	49.23721359799991	53.3871283148629	68.46834945721598	9.433589327859016	27.350451477904233
5.5031992701745684	0.01	0.01	0.01	0.007	0.01	0.7688929438640575	0.10026015954310008	0.05142488140327383	0.04083388452092073	0.062132626911730514	68.53789010586426	49.55544015758667	53.902038696318925	68.91434480309093	9.519044310076692	26.60799951035176
5.617594732495733	0.01	0.01	0.01	0.007	0.01	0.7688929439393052	0.10026015954310008	0.05142488146345321	0.04083389543827408	0.06213262690958004	69.14600133539038	49.85499535160096	54.400915587693845	69.3355700076595	9.601604355029474	25.885699485297003
5.731990531197264	0.01	0.01	0.01	0.007	0.01	0.7688929439868891	0.10026015954310008	0.051424881519404594	0.04083390581941604	0.062132626907600595	69.73134963136383	50.136446525666834	54.884195954248646	69.73276658861771	9.681348944015797	25.18300495894766
5.846386946599458	0.01	0.01	0.01	0.007	0.01	0.7688929440169797	0.10026015954310008	0.051424881571488223	0.04083391569226154	0.062132626905775486	70.29456998081206	50.40034609750839	55.352306366737366	70.10665674395946	9.758355641205458	24.499382179395866
5.960784259027833	0.01	0.01	0.01	0.007	0.01	0.7688929440360079	0.10026015954310008	0.05142488162002625	0.040833925082767945	0.06213262690408923	70.83627992759386	50.64723098024321	55.805661705602944	70.45794250038429	9.83269988354222	23.834312013969388
6.075182604863947	0.01	0.01	0.01	0.007	0.01	0.768892944048041	0.10026015954310008	0.051424881665306656	0.04083393401518149	0.062132626902528576	71.35707941224229	50.87762273371242	56.24466494051282	70.78730587224358	9.904454950848118	23.187290348246943
6.1895819613878205	0.01	0.01	0.01	0.007	0.01	0.7688929440556501	0.10026015954310008	0.051424881707588334	0.040833942512201724	0.062132626901082094	71.8575513018748	51.09202805513873	56.669707475641836	71.09540949804185	9.973692029591488	22.55782766662448
6.303982199807962	0.01	0.01	0.01	0.007	0.01	0.7688929440604618	0.10026015954310008	0.051424881747104065	0.040833950595092997	0.06213262689973905	72.33826219267836	51.29093937504897	57.08116973101184	71.38289743120006	10.040480314780323	21.94544827932271
6.41838316102394	0.01	0.01	0.01	0.007	0.01	0.7688929440635045	0.10026015954310008	0.0514248817840636	0.04083395828376862	0.06213262689849032	72.79976322584068	51.474835426256476	57.479421749538695	71.65039590004582	10.10488711499655	21.349689498119545
6.532784701085636	0.01	0.01	0.01	0.007	0.01	0.7688929440654286	0.10026015954310008	0.05142488181865696	0.0408339655968776	0.0621326268973276	73.24259069649136	51.64418169619419	57.86482364058586	71.89851390694177	10.166977929895635	20.770101042786774
6.647186736653534	0.01	0.01	0.01	0.007	0.01	0.7688929440666451	0.10026015954310008	0.05142488185105578	0.04083397255188031	0.06213262689624352	73.66726660691847	51.79943083452915	58.237725985375874	72.1278437681936	10.226816520818604	20.20624449546495
6.761589229846727	0.01	0.01	0.01	0.007	0.01	0.7688929440674145	0.10026015954310008	0.05142488188141595	0.040833979165145674	0.062132626895231524	74.07429895759515	51.94102294857926	58.598470019382624	72.33896149283562	10.284464945104771	19.6576930857642
6.875992157937136	0.01	0.01	0.01	0.007	0.01	0.7688929440679009	0.10026015954310008	0.05142488190987936	0.04083398545204934	0.06213262689428564	74.46418199458867	52.06938588696779	58.94738777418191	72.53242714304612	10.339983584063683	19.12403153936775
6.990395490619766	0.01	0.01	0.01	0.007	0.01	0.7688929440682087	0.10026015954310008	0.0514248819365752	0.040833991427061095	0.06213262689340059	74.83739649982526	52.18493554380586	59.28480225432925	72.70878522372327	10.393431176759394	18.604855876235966
7.10479920516599	0.01	0.01	0.01	0.007	0.01	0.7688929440684033	0.10026015954310008	0.05142488196162078	0.04083399710380363	0.0621326268925715	75.19441020680581	52.288076201325524	59.6110277274538	72.86856513104102	10.44486487174797	18.099773034963466
7.21920326369355	0.01	0.01	0.01	0.007	0.01	0.7688929440685263	0.10026015954310008	0.05142488198512411	0.04083400249512743	0.062132626891794135	75.5356780832357	52.37920082567745	59.92636989626847	73.01228153149484	10.4943402599595	17.60840067699592
7.333607628319858	0.01	0.01	0.01	0.007	0.01	0.7688929440686041	0.10026015954310008	0.05142488200718359	0.040834007613158335	0.06213262689106441	75.86164272795286	52.45869139261215	60.23112617610042	73.14043478848464	10.541911424147695	17.13036682669046
7.448012276315511	0.01	0.01	0.01	0.007	0.01	0.7688929440686533	0.10026015954310008	0.051424882027889564	0.04083401246934077	0.0621326268903789	76.17273474603019	52.526919195271795	60.525585957534666	73.25351136530782	10.587630985647962	16.665309530072154
7.562417177374187	0.01	0.01	0.01	0.007	0.01	0.7688929440686844	0.10026015954310008	0.05142488204732494	0.04083401707449712	0.062132626889734394	76.46937300762697	52.58424511813901	60.810030762585335	73.35198417597266	10.631550134370944	16.212876678829648
7.676822308766138	0.01	0.01	0.01	0.007	0.01	0.768892944068704	0.10026015954310008	0.051424882065565836	0.040834021438862715	0.0621326268891279	76.75196500663672	52.63101992994097	61.08473449634039	73.43631296890361	10.673718673557364	15.772725682818342
7.791227647761483	0.01	0.01	0.01	0.007	0.01	0.7688929440687163	0.10026015954310008	0.05142488208268251	0.04083402557212923	0.06213262688855651	77.02090714755448	52.66758455426808	61.34996363338959	73.50694467680478	10.714185054229727	15.34452324336636
7.905633179207014	0.01	0.01	0.01	0.007	0.01	0.7688929440687242	0.10026015954310008	0.051424882098739653	0.04083402948347676	0.06213262688801822	77.27658506257288	52.69427033979591	61.60597743583673	73.56431376916888	10.752996414354088	14.927945074277773
8.020038880372644	0.01	0.01	0.01	0.007	0.01	0.7688929440687292	0.10026015954310008	0.05142488211379704	0.04083403318161591	0.06213262688751065	77.5193738685109	52.711399317010475	61.85302811413828	73.60884258270826	10.790198609144863	14.52267571350051
8.134444720951384	0.01	0.01	0.01	0.007	0.01	0.7688929440687323	0.10026015954310008	0.051424882127909945	0.04083403667481846	0.062132626887031576	77.7496384556803	52.71928445582005	62.09136102071358	73.64094165614937	10.82583624629289	14.128408280993746
8.248850700943404	0.01	0.01	0.01	0.007	0.01	0.7688929440687342	0.10026015954310008	0.05142488214112928	0.040834039970923976	0.062132626886579216	77.96773383893124	52.71822991416274	62.32121491288757	73.66101006036321	10.859952731260435	13.744844118078344
8.36325680519522	0.01	0.01	0.01	0.007	0.01	0.7688929440687355	0.10026015954310008	0.051424882153502584	0.04083404307739234	0.06213262688615192	78.1740053316654	52.70853127287068	62.542822035935025	73.66943569466031	10.892590285476109	13.37169272187217
8.477663026130136	0.01	0.01	0.01	0.007	0.01	0.7688929440687363	0.10026015954310008	0.05142488216507378	0.04083404600131406	0.062132626885748186	78.36878885362432	52.69047577153201	62.75640834595383	73.66659559754163	10.923789985359388	13.00867144747992
8.592069363748271	0.01	0.01	0.01	0.007	0.01	0.7688929440687369	0.10026015954310008	0.051424882175883646	0.04083404874943365	0.06213262688536614	78.55241118239765	52.66434253393109	62.96219367823492	73.65285623945253	10.953591792969666	12.655505297488727
8.70647578774236	0.01	0.01	0.01	0.007	0.01	0.7688929440687373	0.10026015954310008	0.05142488218597017	0.040834051328191436	0.06213262688500503	78.72519014287614	52.63040280006484	63.16039184681266	73.62857381759574	10.98203457665287	12.311926829205987
8.820882305689317	0.01	0.01	0.01	0.007	0.01	0.7688929440687374	0.10026015954310008	0.05142488219536857	0.04083405374370351	0.062132626884663075	78.88743495653846	52.588920125233756	63.351210927730115	73.5940945265813	11.009156158037474	11.977675743341104
8.935288887281802	0.01	0.01	0.01	0.007	0.01	0.7688929440687375	0.10026015954310008	0.051424882204111864	0.040834056001823764	0.062132626884339556	79.03944636195871	52.54015061248659	63.53485328515299	73.54975484731075	11.034993321838513	11.652498914759024
9.04969553251985	0.01	0.01	0.01	0.007	0.01	0.7688929440687376	0.10026015954310008	0.051424882212230454	0.04083405810812031	0.06213262688403312	79.1815169419689	52.48434309353292	63.71151583953662	73.49588179367721	11.059581860124565	11.33615000012791
9.164102218672918	0.01	0.01	0.01	0.007	0.01	0.7688929440687376	0.10026015954310008	0.05142488221975319	0.04083406006792247	0.06213262688374302	79.31393127387332	52.42173934887048	63.881390130268365	73.43279318969536	11.08295658723763	11.028389403897119
9.27850895331788	0.01	0.01	0.01	0.007	0.01	0.7688929440687376	0.10026015954310008	0.05142488222670689	0.04083406188630339	0.06213262688346813	79.43696621026464	52.352574274284876	64.04466254150563	73.36079789442323	11.105151377391264	10.728983951669298
9.392915728877893	0.01	0.01	0.01	0.007	0.01	0.7688929440687376	0.10026015954310008	0.05142488223311646	0.04083406356812014	0.06213262688320768	79.550891033954	52.27707609176909	64.20151437359854	73.28019606864784	11.126199180672453	10.437706838808532
9.507322545352974	0.01	0.01	0.01	0.007	0.01	0.7688929440687376	0.10026015954310008	0.05142488223900531	0.040834065118013234	0.06213262688296103	79.65596768906649	52.19546652010196	64.35212201401266	73.19127940015593	11.14613205265043	10.154337397771055
9.621729402743133	0.01	0.01	0.01	0.007	0.01	0.7688929440687376	0.10026015954310008	0.051424882244395426	0.04083406654042199	0.06213262688272716	79.75245097152077	52.107960957051056	64.49665705954088	73.09433133927823	11.164981177118207	9.878660951603198
9.736136293471517	0.01	0.01	0.01	0.007	0.01	0.7688929440687376	0.10026015954310008	0.051424882249307274	0.040834067839600544	0.06213262688250567	79.84058871761096	52.014768659156665	64.63528643737011	72.9896273314441	11.182776888617155	9.610468668831784
9.85054320238439	0.01	0.01	0.01	0.007	0.01	0.7688929440687376	0.10026015954310008	0.05142488225376029	0.040834069019627654	0.06213262688229578	79.92062199552824	51.91609291222373	64.76817253348189	72.87743503886007	11.199548695797635	9.349557402873005
9.964950129481753	0.01	0.01	0.01	0.007	0.01	0.7688929440687376	0.10026015954310008	0.05142488225777236	0.040834070084402666	0.06213262688209686	79.99278530509622	51.812131175861836	64.89547334221116	72.75801453154493	11.215325307163933	9.095729486189738
10.079357067186738	0.01	0.01	0.01	0.007	0.01	0.7688929440687376	0.10026015954310008	0.05142488226136094	0.04083407103766802	0.0621326268819085	80.0573067391764	51.703075261740125	65.01734255856637	72.63161851573864	11.230134649351848	8.848792633690634
10.193764023076218	0.01	0.01	0.01	0.007	0.01	0.7688929440687376	0.10026015954310008	0.051424882264541436	0.04083407188300389	0.06213262688172998	80.11440817063159	51.58911146738189	65.13392971910918	72.4984925108434	11.244003891302523	8.608559747779507
10.308170981996447	0.01	0.01	0.01	0.007	0.01	0.7688929440687376	0.10026015954310008	0.05142488226732925	0.04083407262385864	0.06213262688156113	80.16430540132905	51.470420764131035	65.24538027577759	72.35887508869371	11.256959460134409	8.374848857334642
10.422577951524302	0.01	0.01	0.01	0.007	0.01	0.7688929440687376	0.10026015954310008	0.0514248822697385	0.040834073263529384	0.06213262688140123	80.20720834941764	51.347178898830116	65.35183575246793	72.21299801166344	11.26902706671965	8.147482884381423
10.53698493165978	0.01	0.01	0.01	0.007	0.01	0.7688929440687376	0.10026015954310008	0.05142488227178264	0.04083407380518595	0.062132626881250076	80.24332119386625	51.21955656667987	65.45343382108666	72.06108645334048	11.28023172147285	7.9262895740199
10.651391914826009	0.01	0.01	0.01	0.007	0.01	0.7688929440687376	0.10026015954310008	0.05142488227347408	0.040834074251878454	0.06213262688110671	80.27284253253937	51.087719551807254	65.5503084075456	71.9033591813451	11.290597753634191	7.711101361850563
10.76579888586924	0.01	0.01	0.01	0.007	0.01	0.7688929440687376	0.10026015954310008	0.05142488227482483	0.040834074606542765	0.06213262688097145	80.29596553584653	50.951828863883	65.64258979479139	71.7400287350152	11.30014883001285	7.501755245108767
10.880205844789472	0.01	0.01	0.01	0.007	0.01	0.7688929440687376	0.10026015954310008	0.05142488227584595	0.04083407487199284	0.062132626880843596	80.31287809884827	50.812040842751976	65.73040473996622	71.57130156406029	11.308907974869324	7.298092617491403
10.994612806740454	0.01	0.01	0.01	0.007	0.01	0.7688929440687376	0.10026015954310008	0.05142488227654827	0.04083407505092578	0.062132626880723074	80.32376298053218	50.66850728384074	65.81387656750447	71.39737819135495	11.316897586871983	7.099959152809561
11.10901975656844	0.01	0.01	0.01	0.007	0.01	0.7688929440687376	0.10026015954310008	0.051424882276941544	0.040834075145954656	0.062132626880609124	80.32879793869435	50.52137561953943	65.89312522919737	71.21845344366814	11.324139452891181	6.907204767142721
11.2234267018503	0.01	0.01	0.01	0.007	0.01	0.7688929440687376	0.10026015954310008	0.05142488227703534	0.040834075159581006	0.06213262688050187	80.328155871755	50.37078897444638	65.96826743456131	71.03471652940276	11.33065476838302	6.7196834123390525
11.33783364258604	0.01	0.01	0.01	0.007	0.01	0.7688929440687376	0.10026015954310008	0.05142488227683864	0.04083407509421779	0.06213262688040072	80.3220049475706	50.21688632101696	66.03941671692724	70.84635123755928	11.336464151326052	6.537253018217482
11.452240571198782	0.01	0.01	0.01	0.007	0.01	0.7688929440687376	0.10026015954310008	0.051424882276359746	0.04083407495219373	0.062132626880305734	80.3105087337819	50.05980259533763	66.10668352086047	70.65353608835045	11.341587658123938	6.359775383221267
11.566647487688533	0.01	0.01	0.01	0.007	0.01	0.7688929440687376	0.10026015954310008	0.051424882275606876	0.04083407473574775	0.06213262688021647	80.29382632196514	49.89966878823695	66.17017529529878	70.4564444532027	11.346044799610032	6.187116045574242
11.681054399632162	0.01	0.01	0.01	0.007	0.01	0.7688929440687376	0.10026015954310008	0.051424882274587455	0.04083407444703341	0.062132626880132755	80.27211244750211	49.73661205274648	66.22999657375323	70.25524469436306	11.349854555649971	6.019144183026231
11.795461299452798	0.01	0.01	0.01	0.007	0.01	0.7688929440687376	0.10026015954310008	0.051424882273308804	0.04083407408813567	0.06213262688005427	80.24551761206028	49.5707558419547	66.28624904157218	70.05010034197416	11.353035388789797	5.855732547257025
11.909868179573577	0.01	0.01	0.01	0.007	0.01	0.7688929440687376	0.10026015954310008	0.051424882271777564	0.040834073661065666	0.062132626879980855	80.2141881974201	49.40221999098821	66.33903162214342	69.84117020219712	11.355605258999669	5.696757343712148
12.024275047571368	0.01	0.01	0.01	0.007	0.01	0.7688929440687376	0.10026015954310008	0.051424882270000354	0.04083407316775427	0.06213262687991239	80.17826657229887	49.23112079397169	66.3884405581673	69.62860845856788	11.357581637536859	5.542098117679726
12.138681895869308	0.01	0.01	0.01	0.007	0.01	0.7688929440687376	0.10026015954310008	0.05142488226798327	0.040834072610073706	0.06213262687984867	80.13789120956478	49.057571145802534	66.4345694706361	69.41256485363732	11.35898151954331	5.391637705169327
12.253088724467398	0.01	0.01	0.01	0.007	0.01	0.7688929440687376	0.10026015954310008	0.05142488226573213	0.04083407198982684	0.06213262687978931	80.09319678582123	48.88168060306505	66.47750944019283	69.1931847701996	11.359821437454839	5.2452621127080965
12.367495533365643	0.01	0.01	0.01	0.007	0.01	0.7688929440687376	0.10026015954310008	0.051424882263252446	0.04083407130875413	0.06213262687973458	80.04431428642897	48.703555487029135	66.51734907259072	68.97060936454082	11.360117473380726	5.102860441647675
12.481902330140908	0.01	0.01	0.01	0.007	0.01	0.7688929440687376	0.10026015954310008	0.05142488226054943	0.040834070568531944	0.06213262687968386	79.99137110217124	48.52329896106307	66.55417456822786	68.74497566767931	11.359885271299742	4.964324795092699
12.596309114793195	0.01	0.01	0.01	0.007	0.01	0.7688929440687376	0.10026015954310008	0.051424882257627945	0.04083406977078422	0.062132626879637214	79.93449113333944	48.341011141234034	66.58806978226092	68.51641672799656	11.35914004892132	4.829550214994994
12.710715879745644	0.01	0.01	0.01	0.007	0.01	0.7688929440687376	0.10026015954310008	0.05142488225449286	0.040834068917084555	0.06213262687959464	79.87379488598613	48.156789181606904	66.61911628918311	68.28506172226344	11.357896609431357	4.698434601369918
12.825122624998258	0.01	0.01	0.01	0.007	0.01	0.7688929440687376	0.10026015954310008	0.0514248822511486	0.04083406800894956	0.062132626879555675	79.80939955671217	47.97072733237789	66.64739344916063	68.0510360323737	11.356169352648958	4.570878617108692
12.939529350551041	0.01	0.01	0.01	0.007	0.01	0.7688929440687376	0.10026015954310008	0.05142488224759961	0.04083406704784535	0.062132626879520425	79.74141912588509	47.782917031803265	66.67297846568336	67.8144613643144	11.353972285978159	4.446785622017445
13.053936063980853	0.01	0.01	0.01	0.007	0.01	0.7688929440687376	0.10026015954310008	0.05142488224384989	0.04083406603518473	0.06213262687948872	79.66996444020002	47.59344697147545	66.69594644555542	67.57545583355095	11.351319034873661	4.3260615917121985
13.168342757710839	0.01	0.01	0.01	0.007	0.01	0.7688929440687376	0.10026015954310008	0.05142488223990323	0.040834064972343743	0.06213262687946036	79.59514331180799	47.40240320967731	66.71637045121946	67.33413411098141	11.348222853721573	4.208615070472725
13.282749431741003	0.01	0.01	0.01	0.007	0.01	0.7688929440687376	0.10026015954310008	0.05142488223576319	0.040834063860648806	0.062132626879435375	79.51706058740328	47.20986920768841	66.73432156116134	67.09060747168743	11.344696635471449	4.094357077414089
13.397156086071348	0.01	0.01	0.01	0.007	0.01	0.7688929440687376	0.10026015954310008	0.05142488223143342	0.040834062701383726	0.0621326268794136	79.43581823308574	47.01592591384434	66.749868922041	66.84498390375893	11.340752921578073	3.9832010474024333
13.511562720701878	0.01	0.01	0.01	0.007	0.01	0.7688929440687376	0.10026015954310008	0.05142488222691717	0.0408340614957908	0.062132626879394796	79.35151541265327	46.82065183325946	66.76307980114235	66.5973681989947	11.336403911546746	3.8750627654691123
13.625969335632597	0.01	0.01	0.01	0.007	0.01	0.7688929440687376	0.10026015954310008	0.05142488222221766	0.040834060245072606	0.062132626879379024	79.26424856376849	46.62412309564773	66.7740196373991	66.34786204113264	11.331661472219427	3.769860303005439
13.740375938440355	0.01	0.01	0.01	0.007	0.01	0.7688929440687376	0.10026015954310008	0.05142488221733783	0.04083405895038914	0.06213262687936615	79.17411146599474	46.42641350816186	66.782752091542	66.09656407497654	11.32653714645698	3.667513949004432
13.854782521548307	0.01	0.01	0.01	0.007	0.01	0.7688929440687376	0.10026015954310008	0.05142488221228064	0.04083405761287266	0.062132626879356084	79.0811953307082	46.227594658815335	66.7893390925916	65.84357003976642	11.321042162934864	3.5679461700919117
13.969189084956456	0.01	0.01	0.01	0.007	0.01	0.7688929440687376	0.10026015954310008	0.05142488220704864	0.04083405623361588	0.06213262687934866	78.98558885378122	46.02773593980601	66.79384088693203	65.58897280074785	11.315187443736836	3.471081530981662
14.083595628664806	0.01	0.01	0.01	0.007	0.01	0.7688929440687376	0.10026015954310008	0.05142488220164446	0.040834054813676975	0.0621326268793441	78.88737828948983	45.826904621206765	66.79631608321804	65.33286244463609	11.308983612974128	3.3768466443857585
14.198002152673359	0.01	0.01	0.01	0.007	0.01	0.7688929440687376	0.10026015954310008	0.05142488219607078	0.04083405335408147	0.062132626879342026	78.78664751688633	45.62516591002413	66.79682169684044	65.07532635646496	11.302441004877622	3.2851701154129707
14.312408664558962	0.01	0.01	0.01	0.007	0.01	0.7688929440687376	0.10026015954310008	0.05142488219032956	0.04083405185581874	0.06213262687934235	78.68347809745812	45.4225829942016	66.79541319302864	64.81644927715432	11.295569671204577	3.1959824816509648
14.426815164321617	0.01	0.01	0.01	0.007	0.01	0.7688929440687376	0.10026015954310008	0.05142488218442317	0.04083405031985233	0.06213262687934521	78.5779493513071	45.21921712523435	66.79214452888095	64.55631341036009	11.288379389766417	3.109216172668803
14.541221644384484	0.01	0.01	0.01	0.007	0.01	0.7688929440687376	0.10026015954310008	0.05142488217835392	0.0408340487471211	0.06213262687935037	78.47013841905479	45.01512767279035	66.78706819493007	64.29499849363938	11.280879671986664	3.024805458009879
14.655628097170725	0.01	0.01	0.01	0.007	0.01	0.7688929440687376	0.10026015954310008	0.05142488217212353	0.040834047138535674	0.06213262687935779	78.36012031465407	44.810372164207266	66.78023525503548	64.03258185019475	11.273079769720862	2.942686391275729
14.770034537834023	0.01	0.01	0.01	0.007	0.01	0.7688929440687376	0.10026015954310008	0.05142488216573409	0.040834045494965124	0.06213262687936756	78.2479679606881	44.60500629501973	66.77169538323525	63.76913840331709	11.264988680666354	2.862796746059871
14.884440966374381	0.01	0.01	0.01	0.007	0.01	0.7688929440687376	0.10026015954310008	0.05142488215918742	0.04083404381726186	0.06213262687937947	78.13375228073131	44.39908404669206	66.76149690343317	63.50474082823492	11.25661515775912	2.7850759963588057
14.998847367638128	0.01	0.01	0.01	0.007	0.01	0.7688929440687376	0.10026015954310008	0.05142488215248507	0.040834042106261854	0.062132626879393436	78.0175422554787	44.192657735657654	66.74968682718584	63.23945961610219	11.247967716037698	2.709465269258223
15.113253756778937	0.01	0.01	0.01	0.007	0.01	0.7688929440687376	0.10026015954310008	0.051424882145628965	0.04083404036275809	0.06213262687940945	77.8994049299346	43.98577797863553	66.7363108847809	62.97336303022951	11.23905463571563	2.6359072701517823
15.22766013379681	0.01	0.01	0.01	0.007	0.01	0.7688929440687376	0.10026015954310008	0.05142488213862035	0.040834038587529174	0.062132626879427555	77.7794055107545	43.77849382053356	66.72141356411663	62.70651727114762	11.229883971845606	2.5643462700687376
15.342066491114915	0.01	0.01	0.01	0.007	0.01	0.7688929440687376	0.10026015954310008	0.051424882131460875	0.04083403678133532	0.062132626879447525	77.65760740977557	43.57085276574281	66.7050381443578	62.43898651767704	11.22046356000573	2.4947280575626047
15.456472828733256	0.01	0.01	0.01	0.007	0.01	0.7688929440687376	0.10026015954310008	0.051424882124151895	0.04083403494491024	0.06213262687946957	77.53407227713743	43.3629007942182	66.68722672680067	62.170832948267204	11.21080102106097	2.4269998881701302
15.570879146651837	0.01	0.01	0.01	0.007	0.01	0.7688929440687376	0.10026015954310008	0.05142488211669463	0.04083403307896606	0.06213262687949345	77.40886005674353	43.15468241752357	66.66802026766517	61.902116813747504	11.200903767560627	2.3611104493886965
15.68528544487066	0.01	0.01	0.01	0.007	0.01	0.7688929440687376	0.10026015954310008	0.05142488210909038	0.040834031184194465	0.06213262687951911	77.2820290326665	42.94624072003201	66.64745860918492	61.63289649097699	11.190779009396326	2.2970098217997537
15.799691730966558	0.01	0.01	0.01	0.007	0.01	0.7688929440687376	0.10026015954310008	0.05142488210134041	0.040834029261262006	0.062132626879546474	77.15363586573969	42.737617385177835	66.62558050836158	61.36322851715731	11.180433758614102	2.2346494371743355
15.91409800493953	0.01	0.01	0.01	0.007	0.01	0.7688929440687376	0.10026015954310008	0.05142488209344582	0.04083402731082125	0.06213262687957563	77.02373565428978	42.52885276205345	66.60242366912262	61.093167676267974	11.169874836112118	2.17398205015732
16.0	0.01	0.01	0.01	0.007	0.01	0.7688929440687376	0.10026015954310008	0.051424882087424004	0.04083403439655384	0.06213262687959873	76.92524176490618	42.37203245661975	66.5842179584416	60.89016617523662	11.161810220558825	2.1295149950213403
