0.0	0.01	0.01	0.01	0.007	0.01	0.0	0.0	0.0	0.0	0.0	0.0	0.0	0.0	0.0	0.0	100.0
0.0033239845489282855	0.01	0.01	0.01	0.007	0.01	0.010714899055224512	0.002672745783873113	0.003296919724205234	0.003964964644714622	0.00545048639711024	0.0006307350499135333	0.0009270370481126677	0.0020069524539393867	0.004707838908974713	0.0005070983527046345	99.92102392457025
0.005229863594647264	0.01	0.01	0.01	0.007	0.01	0.016795515680338095	0.004173533507785997	0.005092166552259482	0.006050126051627603	0.008453604135648031	0.0015566803532132923	0.002282208488798388	0.004905085159501011	0.011406794487007082	0.0012428560797166934	99.87576940603991
0.008145231261621604	0.01	0.01	0.01	0.007	0.01	0.026008957275624387	0.006425516271481624	0.007711166769025932	0.00899701823569234	0.012882517483701075	0.0037585922345325117	0.005489288291534613	0.011669365332852535	0.026788115729461423	0.002969354739972855	99.80658453902302
0.010791412857953889	0.01	0.01	0.01	0.007	0.01	0.03428055240116745	0.008424680569280633	0.009961590064027623	0.01143763639849765	0.016736725695286062	0.006569970448976033	0.009562074137637143	0.02012896199688334	0.04568323249935468	0.005141427010070795	99.74382924476579
0.013871987912592334	0.01	0.01	0.01	0.007	0.01	0.04380198405991606	0.01069944250483261	0.01243787207434898	0.014023577088034945	0.02103434021238904	0.010803888872103685	0.015661414865348132	0.0325992919401315	0.07303598284263739	0.00836303711877518	99.67082183419178
0.016990751837203194	0.01	0.01	0.01	0.007	0.01	0.05332443668292612	0.012946116921631416	0.014796380763698802	0.016387609153372527	0.025188218008623742	0.016128836019471494	0.023286620095364047	0.04792985479801913	0.10603174856253134	0.012349697460334472	99.59696381022563
0.02034932344664234	0.01	0.01	0.01	0.007	0.01	0.06344906999340597	0.015303799481281542	0.017179339343604737	0.01867609521577013	0.02945233149268904	0.023014178006813747	0.033084941575728624	0.06729162819175921	0.14691366310230308	0.017419294321926203	99.5174879057773
0.023829313532788922	0.01	0.01	0.01	0.007	0.01	0.07379934282677145	0.017680939549106715	0.019487663127848796	0.020794935486299612	0.033655727949840765	0.03138775293073023	0.04492349012160336	0.09026897141075838	0.19449480649795242	0.023479184946580973	99.43520570243723
0.027488409878206145	0.01	0.01	0.01	0.007	0.01	0.08453033136598495	0.020110211878729335	0.02175005163477796	0.022775921412146002	0.037855117184219786	0.04153017179383299	0.059165996046774	0.1174081160668827	0.2496072661201946	0.030690997821445472	99.34876201595947
0.031293587970738265	0.01	0.01	0.01	0.007	0.01	0.09552683652858265	0.02256231650282409	0.02393605475820158	0.024597894478291134	0.041998915456449036	0.05350710625262446	0.07586684776851715	0.14863678847190667	0.31179532625509593	0.03905570566953417	99.25894695540109
0.0352636312867671	0.01	0.01	0.01	0.007	0.01	0.10682538760715925	0.025042490135138547	0.026048691793733824	0.026270536883451115	0.04609561271778429	0.06752867646778274	0.09527734345383101	0.18423983755951537	0.3813256072409834	0.048671706494638374	99.16532706673412
0.03939244665072156	0.01	0.01	0.01	0.007	0.01	0.11838980818465664	0.02753980959912155	0.02807742421963216	0.02779305141432925	0.05012350039980204	0.0837328288586163	0.11754173508746896	0.22428364040377374	0.45802859181764716	0.05958103575737717	99.06805675024499
0.04368951358415997	0.01	0.01	0.01	0.007	0.01	0.13022735404685926	0.030052944500595372	0.03002073973818619	0.02917248867750545	0.054068261077027654	0.10231913809691262	0.1428826117780605	0.26895978828558664	0.5419809135554241	0.07186029617648731	98.96692393465035
0.048158026958726896	0.01	0.01	0.01	0.007	0.01	0.14232645593412246	0.03257650085062411	0.03187450119006008	0.030414315940758076	0.05789073355603913	0.1234719510508959	0.1714939844753042	0.31838944366071964	0.6331271679953625	0.08556416896647218	98.86186557339727
0.052806900947352006	0.01	0.01	0.01	0.007	0.01	0.15468984090867363	0.035108096105488484	0.03363750985280736	0.03152631258356782	0.06152442476005096	0.147411685664012	0.2036105566487943	0.3727456880334534	0.7315135079497161	0.10075174442893803	98.7526851543413
0.05763679034617792	0.01	0.01	0.01	0.007	0.01	0.16729699827828517	0.03764062180547351	0.03530596537863341	0.03251479813988313	0.06485246177335766	0.17432579915050908	0.2394141747446039	0.43209430804028554	0.8370003435685103	0.11743005154265752	98.63938123346713
0.06261430369125585	0.01	0.01	0.01	0.007	0.01	0.18004087404865765	0.04015036489661009	0.03686714615642183	0.03338170148574249	0.06770475233078077	0.20419065143752693	0.27880171831683487	0.49603152820827506	0.948653666181821	0.13543618736512442	98.52275023482456
0.0677284859055337	0.01	0.01	0.01	0.007	0.01	0.19287691633156187	0.04262721816374937	0.03831947144701847	0.03413614829002948	0.06994359193561035	0.2370726498271725	0.3217893527198073	0.564368996875	1.065979491190359	0.15462201235591352	98.40306050312267
0.07306209535600264	0.01	0.01	0.01	0.007	0.01	0.20599098870565324	0.04510484722975442	0.039686064770839066	0.03479873626438965	0.07152632063702721	0.27368018554647466	0.3692194482827898	0.638202890253391	1.1906790013959183	0.1751575723161879	98.2783903009052
0.07864117339436422	0.01	0.01	0.01	0.007	0.01	0.21941686258981075	0.0475860544512441	0.04096994746018025	0.03537795597762268	0.07246289027902983	0.3144377420928366	0.42153927445306494	0.7179391074396779	1.3232215406107457	0.19698708926583672	98.1481514216265
0.08445084317759474	0.01	0.01	0.01	0.007	0.01	0.23308747598870447	0.050055004159081304	0.042165098692960035	0.03587809686021477	0.07284340055988558	0.3594885095769289	0.4788207112858635	0.8033901191617897	1.4631012195968058	0.21988912725820522	98.0127130096218
0.09049276684138867	0.01	0.01	0.01	0.007	0.01	0.24697651618448596	0.05250403361903168	0.04327115370861114	0.03630612967894688	0.07280613580487441	0.4090860277406723	0.5412682423218451	0.8945710035477147	1.6101856771341425	0.24372284680165499	97.87205840939482
0.09679740932857925	0.01	0.01	0.01	0.007	0.01	0.26112124246125895	0.05493668419702186	0.04429321969179154	0.0366707187667652	0.0724832673333566	0.4637396825015986	0.6093927417173743	0.9919258833806752	1.7650480844881549	0.2684893766197085	97.72550297525737
0.10342269588355352	0.01	0.01	0.01	0.007	0.01	0.2756115284028022	0.05736449134221546	0.04523891692710163	0.03698049550791944	0.071975928869362	0.5242685501869395	0.6840611963019321	1.0963524469317416	1.9289607247654426	0.2943222806110333	97.57173043965791
0.11041133555495874	0.01	0.01	0.01	0.007	0.01	0.2904920493074354	0.05979002667813211	0.04611138674775113	0.03724175981339794	0.07135698600516814	0.5914472809321354	0.7660459975814949	1.2085426958070709	2.102840759179652	0.32131166686278095	97.4097867231163
0.1177950367102456	0.01	0.01	0.01	0.007	0.01	0.3057748902044455	0.06220983300856289	0.04691159949487995	0.037459741274004116	0.07067848916211715	0.6660151687971694	0.85603777881549	1.3290198940793356	2.2873349894648882	0.34951666387870617	97.23898047067365
0.12559795811924646	0.01	0.01	0.01	0.007	0.01	0.3214494443518365	0.06461665780089383	0.047639861022693936	0.037639248992222984	0.0699774615126267	0.7486870736179434	0.9546601017197305	1.458175581089583	2.4828966732664415	0.37897675320061275	97.0588019323781
0.13384594972137545	0.01	0.01	0.01	0.007	0.01	0.3375023953698584	0.06700292359196898	0.04829720229832823	0.037785040544380685	0.06927956231302035	0.8402384868319765	1.0625705417131512	1.5964134826813223	2.690014516519639	0.4097451656451328	96.86870916117809
0.1425679495996289	0.01	0.01	0.01	0.007	0.01	0.3539198314786534	0.06936110832313505	0.04888544237169984	0.0379017384397714	0.06860234119235464	0.9415245634673197	1.1804783231673652	1.7441730442579688	2.909248560038625	0.44189188700741244	96.66809684251625
0.15179716786950534	0.01	0.01	0.01	0.007	0.01	0.3706884589212941	0.07168394157757169	0.049407144543025396	0.037993732843591414	0.06795760607069565	1.0535004213124501	1.3091617748490705	1.9019506020528523	3.141260252673978	0.4755061004940101	96.45627052107936
0.1615704824502482	0.01	0.01	0.01	0.007	0.01	0.3877932844870392	0.07396410143233058	0.04986544596523929	0.03806508573992339	0.06735318692417946	1.1772216244364522	1.4494616712616808	2.0702901157627416	3.386796647049877	0.5106923883132227	96.23246226122777
0.17192838682011413	0.01	0.01	0.01	0.007	0.01	0.4052164687473695	0.07619413109930928	0.05026396379177334	0.03811947854464364	0.06679408408767541	1.313849601185479	1.6022800889253492	2.249782450558728	3.646687572265541	0.5475693896381578	95.99583373376566
0.18291461953389443	0.01	0.01	0.01	0.007	0.01	0.4229357444543537	0.07836634264593483	0.050606705015203805	0.03816018158751122	0.06628324074447685	1.4646516104827896	1.7685729672605173	2.441058718800758	3.921834110855161	0.5862675907213086	95.74548674695536
0.19457606268367714	0.01	0.01	0.01	0.007	0.01	0.4409234686229133	0.08047284833862207	0.05089799815742033	0.03819004432316154	0.06582203410532277	1.631002342557275	1.9493447358451115	2.6447879595158406	4.213203245101644	0.6269282680120787	95.48046777432833
0.20696262329304196	0.01	0.01	0.01	0.007	0.01	0.45914579707315495	0.0825056407704897	0.05114242028570331	0.03821149941566901	0.06541060142443463	1.8143835932372785	2.145641186898901	2.8616744182052307	4.521821528867138	0.6697024497922625	95.19977307112191
0.22012731508068054	0.01	0.01	0.01	0.007	0.01	0.4775623161291411	0.08445675116768794	0.05134471846070602	0.03822657899019561	0.06504805899189228	2.0163850884183168	2.3585441901735464	3.0924582887353775	4.848773210706505	0.7147505788041612	94.90234947886788
0.2341264237757311	0.01	0.01	0.01	0.007	0.01	0.4961259083961641	0.08631844462371346	0.05150971797333247	0.03823694073056697	0.06473266681655379	2.2387050791834096	2.589166871881523	3.337917869953127	5.195199816563683	0.7622423930888855	94.58709365976448
0.24901974079287967	0.01	0.01	0.01	0.007	0.01	0.5147828184387744	0.08808343716923378	0.05164221959072857	0.03824390227924406	0.06446196816965069	2.483150519843758	2.8386492727028942	3.5988727523971344	5.562300753022626	0.8123569311460674	94.25285017519735
0.2648706522525948	0.01	0.01	0.01	0.007	0.01	0.5334726662922384	0.08974510158740687	0.05174689055728534	0.03824848186650756	0.06423292370498217	2.751633169373925	3.108151071019053	3.876184137802029	5.9513296545727234	0.8652819269246629	93.89841324001658
0.28174584081964205	0.01	0.01	0.01	0.007	0.01	0.5521282500088479	0.09129764733267948	0.05182815890206101	0.03825144273382524	0.06404204708713894	3.0461565580014662	3.3988370753314228	4.170747925667584	6.3635806729302145	0.9212118149205423	93.52253750006155
0.2997144060692869	0.01	0.01	0.01	0.007	0.01	0.5706751655173085	0.09273628061465906	0.051890121644038036	0.038253338565382565	0.06388554119787301	3.368788750273851	3.7118518342900164	4.483477207491906	6.800360352254343	0.9803437713481007	93.12396191044537
0.31884639537540965	0.01	0.01	0.01	0.007	0.01	0.5890315434820239	0.09405736740638518	0.05193647520606695	0.038254557168991996	0.06375943083344998	3.7216188134763644	4.048283126041089	4.815274267094313	7.262945514369514	1.0428718586019572	92.70144647024242
0.3392111251704049	0.01	0.01	0.01	0.007	0.01	0.6071085059545595	0.09525862712848966	0.05197047203132653	0.03825536011371405	0.06365968823795289	4.106702768264708	4.409121500214408	5.166999038832393	7.752537013050487	1.1089806009699257	92.2538129536086
0.36087596294343066	0.01	0.01	0.01	0.007	0.01	0.6248119080372923	0.0963393561561838	0.05199490259562583	0.03825591678298291	0.063582350898759	4.526012463950392	4.795229006747393	5.539445845859108	8.270225823984665	1.1788402021375868	91.7799746624213
0.3839061837724313	0.01	0.01	0.01	0.007	0.01	0.6420454702876053	0.09730063461593853	0.05201209932118756	0.03825633213677524	0.0635236319734457	4.981402417039235	5.207329636319437	5.93333883035946	8.816985812487088	1.2526053398994628	91.27894202938657
0.4083661081637872	0.01	0.01	0.01	0.007	0.01	0.6587148008007812	0.09814544350698584	0.052023958629936216	0.038256668198330145	0.06348002050976916	5.47460322101484	5.64602624428353	6.349349018472981	9.393697036878354	1.3304180884428845	90.74980036034881
0.43432116505585805	0.01	0.01	0.01	0.007	0.01	0.6747314148608644	0.09887863244920791	0.052031977828075573	0.038256959807366146	0.06344836419093708	6.0072382985275965	6.111837478663862	6.788126127006961	10.001189760005428	1.412413697430653	90.19166848445947
0.4618401884321771	0.01	0.01	0.01	0.007	0.01	0.6900159539737019	0.09950672541949904	0.052037303299633075	0.03825722551848313	0.06342592581019431	6.580851555034062	6.6052410702586695	7.250332731544106	10.640291770367577	1.4987269356237425	89.60365407969877
0.4909972779619525	0.01	0.01	0.01	0.007	0.01	0.7045002370680967	0.10003759988106517	0.052040785556379976	0.03825747468617148	0.0634104079396251	7.196931261272425	7.126709769149356	7.736669305575234	11.31186293237124	1.5894968579152347	88.98482036446447
0.5218727912969823	0.01	0.01	0.01	0.007	0.01	0.7181282200095155	0.1004800984536308	0.0520430360458526	0.03825771177850855	0.06339994624940479	7.856918801804493	7.676730783629754	8.247883189406494	12.016807286734059	1.6848686814486689	88.3341731086493
0.5545532125337036	0.01	0.01	0.01	0.007	0.01	0.7308561638614489	0.1008436289242778	0.0520444809826415	0.038257938830493436	0.06339307729594651	8.562194376060212	8.255803540016636	8.784757954324927	12.756057848227355	1.78499207662305	87.65067260158224
0.5891299142716985	0.01	0.01	0.01	0.007	0.01	0.7426524204779413	0.10113779380733569	0.05204540876161182	0.03825815674481594	0.06338868931328089	9.314038301521636	8.86441635157157	9.348084460353533	13.530536030264683	1.8900160771920966	86.93326905224733
0.6256969140205593	0.01	0.01	0.01	0.007	0.01	0.7534971462982867	0.10137207062596398	0.052046009137689184	0.03825836593285178	0.06338596476155686	10.113569726613058	9.503004774868222	9.938616401702818	14.341089767884624	2.0000810988147175	86.1809579638754
0.6643479809951264	0.01	0.01	0.01	0.007	0.01	0.7633821657694876	0.10155555055732285	0.05204640383320091	0.03825856660788771	0.0633843218749766	10.961671544215848	10.171899303260018	10.557017271090926	15.188420137770212	2.115309337428333	85.39284672288588
0.705173788251504	0.01	0.01	0.01	0.007	0.01	0.7723110719262477	0.10169673428200984	0.05204666926776321	0.038258758911340084	0.06338336032583716	11.85891892939764	10.87127573696225	11.203810759906379	16.073013186555478	2.2357957761157254	84.56821712026799
0.7482600398713493	0.01	0.01	0.01	0.007	0.01	0.7802994676412497	0.10180337968146798	0.05204685266803863	0.038258942967478365	0.06338281403019501	12.805534497443146	11.601124615395818	11.879349486024893	16.995097408144662	2.3616025700058922	83.70656480100749
0.7936875325803436	0.01	0.01	0.01	0.007	0.01	0.7873750906781697	0.10188239634795176	0.052046982996143715	0.03825911891180122	0.06338251239679649	13.801392810811043	12.361254905131098	12.583816105001908	17.954645836092375	2.492759423511132	82.80759762959842
0.8415346574626323	0.01	0.01	0.01	0.007	0.01	0.7935774734458011	0.10193978425037618	0.05204707806232264	0.03825928691017111	0.06338235007711132	14.84608471134604	13.151337570628248	13.317262356487213	18.951429749086653	2.629270988011979	81.8711857331159
0.8918820909354247	0.01	0.01	0.01	0.007	0.01	0.798956861467157	0.10198061621469529	0.05204714897903192	0.03825944717212419	0.06338226447195089	15.939032541391233	13.970980864936319	14.079679049616338	19.985113682153855	2.7711299700372125	80.89727195597982
0.9448187036709487	0.01	0.01	0.01	0.007	0.01	0.8035723325585117	0.10200906343592174	0.05204720285694443	0.03825959995697164	0.0633822198054454	17.079629634631164	14.819817590528137	14.871079183666849	21.055366812904523	2.918332630131724	79.88576527749346
1.0004476888131664	0.01	0.01	0.01	0.007	0.01	0.807489331122468	0.10202845971419934	0.05204724439476719	0.03825974557227848	0.0633821964024625	18.267376749716426	15.697585715159137	15.69157713926046	22.161967105159498	3.070893495261392	78.83643886917683
1.0588921518019798	0.01	0.01	0.01	0.007	0.01	0.810776965931534	0.10204139509770516	0.0520472768036333	0.038259884366010986	0.0633821838319785	19.501994724291137	16.604189407954934	16.54145179488978	23.304881603787805	3.2288570281067237	77.74884826039472
1.1203000236675633	0.01	0.01	0.01	0.007	0.01	0.813505423701008	0.10204982649977519	0.052047302345791725	0.03826001671524257	0.06338217674371761	20.783507792501965	17.53973861817894	17.421191504380065	24.484320130684317	3.392305874432522	76.62227224614682
1.1848484860060227	0.01	0.01	0.01	0.007	0.01	0.8157437364983323	0.10205519269417915	0.052047322654877506	0.03826014301404614	0.0633821724656957	22.11230022275704	18.504570573276848	18.331523772946774	25.70076627085378	3.5613662204043646	75.45567290936927
1.2527483051469248	0.01	0.01	0.01	0.007	0.01	0.8175580158514274	0.10205852354651565	0.052047338933105446	0.038260263662435935	0.06338216968446436	23.48915373549298	19.499259215140825	19.273435095282256	26.954992959834126	3.7362112766259323	74.24766774739759
1.3242485342314723	0.01	0.01	0.01	0.007	0.01	0.8190101672899804	0.10206053688162889	0.052047352077946425	0.03826037905728968	0.06338216775327399	24.915273957146848	20.524618446174223	20.248186522003248	28.248069916510286	3.9170639200921498	72.99650671616118
1.3996418942235365	0.01	0.01	0.01	0.007	0.01	0.8201570383249632	0.10206171979752843	0.05204736276688767	0.038260489585227195	0.06338216634486693	26.392310169237273	21.581701685535375	21.257327588054558	29.58136602337836	4.104198975763426	71.70005071426226
1.4792713141605045	0.01	0.01	0.01	0.007	0.01	0.8210499333551806	0.10206239387840868	0.052047371516105036	0.03826059561726485	0.06338216528385279	27.92237466434984	22.671801425652767	22.302712614440953	30.956551338383086	4.297945869964314	70.3557462042237
1.5635377557838157	0.01	0.01	0.01	0.007	0.01	0.8217344183452263	0.10206276545499385	0.05204737872207027	0.03826069750411283	0.06338216446824001	29.508059378368873	23.79644609913255	23.38651755939235	32.37559542921158	4.498691299936448	68.96059809811854
1.6529092968088221	0.01	0.01	0.01	0.007	0.01	0.8222503484961668	0.10206296297284051	0.05204738469156003	0.038260795570235054	0.06338216383331655	31.152443500988795	24.957388729992328	24.511252996780893	33.84075516659645	4.706881079170323	67.51114633814919
1.7479299507443251	0.01	0.01	0.01	0.007	0.01	0.822632059006102	0.10206306384615729	0.052047389663508824	0.03826089010130211	0.06338216333491876	32.85905840789554	26.15656269449204	25.67975015296728	35.35452094217305	4.923016868055157	66.0034756472266
1.8492203938675424	0.01	0.01	0.01	0.007	0.01	0.8229086665575558	0.10206311312241684	0.052047393824867276	0.03826098130717837	0.0633821629413704	34.63167214607675	27.39590810174897	26.895025372883836	36.91939952830461	5.14763029809165	64.43338066851635
1.957430536900845	0.01	0.01	0.01	0.007	0.01	0.823104424392087	0.10206313602284911	0.05204739732137836	0.038261069189459054	0.06338216262934884	36.473245901776714	28.6766229656653	28.159576722358114	38.536970209620776	5.381152208803179	62.797265502238446
2.072904163800684	0.01	0.01	0.01	0.007	0.01	0.8232390114383962	0.10206314607359131	0.052047400260813836	0.03826115299878813	0.06338216238186542	38.380337776268185	29.99529485241405	29.471539680082632	40.20299753931015	5.623203223093969	61.09712314098842
2.193728021455961	0.01	0.01	0.01	0.007	0.01	0.8233274922810495	0.10206315018304045	0.05204740269425326	0.03826122939209886	0.06338216218852474	40.31316246239985	31.32350596069898	30.80399003406364	41.881643011425965	5.86878437227766	59.36746467547206
2.311939661978852	0.01	0.01	0.01	0.007	0.01	0.8233815257022112	0.10206315172977512	0.05204740460459263	0.038261293647171526	0.06338216204500528	42.14384973224579	32.57346634255467	32.068854498116	43.461948788607735	6.101662022814484	57.72260129590289
2.4221909471991587	0.01	0.01	0.01	0.007	0.01	0.8234136181803404	0.10206315230683871	0.052047406066347945	0.0382613509521001	0.06338216194055572	43.798893302669796	33.696374681116524	33.2149216795048	44.882118201908966	6.312447534653189	56.22960186584234
2.5266349932787504	0.01	0.01	0.01	0.007	0.01	0.823433518484119	0.10206315253817166	0.0520474072271992	0.03826140645305264	0.06338216186116745	45.321342553232654	34.72301633357618	34.27147229480313	46.18097425016158	6.506573197525002	54.850878170974305
2.6289999736010587	0.01	0.01	0.01	0.007	0.01	0.8234464920641821	0.1020631526373859	0.05204740819579768	0.03826145867736714	0.06338216179753503	46.77166672022373	35.69509955316169	35.28015525791352	47.41121693671246	6.6917189935126995	53.532407711734145
2.7319089887214183	0.01	0.01	0.01	0.007	0.01	0.8234551968731513	0.10206315268136106	0.052047409032453515	0.038261506698424666	0.06338216174462599	48.18898310709021	36.639177149589564	36.268071405003795	48.606425075963415	6.872868621288823	52.23887431813641
2.8364580485426156	0.01	0.01	0.01	0.007	0.01	0.8234610747249435	0.10206315270089902	0.052047409766924416	0.03826155097729836	0.06338216169985719	49.588101747539554	37.56511969956944	37.24555744395746	49.77909190079335	7.051916567213009	50.95672948320909
2.9425803460919684	0.01	0.01	0.01	0.007	0.01	0.823465015177217	0.10206315270946142	0.052047410414026614	0.03826159204814584	0.0633821616617965	50.96727395324566	38.47168788326887	38.21143645961807	50.92765080646122	7.228643603911176	49.687469831883725
3.0496185556097255	0.01	0.01	0.01	0.007	0.01	0.8234676270460606	0.10206315271315203	0.05204741098317333	0.0382616302710534	0.06338216162945483	52.31755736044558	39.352989270628164	39.159464174480654	52.04463455950467	7.401905688517117	48.43927917132113
3.15686519565286	0.01	0.01	0.01	0.007	0.01	0.8234693428403129	0.10206315271472453	0.05204741148298382	0.03826166597697553	0.06338216160197635	53.63042468908774	40.203568488362514	40.083623913899544	53.12311816224598	7.570605624228108	47.220104686373766
3.2638772475018736	0.01	0.01	0.01	0.007	0.01	0.8234704653213378	0.10206315271539172	0.052047411922450854	0.038261699499070226	0.06338216157856527	54.90148402124242	41.0207936742942	40.980754098058696	54.159746603149415	7.734171996493503	46.034182505943704
3.3705299763948053	0.01	0.01	0.01	0.007	0.01	0.8234711996387385	0.10206315271567513	0.05204741231045026	0.03826173110065025	0.06338216155850687	56.130561789586686	41.804815580032	41.85064262739752	55.15468973656286	7.892573433862558	44.881877550417684
3.4769106743938507	0.01	0.01	0.01	0.007	0.01	0.8234716810161009	0.10206315271579593	0.05204741265497203	0.038261760942977015	0.0633821615411978	57.319950434978814	42.55735940126828	42.6948213684207	56.11011548800193	8.046096232822265	43.76124597394826
3.58317737044971	0.01	0.01	0.01	0.007	0.01	0.8234719972953547	0.10206315271584758	0.0520474129626979	0.03826178912282188	0.06338216152615304	58.472539192331574	43.2804920138616	43.51525895781685	57.02862825445535	8.195105027972385	42.66975105177197
3.689459294188545	0.01	0.01	0.01	0.007	0.01	0.8234722053971537	0.10206315271586967	0.052047413238983424	0.03826181572204588	0.06338216151299254	59.59067850296739	43.9759001941551	44.31355629083392	57.91235272626699	8.33989636309448	41.60532965550348
3.795818590919353	0.01	0.01	0.01	0.007	0.01	0.8234723423778141	0.10206315271587918	0.05204741348807888	0.038261840831865034	0.0633821615014191	60.67585475092389	44.64470306182601	45.09070873981769	58.76269446138211	8.48065602093356	40.56671480521443
3.9022578494722917	0.01	0.01	0.01	0.007	0.01	0.823472432518021	0.10206315271588322	0.05204741371341223	0.038261864554511964	0.06338216149119635	61.728877058539375	45.2875880924909	45.84723186813089	59.58051131651131	8.617482454086238	39.55327566501382
4.008747917477892	0.01	0.01	0.01	0.007	0.01	0.8234724918030596	0.10206315271588492	0.052047413917829265	0.03826188699540666	0.06338216148213173	62.750233967274276	45.90504456755139	46.58341156083049	60.366409299775576	8.750432525468094	38.564688556518284
4.115254966520279	0.01	0.01	0.01	0.007	0.01	0.8234725307769385	0.10206315271588566	0.05204741410375775	0.03826190825436631	0.06338216147406497	63.74038786126045	46.49754834892147	47.299513567650045	61.12097727196357	8.879559569691144	37.60065824371881
4.221756347524551	0.01	0.01	0.01	0.007	0.01	0.8234725563921984	0.10206315271588598	0.05204741427330367	0.038261928419782924	0.06338216146686089	64.69992044514609	47.06564846334371	47.99588888873627	61.84489725258529	9.004932382907006	36.66077590677107
4.328244190720313	0.01	0.01	0.01	0.007	0.01	0.8234725732269907	0.10206315271588612	0.05204741442830341	0.038261947567079645	0.063382161460405	65.62954622170692	47.6099711292453	48.672985118756756	62.5389498378228	9.126637138835404	35.74450229353857
4.434721240589608	0.01	0.01	0.01	0.007	0.01	0.8234725842919275	0.10206315271588617	0.05204741457035624	0.038261965760602194	0.06338216145460027	66.53005681176002	48.13118307965228	49.3313075209582	63.20396772748296	9.244770260373725	34.85121878658981
4.541194450243567	0.01	0.01	0.01	0.007	0.01	0.8234725915652256	0.1020631527158862	0.05204741470085158	0.03826198305692175	0.06338216144936391	67.4022553568555	48.629951165587734	49.9713720570805	63.84078435511769	9.359429911471825	33.98029016042534
4.647669982693207	0.01	0.01	0.01	0.007	0.01	0.8234725963464667	0.1020631527158862	0.05204741482099472	0.03826199950777346	0.06338216144462616	68.24691280431807	49.10691680314768	50.593673545997504	64.4502012981415	9.470710273766896	33.13110766563243
4.754150969126453	0.01	0.01	0.01	0.007	0.01	0.8234725994895525	0.1020631527158862	0.05204741493183377	0.038262015161768026	0.06338216144032746	69.06475288316412	49.5626881752411	51.19867433331632	65.0329782589774	9.578699541271193	32.303104741208614
4.860637642561606	0.01	0.01	0.01	0.007	0.01	0.823472601555709	0.1020631527158862	0.0520474150342834	0.0382620300649047	0.06338216143641645	69.85645760727411	49.99784439068707	51.78680793234457	65.58983829843318	9.683480604503083	31.49575244906204
4.967128557439189	0.01	0.01	0.01	0.007	0.01	0.8234726029138842	0.1020631527158862	0.052047415129146235	0.03826204426044575	0.06338216143284954	70.6226799627031	50.41294336125977	52.35848809137804	66.1214778452818	9.785132694296305	30.70854737404135
5.073621922451459	0.01	0.01	0.01	0.007	0.01	0.8234726038066452	0.1020631527158862	0.05204741521713007	0.038262057788627145	0.06338216142958843	71.36405540151294	50.808528526301586	52.91411717412158	66.62857526869	9.883732887347685	29.941000271914067
5.180116446952874	0.01	0.01	0.01	0.007	0.01	0.8234726043934668	0.1020631527158862	0.05204741529886146	0.038262070686529176	0.06338216142660028	72.08120815920824	51.185132358741384	53.4540908466439	67.11179535968643	9.979356941626943	29.192629638280135
5.286611552612602	0.01	0.01	0.01	0.007	0.01	0.8234726047791876	0.1020631527158862	0.05204741537489705	0.03826208298822006	0.0633821614238563	72.77475236038565	51.54327689196153	53.97879894002378	67.57179000859314	10.0720794466594	28.462960480233196
5.393107218274912	0.01	0.01	0.01	0.007	0.01	0.8234726050327232	0.1020631527158862	0.05204741544573216	0.03826209472506067	0.06338216142133125	73.44529062019501	51.883472925593125	54.4886244306185	68.00919718768859	10.16197364019707	27.75152569340163
5.4996036696393364	0.01	0.01	0.01	0.007	0.01	0.8234726051993733	0.1020631527158862	0.05204741551180892	0.03826210592607549	0.0633821614190034	74.0934119629775	52.20621896783868	54.98394186730779	68.42463958848164	10.249111130014542	27.05786824317214
5.606101118304654	0.01	0.01	0.01	0.007	0.01	0.8234726053089125	0.1020631527158862	0.05204741557352261	0.038262116618283784	0.06338216141685296	74.71969043967016	52.512000638749925	55.46511628589463	68.8187238433409	10.333561705051132	26.381542708847135
5.712599670077999	0.01	0.01	0.01	0.007	0.01	0.8234726053809127	0.1020631527158862	0.052047415631227625	0.03826212682692459	0.06338216141486311	75.32468500895025	52.80129076762411	55.93250306205139	69.19204063555438	10.415393313789348	25.722115539891
5.819099268544697	0.01	0.01	0.01	0.007	0.01	0.8234726054282382	0.1020631527158862	0.05204741568524202	0.03826213657564671	0.06338216141301868	75.90893970340387	53.07454965054747	56.38644797408386	69.54516501422465	10.49467208017485	25.07916502629067
5.9255997726486545	0.01	0.01	0.01	0.007	0.01	0.8234726054593451	0.1020631527158862	0.05204741573585265	0.03826214588660882	0.0633821614113064	76.47298453909296	53.332225656573065	56.827287842472565	69.87865715975032	10.57146242033611	24.452280452978453
6.032101027223667	0.01	0.01	0.01	0.007	0.01	0.8234726054797913	0.1020631527158862	0.052047415783318014	0.03826215478056688	0.06338216140971416	77.01733628411347	53.57475573542001	57.255351073236106	70.1930630248534	10.645827141484345	23.841061377818235
6.1386029335275305	0.01	0.01	0.01	0.007	0.01	0.8234726054932303	0.1020631527158862	0.052047415827872034	0.03826216327694813	0.06338216140823168	77.54249913760637	53.80256585524892	57.67095814335557	70.48891488764038	10.717827529803506	23.245116980584317
6.245105399869737	0.01	0.01	0.01	0.007	0.01	0.8234726055020635	0.1020631527158862	0.0520474158697267	0.03826217139398021	0.06338216140684892	78.04896476665563	54.01607114421158	58.074421585376626	70.7667315215894	10.787523351025072	22.664066123214436
6.351608390985975	0.01	0.01	0.01	0.007	0.01	0.8234726055078695	0.1020631527158862	0.052047415909074794	0.038262179148755564	0.063382161405558	78.53721283364902	54.21567624533134	58.466046359736865	71.0270186425986	10.854972918207096	22.097536854569356
6.458111871611421	0.01	0.01	0.01	0.007	0.01	0.8234726055116858	0.1020631527158862	0.05204741594609134	0.03826218655734785	0.06338216140435095	79.0077110089731	54.40177544979667	58.84612981888739	71.27026906818442	10.9202330888662	21.545166501465534
6.56461580648078	0.01	0.01	0.01	0.007	0.01	0.823472605514194	0.1020631527158862	0.052047415980935666	0.03826219363488788	0.06338216140322114	79.46091526968158	54.574752956117266	59.21496189674197	71.49696304004813	10.983359301223457	21.006601437640313
6.671120160328314	0.01	0.01	0.01	0.007	0.01	0.8234726055158428	0.1020631527158862	0.05204741601375375	0.03826220039563347	0.06338216140216232	79.89727019074299	54.734983122833924	59.57282529341915	71.70756853862518	11.044405609549697	20.48149685845748
6.777624911994996	0.01	0.01	0.01	0.007	0.01	0.8234726055169264	0.1020631527158862	0.052047416044678746	0.038262206853024505	0.06338216140116903	80.31720928360616	54.882830733721	59.91999570068217	71.90254161462528	11.103424726317947	19.96951649425116
6.884130019160827	0.01	0.01	0.01	0.007	0.01	0.8234726055176387	0.1020631527158862	0.05204741607383276	0.03826221301976161	0.06338216140023621	80.72115513153948	55.0186511872072	60.25674186098515	72.08232662115604	11.160468035954551	19.470332567672436
6.990635453612593	0.01	0.01	0.01	0.007	0.01	0.8234726055181067	0.1020631527158862	0.05204741610132765	0.03826221890783861	0.06338216139935918	81.10951980158494	55.14279078178835	60.58332585558265	72.24735657265558	11.215585647506673	18.98362541298371
7.09714118713683	0.01	0.01	0.01	0.007	0.01	0.8234726055184143	0.1020631527158862	0.052047416127266155	0.03826222452859877	0.06338216139853388	81.48270504927565	55.25558692267257	60.900003223627365	72.39805340063262	11.268826418412495	18.509083342570896
7.203647198573476	0.01	0.01	0.01	0.007	0.01	0.8234726055186166	0.1020631527158862	0.05204741615174301	0.038262229892775446	0.06338216139775654	81.84110259895282	55.357368351170685	61.20702314524749	72.53482823987684	11.320237989043253	18.04640241783631
7.310153452655011	0.01	0.01	0.01	0.007	0.01	0.8234726055187495	0.1020631527158862	0.052047416174845186	0.03826223501054522	0.06338216139702384	82.18509432278495	55.44845534160284	61.50462853926072	72.65808167156793	11.369866802854665	17.595286347575804
7.416659928221003	0.01	0.01	0.01	0.007	0.01	0.8234726055188367	0.1020631527158862	0.05204741619665318	0.03826223989154876	0.06338216139633245	82.51505258019591	55.52915994034201	61.79305629958765	72.76820402351952	11.417758149676732	17.15544617628792
7.523166611164567	0.01	0.01	0.01	0.007	0.01	0.8234726055188942	0.1020631527158862	0.0520474162172412	0.03826224454492916	0.0633821613956799	82.83134042653039	55.59978616143468	62.07253742221576	72.86557561294792	11.46395619049801	16.726600135222238
7.629673487378735	0.01	0.01	0.01	0.007	0.01	0.8234726055189321	0.1020631527158862	0.05204741623667793	0.03826224897936814	0.06338216139506328	83.13431182171678	55.66063018148995	62.343297132272305	72.95056698841779	11.508503982263322	16.308473493261634
7.736180542756466	0.01	0.01	0.01	0.007	0.01	0.823472605518957	0.1020631527158862	0.0520474162550269	0.03826225320311538	0.06338216139448011	83.42431185734382	55.71198053662643	62.60555502806367	73.02353917502654	11.551443505431637	15.900798381265233
7.842687756136942	0.01	0.01	0.01	0.007	0.01	0.8234726055189732	0.1020631527158862	0.05204741627234727	0.03826225722401949	0.06338216139392831	83.70167696011629	55.75411831200887	62.85952520497276	73.08484390978772	11.592815688157733	15.503313646784447
7.949195106359259	0.01	0.01	0.01	0.007	0.01	0.8234726055189838	0.1020631527158862	0.052047416288693575	0.038262261049549676	0.06338216139340629	83.96673512892251	55.787317333904575	63.105416411066884	73.13482388136504	11.632660435581123	15.115764658466205
8.055702600477312	0.01	0.01	0.01	0.007	0.01	0.8234726055189908	0.1020631527158862	0.05204741630411665	0.03826226468680052	0.06338216139291145	84.21980621061385	55.81184435743685	63.343432242521374	73.17381296603432	11.671016665314845	14.73790304453753
8.162210224383836	0.01	0.01	0.01	0.007	0.01	0.8234726055189955	0.1020631527158862	0.05204741631866394	0.03826226814254432	0.06338216139244252	84.46120198055195	55.82795922788228	63.57377115861939	73.2021364244578	11.70792231365591	14.369486715176143
8.268717956917778	0.01	0.01	0.01	0.007	0.01	0.8234726055189986	0.1020631527158862	0.052047416332379325	0.0382622714232421	0.0633821613919978	84.69122638422931	55.835915063231724	63.79662664546083	73.22011113022344	11.7434143659431	14.010279651208043
8.375225776918024	0.01	0.01	0.01	0.007	0.01	0.8234726055190005	0.1020631527158862	0.05204741634530409	0.03826227453505825	0.06338216139157592	84.91017575016988	55.8359584257263	64.01218735616838	73.22804578399032	11.777528882904006	13.66005172731562
8.481733691438391	0.01	0.01	0.01	0.007	0.01	0.8234726055190018	0.1020631527158862	0.05204741635747629	0.03826227748385969	0.06338216139117557	85.118339033755	55.828329483666614	64.22063728575687	73.22624111696123	11.810301032230548	13.31857847567637
8.588241693425212	0.01	0.01	0.01	0.007	0.01	0.8234726055190026	0.1020631527158862	0.052047416368932044	0.03826228027525819	0.06338216139079528	85.31599791234959	55.8132621698591	64.4221558009171	73.214990084966	11.841765097115205	12.98564108437862
8.694749782878558	0.01	0.01	0.01	0.007	0.01	0.8234726055190033	0.1020631527158862	0.05204741637970442	0.03826228291461219	0.06338216139043404	85.50342700967637	55.79098433848572	64.61691779756795	73.19457806533846	11.871954504978698	12.66102618793348
8.801257938637216	0.01	0.01	0.01	0.007	0.01	0.8234726055190037	0.1020631527158862	0.05204741638982501	0.03826228540705845	0.0633821613900908	85.68089402340273	55.76171792454897	64.80509376170691	73.16528305351329	11.90090184098443	12.344525816135624
8.907766146593696	0.01	0.01	0.01	0.007	0.01	0.8234726055190039	0.1020631527158862	0.052047416399322956	0.03826228775750685	0.06338216138976455	85.8486599501513	55.725679089445016	64.98684993232752	73.12737584628252	11.928638877328503	12.035937172282978
9.014274413801791	0.01	0.01	0.01	0.007	0.01	0.8234726055190041	0.1020631527158862	0.05204741640822591	0.0382622899706442	0.06338216138945428	86.00697927028303	55.68307835797993	65.16234842846974	73.08112021322597	11.95519659662464	11.73506246676663
9.120782719100227	0.01	0.01	0.01	0.007	0.01	0.8234726055190043	0.1020631527158862	0.0520474164165595	0.038262292050975956	0.06338216138915931	86.15610003534574	55.634120778025135	65.33174726980931	73.02677309230647	11.98060519910258	11.441708932251139
9.227291076596558	0.01	0.01	0.01	0.007	0.01	0.8234726055190044	0.1020631527158862	0.05204741642434793	0.038262294002797466	0.06338216138887869	86.29626412060021	55.57900603247683	65.49520058154506	72.96458473329673	12.004894137626763	11.155688522058059
9.333799479237035	0.01	0.01	0.01	0.007	0.01	0.8234726055190044	0.1020631527158862	0.05204741643161398	0.03826229583023864	0.06338216138861164	86.42770729868137	55.51792859804599	65.65285860140288	72.89479889194064	12.028092122751497	10.876817947624595
9.440307919967898	0.01	0.01	0.01	0.007	0.01	0.8234726055190044	0.1020631527158862	0.052047416438379034	0.03826229753726067	0.06338216138835759	86.55065942368292	55.451077868914304	65.80486781134788	72.8176529852968	12.050227146523987	10.604918500615316
9.546816391735382	0.01	0.01	0.01	0.007	0.01	0.8234726055190044	0.1020631527158862	0.052047416444663236	0.03826229912766398	0.0633821613881158	86.66534457906849	55.378638284919504	65.95137103140891	72.73337825135742	12.071326500434967	10.339815938502483
9.653324880431933	0.01	0.01	0.01	0.007	0.01	0.8234726055190044	0.1020631527158862	0.05204741645048552	0.03826230060510135	0.06338216138788562	86.77198121508872	55.30078946186415	66.0925075019879	72.64219991093742	12.091416791623383	10.081340389905908
9.759833386057556	0.01	0.01	0.01	0.007	0.01	0.8234726055190044	0.1020631527158862	0.052047416455863686	0.038262301973071684	0.0633821613876665	86.87078231082279	55.21770629805512	66.22841300125825	72.54433730149347	12.110523963963324	9.82932619426402
9.866341915666036	0.01	0.01	0.01	0.007	0.01	0.8234726055190044	0.1020631527158862	0.05204741646081463	0.03826230323493218	0.06338216138745797	86.96195550037311	55.12955909569677	66.35921992021767	72.44000402782734	12.128673312889742	9.583611816066655
9.972850469257377	0.01	0.01	0.01	0.007	0.01	0.8234726055190044	0.1020631527158862	0.05204741646535431	0.03826230439391336	0.06338216138725958	87.04570319364613	55.03651368787666	66.48505732960398	72.32940811947928	12.145889499114027	9.344039774678386
10.079359046831584	0.01	0.01	0.01	0.007	0.01	0.8234726055190044	0.1020631527158862	0.05204741646949755	0.03826230545312167	0.06338216138707078	87.12222271414676	54.93873154661858	66.606051072179	72.21275216567537	12.162196565821501	9.110456526075547
10.18586763428109	0.01	0.01	0.01	0.007	0.01	0.8234726055190044	0.1020631527158862	0.05204741647325861	0.038262306415553816	0.06338216138689103	87.19170641743902	54.83636990693684	66.72232382832695	72.09023346917037	12.177617952124452	8.882712394227479
10.292376231605896	0.01	0.01	0.01	0.007	0.01	0.8234726055190044	0.1020631527158862	0.052047416476651	0.03826230728408477	0.06338216138672	87.25434183534901	54.72958184829418	66.83399522672136	71.96204414904595	12.192176512422641	8.660661413347103
10.398884838806003	0.01	0.01	0.01	0.007	0.01	0.8234726055190044	0.1020631527158862	0.05204741647968729	0.038262308061481815	0.0633821613865574	87.31031178531708	54.61851641135693	66.94118190404309	71.82837128540362	12.205894528738305	8.444161266475723
10.505393448827625	0.01	0.01	0.01	0.007	0.01	0.8234726055190044	0.1020631527158862	0.0520474164823794	0.038262308750414496	0.0633821613864026	87.35979448524105	54.50331870788454	67.04399757310802	71.68939705592717	12.218793724198255	8.23307320807414
10.61190206872455	0.01	0.01	0.01	0.007	0.01	0.8234726055190044	0.1020631527158862	0.0520474164847388	0.038262309353445184	0.06338216138625545	87.40296367846119	54.384129997527566	67.14255311634963	71.54529883242483	12.230895279573083	8.027261932989353
10.718410677335417	0.01	0.01	0.01	0.007	0.01	0.8234726055190044	0.1020631527158862	0.05204741648677629	0.038262309873061034	0.0633821613861157	87.4399887282096	54.261087831942774	67.23695661743398	71.39624935857718	12.242219842010783	7.826595571928505
10.824919281714012	0.01	0.01	0.01	0.007	0.01	0.8234726055190044	0.1020631527158862	0.052047416488501974	0.03826231031164211	0.06338216138598277	87.47103474971213	54.134326086238794	67.32731348276522	71.24241679140209	12.252787544704798	7.6309454979177564
10.931427881860333	0.01	0.01	0.01	0.007	0.01	0.8234726055190044	0.1020631527158862	0.052047416489925606	0.03826231067148735	0.06338216138585664	87.49626270141673	54.00397509006246	67.41372647574599	71.08396486305283	12.262618015688158	7.440186312887681
11.037936491881958	0.01	0.01	0.01	0.007	0.01	0.8234726055190044	0.1020631527158862	0.05204741649105633	0.03826231095480564	0.06338216138573688	87.51582949417829	53.87016169184662	67.496295800036	70.92105296161738	12.271730392430387	7.254195729172906
11.144445111778884	0.01	0.01	0.01	0.007	0.01	0.8234726055190044	0.1020631527158862	0.052047416491902844	0.03826231116373676	0.0633821613856232	87.52988808595053	53.73300938110723	67.57511914096736	70.75383628240681	12.280143331536543	7.072854541623213
11.250953727443537	0.01	0.01	0.01	0.007	0.01	0.8234726055190044	0.1020631527158862	0.05204741649247338	0.03826231130035534	0.06338216138551549	87.53858758424695	53.5926383761981	67.65029173070734	70.58246593735262	12.287875021202744	6.896046548083329
11.357462324768349	0.01	0.01	0.01	0.007	0.01	0.8234726055190044	0.1020631527158862	0.05204741649277601	0.038262311366664394	0.0633821613854134	87.54207334596062	53.449165690480235	67.72190642092056	70.40708903794844	12.294943194229118	6.723658449466762
11.463970910807104	0.01	0.01	0.01	0.007	0.01	0.8234726055190044	0.1020631527158862	0.05204741649281823	0.03826231136458529	0.06338216138531674	87.54048707025322	53.30270518405187	67.79005375540687	70.2278487602998	12.301365140604165	6.555579744298995
11.570479492613588	0.01	0.01	0.01	0.007	0.01	0.8234726055190044	0.1020631527158862	0.052047416492606836	0.038262311295973794	0.06338216138522532	87.53396688685899	53.15336766998276	67.85482201220327	70.04488447671513	12.307157716886124	6.391702694312709
11.676988063134019	0.01	0.01	0.01	0.007	0.01	0.8234726055190044	0.1020631527158862	0.05204741649214877	0.038262311162632394	0.0633821613851391	87.52264744724194	53.00126101196149	67.91629725233246	69.85833187695953	12.312337356400215	6.231922276226707
11.783496629422178	0.01	0.01	0.01	0.007	0.01	0.8234726055190044	0.1020631527158862	0.05204741649145057	0.03826231096629395	0.06338216138505759	87.50666000991247	52.84649016006201	67.97456339217695	69.66832301361562	12.316920081337157	6.076136070996514
11.890005191478068	0.01	0.01	0.01	0.007	0.01	0.8234726055190044	0.1020631527158862	0.05204741649051835	0.03826231070863837	0.06338216138498078	87.48613252674619	52.68915725394167	68.02970224455375	69.47498643002879	12.32092151192209	5.924244230587291
11.996513749301688	0.01	0.01	0.01	0.007	0.01	0.8234726055190044	0.1020631527158862	0.052047416489357845	0.03826231039129046	0.06338216138490833	87.46118972543917	52.52936168462488	68.08179357559159	69.27844723747627	12.324356876858761	5.77614940298674
12.103022295839256	0.01	0.01	0.01	0.007	0.01	0.8234726055190044	0.1020631527158862	0.05204741648797469	0.038262310015826584	0.06338216138484036	87.43195319224087	52.367200175103406	68.13091515273948	69.07882721541644	12.327241022945346	5.63175667925112
12.209530824036994	0.01	0.01	0.01	0.007	0.01	0.8234726055190044	0.1020631527158862	0.05204741648637431	0.03826230958377175	0.06338216138477659	87.39854144960961	52.20276683814431	68.17714279856598	68.87624488368925	12.32958842493204	5.490973522282471
12.316039340948683	0.01	0.01	0.01	0.007	0.01	0.8234726055190044	0.1020631527158862	0.05204741648456165	0.03826230909659327	0.0633821613847169	87.36107002758462	52.03615322034846	68.22055044491589	68.67081555767362	12.331413195025142	5.353709689619947
12.422547853628103	0.01	0.01	0.01	0.007	0.01	0.8234726055190044	0.1020631527158862	0.05204741648254147	0.03826230855571113	0.06338216138466088	87.31965154163728	51.867448387881964	68.26121017328418	68.46265145474507	12.332729091477535	5.219877195410216
12.529056355021478	0.01	0.01	0.01	0.007	0.01	0.8234726055190044	0.1020631527158862	0.05204741648031846	0.03826230796250954	0.06338216138460877	87.27439577187924	51.69673901231754	68.29919225624535	68.25186180097585	12.333549527367651	5.089390271027187
12.635564838075029	0.01	0.01	0.01	0.007	0.01	0.8234726055190044	0.1020631527158862	0.05204741647789707	0.038262307318329074	0.06338216138456032	87.22540972990544	51.52410941040586	68.33456520880208	68.03855288099072	12.333887579561871	4.962165291266251
12.742073302788759	0.01	0.01	0.01	0.007	0.01	0.8234726055190044	0.1020631527158862	0.052047416475281445	0.03826230662446385	0.06338216138451534	87.17279772441364	51.34964159232577	68.36739583438785	67.8228280981816	12.333755997091604	4.838120712682911
12.848581756216449	0.01	0.01	0.01	0.007	0.01	0.8234726055190044	0.1020631527158862	0.05204741647247551	0.038262305882163436	0.06338216138447378	87.11666142754684	51.17341531947819	68.39774926687163	67.60478804666845	12.333167209195178	4.71717702239421
12.955090205411873	0.01	0.01	0.01	0.007	0.01	0.8234726055190044	0.1020631527158862	0.052047416469483195	0.03826230509263825	0.06338216138443548	87.05709994370302	50.99550817272927	68.42568900978381	67.38453059619307	12.332133333249997	4.599256695819172
13.06159865037503	0.01	0.01	0.01	0.007	0.01	0.8234726055190044	0.1020631527158862	0.05204741646630815	0.03826230425706651	0.06338216138440038	86.99420987809657	50.81599561992125	68.45127697548068	67.16215097615161	12.330666182686286	4.484284154462453
13.168107076998375	0.01	0.01	0.01	0.007	0.01	0.8234726055190044	0.1020631527158862	0.05204741646295383	0.038262303376599444	0.06338216138436845	86.92808540497778	50.63495108258156	68.47457352418705	66.93774185867706	12.328777274870923	4.372185723814879
13.274615478228139	0.01	0.01	0.01	0.007	0.01	0.8234726055190044	0.1020631527158862	0.05204741645942362	0.03826230245234922	0.06338216138433952	86.85881831666664	50.452445953232406	68.49563750815135	66.71139338048098	12.326477838288293	4.262889562849705
13.381123868171867	0.01	0.01	0.01	0.007	0.01	0.8234726055190044	0.1020631527158862	0.052047416455720724	0.038262301485380755	0.06338216138431334	86.78649807218645	50.26854962184559	68.51452631098029	66.48319317589086	12.323778819236253	4.156325605021455
13.48763224682956	0.01	0.01	0.01	0.007	0.01	0.8234726055190044	0.1020631527158862	0.052047416451848044	0.03826230047673602	0.06338216138429	86.71121187775391	50.08332958621424	68.53129587713454	66.25322651400587	12.320690889567844	4.0524255499947985
13.594140621254992	0.01	0.01	0.01	0.007	0.01	0.8234726055190044	0.1020631527158862	0.05204741644780866	0.03826229942742153	0.06338216138426951	86.63304472954927	49.89685146457473	68.5460007519685	66.02157631463164	12.317224453094694	3.951122798206735
13.700648984394391	0.01	0.01	0.01	0.007	0.01	0.8234726055190044	0.1020631527158862	0.05204741644360534	0.038262298338423165	0.06338216138425162	86.5520794843342	49.709179080287875	68.55869411374695	65.78832325365323	12.313389652960623	3.8523524283888433
13.807157329193991	0.01	0.01	0.01	0.007	0.01	0.8234726055190044	0.1020631527158862	0.05204741643924065	0.03826229721069789	0.0633821613842362	86.4683969038101	49.5203744839965	68.56942781037868	65.5535457907788	12.30919637783229	3.7560511417011964
13.913665655653796	0.01	0.01	0.01	0.007	0.01	0.8234726055190044	0.1020631527158862	0.052047416434717206	0.03826229604517017	0.06338216138422346	86.38207570121065	49.33049798627636	68.57825239317656	65.31732021024789	12.304654267946058	3.6621572150588055
14.020173963773807	0.01	0.01	0.01	0.007	0.01	0.8234726055190044	0.1020631527158862	0.05204741643003738	0.03826229484273753	0.06338216138421301	86.29319259752207	49.13960821410919	68.58521714825652	65.07972069115344	12.299772721531678	3.5706104683642135
14.126682260607794	0.01	0.01	0.01	0.007	0.01	0.8234726055190044	0.1020631527158862	0.05204741642520379	0.03826229360426723	0.06338216138420497	86.20182236521059	48.94776214120134	68.59037012844965	64.84081934523253	12.294560900507763	3.48135222009796
14.23319055320952	0.01	0.01	0.01	0.007	0.01	0.8234726055190044	0.1020631527158862	0.05204741642021828	0.03826229233060124	0.06338216138419916	86.10803788233724	48.7550151424612	68.59375818339738	64.60068628472007	12.28902773665381	3.3943252561306205
14.339698841578986	0.01	0.01	0.01	0.007	0.01	0.8234726055190044	0.1020631527158862	0.052047416415083134	0.03826229102256203	0.06338216138419578	86.01191018644411	48.56142104780085	68.59542698959487	64.3593896894054	12.28318193776581	3.309473798566727
14.446207111608667	0.01	0.01	0.01	0.007	0.01	0.8234726055190044	0.1020631527158862	0.05204741640980044	0.03826228968095812	0.06338216138419442	85.91350852814328	48.367032195213184	68.59542108033793	64.11699587282946	12.277031993786949	3.2267434746749455
14.552715363298564	0.01	0.01	0.01	0.007	0.01	0.8234726055190044	0.1020631527158862	0.05204741640437208	0.038262288306565924	0.0633821613841953	85.81290039067252	48.171899418347294	68.59378387472535	63.87356926679461	12.270586180723118	3.1460812595807535
14.659223596648681	0.01	0.01	0.01	0.007	0.01	0.8234726055190044	0.1020631527158862	0.05204741639879998	0.03826228690013996	0.06338216138419811	85.71015154608986	47.97607210989073	68.59055770496322	63.629172500341156	12.263852566686595	3.0674354539536055
14.765731811659021	0.01	0.01	0.01	0.007	0.01	0.8234726055190044	0.1020631527158862	0.05204741639308597	0.03826228546241396	0.06338216138420294	85.60532609810583	47.779598258527145	68.58578384353724	63.383866445810675	12.256839017094604	2.99075565087006
14.872240022437106	0.01	0.01	0.01	0.007	0.01	0.8234726055190044	0.1020631527158862	0.05204741638723152	0.03826228399409161	0.06338216138420982	85.4984865095629	47.582524458823784	68.57950252877573	63.13771023109442	12.2495531987552	2.9159926937274028
14.978748228982935	0.01	0.01	0.01	0.007	0.01	0.8234726055190044	0.1020631527158862	0.05204741638123862	0.03826228249586628	0.06338216138421858	85.3896936709526	47.384895998424845	68.5717529919647	62.890761348425045	12.242002586670878	2.8430986650318975
15.085256424242749	0.01	0.01	0.01	0.007	0.01	0.8234726055190044	0.1020631527158862	0.05204741637510844	0.03826228096841669	0.06338216138422921	85.27900693403558	47.18675687953429	68.56257348286302	62.64307568117205	12.234194468509163	2.772026849785195
15.19176460821655	0.01	0.01	0.01	0.007	0.01	0.8234726055190044	0.1020631527158862	0.05204741636884283	0.038262279412398535	0.06338216138424173	85.16648413612162	46.9881498261053	68.55200129322068	62.39470751272385	12.226135948298346	2.702731695896643
15.298272773850583	0.01	0.01	0.01	0.007	0.01	0.8234726055190044	0.1020631527158862	0.052047416362443	0.03826227782845417	0.0633821613842559	85.05218165244507	46.78911634260567	68.54007278192044	62.145709599833964	12.217833952039168	2.635168794419484
15.40478092114485	0.01	0.01	0.01	0.007	0.01	0.8234726055190044	0.1020631527158862	0.05204741635591045	0.03826227621720395	0.06338216138427182	84.93615441804138	46.5896967194213	68.52682339691097	61.89613317925284	12.209295231101557	2.569294841916944
15.511289050099355	0.01	0.01	0.01	0.007	0.01	0.8234726055190044	0.1020631527158862	0.052047416349246395	0.03826227457925143	0.06338216138428954	84.81845597089108	46.389930076884795	68.51228769852736	61.64602802265729	12.200526367087607	2.5050676174735123
15.617797174821607	0.01	0.01	0.01	0.007	0.01	0.8234726055190044	0.1020631527158862	0.052047416342452	0.03826227291517456	0.06338216138430891	84.69913847098921	46.189854368900605	68.49649937950898	61.39544244101056	12.191533774871383	2.4424459474433604
15.724305295311607	0.01	0.01	0.01	0.007	0.01	0.8234726055190044	0.1020631527158862	0.05204741633552859	0.0382622712255449	0.06338216138432988	84.57825276565438	45.98950646526998	68.47949129050248	61.144423387477765	12.18232370906435	2.3813896960594336
15.830813404515602	0.01	0.01	0.01	0.007	0.01	0.8234726055190044	0.1020631527158862	0.05204741632847719	0.03826226951092303	0.06338216138435245	84.45584841567886	45.788922167238276	68.46129546073111	60.893016476781376	12.17290226756637	2.321859734765883
15.937321502433592	0.01	0.01	0.01	0.007	0.01	0.8234726055190044	0.1020631527158862	0.052047416321298993	0.03826226777185036	0.0633821613843765	84.33197371172277	45.58813620887364	68.44194311630059	60.64126598675773	12.163275394279024	2.2638179090593833
16.0	0.01	0.01	0.01	0.007	0.01	0.8234726055190044	0.10206315271588619	0.052047416317016065	0.03826227594896359	0.0633821613843913	84.25840699226744	45.46989590358644	68.43002629029228	60.49297119596586	12.157516439998314	2.2303416331813954
