0.0	0.01	0.01	0.01	0.007	0.01	0.0	0.0	0.0	0.0	0.0	0.0	0.0	0.0	0.0	0.0	100.0
0.00336143525230789	0.01	0.01	0.01	0.007	0.01	0.01079328746881285	0.0025998691670055074	0.003205894717374475	0.0038291500990536107	0.005572341041704177	0.0006518207363422397	0.0009231355299888621	0.001923099646400472	0.004540324010099009	0.0005078449589082435	99.92102502247555
0.005265684607816367	0.01	0.01	0.01	0.007	0.01	0.016845694140640046	0.004042707173833896	0.004932670563120447	0.0058128601532865445	0.008603458558376865	0.0015947781005287856	0.002253072895369324	0.004660944663914825	0.010899878562592193	0.0012337100908718203	99.87631346254524
0.008189974725671342	0.01	0.01	0.01	0.007	0.01	0.026053806252442083	0.006217089996198733	0.007464989950157759	0.008621022926581795	0.013088831404905132	0.003840443894319154	0.005405469670441112	0.011064215844191977	0.02550756050576188	0.0029389355201244957	99.8076904105787
0.010833913925517198	0.01	0.01	0.01	0.007	0.01	0.03428995997719801	0.008140748602226392	0.009635798278867534	0.010931679664806928	0.016974528489835175	0.006692771788280122	0.009388567925969631	0.019035845618496344	0.04333831072627545	0.0050723072101561285	99.74568681919891
0.01391396820794076	0.01	0.01	0.01	0.007	0.01	0.04377904770047709	0.0103322228258111	0.012030109095334357	0.013375475606529727	0.021307487694552926	0.01098669720825533	0.015352233574527197	0.030790483012450007	0.06911163554524967	0.008234135763164719	99.67350436973446
0.017027830349340158	0.01	0.01	0.01	0.007	0.01	0.053258064159472394	0.012494841105824528	0.014311541304838287	0.015600480892872167	0.02548656055389305	0.01637555668846271	0.022793146825669006	0.04522097423969078	0.10010022949173657	0.01213688361169337	99.60058271692752
0.020381018281965105	0.01	0.01	0.01	0.007	0.01	0.06333876098745464	0.014765643955379437	0.016621089302931775	0.017748495125640494	0.02977276708477554	0.023339244483123432	0.032350501885650085	0.06344883684076057	0.13842852658805582	0.017094598308796	99.52211609514386
0.023853494694818646	0.01	0.01	0.01	0.007	0.01	0.07364118284530853	0.017055421453897636	0.018861747429029525	0.01973056163129221	0.033991296624387976	0.031799708422350706	0.04388867850335781	0.08507637732040027	0.18294323376109625	0.023012094486798158	99.4409232051147
0.027504260763578973	0.01	0.01	0.01	0.007	0.01	0.08432438838529205	0.019396772750832104	0.02106241807743437	0.021578074572077235	0.03820030885225155	0.04204274355978708	0.05776631681487034	0.11063059642229567	0.23442324852949364	0.030047631363296717	99.35563300194083
0.031299936612186656	0.01	0.01	0.01	0.007	0.01	0.09527284100387241	0.02176134344806964	0.02319326288594347	0.023271790900353136	0.0423471790486693	0.05413286350004393	0.0740351065627732	0.14004630497535048	0.29242132133262083	0.03819945675799937	99.26703494196607
0.035259877461261926	0.01	0.01	0.01	0.007	0.01	0.10652507490536856	0.024154707196328326	0.02525750553706848	0.02482175956260879	0.04644142702089577	0.06828380530109254	0.09294326878613551	0.17360322344284268	0.35718182066291027	0.04756294379964485	99.17468684135966
0.03937811911056019	0.01	0.01	0.01	0.007	0.01	0.1180457355491968	0.026566510940208496	0.027244762613149204	0.026228005203382334	0.0504635633954817	0.08463539378441942	0.11463344602691897	0.21137281895041696	0.4285369123063679	0.05817783870643156	99.07873820541408
0.04366465801302891	0.01	0.01	0.01	0.007	0.01	0.12984387595507274	0.028995880876374586	0.029153578899532104	0.02749792719604892	0.05440559542564083	0.10339189703069976	0.13932767985997127	0.25354971956240313	0.5065573294565635	0.07011964864903743	98.97896709880209
0.04812296296925793	0.01	0.01	0.01	0.007	0.01	0.14190901138310888	0.03143783297711488	0.030979706035061887	0.028637303267609365	0.05824093109363752	0.12474194299612021	0.1672198761616622	0.3002611233517261	0.5911884626945358	0.08344429920703152	98.87530464695038
0.05276213099445569	0.01	0.01	0.01	0.007	0.01	0.15424466134250434	0.033890228210901124	0.032721682000351915	0.0296539727475663	0.06192468167610712	0.1489107812652901	0.19854396299411387	0.3516833576870506	0.6824699322518454	0.09821638536338971	98.7675521121385
0.057590132443848974	0.01	0.01	0.01	0.007	0.01	0.166849531125011	0.03634988392917222	0.034377743070094884	0.03055562646678502	0.06537341697763074	0.17613256671461194	0.23353638796049803	0.40797677709417296	0.780416543588072	0.11448195413095476	98.6555382930719
0.06260114739785654	0.01	0.01	0.01	0.007	0.01	0.17968564016637556	0.03880662275810833	0.03594232338862288	0.03134813347303147	0.06845071436413562	0.20656821399329944	0.272331260611351	0.4691231421877471	0.8847483391403372	0.13220753906211372	98.539412751308
0.06775296922295716	0.01	0.01	0.01	0.007	0.01	0.19262560765008588	0.04123418991302493	0.0374019756010283	0.03203434940824754	0.07098256677085496	0.24012246798107068	0.31473415166216556	0.5345977634213159	0.994376523092265	0.15117073561567504	98.42016664609017
0.07307183778684002	0.01	0.01	0.01	0.007	0.01	0.20571735999250057	0.043640133221183965	0.038765453956226575	0.0326279459672382	0.07286501966689325	0.27711459907792313	0.3610728853559414	0.6046957105149438	1.10963803045222	0.17134126295354274	98.29720540743998
0.07864530897247243	0.01	0.01	0.01	0.007	0.01	0.21914985198484715	0.046056340022018756	0.04005296654752322	0.03314543327497373	0.07407366572884899	0.31837540024654604	0.4122944616477894	0.6805931822337219	1.2322707768362366	0.1928999344346277	98.16852310748037
0.08446730738339679	0.01	0.01	0.01	0.007	0.01	0.2328754937220494	0.0484705218278535	0.04125913018869605	0.03359135706089465	0.07464309947948003	0.3641353071573979	0.4685741432877551	0.7622579326105285	1.3620088790960576	0.2156560092159478	98.03428261344884
0.09052096514419466	0.01	0.01	0.01	0.007	0.01	0.24682326631959134	0.05086709873785119	0.042378739613653287	0.033970760175568576	0.07469234975393098	0.41451975829058213	0.5299502933099347	0.849462562947094	1.498320901449051	0.2393760664492456	97.89489530845727
0.09681870841807003	0.01	0.01	0.01	0.007	0.01	0.26099095019177954	0.053242998153406065	0.04341382248330773	0.03429115390901126	0.07436897179156807	0.46988400334137626	0.5967327434510454	0.9423685914336883	1.641323053184535	0.2639651619882542	97.75009818782225
0.1034131441545492	0.01	0.01	0.01	0.007	0.01	0.27546081516959514	0.05560877996005684	0.044372053179170715	0.034561021638295046	0.07379938080408392	0.5309842849944532	0.6696925588231174	1.0417439743279164	1.7920596536573878	0.2895142954160617	97.59870907958094
0.11036499886346798	0.01	0.01	0.01	0.007	0.01	0.2903205598503005	0.05797439561548893	0.04525959199990284	0.03478737284097343	0.0730765883871267	0.5987542722628727	0.7497742520288285	1.1485205112105437	1.9517850257487293	0.316166218893537	97.43936852975024
0.11771963127768613	0.01	0.01	0.01	0.007	0.01	0.3056123108130616	0.0603412062913731	0.0460786097649311	0.0349754826677617	0.07226778556268143	0.6740811539387884	0.8378232065307997	1.2634225728110986	2.121412472047355	0.34401735769952	97.27107925751335
0.12550912842703152	0.01	0.01	0.01	0.007	0.01	0.3213408338198804	0.06270414388653589	0.04682922541587612	0.0351298038573169	0.07142165866298232	0.7577926854222155	0.9345725723338424	1.3869704920814003	2.3015481544432723	0.3731237776396739	97.09315630801339
0.13376011279200958	0.01	0.01	0.01	0.007	0.01	0.33749237374677393	0.06505524115057736	0.04751137183931026	0.035254532242865726	0.07057300590629766	0.8507135874836733	1.0407104812317727	1.5195854986766735	2.492665427590593	0.4035298788906716	96.90504727544692
0.1425008147996394	0.01	0.01	0.01	0.007	0.01	0.35404951950375424	0.06738613241853923	0.04812576284871099	0.03535376231697801	0.06974600473386273	0.9537351155592113	1.156957967110309	1.6616966522491874	2.6952677950297055	0.43529324788704804	96.70617099323135
0.15176297512407955	0.01	0.01	0.01	0.007	0.01	0.3709942023105171	0.06968856144026762	0.04867398459550782	0.03543141000028298	0.06895709250002441	1.0678408296331536	1.2840928320327833	1.813771714370161	2.909933470924237	0.4684896001040777	96.49587540669069
0.16158207828156326	0.01	0.01	0.01	0.007	0.01	0.38830709165762123	0.07195434111582216	0.04915838879199197	0.03549111852439161	0.06821718764672535	1.194116017951728	1.4229535271827012	1.9763219578911262	3.1373206063720644	0.5032117980500643	96.27343389665018
0.17199674323554148	0.01	0.01	0.01	0.007	0.01	0.4059655186877173	0.0741751506057536	0.04958195677329462	0.03553619021930763	0.06753328431271148	1.3337457535493875	1.5744300475140751	2.1498926407213825	3.378152136868496	0.5395662821769889	96.03806089645914
0.18304823506162182	0.01	0.01	0.01	0.007	0.01	0.4239418870673924	0.0763424560963153	0.04994820416372898	0.03556955015519533	0.06690950610196686	1.4880118391237374	1.739454000157976	2.3350548485679763	3.6332027987228974	0.5776703609845487	95.7889247867966
0.19478006974890433	0.01	0.01	0.01	0.007	0.01	0.44220250778808035	0.07844753315484826	0.05026110141816146	0.035593731973641664	0.06634779472419108	1.6582884123714527	1.9189878663626871	2.532398639801566	3.9032878244114735	0.617650094569121	95.525158725285
0.20723793291528855	0.01	0.01	0.01	0.007	0.01	0.46070716557117763	0.08048160902367109	0.05052499803400187	0.03561088072542104	0.06584835777045135	1.8460397190438376	2.114017372411968	2.7425314836475887	4.189258455251368	0.6596393749771452	95.24586449205552
0.2204699059169956	0.01	0.01	0.01	0.007	0.01	0.4794092785039706	0.08243608250377317	0.050744533690040464	0.03562276878994775	0.06540998012063046	2.052820972563464	2.325547821785438	2.9660820532777254	4.492004031544233	0.703780022889809	94.9501096323627
0.23452701450895713	0.01	0.01	0.01	0.007	0.01	0.4982565352659965	0.08430278532197591	0.050924530732925084	0.03563082262685664	0.06503026708812597	2.2802835724294503	2.554605462721569	3.203709582010309	4.812460847543799	0.7502228377772104	94.63691772244907
0.24946394404065458	0.01	0.01	0.01	0.007	0.01	0.5171916691346132	0.0860742323919246	0.05106986907310561	0.03563615816442721	0.0647058637931838	2.5301830906122054	2.8022419730095467	3.456115922857679	5.15162402138791	0.7991290155202682	94.30525542435959
0.2653396719113989	0.01	0.01	0.01	0.007	0.01	0.5361530109064899	0.08774382165650092	0.051185352825135796	0.03563962228288243	0.06443267085552934	2.804386050261142	3.0695380354284447	3.724055780873608	5.510556606015875	0.8506711096230252	93.9540219959116
0.2822177454539496	0.01	0.01	0.01	0.007	0.01	0.555074589392728	0.08930597039155035	0.05127558244573166	0.03564183732608511	0.06420605851377388	3.1048699686346892	3.3576010208440903	4.008340261521594	5.890389849983029	0.9050327016214785	93.58204727396179
0.3001659548886113	0.01	0.01	0.01	0.007	0.01	0.5738857337333033	0.09075619909069305	0.05134484547068026	0.03564324538809238	0.06402107233246919	3.433710389815933	3.6675518170865646	4.309829430040942	6.2923092520724815	0.9624060607047232	93.18810347623713
0.31925535740911176	0.01	0.01	0.01	0.007	0.01	0.5925104680328213	0.0920911989039915	0.051397035044516565	0.035644149504468425	0.06387262109564024	3.79305170297588	4.00049944086915	4.629413302404254	6.717525930679032	1.0229877567079069	92.77093142570988
0.33955884478535264	0.01	0.01	0.01	0.007	0.01	0.6108672000061973	0.09330891851522988	0.05143559917180737	0.03564474968438578	0.06375564156684493	4.18506336139363	4.357506729008764	4.967984833922518	7.167238193738011	1.086972929278122	92.3292765433802
0.3611496496503568	0.01	0.01	0.01	0.007	0.01	0.6288692211841981	0.09440868508626377	0.05146351835928939	0.03564517270840052	0.0636652398294186	4.611888438090265	4.739554725828979	5.32641186662008	7.642592560808395	1.1545495178266816	91.86192562957005
0.3841003105981205	0.01	0.01	0.01	0.007	0.01	0.6464263617302182	0.09539134368443244	0.051483306729930775	0.03564549551329276	0.06359681112129224	5.075595965773026	5.147516186079654	5.70551687022078	8.14465586164621	1.225894092402589	91.36773303863528
0.4084824812133289	0.01	0.01	0.01	0.007	0.01	0.663447734881824	0.09625936938395978	0.05149703145452279	0.035645762635700365	0.06354613910194867	5.578147753061879	5.582146304690274	6.106070714619602	8.674406508627666	1.3011704398753814	90.84562820930029
0.4343676724720751	0.01	0.01	0.01	0.007	0.01	0.6798451219921906	0.09701689854390731	0.05150634641180233	0.0356459985714397	0.06350947214932073	6.121385143507891	6.044092961987865	6.528801508337835	9.232746102368731	1.3805310960515464	90.29460325097645
0.4618287348239592	0.01	0.01	0.01	0.007	0.01	0.6955363886370165	0.09766964450351526	0.05151253673573817	0.03564621607099458	0.06348357196750452	6.707034695460049	6.533922808811577	6.974414751848245	9.820526181363917	1.4641211241859329	89.71368550537211
0.49094156893323976	0.01	0.01	0.01	0.007	0.01	0.7104483304967921	0.09822469205158542	0.0515165707218431	0.035646421392733024	0.06346573086591069	7.3367234229002625	7.052153050026896	7.443615997146773	10.43857826474325	1.5520824863922	89.1019066117506
0.5217865419092713	0.01	0.01	0.01	0.007	0.01	0.7245186460673926	0.0986901979454806	0.05151915505439671	0.03564661742820372	0.06345375769600377	8.01199198449663	7.599278261695913	7.937127388691558	11.087735653972013	1.6445573754690428	88.45827940080481
0.5544490963481299	0.01	0.01	0.01	0.007	0.01	0.7376969964653957	0.09907504000075193	0.051520789098168034	0.035646805440757885	0.06344593714667192	8.734293104194945	8.175782070050404	8.455690111165136	11.768836428732678	1.7416889823489117	87.78179312551694
0.5890193018039507	0.01	0.01	0.01	0.007	0.01	0.7499453858393379	0.09938845973453897	0.051521814575256675	0.03564698596565286	0.06344097041765935	9.504967886943689	8.782128921504126	9.000049456268526	12.482703376659853	1.8436190462892494	87.07143143761532
0.6255902840490495	0.01	0.01	0.01	0.007	0.01	0.7612381666963525	0.0996397318503974	0.05152245812586449	0.03564715924079359	0.06343790645926867	10.325197513253542	9.418735295823058	9.570922502135092	13.230101024658719	1.950482152216789	86.32621322788604
0.664255780834474	0.01	0.01	0.01	0.007	0.01	0.7715619676735039	0.0998378801864874	0.051522865652076706	0.03564732539588837	0.06343607202490964	11.195936074936684	10.08592584533098	10.168953469952362	14.011676664078017	2.062397698436176	85.54524980673366
0.7051073547921561	0.01	0.01	0.01	0.007	0.01	0.780915716749394	0.09999144711560637	0.05152312855071878	0.03564748452870567	0.06343500668418564	12.117838045493352	10.783884958047413	10.794666017337565	14.827897736331598	2.179461253685489	84.72780638720816
0.7482322265252771	0.01	0.01	0.01	0.007	0.01	0.7893107966137619	0.10010831618655705	0.051523302758256416	0.035647636735572565	0.06343440653234568	13.091204461309607	11.512621039454073	11.448427741675392	15.67900565776868	2.3017381555348506	83.87334792486561
0.7937126993721597	0.01	0.01	0.01	0.007	0.01	0.7967711448655063	0.10019558396244993	0.05152342193090313	0.035647782126813805	0.06343407821785187	14.115971715966333	12.271959417047508	12.130441080697532	16.565004450557474	2.429262001391246	82.98155071195505
0.8416279059896368	0.01	0.01	0.01	0.007	0.01	0.8033329944472215	0.10025947811053737	0.051523506159670045	0.03564792083849872	0.0634339033200878	15.19175952096781	13.061573818386542	12.84076976935137	17.485695656541473	2.56203974161198	82.05226761755145
0.8920578980501167	0.01	0.01	0.01	0.007	0.01	0.8090439513327585	0.10030532064255697	0.0515235674876288	0.035648053042017375	0.06343381209376822	16.31797578338829	13.881053044483178	13.579398318125708	18.440755548651868	2.7000628951966226	81.08545009938202
0.9450892913826854	0.01	0.01	0.01	0.007	0.01	0.8139612764870068	0.10033753559714387	0.05152361326370339	0.035648178949376386	0.06343376505678718	17.493955578654056	14.72998594127329	14.346309861446013	19.429834919284346	2.8433221438321756	80.08104596293549
1.0008214228407668	0.01	0.01	0.01	0.007	0.01	0.8181495096050122	0.10035969793741026	0.051523648110321334	0.03564829881280919	0.0634337407171156	18.71910496800453	15.608044870491861	15.141564867687752	20.45265826602082	2.991822030180123	79.03889564075482
1.0593721830057197	0.01	0.01	0.01	0.007	0.01	0.8216777568196971	0.10037461573345662	0.05152367504747333	0.035648412919165956	0.06343372780513114	19.993026085929582	16.515053042244265	15.965367494679695	21.509105072123887	3.1455932934133055	77.9586442239862
1.120883172716753	0.01	0.01	0.01	0.007	0.01	0.8246170019736588	0.10038443387497027	0.051523696126563635	0.03564852158097476	0.06343372060758605	21.315612494456108	17.451030184030472	16.81811433109852	22.599266394788856	3.304701864632645	76.83967611823826
1.1855242633288667	0.01	0.01	0.01	0.007	0.01	0.8270377178015105	0.10039074651271263	0.051523712789694684	0.03564862512635467	0.06343371630565668	22.68711487265643	18.416218296526814	17.700426770667455	23.723478436516963	3.469254760027927	75.68107069281662
1.2534979942798308	0.01	0.01	0.01	0.007	0.01	0.8290079298347478	0.10039470717049499	0.051523726078530306	0.03564872388960042	0.06343371353038779	24.10818543518592	19.411094260182796	18.613172933048517	24.882340681892543	3.639403977910687	74.48157115623113
1.3250441211668742	0.01	0.01	0.01	0.007	0.01	0.8305917666932849	0.10039712873181281	0.0515237367608377	0.03564881820313252	0.0634337116152325	25.579906668235623	20.43637328870642	19.557482735660823	26.076723064191057	3.8153490704991166	73.23956188408405
1.4004448230485307	0.01	0.01	0.01	0.007	0.01	0.8318484696551158	0.10039856903896327	0.05152374541101421	0.0356489083911862	0.06343371022601475	27.103813280293174	21.493009013390044	20.53476159750624	27.30776881439899	3.9973394065677548	71.95304691309236
1.4800308707933545	0.01	0.01	0.01	0.007	0.01	0.8328317936285285	0.1003994007093571	0.05152375246373551	0.03564899476482805	0.06343370918475637	28.68191056762141	22.582191631220066	21.546704522799743	28.57689466104169	4.1856764397069055	70.61962716226975
1.564189006372515	0.01	0.01	0.01	0.007	0.01	0.8335897249990227	0.1003998657734426	0.051523758251032975	0.0356490776174402	0.06343370838831347	30.31668994946578	23.705343681255652	22.59531079579164	29.88578792787554	4.380716009826505	69.2364758849543
1.6533704483733065	0.01	0.01	0.01	0.007	0.01	0.8341644448008779	0.10040011688453401	0.05152376302859042	0.03564915721866359	0.06343370777136866	32.011134591038974	24.864107549028798	23.682894587408654	31.236393737933028	4.582869784208464	67.80031830934034
1.7480989132902127	0.01	0.01	0.01	0.007	0.01	0.8345924730039188	0.10040024735054587	0.051523766994683605	0.03564923380102158	0.06343370728943515	33.768679508645995	26.06029949450396	24.812068526479354	32.63086303330754	4.792601555051561	66.30744554821872
1.8489697593265668	0.01	0.01	0.01	0.007	0.01	0.8349049361200452	0.10040031230347181	0.051523770303820784	0.03564930751923123	0.06343370691069752	35.59297480332486	27.29572765504144	25.985602641969248	34.07134188995205	5.010400283287056	64.75389198754758
1.9565946451971195	0.01	0.01	0.01	0.007	0.01	0.8351278879633794	0.1004003431309608	0.05152377307589656	0.03564937829936844	0.06343370661182753	37.48668892774202	28.571365039620318	27.205665299025895	35.559008348738516	5.2366385515161715	63.13643199329853
2.0711997904004256	0.01	0.01	0.01	0.007	0.01	0.8352825098124564	0.10040035697672745	0.05152377539827619	0.03564944520413344	0.06343370637599174	39.444641492089005	29.882758256996812	28.469394057506676	37.08871659960366	5.470752084609423	61.458461139652336
2.1902322510601673	0.01	0.01	0.01	0.007	0.01	0.8353847873064092	0.10040036277119647	0.051523777306244176	0.03564950446739477	0.06343370619342302	41.41578888881755	31.194943552408205	29.744240924349437	38.61971976196633	5.70668350908454	59.762864959559344
2.3048757782196665	0.01	0.01	0.01	0.007	0.01	0.8354474378554381	0.10040036500839507	0.05152377878343318	0.03564955281237577	0.06343370605985732	43.255632914185874	32.412076773665135	30.93674477138475	40.040174556795904	5.927143257135667	58.17402827023026
2.4110468539123957	0.01	0.01	0.01	0.007	0.01	0.8354852486826114	0.10040036587979234	0.0515237799096908	0.03564959788822179	0.06343370596300706	44.90950922088416	33.499556110537604	32.01100958073352	41.30962483241187	6.125540323041275	56.740308708419015
2.5118001969099155	0.01	0.01	0.01	0.007	0.01	0.8355092796980532	0.10040036624759643	0.051523780808975385	0.03564964311874844	0.0634337058890199	46.43561636781064	34.4971668275496	33.00434824714543	42.47444071411621	6.308810685777681	55.41243918704226
2.6110272609027625	0.01	0.01	0.01	0.007	0.01	0.8355253527276107	0.10040036641346452	0.05152378156501972	0.03564968555595736	0.06343370582930066	47.89829285714281	35.44776929240959	33.95837975516346	43.58462705300434	6.484656571772267	54.13506173769034
2.7112105593916556	0.01	0.01	0.01	0.007	0.01	0.8355363892047564	0.10040036649041324	0.05152378222198082	0.035649724218879505	0.06343370577938494	49.33542318718385	36.376214809888204	34.89775077790557	44.66919455151299	6.6576268790221	52.87524554678418
2.8132337585651315	0.01	0.01	0.01	0.007	0.01	0.8355439925044271	0.10040036652604506	0.05152378280064811	0.035649759640221046	0.06343370573704278	50.758970268899084	37.29017495504271	35.83031694407135	45.73710544167489	6.829165290764661	51.62241877525872
2.91684536588549	0.01	0.01	0.01	0.007	0.01	0.8355491815555804	0.10040036654227913	0.05152378331106987	0.03564979235358464	0.06343370570103664	52.164377641514676	38.18661588845635	36.7531464969158	46.78481773287921	6.998728121832899	50.380464208536985
3.0212805894052637	0.01	0.01	0.01	0.007	0.01	0.835552679679488	0.1004003665495485	0.051523783759947824	0.03564982272742967	0.06343370567047281	53.54085231951751	39.058635472944715	37.65917145535745	47.80426311703381	7.165015113721377	49.15887201307699
3.1258085163788216	0.01	0.01	0.01	0.007	0.01	0.8355550170016154	0.10040036655276809	0.05152378415395533	0.03564985110985756	0.06343370564454086	54.879218020493646	39.90053468919699	38.54232121855376	48.788771433232355	7.326914699383949	47.9658550505315
3.2300190557318014	0.01	0.01	0.01	0.007	0.01	0.8355565731877236	0.10040036655418931	0.05152378450031729	0.035649877824300825	0.06343370562247175	56.17531152681182	40.70990805597844	39.39978036859977	49.73551749199058	7.483916510793494	46.80528238156125
3.3338367618577016	0.01	0.01	0.01	0.007	0.01	0.8355576099455143	0.10040036655481796	0.051523784806184345	0.03564990308778425	0.06343370560357518	57.42951400652431	41.48724673968415	40.23171709231903	50.64506177230864	7.636058396664821	45.67700788710213
3.4373865831695265	0.01	0.01	0.01	0.007	0.01	0.8355583023712606	0.1004003665550971	0.05152378507793205	0.03564992700053418	0.06343370558727383	58.644587125328954	42.23450829445026	41.039881110613614	51.5196810804421	7.7836672026631115	44.57873796494025
3.5408431630008756	0.01	0.01	0.01	0.007	0.01	0.8355587659388131	0.10040036655522151	0.051523785320828214	0.035649949606790875	0.06343370557310728	59.8236413645702	42.95382357120541	41.82626891510921	52.36185707916276	7.927113585628418	43.50782860437034
3.6443351396441983	0.01	0.01	0.01	0.007	0.01	0.8355590767154907	0.10040036655527694	0.051523785539053596	0.03564997095173394	0.06343370556071774	60.96902389090091	43.64681527625648	42.592383361470866	53.17347855554263	8.06667684408568	42.462292294223225
3.7479156250030377	0.01	0.01	0.01	0.007	0.01	0.8355592851191815	0.10040036655530168	0.051523785735909475	0.035649991102218954	0.06343370554982629	62.08209402454031	44.314480598847865	43.339076691213094	53.955703069223105	8.202516896759322	41.441019160179295
3.8515775075737277	0.01	0.01	0.01	0.007	0.01	0.8355594248168595	0.10040036655531276	0.05152378591405963	0.03565001014270463	0.06343370554021059	63.16350798723485	44.957383865703115	44.06673337019023	54.70918163397784	8.334708235489988	40.443535220712626
3.9552854998496105	0.01	0.01	0.01	0.007	0.01	0.8355595184039382	0.10040036655531769	0.05152378607572494	0.03565002816314456	0.06343370553168921	64.21363402186472	45.5759181987967	44.775543788330076	55.43436468637346	8.463290121527223	39.469632932154504
4.059004031929768	0.01	0.01	0.01	0.007	0.01	0.8355595810716773	0.10040036655531984	0.05152378622280986	0.03565004524790791	0.06343370552411053	65.2328637929629	46.17049429659776	45.465712396162864	56.13172317202284	8.588304515874073	38.51908731821276
4.162711714861496	0.01	0.01	0.01	0.007	0.01	0.8355596230264776	0.10040036655532081	0.05152378635697229	0.035650061469449365	0.06343370551734659	66.22174641574016	46.741616978455774	46.13754908051503	56.80183840335115	8.709812579975212	37.59152951328301
4.2664030291248345	0.01	0.01	0.01	0.007	0.01	0.8355596511143422	0.10040036655532124	0.0515237864796603	0.0356500768873243	0.06343370551128892	67.1809817768414	47.289876803802855	46.79146636329825	57.445392439369265	8.82789402476931	36.68644887956011
4.370082748723486	0.01	0.01	0.01	0.007	0.01	0.8355596699204759	0.10040036655532143	0.05152378659213538	0.0356500915509195	0.06343370550584508	68.11134846052	47.81590476157058	47.42793186502179	58.06311509098372	8.942638394100989	35.80325718653597
4.473758866314689	0.01	0.01	0.01	0.007	0.01	0.8355596825134123	0.1004003665553215	0.051523786695492645	0.03565010550334897	0.06343370550093742	69.01362943828781	48.320328069314996	48.04741833040711	58.65573211453821	9.054135983644022	34.94135708295262
4.577437692005103	0.01	0.01	0.01	0.007	0.01	0.835559690946411	0.10040036655532156	0.05152378679068179	0.0356501187844854	0.06343370549649953	69.88856790760657	48.80374522448719	48.65037342509916	59.223935909383684	9.162472395011346	34.10018399531259
4.6811220550379025	0.01	0.01	0.01	0.007	0.01	0.835559696593728	0.10040036655532156	0.05152378687852821	0.035650131432424584	0.0634337054924752	70.73685588409316	49.26672056945117	49.2372115486187	59.76837908510535	9.267727091481046	33.27921787249457
4.784811756552363	0.01	0.01	0.01	0.007	0.01	0.8355597003754732	0.10040036655532156	0.05152378695975279	0.03565014348370758	0.06343370548881615	71.55914285115324	49.70979014936603	49.808319382570694	60.28968129341345	9.369974428855159	32.4779758585624
4.888505079900595	0.01	0.01	0.01	0.007	0.01	0.8355597029078459	0.10040036655532156	0.05152378703498813	0.035650154972888384	0.06343370548548058	72.3560514062629	50.133471006522896	50.36406642532654	60.78844012018305	9.469285568694728	31.69599784407909
4.992200157196478	0.01	0.01	0.01	0.007	0.01	0.8355597046035514	0.10040036655532156	0.05152378710479264	0.035650165932086884	0.06343370548243293	73.12818942754653	50.53826806070475	50.90481332044352	61.26523916339354	9.565729979307898	30.932834901814115
5.095895766035994	0.01	0.01	0.01	0.007	0.01	0.8355597057389968	0.10040036655532156	0.051523787169660905	0.035650176390785084	0.06343370547964192	73.87615616734718	50.92467736548145	51.43091610599362	61.720651863795	9.659376195041489	30.188043305323642
5.199591466899943	0.01	0.01	0.01	0.007	0.01	0.8355597064992873	0.10040036655532156	0.05152378723003237	0.035650186375945386	0.06343370547708016	74.60054272344958	51.2931862493144	51.94272659355095	62.15524167422309	9.750291879794723	29.461183942103442
5.3032873696686345	0.01	0.01	0.01	0.007	0.01	0.8355597070083758	0.10040036655532156	0.05152378728629839	0.035650195912315726	0.06343370547472423	75.30192991160011	51.64427213591823	52.440590911289924	62.5695606711073	9.838543564380192	28.751824333318186
5.406983797117614	0.01	0.01	0.01	0.007	0.01	0.8355597073492605	0.10040036655532156	0.05152378733880815	0.03565020502278174	0.06343370547255313	75.9808858319793	51.97840131462556	52.92484778892151	62.96414810177071	9.924196341408958	28.059541061706756
5.510681010219468	0.01	0.01	0.01	0.007	0.01	0.8355597075775165	0.10040036655532156	0.05152378738787402	0.0356502137286744	0.06343370547054862	76.63796427791196	52.296028241835685	53.395827396475646	63.33952955308327	10.007313661895255	27.38392145410334
5.614379098260314	0.01	0.01	0.01	0.007	0.01	0.8355597077303558	0.10040036655532156	0.051523787433775975	0.03565022204997228	0.06343370546869462	77.27370448137067	52.597595567456636	53.853851109177135	63.69621697303281	10.087957297863646	26.72456396731432
5.718078020040938	0.01	0.01	0.01	0.007	0.01	0.8355597078326963	0.10040036655532156	0.05152378747676547	0.035650230005403724	0.0634337054669767	77.88863185685086	52.883534653642066	54.299231983634314	64.03470927372238	10.166187430835958	26.081077558056457
5.821777645079653	0.01	0.01	0.01	0.007	0.01	0.8355597079012225	0.10040036655532156	0.051523787517068986	0.035650237612534864	0.0634337054653826	78.48325867652977	53.15426604041444	54.73227519251269	64.35549287268469	10.24206273237743	25.45308110494022
5.9254778222887925	0.01	0.01	0.01	0.007	0.01	0.8355597079471068	0.10040036655532156	0.05152378755489102	0.03565024488782912	0.06343370546390091	79.05808483145519	53.410199928206254	55.15327853066202	64.65904225549069	10.31564045647268	24.840202718351108
6.029178455521285	0.01	0.01	0.01	0.007	0.01	0.8355597079778303	0.10040036655532156	0.05152378759041655	0.035650251846692294	0.06343370546252164	79.6135985396489	53.651736608298734	55.56253289383364	64.94582047813819	10.386976526213951	24.24207907912842
6.132879489836107	0.01	0.01	0.01	0.007	0.01	0.8355597079984025	0.10040036655532156	0.051523787623813266	0.035650258503560295	0.06343370546123593	80.1502765105575	53.87926663596802	55.9603223653541	65.21627936513082	10.456125551493372	23.65835534202733
6.236580890895316	0.01	0.01	0.01	0.007	0.01	0.8355597080121773	0.10040036655532156	0.051523787655233376	0.035650264871984694	0.0634337054600357	80.66858408719388	54.093170997966965	56.34692428456364	65.47085970065675	10.52314084365898	23.08868506763891
6.340282651832289	0.01	0.01	0.01	0.007	0.01	0.8355597080214006	0.10040036655532156	0.05152378768481545	0.0356502709646942	0.06343370545891396	81.16897553565377	54.293821343628345	56.722609423869955	65.70999149537528	10.588074449101907	22.532729995590117
6.443984745176506	0.01	0.01	0.01	0.007	0.01	0.8355597080275764	0.10040036655532156	0.05152378771268561	0.03565027679368392	0.06343370545786417	81.65189407122602	54.48158011033663	57.087641967880195	65.93409412736267	10.650977148649298	21.990160110864508
6.547687157193109	0.01	0.01	0.01	0.007	0.01	0.8355597080317116	0.10040036655532156	0.05152378773895925	0.03565028237024964	0.06343370545688057	82.11777229016342	54.656800813717574	57.442279796058685	66.14357667930048	10.711898509501111	21.46065326203295
6.651389874147117	0.01	0.01	0.01	0.007	0.01	0.8355597080344803	0.10040036655532156	0.05152378776374164	0.03565028770504635	0.06343370545595804	82.56703235678498	54.81982823477884	57.786774583577795	66.33883815318485	10.770886905600875	20.94389504679515
6.755092861699438	0.01	0.01	0.01	0.007	0.01	0.8355597080363343	0.10040036655532156	0.051523787787129384	0.03565029280814661	0.06343370545509172	83.00008616981044	54.97099860219708	58.121371884931115	66.52026767910688	10.8279895351565	20.439578724707058
6.858796085510723	0.01	0.01	0.01	0.007	0.01	0.8355597080375756	0.10040036655532156	0.05152378780921085	0.03565029768906982	0.06343370545427726	83.41733570399006	55.11063983632024	58.44631135257044	66.68824479812204	10.883252461238497	19.947404926881934
6.962499518109419	0.01	0.01	0.01	0.007	0.01	0.8355597080384067	0.10040036655532156	0.05152378783006752	0.035650302356816085	0.06343370545351106	83.81917327433729	55.239071757815516	58.76182689908433	66.84313970327561	10.936720642495281	19.467081447721498
7.066203159495947	0.01	0.01	0.01	0.007	0.01	0.8355597080389632	0.10040036655532156	0.05152378784977412	0.03565030681988908	0.06343370545278944	84.20598183902075	55.356606302102605	59.06814689235282	66.98531348811133	10.988437969265634	18.998322984083945
7.16990698219854	0.01	0.01	0.01	0.007	0.01	0.8355597080393359	0.10040036655532156	0.051523787868399756	0.035650311086361505	0.06343370545210934	84.57813501394278	55.463547642824366	59.36549412364409	67.11511828544008	11.038447261265997	18.540851220826465
7.273610979349461	0.01	0.01	0.01	0.007	0.01	0.8355597080395855	0.10040036655532156	0.05152378788600778	0.035650315163875394	0.0634337054514676	84.93599747669104	55.56019243515161	59.654086083233835	67.23289755100203	11.086790317261435	18.094394446599267
7.377315130344803	0.01	0.01	0.01	0.007	0.01	0.8355597080397525	0.10040036655532156	0.05152378790265715	0.03565031905969049	0.06343370545086162	85.27992505757618	55.6468299610435	59.93413498930899	67.33898622879504	11.133507923005626	17.65868754626518
7.481019414580573	0.01	0.01	0.01	0.007	0.01	0.8355597080398643	0.10040036655532156	0.0515237879184021	0.03565032278070124	0.06343370545028906	85.6102650032106	55.72374232345852	60.20584795482142	67.4337109759154	11.17863988237794	17.233471781082287
7.584723825188864	0.01	0.01	0.01	0.007	0.01	0.8355597080399392	0.10040036655532156	0.051523787933292896	0.035650326333450756	0.06343370544974748	85.92735622393184	55.791204628329254	60.469427144531146	67.51739037317128	11.22222504664768	16.81849458120316
7.688428369037918	0.01	0.01	0.01	0.007	0.01	0.8355597080399896	0.10040036655532156	0.051523787947376255	0.03565032972415289	0.06343370544923513	86.23152948669119	55.849485148049325	60.72506988953208	67.59033511351281	11.264301336512984	16.413509402685875
7.7921330186555195	0.01	0.01	0.01	0.007	0.01	0.8355597080400232	0.10040036655532156	0.05152378796069538	0.03565033295874149	0.06343370544874999	86.52310747144216	55.89884546054581	60.972968686125135	67.652848159754	11.304905745171567	16.01827576862393
7.895837774041778	0.01	0.01	0.01	0.007	0.01	0.8355597080400456	0.10040036655532156	0.05152378797329055	0.035650336042850554	0.06343370544829013	86.80240514669627	55.93954064723342	61.213311463743025	67.70522497629631	11.344074385621424	15.632558883422302
7.999542614592478	0.01	0.01	0.01	0.007	0.01	0.8355597080400609	0.10040036655532156	0.05152378798519927	0.03565033898186129	0.06343370544785425	87.06972981962024	55.971819426343046	61.44628158014942	67.7477536802684	11.381842493020326	15.256129678495103
8.10324753343958	0.01	0.01	0.01	0.007	0.01	0.8355597080400708	0.10040036655532156	0.051523787996456294	0.03565034178089603	0.06343370544744088	87.32538141350123	55.99592432180037	61.672058011059924	67.78071523810844	11.41824445881653	14.888764547095061
8.206952530583143	0.01	0.01	0.01	0.007	0.01	0.8355597080400775	0.10040036655532156	0.051523788007094125	0.03565034444483718	0.06343370544704835	87.56965262277204	56.01209180727225	61.890815437295934	67.80438363126252	11.453313847986374	14.530245241157802
8.310657585418866	0.01	0.01	0.01	0.007	0.01	0.835559708040082	0.10040036655532156	0.051523788017143	0.03565034697835875	0.06343370544667572	87.80282902342697	56.02055244914607	62.10272429098402	67.81902601975486	11.487083409774582	14.180358836188955
8.414362711683028	0.01	0.01	0.01	0.007	0.01	0.8355597080400851	0.10040036655532156	0.05152378802663128	0.03565034938590352	0.06343370544632157	88.02518936898224	56.02153105577444	62.30795097040365	67.82490291692277	11.519585115311108	13.83889741775749
8.518067895639422	0.01	0.01	0.01	0.007	0.01	0.8355597080400871	0.10040036655532156	0.05152378803558549	0.03565035167173428	0.06343370544598516	88.23700561579916	56.01524681095514	62.50665781133893	67.82226834042227	11.550850156268995	13.505658168081816
8.621773137288082	0.01	0.01	0.01	0.007	0.01	0.8355597080400884	0.10040036655532156	0.05152378804403025	0.03565035383991897	0.06343370544566518	88.43854317721541	56.001913413263075	62.699003267284326	67.8113699748515	11.580908976748551	13.180443107098581
8.72547843662904	0.01	0.01	0.01	0.007	0.01	0.8355597080400892	0.10040036655532156	0.051523788051988935	0.035650355894349166	0.06343370544536078	88.63006105029038	55.98173920765688	62.88514197509106	67.79244932287828	11.609791286830076	12.863059021763158
8.82918376618978	0.01	0.01	0.01	0.007	0.01	0.8355597080400898	0.10040036655532156	0.05152378805948312	0.035650357838767494	0.06343370544507124	88.81181192347566	55.954927323461966	63.06522479994786	67.7657418632802	11.637526073051104	12.5533174323282
8.93288913283845	0.01	0.01	0.01	0.007	0.01	0.8355597080400904	0.10040036655532156	0.05152378806653325	0.035650359676737034	0.0634337054447956	88.98404243975783	55.92167578795342	63.239399034879774	67.73147718451266	11.664141632655937	12.25103429258101
9.036594529706923	0.01	0.01	0.01	0.007	0.01	0.8355597080400906	0.10040036655532156	0.05152378807315849	0.03565036141168045	0.06343370544453307	89.1469932546258	55.882177659216815	63.40780840171091	67.68987913592392	11.689665576988745	11.95603002800193
9.140299956795207	0.01	0.01	0.01	0.007	0.01	0.8355597080400907	0.10040036655532156	0.051523788079376756	0.03565036304687439	0.06343370544428309	89.30089921549782	55.836621141428274	63.57059317205547	67.64116596154852	11.714124853393637	11.668129367798082
9.244005420971456	0.01	0.01	0.01	0.007	0.01	0.8355597080400909	0.10040036655532156	0.05152378808520493	0.03565036458545713	0.06343370544404492	89.44598949889125	55.78518970074701	63.72789024880117	67.58555043373296	11.737545760892372	11.387161243157246
9.347710901631247	0.01	0.01	0.01	0.007	0.01	0.835559708040091	0.10040036655532156	0.051523788090659085	0.03565036603045731	0.06343370544381809	89.58248770064178	55.72806219838472	63.879833196278874	67.52324000541077	11.759953958246692	11.112958777536175
9.451416398774583	0.01	0.01	0.01	0.007	0.01	0.835559708040091	0.10040036655532156	0.05152378809575404	0.035650367384769586	0.06343370544360195	89.71061203801952	55.665412979931496	64.02655239341242	67.4544369148698	11.781374490243843	10.8453590561888
9.555121912401466	0.01	0.01	0.01	0.007	0.01	0.835559708040091	0.10040036655532156	0.05152378810050407	0.03565036865117411	0.06343370544339595	89.83057544858588	55.59741199341604	64.16817507831787	67.37933832115102	11.801831797637133	10.584203087275233
9.6588274425119	0.01	0.01	0.01	0.007	0.01	0.835559708040091	0.10040036655532156	0.05152378810492236	0.03565036983234163	0.06343370544319961	89.94258571738132	55.52422489626533	64.30482542393342	67.29813642741932	11.821349731692102	10.329335707400736
9.762532989105885	0.01	0.01	0.01	0.007	0.01	0.835559708040091	0.10040036655532156	0.051523788109021515	0.03565037093083931	0.06343370544301252	90.04684560105048	55.44601315968307	64.4366246118281	67.21101860135842	11.839951568382425	10.080605489429235
9.866238545315278	0.01	0.01	0.01	0.007	0.01	0.835559708040091	0.10040036655532156	0.05152378811281339	0.035650371949140204	0.06343370544283412	90.14355294281941	55.36293417616892	64.56369089597212	67.11816749899673	11.857660021100292	9.837864668397572
9.969944111140078	0.01	0.01	0.01	0.007	0.01	0.835559708040091	0.10040036655532156	0.05152378811630924	0.035650372889618864	0.06343370544266398	90.23290080447579	55.27514134852138	64.68613969046233	67.01976116777979	11.874497256635204	9.600969020805962
10.073649693448436	0.01	0.01	0.01	0.007	0.01	0.835559708040091	0.10040036655532156	0.051523788119519576	0.035650373754555945	0.06343370544250188	90.31507757927417	55.182784185254825	64.80408363657942	66.91597315659338	11.89048490807693	9.369777780889878
10.177355285372204	0.01	0.01	0.01	0.007	0.01	0.835559708040091	0.10040036655532156	0.051523788122454554	0.03565037454615573	0.06343370544234742	90.39026708799273	55.086008413480165	64.91763264617398	66.80697264542216	11.90564408449121	9.144153603099346
10.281060880043233	0.01	0.01	0.01	0.007	0.01	0.835559708040091	0.10040036655532156	0.05152378812512357	0.035650375266541266	0.06343370544220013	90.45864870200096	54.98495606049982	65.02689398407617	66.69292453987279	11.91999538587728	8.923962448033883
10.384766463725223	0.01	0.01	0.01	0.007	0.01	0.835559708040091	0.10040036655532156	0.051523788127535615	0.03565037591776275	0.06343370544205981	90.52039744650844	54.8797655509634	65.13197232497117	66.57398958308951	11.933558914546602	8.709073516942636
10.488472057022623	0.01	0.01	0.01	0.007	0.01	0.835559708040091	0.10040036655532156	0.05152378812969917	0.035650376501773544	0.06343370544192609	90.57568412792963	54.77057175188746	65.23296985623548	66.45032440861243	11.946354292265038	8.499359090065157
10.592177646199133	0.01	0.01	0.01	0.007	0.01	0.835559708040091	0.10040036655532156	0.05152378813162239	0.03565037702047902	0.06343370544179872	90.62467539512097	54.657506128164336	65.32998626907748	66.3220817181708	11.958400662950739	8.294694593093887
10.695883231254752	0.01	0.01	0.01	0.007	0.01	0.835559708040091	0.10040036655532156	0.05152378813331295	0.0356503774757079	0.06343370544167748	90.66753386787897	54.54069677768928	65.42311886664628	66.18941032332552	11.969716710385248	8.094958423366538
10.799588825925783	0.01	0.01	0.01	0.007	0.01	0.835559708040091	0.10040036655532156	0.051523788134777926	0.03565037786921537	0.06343370544156202	90.70441823010486	54.42026851059371	65.51246261927385	66.05245523679852	11.98032066884945	7.900031880920461
10.903294416475923	0.01	0.01	0.01	0.007	0.01	0.835559708040091	0.10040036655532156	0.0515237881360245	0.03565037820271286	0.06343370544145213	90.73548330973256	54.296342976674026	65.59811018520121	65.91135781868458	11.990230329725588	7.709799175726065
11.007000002905173	0.01	0.01	0.01	0.007	0.01	0.835559708040091	0.10040036655532156	0.05152378813705899	0.03565037847784389	0.06343370544134756	90.76088018797437	54.16903869655885	65.68015200240505	65.76625581322621	11.999463056538486	7.524147279855396
11.110705585213534	0.01	0.01	0.01	0.007	0.01	0.835559708040091	0.10040036655532156	0.05152378813788782	0.03565037869619548	0.06343370544124824	90.78075628366366	54.03847115291192	65.7586763297755	65.61728345374509	12.008035793750247	7.342965887105207
11.214411163401005	0.01	0.01	0.01	0.007	0.01	0.835559708040091	0.10040036655532156	0.05152378813851672	0.035650378859300336	0.06343370544115375	90.79525544149962	53.90475286457335	65.83376929959006	65.46457154817499	12.015965076852726	7.166147347457429
11.318116730599439	0.01	0.01	0.01	0.007	0.01	0.835559708040091	0.10040036655532156	0.051523788138951435	0.03565037896864402	0.06343370544106401	90.80451801772364	53.76799346806581	65.9055149640815	65.30824757299983	12.023267041753819	6.993586614407379
11.421822293676984	0.01	0.01	0.01	0.007	0.01	0.835559708040091	0.10040036655532156	0.05152378813919725	0.03565037902565338	0.0634337054409788	90.80868096616088	53.62829976111278	65.97399535976976	65.14843572375176	12.029957435859217	6.825181148130335
11.52552785263364	0.01	0.01	0.01	0.007	0.01	0.835559708040091	0.10040036655532156	0.05152378813925941	0.03565037903171191	0.06343370544089798	90.8078779175534	53.48577579821909	66.03929054143809	64.98525702497595	12.036051625900738	6.6608308895391675
11.629233407469409	0.01	0.01	0.01	0.007	0.01	0.835559708040091	0.10040036655532156	0.051523788139142664	0.03565037898815777	0.06343370544082151	90.8022392607434	53.340522949151726	66.10147863481828	64.81882939780745	12.041564607637497	6.500438188979735
11.732938958184288	0.01	0.01	0.01	0.007	0.01	0.835559708040091	0.10040036655532156	0.05152378813885162	0.03565037889628515	0.06343370544074903	90.79189222079208	53.19263996454915	66.16063588304368	64.64926773566653	12.046511014790365	6.343907748211402
11.836644497910134	0.01	0.01	0.01	0.007	0.01	0.835559708040091	0.10040036655532156	0.05152378813839076	0.035650378757350824	0.06343370544068039	90.77696093635514	53.042223049989104	66.21683668835792	64.4766839896538	12.050905127488242	6.191146573778852
11.940350033515092	0.01	0.01	0.01	0.007	0.01	0.835559708040091	0.10040036655532156	0.05152378813776424	0.03565037857256196	0.0634337054406156	90.7575665312539	52.88936589865253	66.27015366761216	64.3011872064309	12.054760881666903	6.042063891289351
12.044055558131015	0.01	0.01	0.01	0.007	0.01	0.835559708040091	0.10040036655532156	0.05152378813697616	0.0356503783430963	0.06343370544055442	90.7338271910229	52.73415979212464	66.32065768054379	64.12288364426715	12.058091876207348	5.896571131965709
12.147761071757909	0.01	0.01	0.01	0.007	0.01	0.835559708040091	0.10040036655532156	0.051523788136030216	0.03565037807008947	0.06343370544049674	90.70585823064256	52.57669362991268	66.36841788297609	63.94187680728577	12.060911381893822	5.754581849798266
12.251466581263916	0.01	0.01	0.01	0.007	0.01	0.835559708040091	0.10040036655532156	0.05152378813493012	0.03565037775463697	0.06343370544044243	90.67377216227547	52.41705398674064	66.41350176702187	63.75826751153975	12.06323234915167	5.616011671356247
12.355172079780893	0.01	0.01	0.01	0.007	0.01	0.835559708040091	0.10040036655532156	0.05152378813367945	0.03565037739780888	0.06343370544039142	90.63767876901063	52.25532520086133	66.45597519217992	63.57215398678925	12.065067415290391	5.480778273294803
12.45887756730884	0.01	0.01	0.01	0.007	0.01	0.835559708040091	0.10040036655532156	0.051523788132281444	0.03565037700063755	0.06343370544034366	90.59768516502113	52.09158939797322	66.4959024338938	63.383631904231244	12.066428912578754	5.348801305349046
12.562583036979618	0.01	0.01	0.01	0.007	0.01	0.835559708040091	0.10040036655532156	0.05152378813073927	0.035650376564128054	0.06343370544029886	90.55389586458082	51.925926566558566	66.53334621612406	63.192794463363185	12.06732887534846	5.220002360537446
12.66628849566137	0.01	0.01	0.01	0.007	0.01	0.835559708040091	0.10040036655532156	0.05152378812905591	0.03565037608924567	0.06343370544025712	90.50641283620834	51.75841457766855	66.56836775616556	62.999732414879325	12.067779047361421	5.094304902884471
12.769993950222238	0.01	0.01	0.01	0.007	0.01	0.835559708040091	0.10040036655532156	0.0515237881272344	0.03565037557692626	0.06343370544021806	90.45533556847418	51.58912925763397	66.60102679529673	62.804534144499485	12.067790888544623	4.971634240030651
12.873699393794082	0.01	0.01	0.01	0.007	0.01	0.835559708040091	0.10040036655532156	0.051523788125277484	0.03565037502808628	0.06343370544018206	90.40076113726856	51.41814446100308	66.63138163047692	62.60728575713318	12.067375581913778	4.851917494473105
12.977404833245043	0.01	0.01	0.01	0.007	0.01	0.835559708040091	0.10040036655532156	0.051523788123187725	0.03565037444360558	0.06343370544014847	90.34278425059256	51.245532074626226	66.65948915767984	62.40807108163248	12.066544040246889	4.735083527751636
13.081110268575118	0.01	0.01	0.01	0.007	0.01	0.835559708040091	0.10040036655532156	0.05152378812096782	0.03565037382434239	0.06343370544011752	90.28149731573721	51.07136209909105	66.68540489932629	62.20697176473865	12.065306912605564	4.621062922450991
13.184815692916173	0.01	0.01	0.01	0.007	0.01	0.835559708040091	0.10040036655532156	0.05152378811862003	0.035650373171133856	0.06343370544008924	90.21699049592726	50.89570269583114	66.70918303804206	62.004067325474026	12.063674590822464	4.509787940012372
13.288521106268206	0.01	0.01	0.01	0.007	0.01	0.835559708040091	0.10040036655532156	0.0515237881161467	0.03565037248478816	0.06343370544006327	90.14935175637572	50.718620209494055	66.73087645230468	61.799435180940776	12.061657215533248	4.401192465395769
13.392226501763083	0.01	0.01	0.01	0.007	0.01	0.835559708040091	0.10040036655532156	0.05152378811355015	0.03565037176609414	0.06343370544003975	90.07866692568287	50.540179235537316	66.75053674472449	61.593150724353364	12.059264682437915	4.2952119825623365
13.495931879400807	0.01	0.01	0.01	0.007	0.01	0.835559708040091	0.10040036655532156	0.051523788110832455	0.035650371015813656	0.06343370544001843	90.00501973847308	50.360442640040546	66.76821427560004	61.385287347866885	12.056506647934745	4.19178352176871
13.599637252917649	0.01	0.01	0.01	0.007	0.01	0.835559708040091	0.10040036655532156	0.05152378810799558	0.03565037023467704	0.06343370543999943	89.92849187961289	50.17947158947823	66.78395819318918	61.175916476872324	12.053392534541377	4.090845616403821
13.703342622313611	0.01	0.01	0.01	0.007	0.01	0.835559708040091	0.10040036655532156	0.05152378810504148	0.03565036942340248	0.06343370543998264	89.84916305292303	49.99732563957938	66.79781645828521	60.965107672663486	12.04993153725291	3.992338293843461
13.807047987588692	0.01	0.01	0.01	0.007	0.01	0.835559708040091	0.10040036655532156	0.051523788101972154	0.035650368582687844	0.06343370543996794	89.76711101999128	49.81406275199712	66.80983587548415	60.75292865163602	12.046132628736776	3.896203025607699
13.910753335006625	0.01	0.01	0.01	0.007	0.01	0.835559708040091	0.10040036655532156	0.05152378809878929	0.03565036771321999	0.06343370543995513	89.68241165838351	49.62973935803441	66.8200621197895	60.539445358940306	12.042004565255953	3.802382704861865
14.014458664567412	0.01	0.01	0.01	0.007	0.01	0.835559708040091	0.10040036655532156	0.05152378809549454	0.03565036681565785	0.06343370543994445	89.59513898556267	49.44441034836214	66.82853976694594	60.32472195643837	12.037555890884349	3.7108215870397525
14.118163983139189	0.01	0.01	0.01	0.007	0.01	0.835559708040091	0.10040036655532156	0.05152378809208962	0.035650365890636984	0.06343370543993575	89.50536520778024	49.25812912207044	66.83531231839213	60.10882087932757	12.03279494271748	3.6214652640827434
14.221869297590088	0.01	0.01	0.01	0.007	0.01	0.835559708040091	0.10040036655532156	0.05152378808857612	0.035650364938775096	0.06343370543992886	89.413160768989	49.07094763526892	66.84042222631336	59.89180289227689	12.027729856096085	3.5342606385242155
14.325574607920107	0.01	0.01	0.01	0.007	0.01	0.835559708040091	0.10040036655532156	0.05152378808495536	0.035650363960677355	0.06343370543992383	89.31859439969999	48.88291644918153	66.84391091874781	59.67372714501207	12.022368569833818	3.4491558974772127
14.429279907261117	0.01	0.01	0.01	0.007	0.01	0.835559708040091	0.10040036655532156	0.051523788081228955	0.03565036295693643	0.06343370543992062	89.22173315922393	48.69408476515556	66.84581882477835	59.45465121275084	12.016718831057249	3.3661004811451876
14.53298520248125	0.01	0.01	0.01	0.007	0.01	0.835559708040091	0.10040036655532156	0.05152378807739826	0.03565036192811982	0.06343370543991912	89.12264245694327	48.504500421042735	66.8461853990131	59.23463109180769	12.010788198718338	3.285045036215301
14.636690479844246	0.01	0.01	0.01	0.007	0.01	0.835559708040091	0.10040036655532156	0.05152378807346449	0.035650360874793084	0.06343370543991932	89.02138612421341	48.314209986898476	66.84504914467351	59.013721310439074	12.004584050024766	3.2059414137228464
14.74039573935011	0.01	0.01	0.01	0.007	0.01	0.835559708040091	0.10040036655532156	0.05152378806942897	0.03565035979749743	0.06343370543992119	88.91802642042029	48.1232587345688	66.84244763686662	58.7919748933594	11.998113582926168	3.1287426132831686
14.84410098786697	0.01	0.01	0.01	0.007	0.01	0.835559708040091	0.10040036655532156	0.05152378806529284	0.03565035869675495	0.06343370543992465	88.81262407621135	47.93169068142158	66.83841754427445	58.56944341226852	11.991383820689792	3.0534027613717285
14.947806232262954	0.01	0.01	0.01	0.007	0.01	0.835559708040091	0.10040036655532156	0.0515237880610574	0.035650357573073256	0.0634337054399298	88.70523833671784	47.73954863362226	66.83299465092395	58.346177035884175	11.984401616485496	2.9798770894737134
15.051511472538062	0.01	0.01	0.01	0.007	0.01	0.835559708040091	0.10040036655532156	0.05152378805672366	0.03565035642695102	0.06343370543993644	88.59592700470392	47.54687422890977	66.82621387799863	58.122224579427396	11.977173657972568	2.9081219121520845
15.155216701824168	0.01	0.01	0.01	0.007	0.01	0.835559708040091	0.10040036655532156	0.05152378805229256	0.035650355258877976	0.06343370543994448	88.48474647615944	47.35370796602407	66.8181093050757	57.89763353861903	11.969706471379194	2.838094600497809
15.258921920121274	0.01	0.01	0.01	0.007	0.01	0.835559708040091	0.10040036655532156	0.05152378804776527	0.0356503540693264	0.06343370543995404	88.37175175991072	47.160089207711174	66.80871418950062	57.67245009294835	11.962006424444155	2.769753547305086
15.362627134297506	0.01	0.01	0.01	0.007	0.01	0.835559708040091	0.10040036655532156	0.05152378804314267	0.035650352858751684	0.06343370543996506	88.25699651029352	46.966056208411345	66.79806098574731	57.446719137616086	11.954079730145477	2.70305814291526
15.466332337484738	0.01	0.01	0.01	0.007	0.01	0.835559708040091	0.10040036655532156	0.051523788038425763	0.03565035162760617	0.06343370543997752	88.14053308238285	46.77164617997118	66.78618136681385	57.220484359739636	11.945932451983785	2.6379687643909837
15.570037529682974	0.01	0.01	0.01	0.007	0.01	0.835559708040091	0.10040036655532156	0.051523788033615237	0.03565035037632562	0.06343370543999131	88.02241254117673	46.576895279667745	66.77310624116124	56.993788224198546	11.937570506069825	2.574446738452638
15.673742710892213	0.01	0.01	0.01	0.007	0.01	0.835559708040091	0.10040036655532156	0.051523788028712256	0.03565034910533471	0.06343370544000644	87.90268469995591	46.38183864888584	66.75886577169084	56.766672018397	11.928999665165188	2.5124543230813847
15.777447887980578	0.01	0.01	0.01	0.007	0.01	0.835559708040091	0.10040036655532156	0.05152378802371736	0.035650347815042324	0.06343370544002287	87.7813981423915	46.18651042541543	66.7434893926435	56.539175866330694	11.9202255615478	2.4519546811360144
15.881153054079949	0.01	0.01	0.01	0.007	0.01	0.835559708040091	0.10040036655532156	0.0515237880186314	0.035650346505855864	0.06343370544004058	87.6586002760607	45.990943806885014	66.7270058301429	56.311338802217946	11.911253692119221	2.392911870532819
15.984858216058447	0.01	0.01	0.01	0.007	0.01	0.835559708040091	0.10040036655532156	0.05152378801345509	0.03565034517816298	0.0634337054400597	87.53433732907784	45.79517102305472	66.7094431152266	56.083198737989825	11.902089419369986	2.335290806855345
16.0	0.01	0.01	0.01	0.007	0.01	0.835559708040091	0.10040036655532156	0.05152378801269183	0.035650349341975675	0.06343370544006255	87.51607408367079	45.76657126632609	66.70679017853732	56.04986532883081	11.900735579893038	2.3269945583594702
