0.0	0.01	0.01	0.01	0.007	0.01	0.0	0.0	0.0	0.0	0.0	0.0	0.0	0.0	0.0	0.0	100.0
0.0033233503625108964	0.01	0.01	0.01	0.007	0.01	0.01055714334618783	0.002749790757790251	0.003205277395010471	0.004012188346348206	0.005239381271093178	0.0006139706888146922	0.0009061863767981593	0.0019329776594773646	0.0047706584193333195	0.0004345020982341821	99.92521330036274
0.0053077694431796375	0.01	0.01	0.01	0.007	0.01	0.016795119776293527	0.0043571697743957655	0.005019755725231581	0.006224575777003971	0.008247770128486197	0.0015612053498387651	0.002298196356840589	0.00486435841702709	0.011922799357639128	0.0010972292905650596	99.8805837858167
0.008305058193931823	0.01	0.01	0.01	0.007	0.01	0.026124706429665877	0.006737054931491593	0.007627017271969275	0.009326941052858766	0.012628606778620047	0.003804276701101657	0.005578051377593981	0.011670567410800983	0.02831568100845393	0.0026461253683980274	99.81321265575168
0.011061492997737787	0.01	0.01	0.01	0.007	0.01	0.03460752648014304	0.008875842419870585	0.009890263600572179	0.01194471622170884	0.01649133743926424	0.006719455517744492	0.009816929640280764	0.020324782762469722	0.04886678537126213	0.0046300186217161175	99.7512953987937
0.01426462488875215	0.01	0.01	0.01	0.007	0.01	0.04434957846890816	0.011302642246736874	0.012367799028226817	0.014727689370687195	0.020790054161797897	0.011118538297584055	0.01617625945746364	0.033090880414993605	0.07874879192961125	0.0075788826511435665	99.6793923209774
0.01752303406817147	0.01	0.01	0.01	0.007	0.01	0.05413394292233312	0.013708269608002192	0.01472995388140179	0.017298045488614897	0.02496455881663905	0.016692990073607007	0.024184388024767814	0.048881020329329984	0.11515701044717762	0.011256182535674137	99.606301571437
0.021033484949556314	0.01	0.01	0.01	0.007	0.01	0.06453500666684293	0.016230683581639437	0.01710785915670535	0.019800873307587726	0.029251503470295183	0.023920041975970457	0.03449900151379798	0.06884575368299911	0.160494140460603	0.015945584634864556	99.52761714024516
0.02467813298229236	0.01	0.01	0.01	0.007	0.01	0.07518198627560917	0.01877556317658715	0.019405744508013346	0.022135862009217522	0.033486410919090055	0.03274192690864414	0.04700386063385338	0.0925892408601447	0.2135824711767531	0.02157311680803784	99.44599053486475
0.028512755168603514	0.01	0.01	0.01	0.007	0.01	0.08621949687678881	0.021374101935125404	0.02164873688574233	0.02433279190094397	0.03772134899158021	0.043448788662245205	0.06207317404752089	0.12064355712772895	0.27534001729258933	0.028285635648620647	99.36018148204471
0.032504085233712315	0.01	0.01	0.01	0.007	0.01	0.09753167305325885	0.02399539826054955	0.0238071960523904	0.026367126441453233	0.04190651521575183	0.05611743062311342	0.07977261265970634	0.1529354056751055	0.34532478485148355	0.0360894188755627	99.27094434886304
0.0366699903351147	0.01	0.01	0.01	0.007	0.01	0.10914972800411689	0.026643433883618253	0.025883136997869437	0.028246782368772722	0.046049098720147424	0.07096725173663809	0.10036194047705291	0.1897337218587337	0.4238457714169135	0.045075565087786505	99.17788959098289
0.04100397959737311	0.01	0.01	0.01	0.007	0.01	0.12103511072667542	0.029306134677662674	0.02786640030833678	0.029969037181982447	0.05012676199458131	0.08814552791537043	0.12399309161669098	0.23109178383937645	0.5107443074192989	0.0552855016409915	99.08117287624933
0.045514856543950544	0.01	0.01	0.01	0.007	0.01	0.13319113075856384	0.03198108575923439	0.029755430201647663	0.03153967044997847	0.05412120231200634	0.10785967366621237	0.15089376680861855	0.27717966728936727	0.6061134962970365	0.06678987319019687	98.98060892802606
0.05020546673020359	0.01	0.01	0.01	0.007	0.01	0.1456036130076232	0.03466200951509237	0.03154661254656546	0.032963096484029536	0.05798462367257375	0.13030202336452576	0.1812626298899756	0.32809781063462257	0.7099040632599929	0.07963859171581633	98.87614631720344
0.0550836988427096	0.01	0.01	0.01	0.007	0.01	0.15827065501625892	0.037345370867478904	0.03323902596049549	0.034246250392508365	0.06163310065717441	0.15569680325033664	0.21533283481621132	0.3839868924874571	0.822155696828296	0.0938795090340628	98.76762220679338
0.060135366674790816	0.01	0.01	0.01	0.007	0.01	0.17113302258766883	0.04001582479701206	0.03482552252404985	0.035391812297451836	0.0649171879988505	0.18415198053914306	0.2531739442844001	0.4447088353833864	0.942365562481414	0.1094628999325263	98.65536527956439
0.06530232637803843	0.01	0.01	0.01	0.007	0.01	0.1840258002040176	0.04263772552998256	0.036290187257711215	0.0363975979557579	0.06764215294555631	0.21547383433498435	0.29445555981706145	0.5095100640273476	1.0688746569867191	0.12613832207070375	98.54067835304616
0.07062661686968931	0.01	0.01	0.01	0.007	0.01	0.1970384119164908	0.04522832474054159	0.03764875004390857	0.0372836500415738	0.06970574234287208	0.2500380475117538	0.33959807856342844	0.5788376220840667	1.2024195978144765	0.14391903022117974	98.42263875241346
0.0762060080316909	0.01	0.01	0.01	0.007	0.01	0.21038367078564657	0.04782708785728734	0.03892498748940334	0.038072611504516955	0.07108514642742275	0.2886881486189773	0.3896077950416382	0.6539678918432352	1.345276202809242	0.16299162402109624	98.29909528441055
0.08200783780636828	0.01	0.01	0.01	0.007	0.01	0.2239521911434677	0.050409083584527975	0.04010899552780009	0.038764770252304306	0.07181382382228897	0.3314474956715086	0.4444048139779846	0.7344839873108661	1.4964605913863416	0.1830899613225817	98.17079086801947
0.08804573919621689	0.01	0.01	0.01	0.007	0.01	0.2377460944575489	0.052971738614344066	0.04120326854743204	0.03936834588510233	0.07202126705418006	0.3786513395884361	0.5043033184087918	0.8205602036980801	1.6561433015202562	0.20410858256663633	98.03744367736493
0.09433076976981117	0.01	0.01	0.01	0.007	0.01	0.25175897247415807	0.0555108696364087	0.04220995586348595	0.039891021440243105	0.07185583159093638	0.43063425209240325	0.5696013987882724	0.9123301994735087	1.8244303518069707	0.22595747720176385	97.89883102936558
0.10090716049690074	0.01	0.01	0.01	0.007	0.01	0.26605331292995255	0.05803436944200779	0.04313589525286463	0.0403423741170224	0.07144438815364365	0.48804406158494856	0.6409693469553817	1.0104199580212796	2.002330220083073	0.24868945345443705	97.75400241952575
0.1078254486183534	0.01	0.01	0.01	0.007	0.01	0.28069490060873287	0.060549450661138614	0.04398674009209405	0.04073056507546825	0.07087971452176546	0.5516654533634112	0.7192130429440886	1.1155800726669278	2.1910528080151144	0.2723998714486479	97.60187561895442
0.115119428099335	0.01	0.01	0.01	0.007	0.01	0.2957038768210394	0.06305445534569026	0.044764694853774344	0.04106161878933774	0.07022772516318122	0.6222079756376087	0.8050076056167709	1.2283248137370384	2.391366788606424	0.2971406263316313	97.44174407938057
0.12281265800678162	0.01	0.01	0.01	0.007	0.01	0.31107221695633885	0.06554271932486491	0.04547079861764567	0.041340828197740986	0.0695348168693647	0.7003345430054537	0.8989359310153537	1.3490064680251486	2.603756533785398	0.322939681709736	97.27313209995297
0.13092674271716073	0.01	0.01	0.01	0.007	0.01	0.32678255212613977	0.06800617982820704	0.04610643157011721	0.04157345656420917	0.06883301877916562	0.7867260095752588	1.0015679644541242	1.477933001759298	2.828643230889424	0.34982705606771575	97.09561240726805
0.13948681976751723	0.01	0.01	0.01	0.007	0.01	0.3428189595448461	0.07043723884179537	0.046673830548539484	0.04176484910346896	0.06814391248390866	0.8821371719097023	1.1135247854676595	1.615453541815691	3.0665374191938493	0.3778508463522649	96.90868646257208
0.1485223721198919	0.01	0.01	0.01	0.007	0.01	0.3591674093883491	0.07282880783647712	0.04717595806852366	0.04192027018551456	0.06748183126599401	0.9874131184595462	1.235492245752662	1.761973700514126	3.3180636015050955	0.4070776107357698	96.7117679787425
0.15806745782907952	0.01	0.01	0.01	0.007	0.01	0.37581489411029234	0.07517415284862816	0.047616333923732074	0.042044760700921814	0.06685614232475766	1.1035005479455133	1.3682274479225631	1.917961262225911	3.583967429761837	0.43759126833942075	96.504179462117
0.1681605064081208	0.01	0.01	0.01	0.007	0.01	0.3927477548965166	0.07746665869234946	0.047998879542499005	0.042143033647196536	0.06627281429913279	1.2314537905133711	1.5125582989733957	2.083944030657453	3.8651094810474578	0.46949102582794755	96.28515840044349
0.1788443730679473	0.01	0.01	0.01	0.007	0.01	0.40995051518997755	0.07969971210685316	0.04832781071789849	0.042219411354572974	0.06573543666519716	1.372443064598343	1.6693850779898929	2.2605111025699904	4.162465067787433	0.5028904731179569	96.05385802804673
0.19016634922501585	0.01	0.01	0.01	0.007	0.01	0.42740466911079567	0.08186661954728319	0.04860754842102728	0.04227778804904798	0.06524588811949894	1.5277614503847963	1.8396800197042507	2.448312877076627	4.477121867505431	0.5379167555071747	95.80934928540597
0.2021782300981616	0.01	0.01	0.01	0.007	0.01	0.4450876160784499	0.08396058514706585	0.04884264383706281	0.042321612515026856	0.06480476952633878	1.698831621845755	2.024486272858865	2.6480615627975457	4.810278272129385	0.5747100595039804	95.55062181650003
0.2149362964517992	0.01	0.01	0.01	0.007	0.01	0.46297154797930895	0.08597472279422194	0.04903770724701759	0.04235388557059218	0.0644116904220941	1.8872101048914929	2.2249140333244006	2.8605298943567696	5.163238535280673	0.6134229037002237	95.27658712391515
0.2285012048822561	0.01	0.01	0.01	0.007	0.01	0.4810223576913559	0.08790211170815736	0.049197338136294795	0.04237716997208688	0.06406546167310227	2.094588335637709	2.442133544345844	3.086547997338442	5.537404623503285	0.6542191814610578	94.9860839980545
0.2429376887037202	0.01	0.01	0.01	0.007	0.01	0.49919853324583935	0.089735890619253	0.04932605357873348	0.042393610615498914	0.06376423217763137	2.3227882673802003	2.677363232473763	3.326996801062082	5.934262152038481	0.6972726340383578	94.67788829477756
0.25831398532053157	0.01	0.01	0.01	0.007	0.01	0.5174500774754374	0.09146939315698077	0.04942821491079878	0.04240496343231103	0.06350559389751485	2.573750110500257	2.931851416618599	3.5827966356889203	6.355358258958837	0.7427644963176446	94.3507287743337
0.27470085657649224	0.01	0.01	0.01	0.007	0.01	0.5357174881829936	0.09309632333338763	0.04950795459295851	0.042412631324623626	0.06328667223856582	2.8495086741812914	3.2068492663662456	3.854888869662726	6.8022680506806825	0.7908799305068439	94.00331168186712
0.2921700776473193	0.01	0.01	0.01	0.007	0.01	0.5539309124765064	0.09461097290475852	0.04956910762682761	0.04241770535150423	0.06310421266229603	3.1521545752361866	3.5035729421020934	4.144208678883203	7.27654670651095	0.8418029162058546	93.63435642760399
0.31079246043063	0.01	0.01	0.01	0.007	0.01	0.5720098178645896	0.09600849208164096	0.049615153584860176	0.042421009149272285	0.0629546693680235	3.4837798591084663	3.8231563940668267	4.451650305147502	7.779669712425257	0.8957098420169654	93.2426405717527
0.3306358468769088	0.01	0.01	0.01	0.007	0.01	0.5898637646679735	0.09728522387799587	0.04964917474976686	0.042423144347670576	0.06283429964507949	3.846415188672334	4.1666033049169515	4.778032297019036	8.312973678400615	0.9527631062281294	92.82704454958996
0.3517639167146045	0.01	0.01	0.01	0.007	0.01	0.6073948872926479	0.09843908668006203	0.04967383345259105	0.042424534729239696	0.06273926713257073	4.241975709202977	4.5347545818971	5.124076748250597	8.877620702514145	1.0131071557538442	92.38657831355225
0.3742366106551591	0.01	0.01	0.01	0.007	0.01	0.6245021422208762	0.09946993425240791	0.04969136881395352	0.04242546711255857	0.06266575629927641	4.672235176596991	4.928287479839606	5.4904153135164036	9.474607024649151	1.076869172620976	91.92037364409856
0.39811226510436687	0.01	0.01	0.01	0.007	0.01	0.6410864800826337	0.10037978226504972	0.04970361147205104	0.04242612736670844	0.06261009467098594	5.1388363223908256	5.347749413996371	5.877622694587441	10.10481685362099	1.1441645371431337	91.42764121899627
0.42345064478854005	0.01	0.01	0.01	0.007	0.01	0.6570555812207661	0.10117281517634993	0.04971201419309447	0.04242663048483218	0.06256887033315667	5.643326255070207	5.7936119022504755	6.286263357079672	10.769097911224732	1.2151046367137563	90.90761050542142
0.4503158263545033	0.01	0.01	0.01	0.007	0.01	0.6723272036164343	0.10185517118974143	0.04971769520494293	0.04242704424939429	0.06253902732362307	6.187197105614944	6.266324473798652	6.716933928573604	11.468329949991986	1.2898040284947385	90.35947479199184
0.4787782109596125	0.01	0.01	0.01	0.007	0.01	0.6868309507124873	0.10243457146664192	0.04972148947138646	0.04242740668572845	0.0625179259241032	6.77191516798635	6.766353697548942	7.170289667489905	12.203467269726154	1.368384973791534	89.78235620577749
0.5089154464793428	0.01	0.01	0.01	0.007	0.01	0.7005088322763265	0.10291988022034106	0.04972400231537677	0.04242773809442852	0.06250336428708309	7.398930615981289	7.29420189610442	7.647051989016762	12.975550306992243	1.4509788179800522	89.17529468170359
0.5408122295739545	0.01	0.01	0.01	0.007	0.01	0.7133151034520271	0.10332066306213385	0.04972566039085175	0.04242804880409288	0.062493566277144655	8.069664196743316	7.850404371078989	8.147997321306766	13.785686773414819	1.537724233901823	88.53726068197362
0.5745591439335426	0.01	0.01	0.01	0.007	0.01	0.7252158442788946	0.10364678553524988	0.04972675658252155	0.04242834384645175	0.0624871446874994	8.7854723485734	8.435508076747043	8.673930621661876	14.635007843462326	1.6287628675800891	87.86718755034596
0.6102505420806206	0.01	0.01	0.01	0.007	0.01	0.7361885288557868	0.10390806868544993	0.049727487144656836	0.04242862559702767	0.062483049839969135	9.547590450425904	9.050032707197252	9.225644581768444	15.524601241602504	1.7242325303809793	87.1640222832113
0.647981814595321	0.01	0.01	0.01	0.007	0.01	0.7462218075211	0.10411400770152218	0.04972798082882702	0.04242889517458281	0.06248051216710578	10.357062303514056	9.694421389834424	9.803870826635494	16.455431660339908	1.8242590045690898	86.42678674889285
0.687846423036828	0.01	0.01	0.01	0.007	0.01	0.7553155323434232	0.10427354966189792	0.04972832067561036	0.042429153138049826	0.06247898530827969	11.214665848687716	10.368988670499816	10.40922968205096	17.428259343240956	1.9289475848744946	85.65464100833398
0.729933582162144	0.01	0.01	0.01	0.007	0.01	0.7634809981200087	0.1043949252815881	0.04972855963764475	0.042429399816940966	0.06247809402111735	12.120856661385835	11.073881586974453	11.042192386276247	18.4435792881817	2.0383767480516815	84.84693104120808
0.7743274361532096	0.01	0.01	0.01	0.007	0.01	0.7707411674136955	0.10448552830364093	0.04972873134442038	0.04242963546487584	0.062477589341309495	13.075749583252236	11.80906757837666	11.703067975265546	19.501600576717443	2.152596059171226	84.00320521789813
0.8211085430436743	0.01	0.01	0.01	0.007	0.01	0.7771305845213986	0.10455183942993722	0.049728857252198756	0.0424298603342756	0.0624773119444663	14.079156538266187	12.574360787652445	12.392025416473674	20.60228231819066	2.2716301359736644	83.12318589913593
0.8703576798773378	0.01	0.01	0.01	0.007	0.01	0.7826946509649146	0.10459939369674222	0.049728951236465174	0.0424300747150588	0.062477163629533	15.130678761347314	13.369483549981556	13.109148578775407	21.7454215804445	2.3954882453996653	82.20669906684019
0.922161291684262	0.01	0.01	0.01	0.007	0.01	0.7874881170150644	0.10463279135361025	0.04972902245935901	0.042430278953299524	0.062477086162314975	16.229834519396064	14.194148328522797	13.854511309353816	22.9307721482354	2.524177324572665	81.25357806218737
0.976617604004967	0.01	0.01	0.01	0.007	0.01	0.7915728993836159	0.10465574973581619	0.04972907712405344	0.0424304734556758	0.0624770463319091	17.376195961064695	15.048141436636378	14.628256153872412	24.158167214949355	2.657715577489774	80.26356232602384
1.0338424859037036	0.01	0.01	0.01	0.007	0.01	0.7950155185964785	0.10467118872583384	0.04972911953851983	0.04243065868317462	0.06247702591695897	18.56951085588078	15.931392595224434	15.430662365449473	25.427622833294464	2.7961441685963946	79.23620941419045
1.0939746707108833	0.01	0.01	0.01	0.007	0.01	0.7978845113394312	0.10468133831298082	0.049729152763802055	0.0424308351382261	0.06247701528672893	19.80979763882008	16.844024027176353	16.262197292222055	26.739412686122897	2.939535996688533	78.17082782471584
1.1571804169544035	0.01	0.01	0.01	0.007	0.01	0.8002481014613324	0.1046878553216244	0.049729179016614666	0.042431003349371714	0.06247700952440183	21.097413633228488	17.78638072065893	17.123552325745862	28.094116102016972	3.0880017575432763	77.06642912262245
1.223657923152658	0.01	0.01	0.01	0.007	0.01	0.8021722885941573	0.10469193789875832	0.04972919992669449	0.04243116385642434	0.06247700619350031	22.433101859715038	18.759046728007785	18.015667617076037	29.492645961241966	3.2416940233642957	75.92169396355371
1.2936419231319167	0.01	0.01	0.01	0.007	0.01	0.8037194048429784	0.10469442963209813	0.049729216706778004	0.04243131719783236	0.0624770041120267	23.818024070931724	19.76285323844365	18.939750754422896	30.93626451700542	3.400810233404922	74.73494531720695
1.367408874747897	0.01	0.01	0.01	0.007	0.01	0.8049471165314406	0.10469590876385984	0.049729230268347135	0.04243146390082721	0.06247700271031505	25.253786610887207	20.79888283938862	19.897293625332193	32.42659338721759	3.565595317890458	73.50412338666115
1.4452831969543292	0.01	0.01	0.01	0.007	0.01	0.805907812246046	0.10469676098384934	0.04972924130243926	0.04243160447433744	0.06247700170920345	26.742465264157286	21.86847369754115	20.890091314626964	33.965623100392946	3.736344607791515	72.22675713603812
1.5276448835499088	0.01	0.01	0.01	0.007	0.01	0.8066483043125767	0.10469723638512805	0.04972925033712025	0.04243173940397955	0.06247700096519241	28.286631144138514	22.97322418292458	21.92026418833267	35.55572304640837	3.9134072120439356	70.8999307401104
1.6149388342601128	0.01	0.01	0.01	0.007	0.01	0.8072097751832304	0.10469749239285361	0.0497292577789221	0.042431869148234595	0.06247700039850252	29.889378132135523	24.114997218747735	22.990283404112933	37.19965094977819	4.097189881307286	69.52024436771346
1.7076861106306669	0.01	0.01	0.01	0.007	0.01	0.8076279083611324	0.10469762501393863	0.049729263943022135	0.04243199413431351	0.06247699996044305	31.55434791617617	25.29592033757077	24.10299725296815	38.90055626057788	4.288160883419445	68.08377228295964
1.8064961862385887	0.01	0.01	0.01	0.007	0.01	0.8079331518774958	0.10469769083111603	0.049729269075356	0.04243211474978325	0.062476999618675914	33.285727029505416	26.518362077877565	25.26164138587581	40.66194975696235	4.4868509489997175	66.58603972669202
1.912075547753602	0.01	0.01	0.01	0.007	0.01	0.8081510729883793	0.10469772196918196	0.049729273368822276	0.042432231319009014	0.062476999350374846	35.08812974125149	27.784823347558405	26.46977531860735	42.48755102281253	4.693841391791597	65.02209282052685
2.0252090116654617	0.01	0.01	0.01	0.007	0.01	0.8083027647947157	0.1046977359294141	0.04972927697477271	0.042432344023404844	0.06247699913884458	36.96598702297183	29.097480043787176	27.730889392638673	44.380633255844494	4.90969567070542	63.386993799484074
2.14658703990516	0.01	0.01	0.01	0.007	0.01	0.80840525308117	0.10469774181660407	0.04972928000920097	0.04243245259166204	0.06247699897177102	38.920526142370434	30.456061907406728	29.046386480067692	46.34096571414209	5.134613383732821	61.67843074447371
2.2757510023182848	0.01	0.01	0.01	0.007	0.01	0.8084717922849519	0.10469774412646339	0.049729282546492365	0.04243255506772416	0.06247699884066427	40.933766098958415	31.846863694196273	30.40476225147123	48.34893939290113	5.366584521693069	59.91081998830634
2.4072224654286676	0.01	0.01	0.01	0.007	0.01	0.8085122613435586	0.10469774495635907	0.04972928459400498	0.04243264582786579	0.062476998741319706	42.91430214266417	33.2060961847155	31.744701379872595	50.312546149943074	5.595113573564611	58.16364472453855
2.5323999228969867	0.01	0.01	0.01	0.007	0.01	0.8085354338533702	0.10469774523819411	0.04972928617002459	0.04243272348166769	0.06247699866924166	44.73745251556113	34.44896985664056	32.981600955289814	52.109187076132464	5.805793927156071	56.54748736081723
2.650333290779288	0.01	0.01	0.01	0.007	0.01	0.8085489179727492	0.10469774533810829	0.0497292873961816	0.042432794690938844	0.06247699861595644	46.400800997298866	35.575499046323	34.11317698203093	53.73865244115965	5.998289107755203	55.06596427564838
2.7643393170290405	0.01	0.01	0.01	0.007	0.01	0.8085571533711042	0.10469774537618973	0.04972928839294383	0.04243286157336866	0.06247699857456097	47.960013163808426	36.624703003726445	35.176774576749075	55.257197066538104	6.178993980863515	53.67068669871601
2.877635130320078	0.01	0.01	0.01	0.007	0.01	0.8085623741452423	0.10469774539141839	0.049729289236456246	0.04243292348275381	0.06247699854098449	49.463264803173765	37.629659152439025	36.204998485969206	56.71260030253983	6.35346858843783	52.31912728725643
2.9920594124487434	0.01	0.01	0.01	0.007	0.01	0.8085657358701346	0.10469774539760372	0.049729289967648034	0.0424329806589336	0.06247699851303716	50.93589419095635	38.60750133846625	37.21511485892469	58.1296446724536	6.524647902391125	50.988648707100914
3.108109272461773	0.01	0.01	0.01	0.007	0.01	0.808567897989836	0.10469774540009975	0.049729290607687666	0.042433033701084547	0.06247699848951431	52.383850519235196	39.56216869432214	38.211225342113124	59.51403543918015	6.693225306945157	49.67382295331211
3.2254050212775844	0.01	0.01	0.01	0.007	0.01	0.8085692758943788	0.10469774540109186	0.049729291168813014	0.042433083042180096	0.062476998469657076	53.80191395503185	40.4902023111843	39.1897619648687	60.86075421159404	6.858595050049574	48.37933116825761
3.3432596099963345	0.01	0.01	0.01	0.007	0.01	0.8085701456365232	0.10469774540148086	0.049729291660391174	0.04243312901941413	0.06247699845288078	55.18194193010865	41.38635613699527	40.145085281662965	62.162171665332444	7.019805514135443	47.112646247630536
3.4611022766961823	0.01	0.01	0.01	0.007	0.01	0.8085706913269189	0.10469774540163229	0.04972929209129933	0.042433171982871304	0.06247699843867485	56.51813230973516	42.24706102109056	41.07310726548413	63.41307196326304	7.176172195487021	45.879249257313276
3.5786551883432103	0.01	0.01	0.01	0.007	0.01	0.8085710330839895	0.10469774540169119	0.04972929247019715	0.04243321226997846	0.06247699842658736	57.80866131196845	43.07141692436087	41.972455760318944	64.61210378179028	7.327471846725422	44.681056695930565
3.6959021714032	0.01	0.01	0.01	0.007	0.01	0.8085712473417977	0.10469774540171414	0.04972929280504583	0.042433250146166654	0.062476998416233095	59.054794041226856	43.86053083435408	42.84389547270088	65.76083055963909	7.473841925566784	43.5171533226727
3.8129646655475766	0.01	0.01	0.01	0.007	0.01	0.8085713819379966	0.10469774540172311	0.04972929310268074	0.04243328579939722	0.06247699840729855	60.25916380546391	44.61635710000197	43.68915548237911	66.86205219317037	7.615581290329415	42.385328941723735
3.929983383926016	0.01	0.01	0.01	0.007	0.01	0.8085714666325915	0.10469774540172659	0.04972929336869054	0.04243331937439408	0.06247699839953554	61.42438877456837	45.340800281962295	44.50997135639826	67.91850194643317	7.752988577453552	41.28334867020719
4.047051376399312	0.01	0.01	0.01	0.007	0.01	0.8085715199691854	0.10469774540172795	0.049729293607545834	0.04243335100347289	0.06247699839275015	62.552419373967886	46.03531262624988	45.30762420735872	68.93225893558544	7.886285131242175	40.20957286341644
4.16419953192775	0.01	0.01	0.01	0.007	0.01	0.808571553558427	0.1046977454017285	0.04972929382283521	0.04243338081891538	0.062476998386789315	63.64449207216036	46.700883606085604	46.08290014084803	69.9047302632053	8.015608827832494	39.16301911020447
4.281414186876204	0.01	0.01	0.01	0.007	0.01	0.8085715747029291	0.10469774540172871	0.04972929401749964	0.04243340895261489	0.062476998381529945	64.70138746508194	47.33821547862054	46.83626536699991	70.83690489750217	8.141043902891921	38.14313349541283
4.39866413757111	0.01	0.01	0.01	0.007	0.01	0.8085715880071529	0.1046977454017288	0.04972929419401106	0.04243343553089555	0.06247699837687116	65.72373023952116	47.947915303212746	47.568075024967094	71.72963292133254	8.26265610042391	37.14951262028336
4.515921538631412	0.01	0.01	0.01	0.007	0.01	0.8085715963755047	0.10469774540172883	0.04972929435448842	0.04243346066939606	0.062476998372728694	66.71218687338285	48.53061590510836	48.27871330462189	72.58380221163699	8.380516064449015	36.1817146825032
4.6331713018951035	0.01	0.01	0.01	0.007	0.01	0.8085716016385076	0.10469774540172888	0.04972929450076722	0.042433484470408026	0.06247699836903214	67.66753439908747	49.087014171067835	48.96864388461333	73.40039490682497	8.494707629076471	35.23918985568905
4.750410780349976	0.01	0.01	0.01	0.007	0.01	0.8085716049485432	0.10469774540172887	0.049729294634441173	0.04243350702320896	0.06247699836572159	68.5906391920705	49.6178547037296	49.63839642918793	74.18046400209555	8.605325447223496	34.32129703425711
4.867644555307182	0.01	0.01	0.01	0.007	0.01	0.8085716070304572	0.10469774540172887	0.04972929475689282	0.04243352840643461	0.06247699836274674	69.48240112695918	50.12389449960399	50.28852754899068	74.92508191285397	8.712468431977765	33.427355946113806
4.984878876858599	0.01	0.01	0.01	0.007	0.01	0.8085716083400032	0.10469774540172887	0.04972929486932038	0.042433548690925006	0.06247699836006497	70.34370460417934	50.60587371850883	50.91958577757115	75.63529766998461	8.816233933629523	32.556694665127615
5.102118131940949	0.01	0.01	0.01	0.007	0.01	0.8085716091637442	0.10469774540172887	0.04972929497276329	0.04243356794194387	0.062476998357639806	71.17539276719023	51.06450136595728	51.53209265090793	76.31211579745448	8.916714630492542	31.708675733451326
5.219363819445799	0.01	0.01	0.01	0.007	0.01	0.8085716096818953	0.10469774540172887	0.0497292950681258	0.04243358622037591	0.062476998355440676	71.97826386474591	51.50045421582988	52.12653961719314	76.9564945738862	9.013998052130821	30.882700814033832
5.336615248580428	0.01	0.01	0.01	0.007	0.01	0.808571610007814	0.10469774540172887	0.049729295156198526	0.04243360358310574	0.06247699835344122	72.75308003326946	51.91438261057246	52.7033940754304	77.56935444102965	9.10816760157279	30.078202723861008
5.4538707421905785	0.01	0.01	0.01	0.007	0.01	0.8085716102128109	0.10469774540172887	0.04972929523767591	0.04243362008305278	0.06247699835161866	73.5005779739017	52.30691689483027	53.26310699712593	78.15158741049717	9.199303823371354	29.29463510196793
5.571128723927573	0.01	0.01	0.01	0.007	0.01	0.8085716103417467	0.10469774540172887	0.049729295313170725	0.04243363576913942	0.06247699834995324	74.22147709113709	52.67867204182097	53.80611886723718	78.70406386535886	9.287485381964423	28.531464228516008
5.6883881998022225	0.01	0.01	0.01	0.007	0.01	0.8085716104228414	0.10469774540172887	0.04972929538322534	0.0424336506864422	0.062476998348428146	74.91648258643022	53.030249323799076	54.3328619912391	79.22763502563983	9.3727894378401	27.78816579826175
5.805648820365231	0.01	0.01	0.01	0.007	0.01	0.8085716104738458	0.10469774540172887	0.049729295448321706	0.04243366487647941	0.06247699834702835	75.5862855888916	53.36223635457063	54.843760618139	79.72313301025557	9.455291665543047	27.064224719183812
5.922910624457865	0.01	0.01	0.01	0.007	0.01	0.808571610505925	0.10469774540172887	0.049729295508888494	0.04243367837761436	0.062476998345741074	76.23156153115839	53.67520628299869	55.33922971580758	80.1913696281702	9.535066054696932	26.35913682869749
6.040173767414259	0.01	0.01	0.01	0.007	0.01	0.8085716105261009	0.10469774540172887	0.04972929556530833	0.042433691225442514	0.06247699834455484	76.85296879724201	53.96971722417923	55.8196739051072	80.63313550732681	9.612184740165038	25.672410429172007
6.157438357976718	0.01	0.01	0.01	0.007	0.01	0.8085716105387903	0.10469774540172887	0.049729295617923316	0.04243370345310911	0.06247699834345973	77.4511482533131	54.246312201209655	56.285487032496604	81.04919997379406	9.686717937836633	25.003566950875612
6.274704365097846	0.01	0.01	0.01	0.007	0.01	0.8085716105467712	0.10469774540172887	0.049729295667039985	0.04243371509157057	0.062476998342447	78.02672329815935	54.505519376565964	56.73705212321514	81.44031135812521	9.758733943017212	24.35214109039892
6.391971672298746	0.01	0.01	0.01	0.007	0.01	0.8085716105517906	0.10469774540172887	0.049729295712934045	0.042433726169763104	0.06247699834150892	78.580300684498	54.747852643729324	57.17474193236959	81.80719784317147	9.828299224663377	23.71768009299232
6.509240116497997	0.01	0.01	0.01	0.007	0.01	0.8085716105549476	0.10469774540172887	0.04972929575585348	0.04243373671475816	0.06247699834063846	79.11247119042524	54.973812126129985	57.59891939011217	82.1505681767391	9.895478501915747	23.09974317745279
6.626509534609661	0.01	0.01	0.01	0.007	0.01	0.808571610556933	0.10469774540172887	0.0497292957960222	0.04243374675189461	0.06247699833982956	79.6238102660925	55.18388464360437	58.009938037305	82.47111233918713	9.960334818423414	22.497900965996443
6.743779802376747	0.01	0.01	0.01	0.007	0.01	0.8085716105581819	0.10469774540172887	0.04972929583364274	0.04243375630489893	0.0624769983390768	80.11487858712061	55.37854411836958	58.40814239666678	82.76950212317907	10.022929605775316	21.911734999546862
6.861050818839498	0.01	0.01	0.01	0.007	0.01	0.8085716105589671	0.10469774540172887	0.04972929586889882	0.04243376539601879	0.062476998338375236	80.58622234528822	55.558251863046664	58.79386813732228	83.04639153552318	10.083322714020996	21.340837551622794
6.978322521869512	0.01	0.01	0.01	0.007	0.01	0.8085716105594611	0.10469774540172887	0.04972929590195715	0.04243377404612881	0.06247699833772077	81.03837366436564	55.723456915560085	59.167442341870014	83.30241727154045	10.141572458239823	20.784811290536698
7.095594872637378	0.01	0.01	0.01	0.007	0.01	0.8085716105597718	0.10469774540172887	0.049729295932969285	0.04243378227484153	0.06247699833710932	81.47185088079449	55.87459631768106	59.52918366491642	83.53819910372582	10.197735647981276	20.24326910055824
7.212867816779609	0.01	0.01	0.01	0.007	0.01	0.8085716105599671	0.10469774540172887	0.04972929596207351	0.042433790100621836	0.06247699833653747	81.88715875089885	56.01209537208652	59.879402427925896	83.754340236095	10.251867606980179	19.715834000605252
7.33014131546543	0.01	0.01	0.01	0.007	0.01	0.8085716105600899	0.10469774540172887	0.04972929598939591	0.04243379754085639	0.06247699833600184	82.28478891673105	56.13636798860571	60.2184009300436	83.95142779802869	10.304022226399226	19.20213873965946
7.447415306563171	0.01	0.01	0.01	0.007	0.01	0.8085716105601672	0.10469774540172887	0.04972929601505182	0.04243380461195208	0.062476998335499884	82.66522011319205	56.2478169389728	60.54647354328217	84.13003319581449	10.354251984579502	18.701825714937108
7.564689759007649	0.01	0.01	0.01	0.007	0.01	0.808571610560216	0.10469774540172887	0.049729296039147	0.04243381132937842	0.062476998335028865	83.02891868253842	56.3468342028024	60.863907071840735	84.29071261020916	10.402608007297616	18.214546488223288
7.681964633966486	0.01	0.01	0.01	0.007	0.01	0.8085716105602466	0.10469774540172887	0.04972929606177828	0.04243381770775362	0.06247699833458651	83.37633876450268	56.43380120747483	61.170980836880695	84.43400732705719	10.449140085658389	17.739961716687425
7.799239884840039	0.01	0.01	0.01	0.007	0.01	0.8085716105602657	0.10469774540172887	0.04972929608303455	0.04243382376090363	0.062476998334170614	83.70792261803959	56.509089108045835	61.46796687372379	84.56044413179848	10.493896711275418	17.27774091333617
7.916515472795111	0.01	0.01	0.01	0.007	0.01	0.8085716105602777	0.10469774540172887	0.049729296102997894	0.042433829501909014	0.06247699833377939	84.02410097531597	56.57305906736764	61.75513016115785	84.67053570689589	10.536925116094732	16.82756215504598
8.033791374531976	0.01	0.01	0.01	0.007	0.01	0.8085716105602854	0.10469774540172887	0.04972929612174341	0.04243383494315034	0.062476998333410985	84.3252933560984	56.626062517157095	62.03272882002492	84.76478100082714	10.578271307298161	16.389111834697506
8.151067551216899	0.01	0.01	0.01	0.007	0.01	0.8085716105602901	0.10469774540172887	0.04972929613934108	0.042433840096370794	0.06247699833306384	84.61190827652517	56.668441396150044	62.30101421632434	84.84366555836338	10.617980087877386	15.962084562812029
8.26834397178281	0.01	0.01	0.01	0.007	0.01	0.8085716105602933	0.10469774540172887	0.04972929615585479	0.04243384497270683	0.062476998332736386	84.8843435963808	56.70052841092707	62.56023119248388	84.9076618920385	10.656095096271592	15.54618286651477
8.385620628463274	0.01	0.01	0.01	0.007	0.01	0.808571610560295	0.10469774540172887	0.0497292961713441	0.04243384958271755	0.06247699833242745	85.14298682530651	56.722647276797694	62.81061826694378	84.95722982385921	10.692658840916591	15.141116933799397
8.502897513491808	0.01	0.01	0.01	0.007	0.01	0.8085716105602961	0.10469774540172887	0.04972929618586393	0.04243385393643392	0.06247699833213582	85.38821533265259	56.73511294259968	63.05240774415539	84.99281679815549	10.727712721502792	14.746604500062583
8.620174588034013	0.01	0.01	0.01	0.007	0.01	0.8085716105602969	0.10469774540172887	0.04972929619946532	0.04243385804340905	0.06247699833186033	85.62039655178047	56.73823182132862	63.28582581560828	85.0148582019525	10.761297049136665	14.36237075207009
8.73745183655624	0.01	0.01	0.01	0.007	0.01	0.8085716105602974	0.10469774540172887	0.04972929621219555	0.04243386191271875	0.062476998331599996	85.83988835274495	56.73230202136899	63.51109283062231	85.02377769923423	10.793451090906416	13.98814795229337
8.854729235757787	0.01	0.01	0.01	0.007	0.01	0.8085716105602978	0.10469774540172887	0.0497292962240987	0.042433865553007474	0.06247699833135357	86.0470392265671	56.71761356059654	63.728423384929584	85.01998752786034	10.824213087834002	13.623675358042757
8.972006777871853	0.01	0.01	0.01	0.007	0.01	0.8085716105602979	0.10469774540172887	0.049729296235215346	0.042433868972501336	0.06247699833112057	86.24218857058318	56.69444857624781	63.93802651343696	85.00388879869634	10.853620287678186	13.268698967371352
9.089284455131608	0.01	0.01	0.01	0.007	0.01	0.808571610560298	0.10469774540172887	0.04972929624558382	0.042433872179041314	0.06247699833090004	86.42566689455029	56.66308153108112	64.14010580436374	84.97587178379234	10.88170896637173	12.922971393797026
9.20656224423618	0.01	0.01	0.01	0.007	0.01	0.8085716105602981	0.10469774540172887	0.049729296255239405	0.042433875180114516	0.06247699833069119	86.59779603011299	56.62377942087879	64.33485951573729	84.93631620674613	10.908514449860169	12.586251738072505
9.323840129651643	0.01	0.01	0.01	0.007	0.01	0.8085716105602981	0.10469774540172887	0.049729296264215114	0.04243387798286233	0.06247699833049337	86.75888939444285	56.57680196588584	64.5224807547592	84.88559151578043	10.934071144520749	12.258305350389412
9.441118103611057	0.01	0.01	0.01	0.007	0.01	0.8085716105602981	0.10469774540172887	0.04972929627254199	0.04243388059409997	0.062476998330305934	86.90925220596887	56.522401799455885	64.7031576098199	84.82405714949704	10.95841256072741	11.938903670074371
9.558396150580442	0.01	0.01	0.01	0.007	0.01	0.8085716105602981	0.10469774540172887	0.049729296280248775	0.042433883020342844	0.062476998330128306	87.04918167684737	56.46082466058381	64.87707325660827	84.75206280618119	10.981571332834688	11.627824109966383
9.675674270559844	0.01	0.01	0.01	0.007	0.01	0.8085716105602981	0.10469774540172887	0.04972929628736238	0.04243388526781144	0.06247699832996008	87.17896724943476	56.39230956342785	65.04440612049329	84.66994868568266	11.003579246588039	11.324849839351959
9.792952463549307	0.01	0.01	0.01	0.007	0.01	0.8085716105602981	0.10469774540172887	0.04972929629390813	0.04243388734245489	0.062476998329800436	87.29889077736024	56.31708898000288	65.2053299756295	84.57804574484331	11.024467257859431	11.029769676856644
9.91023072178184	0.01	0.01	0.01	0.007	0.01	0.8085716105602981	0.10469774540172887	0.04972929629990962	0.04243388924997088	0.06247699832964904	87.40922671637166	56.23538901815211	65.36001405609902	84.4766759474477	11.04426551299579	10.742377962042765
10.02750902195636	0.01	0.01	0.01	0.007	0.01	0.8085716105602981	0.10469774540172887	0.049729296305389095	0.04243389099582358	0.06247699832950571	87.51024231367829	56.147429597461446	65.50862316627814	84.36615251140971	11.063003369019697	10.462474427905347
10.144787364072885	0.01	0.01	0.01	0.007	0.01	0.8085716105602981	0.10469774540172887	0.049729296310367224	0.04243389258523453	0.06247699832936962	87.60219783034081	56.05342458441278	65.65131784583802	84.24678010378956	11.080709420492251	10.189863967532057
10.262065732597344	0.01	0.01	0.01	0.007	0.01	0.8085716105602981	0.10469774540172887	0.04972929631486373	0.04243389402321656	0.06247699832924058	87.68534668882798	55.95358197948316	65.7882544313451	84.11885510001268	11.097411513085442	9.924356592221242
10.379344135296787	0.01	0.01	0.01	0.007	0.01	0.8085716105602981	0.10469774540172887	0.04972929631889674	0.042433895314563305	0.062476998329118294	87.75993567994595	55.848104040023344	65.91958521155117	83.98266576137969	11.113136768727795	9.665767210008562
10.496622556637131	0.01	0.01	0.01	0.007	0.01	0.8085716105602981	0.10469774540172887	0.04972929632248362	0.04243389646388639	0.06247699832900244	87.82620510305861	55.73718747082333	66.04545847910687	83.83849249860386	11.127911597905113	9.413915602271617
10.613900996618383	0.01	0.01	0.01	0.007	0.01	0.8085716105602981	0.10469774540172887	0.049729296325640535	0.04243389747560298	0.062476998328892544	87.88438896099547	55.62102353710423	66.1660186783684	83.68660803528705	11.14176172347855	9.16862621138185
10.731179455240543	0.01	0.01	0.01	0.007	0.01	0.8085716105602981	0.10469774540172887	0.04972929632838275	0.04243389835395418	0.062476998328788294	87.93471511294746	55.499798220583244	66.28140648763578	83.52727762620879	11.154712196385184	8.929728053965952
10.848457932503615	0.01	0.01	0.01	0.007	0.01	0.8085716105602981	0.10469774540172887	0.049729296330724815	0.04243389910301334	0.062476998328689706	87.97740543466792	55.37369235895337	66.39175891728172	83.36075925395913	11.16678741314829	8.697054601721698
10.965736412873506	0.01	0.01	0.01	0.007	0.01	0.8085716105602981	0.10469774540172887	0.04972929633268008	0.04243389972670375	0.062476998328596295	88.01267597030932	55.242881799348346	66.49720939167523	83.18730384386095	11.178011131500122	8.470443694960377
11.083014896350216	0.01	0.01	0.01	0.007	0.01	0.8085716105602981	0.10469774540172887	0.049729296334261354	0.04243390022878852	0.06247699832850785	88.04073709558725	55.107537497134366	66.59788787143152	83.00715540623284	11.188406490178778	8.249737367994618
11.200293382933745	0.01	0.01	0.01	0.007	0.01	0.8085716105602981	0.10469774540172887	0.04972929633548088	0.04243390061288627	0.062476998328424085	88.06179365860747	54.96782566046888	66.69392092845007	82.82055123864275	11.197996023331525	8.034781771087038
11.317571880391142	0.01	0.01	0.01	0.007	0.01	0.8085716105602981	0.10469774540172887	0.049729296336349864	0.04243390088247395	0.062476998328344885	88.07604512474036	54.823907866098985	66.78543184012692	82.62772208982942	11.206801676828677	7.825427049522466
11.434850357654216	0.01	0.01	0.01	0.007	0.01	0.8085716105602981	0.10469774540172887	0.04972929633687916	0.04243390104092035	0.06247699832827017	88.08368571311081	54.67594123981253	66.87254064015987	82.428892410196	11.214844820312875	7.6215273208975445
11.552128822490017	0.01	0.01	0.01	0.007	0.01	0.8085716105602981	0.10469774540172887	0.049729296337078996	0.042433901091446846	0.062476998328199536	88.08490454265886	54.52407848002395	66.95536426284038	82.22428039174602	11.222146267964018	7.422940434827623
11.669407282665592	0.01	0.01	0.01	0.007	0.01	0.8085716105602981	0.10469774540172887	0.04972929633695871	0.04243390103715574	0.06247699832813283	88.07988575732574	54.36846801931247	67.03401659214876	82.0140981923649	11.22872628976267	7.2295279458915145
11.786685738180939	0.01	0.01	0.01	0.007	0.01	0.8085716105602981	0.10469774540172887	0.04972929633652768	0.04243390088104044	0.06247699832806994	88.0688086568143	54.20925414803532	67.10860853647415	81.79855210953788	11.23460462531458	7.041155029350921
11.903964181269014	0.01	0.01	0.01	0.007	0.01	0.8085716105602981	0.10469774540172887	0.0497292963357944	0.04243390062599045	0.06247699832801081	88.05184782495259	54.04657712544799	67.17924810735944	81.57784273713213	11.239800497894427	6.857690385473617
12.021242611929821	0.01	0.01	0.01	0.007	0.01	0.8085716105602981	0.10469774540172887	0.04972929633476699	0.042433900274787044	0.06247699832795508	88.0291732512184	53.88057326560923	67.24604050471974	81.35216508771916	11.24433262866793	6.679006123078934
12.138521030163359	0.01	0.01	0.01	0.007	0.01	0.8085716105602981	0.10469774540172887	0.049729296333453174	0.0424338998301127	0.062476998327902725	88.00095045069837	53.71137505179564	67.3090881848997	81.12170875329467	11.248219249330514	6.504977683363831
12.25579942820259	0.01	0.01	0.01	0.007	0.01	0.8085716105602981	0.10469774540172887	0.04972929633186029	0.0424338992945599	0.062476998327853625	87.96734058319751	53.539111249514185	67.36849092834824	80.88665806413525	11.251478114668691	6.335483764150563
12.373077806047515	0.01	0.01	0.01	0.007	0.01	0.8085716105602981	0.10469774540172887	0.04972929632999533	0.04243389867062569	0.06247699832780759	87.92850056312862	53.36390698290967	67.42434591757278	80.64719219762974	11.254126515494926	6.170406212298089
12.490356163698142	0.01	0.01	0.01	0.007	0.01	0.8085716105602981	0.10469774540172887	0.04972929632786459	0.0424338979607208	0.06247699832776456	87.88458317153456	53.18588384191666	67.47674780040447	80.40348532882489	11.256181290426674	6.009629953326804
12.60763450115447	0.01	0.01	0.01	0.007	0.01	0.8085716105602981	0.10469774540172887	0.04972929632547447	0.04243389716717282	0.062476998327724395	87.8357371639111	53.00515997600758	67.5257887560462	80.15570676263945	11.257658837672027	5.853042911198782
12.724912818416504	0.01	0.01	0.01	0.007	0.01	0.8085716105602981	0.10469774540172887	0.04972929632283089	0.04243389629223003	0.062476998327687126	87.78210737522	52.821850185487946	67.57155855939956	79.90402106262285	11.25857512650826	5.700535930188294
12.84219111548425	0.01	0.01	0.01	0.007	0.01	0.8085716105602981	0.10469774540172887	0.04972929631993946	0.04243389533806449	0.06247699832765238	87.72383482216529	52.636066010402786	67.6141446437157	79.64858817634844	11.258945708461281	5.552002698788132
12.959469392357708	0.01	0.01	0.01	0.007	0.01	0.8085716105602981	0.10469774540172887	0.049729296316805414	0.04243389430677529	0.06247699832762028	87.66105680280442	52.447915817116524	67.6536321616136	79.38956355752926	11.258785728193766	5.407339675598699
13.076747641269852	0.01	0.01	0.01	0.007	0.01	0.8085716105602981	0.10469774540172887	0.04972929631343376	0.042433893200396325	0.06247699832759063	87.59390699815245	52.25750489530999	67.69010404219111	79.12709830243455	11.2581099341711	5.266446026356574
13.194025877754747	0.01	0.01	0.01	0.007	0.01	0.8085716105602981	0.10469774540172887	0.04972929630982928	0.04243389202088014	0.062476998327563336	87.5225155485895	52.06493548949531	67.72364105836606	78.86133919594559	11.256932688776157	5.129223516562016
13.311304094045365	0.01	0.01	0.01	0.007	0.01	0.8085716105602981	0.10469774540172887	0.04972929630599657	0.042433890770129	0.062476998327538544	87.4470091725813	51.870306954646615	67.75432186876333	78.59242892865129	11.255267978638228	4.995576498988041
13.428582282374684	0.01	0.01	0.01	0.007	0.01	0.8085716105602981	0.10469774540172887	0.049729296301940035	0.04243388944998326	0.06247699832751588	87.36751124419068	51.673715796847624	67.78222308071538	78.32050615547828	11.253129424440937	4.865411817938374
13.545860450509736	0.01	0.01	0.01	0.007	0.01	0.8085716105602981	0.10469774540172887	0.0497292962976635	0.042433888062214674	0.06247699832749533	87.28414186899376	51.47525572264833	67.80741930684583	78.04570556598284	11.250530290080722	4.738638727791676
13.663138582916478	0.01	0.01	0.01	0.007	0.01	0.8085716105602981	0.10469774540172887	0.0497292962931711	0.04243388660855178	0.062476998327476926	87.19701799602986	51.275017778289445	67.82998320833741	77.76815807900418	11.247483492740706	4.61516887231287
13.78041668736194	0.01	0.01	0.01	0.007	0.01	0.8085716105602981	0.10469774540172887	0.04972929628846638	0.04243388509065441	0.06247699832746046	87.10625346746417	51.07309034274165	67.84998555565998	77.48799083490249	11.244001610907643	4.494916172680116
13.89769476384613	0.01	0.01	0.01	0.007	0.01	0.8085716105602981	0.10469774540172887	0.04972929628355291	0.042433883510134086	0.062476998327445986	87.01195912107033	50.86955925018887	67.8674952711238	77.20532736696946	11.240096893846141	4.377796801284466
14.014972820136073	0.01	0.01	0.01	0.007	0.01	0.8085716105602981	0.10469774540172887	0.04972929627843402	0.042433881868547116	0.06247699832743346	86.91424285679619	50.66450783150905	67.88257947967122	76.92028766057885	11.235781269727951	4.263729107329621
14.132250856231769	0.01	0.01	0.01	0.007	0.01	0.8085716105602981	0.10469774540172887	0.049729296273112816	0.04243388016740559	0.06247699832742274	86.81320972577583	50.45801700765885	67.89530355343437	76.63298828434874	11.231066354513851	4.152633575409692
14.249528872133224	0.01	0.01	0.01	0.007	0.01	0.8085716105602981	0.10469774540172887	0.049729296267592246	0.04243387840817475	0.062476998327413796	86.7089619989382	50.250165341020065	67.90573115878219	76.34354246291174	11.225963459880989	4.044432762008777
14.366806852306416	0.01	0.01	0.01	0.007	0.01	0.8085716105602981	0.10469774540172887	0.04972929626187526	0.042433876592283766	0.06247699832740661	86.60159925398864	50.04102912615281	67.91392429982957	76.05206020450579	11.220483601904666	3.9390512552893333
14.484084796751356	0.01	0.01	0.01	0.007	0.01	0.8085716105602981	0.10469774540172887	0.04972929625596459	0.0424338747211092	0.06247699832740114	86.49121841841176	49.830682396016776	67.91994336446021	75.75864831077124	11.214637507425929	3.8364155938860067
14.601362728769079	0.01	0.01	0.01	0.007	0.01	0.8085716105602981	0.10469774540172887	0.049729296249862526	0.04243387279597133	0.0624769983273972	86.37791382867003	49.61919696681788	67.92384716522054	75.46341044009225	11.208435620906888	3.7364542110041303
14.718640648359585	0.01	0.01	0.01	0.007	0.01	0.8085716105602981	0.10469774540172887	0.0497292962435719	0.04243387081816416	0.062476998327394895	86.26177734117032	49.40664257979638	67.92569297803753	75.16644730632657	11.201888114089257	3.6390974252730497
14.83591854775587	0.01	0.01	0.01	0.007	0.01	0.8085716105602981	0.10469774540172887	0.04972929623709471	0.04243386878894757	0.06247699832739408	86.1428983844848	49.19308693059817	67.92553658413507	74.86785672082733	11.195004892545787	3.54427737715378
14.953196403656925	0.01	0.01	0.01	0.007	0.01	0.8085716105602981	0.10469774540172887	0.049729296230433276	0.042433866709553146	0.06247699832739483	86.02136403193347	48.97859573894719	67.92343230982391	74.5677336906773	11.1877956032251	3.4519279868585198
15.070474223829766	0.01	0.01	0.01	0.007	0.01	0.8085716105602981	0.10469774540172887	0.049729296223589625	0.042433864581157596	0.062476998327396935	85.89725901531455	48.763232717111	67.91943306368225	74.26617037522824	11.18026963836925	3.3619848714735086
15.187752031575403	0.01	0.01	0.01	0.007	0.01	0.8085716105602981	0.10469774540172887	0.049729296216565695	0.042433862404893045	0.06247699832740062	85.77066579874273	48.54705964971738	67.91359037188882	73.96325619820072	11.172436142745017	3.274385314719199
15.305029819126837	0.01	0.01	0.01	0.007	0.01	0.8085716105602981	0.10469774540172887	0.04972929620936337	0.04243386018187685	0.062476998327405706	85.64166468760696	48.33013653057365	67.90595441645685	73.65907803991233	11.164304023166158	3.189068258148024
15.422307570950078	0.01	0.01	0.01	0.007	0.01	0.8085716105602981	0.10469774540172887	0.049729296201984415	0.04243385791319852	0.06247699832741207	85.5103338626522	48.11252156993994	67.89657407062465	73.35372024815703	11.1558819534415	3.105974239259222
15.539585302579127	0.01	0.01	0.01	0.007	0.01	0.8085716105602981	0.10469774540172887	0.04972929619443045	0.04243385559989739	0.062476998327419715	85.37674939178169	47.89427117060174	67.88549692956876	73.04726460500012	11.14717837762431	3.025045322924698
15.656863014013986	0.01	0.01	0.01	0.007	0.01	0.8085716105602981	0.10469774540172887	0.04972929618670307	0.042433853242991364	0.06247699832742862	85.24098533575956	47.67544006114114	67.87276934681223	72.73979051411484	11.13820151919747	2.946225094748955
15.774140713021652	0.01	0.01	0.01	0.007	0.01	0.8085716105602981	0.10469774540172887	0.04972929617880381	0.04243385084346505	0.06247699832743889	85.10311377493531	47.456081298487724	67.8584364647086	72.43137500474741	11.128959385172893	2.8694586052746898
15.891418391835135	0.01	0.01	0.01	0.007	0.01	0.8085716105602981	0.10469774540172887	0.049729296170733885	0.04243384840228363	0.062476998327450343	84.96320488805091	47.23624635606794	67.84254224877758	72.12209285590733	11.119459773547122	2.7946923469939535
16.0	0.01	0.01	0.01	0.007	0.01	0.8085716105602981	0.10469774540172887	0.049729296163111794	0.042433850255951575	0.0624769983274619	84.83191322944722	47.032330888306205	67.8264718556313	71.83503421323627	11.110441608274543	2.727207869133384
