0.0	0.01	0.01	0.01	0.007	0.01	0.0	0.0	0.0	0.0	0.0	0.0	0.0	0.0	0.0	0.0	100.0
0.0033534438439687545	0.01	0.01	0.01	0.007	0.01	0.010132404342985605	0.0027284773316874366	0.0033195070171404425	0.003942498811562728	0.005483789413412696	0.0006136185001301472	0.0009333358114679035	0.0020712612627827674	0.004537140473679178	0.0004879622204993446	99.92179221672723
0.0053299827808170365	0.01	0.01	0.01	0.007	0.01	0.016044168683884502	0.004302834912369684	0.005170843749941081	0.0060817102203533195	0.008587738101590471	0.0015454459537604056	0.0023443415347671566	0.005160271934837072	0.011224048862911028	0.0012200487020161328	99.8757247557022
0.008327815283062551	0.01	0.01	0.01	0.007	0.01	0.02492608573028999	0.006643847099860362	0.007838185866899092	0.00908659424886479	0.013121921845794993	0.003755562858168801	0.005673792235333496	0.012337163944516349	0.0265553543938215	0.0029325417391138308	99.80589439911871
0.011073159046635547	0.01	0.01	0.01	0.007	0.01	0.03297145881981306	0.008739182373876886	0.010139918454652553	0.011604339217429496	0.01709838857349744	0.006612081690856716	0.009952380046109842	0.021403100388611453	0.045643151920258966	0.005112156264540474	99.74198824737061
0.014265442882063082	0.01	0.01	0.01	0.007	0.01	0.042221450232581004	0.011118689510273672	0.012657042356016324	0.014275353816657512	0.021521523940871805	0.010920860329982643	0.016367633726586367	0.034757371404779504	0.07334835893536706	0.008348016945275729	99.66772967050925
0.017507715735785256	0.01	0.01	0.01	0.007	0.01	0.051501882427645106	0.013474287857779686	0.015048964461520811	0.016731226743249266	0.025804989863912824	0.01636849720465121	0.024426551824048688	0.05121998095043054	0.10698059420861641	0.01237067621959916	99.59236484544527
0.021000263804955094	0.01	0.01	0.01	0.007	0.01	0.0613713083019729	0.0159445454244172	0.017452197181273506	0.01911512254110411	0.030197911159971058	0.023426310333707605	0.03479777444505999	0.07199837555312605	0.14877397590361732	0.017492605284501105	99.51124626743498
0.024623713347899572	0.01	0.01	0.01	0.007	0.01	0.07147283802732085	0.018435752243436288	0.019768595760549176	0.021330677359378488	0.03452901755483023	0.03203218203471709	0.047355359497172886	0.09665535446801157	0.19759037011632768	0.02362706410100842	99.42715717901716
0.028434944605030377	0.01	0.01	0.01	0.007	0.01	0.08194851833904793	0.020979591584468424	0.022024734904251962	0.02340802338542987	0.03885337143322657	0.04247107821030835	0.06247717212092422	0.1257405404637552	0.25426743871062163	0.03093362039474417	99.33878693120548
0.03240023830045725	0.01	0.01	0.01	0.007	0.01	0.09268746164832393	0.023545521576033835	0.024190683430414063	0.025324498038015245	0.04311906090903818	0.05481520290805796	0.0802243675051135	0.1591612082102592	0.3183666188197926	0.039415050734089595	99.24692783736812
0.03653773014355836	0.01	0.01	0.01	0.007	0.01	0.10372120392843051	0.026137833949352072	0.026269029546336725	0.02708875413990844	0.047332752843168235	0.06927873947601065	0.10085704103306692	0.1971873426792785	0.390155525708333	0.049168153506466104	99.15117019490293
0.04084060448149786	0.01	0.01	0.01	0.007	0.01	0.1150130427273699	0.028744620329607673	0.028249784353051494	0.028699077906313982	0.05146833734088656	0.08600326709133452	0.124523715130163	0.23985921620080564	0.46946257945373526	0.06023345771784318	99.05168296183103
0.04531747893449133	0.01	0.01	0.01	0.007	0.01	0.1265667301572096	0.031363594321611205	0.030131762625473166	0.030161871979931972	0.055500332172011085	0.10518961804508709	0.15144971197612472	0.2873395563561583	0.556351516235913	0.07268228774266422	98.94827861255804
0.04997115473154194	0.01	0.01	0.01	0.007	0.01	0.1383697036248657	0.03398874941067726	0.03191179582843935	0.031482269135246016	0.05936728442085017	0.12702441720753183	0.1818318086940501	0.3397202539362998	0.650759605734559	0.08656106828503005	98.84090503000182
0.05480645676674921	0.01	0.01	0.01	0.007	0.01	0.15041374215964526	0.036615173969792456	0.033588430521699915	0.032667023057394044	0.06296235965084415	0.1517096698370117	0.21587964202301113	0.39709859192883806	0.7526431035119355	0.10189965601450884	98.72946423623729
0.05978511852950524	0.01	0.01	0.01	0.007	0.01	0.1625852822252876	0.039215774917172014	0.03514815486958909	0.033715181134501365	0.06610291375213057	0.1792079544822969	0.25346797956516354	0.459010212902368	0.8609923182746678	0.11854239806072489	98.61485067226234
0.06486033717366219	0.01	0.01	0.01	0.007	0.01	0.17475760688118372	0.04176272230677996	0.036581098715357786	0.034629845485534515	0.06861054432208002	0.20936368401066954	0.294315200640345	0.5247767616794612	0.9744953876736111	0.13622781105365644	98.4981512242158
0.07013159066417927	0.01	0.01	0.01	0.007	0.01	0.18715347197090668	0.04430122812977049	0.037918375290880296	0.03543944361861982	0.07043437008354292	0.24290164875873954	0.33932484445724254	0.59562038190906	1.0951336114268788	0.15516121717802378	98.37709035859746
0.07564683711165754	0.01	0.01	0.01	0.007	0.01	0.19985945568616503	0.04684552340139744	0.039169881642902284	0.036156457424999976	0.07157111656189126	0.28035236600558144	0.38910820782851824	0.6722065506084507	1.2238662449747628	0.17536249587720001	98.25058517164214
0.08137283714688355	0.01	0.01	0.01	0.007	0.01	0.21277161904025063	0.04937135896765475	0.040326620641983696	0.03678215778173436	0.0721013802765558	0.3217238678122249	0.4435660718005798	0.7540792365611402	1.359768053605344	0.19654753454823276	98.1194179701353
0.08733430710077922	0.01	0.01	0.01	0.007	0.01	0.22591891381502593	0.05188143301585167	0.04139383524983348	0.03732595361906571	0.0721744724064858	0.36742106257077917	0.5031148979265145	0.8415672390155758	1.503253119686478	0.21865962782306467	97.98304284662686
0.09354287883590691	0.01	0.01	0.01	0.007	0.01	0.23929752732975942	0.054371835761688324	0.042373863953383106	0.037795211796930586	0.07193477355279496	0.4177808348750066	0.5680641350875921	0.9348146284696095	1.6544345905985607	0.24162323482105813	97.8412164907813
0.10006011659598513	0.01	0.01	0.01	0.007	0.01	0.2530050812818999	0.05685683081173362	0.043275788484373065	0.03819989341855605	0.07149446123753671	0.4735965696551109	0.6392864899043653	1.0347313540504672	1.8146599203404548	0.2655743571512467	97.69255992574618
0.10692526317296357	0.01	0.01	0.01	0.007	0.01	0.26708111899536535	0.05933859533426048	0.04410310714701434	0.03854658571201956	0.07093322090724559	0.5355645845409324	0.7174910869377233	1.1419217225238467	1.98475793842822	0.2905846938678604	97.53621191226145
0.1141676643841636	0.01	0.01	0.01	0.007	0.01	0.28153711011397453	0.06181366879067384	0.044857453441281864	0.03884074213206573	0.07030677250467242	0.6043553059779001	0.8033176798248021	1.2568416500923674	2.1653164963423808	0.3167026874395651	97.3715434535042
0.12180616837341322	0.01	0.01	0.01	0.007	0.01	0.29635781583303683	0.06427387231266893	0.04553962589522789	0.03908731336971379	0.0696540725390645	0.680584132290114	0.8973022435074567	1.3797712119881116	2.356655657835889	0.34394884904703055	97.19817013642553
0.12986303765432566	0.01	0.01	0.01	0.007	0.01	0.311530024174941	0.06671155792057225	0.0461514125809117	0.03929144426310699	0.06900141783943589	0.7649341705050614	1.000029456319363	1.511029141538952	2.559172141736278	0.3723637520462261	97.01563557271322
0.13836366786398863	0.01	0.01	0.01	0.007	0.01	0.3270411296532651	0.06911935700335628	0.046695378987561424	0.039458270341572364	0.06836637946799341	0.8581598536772643	1.1121319843165038	1.6509707413336088	2.7733347886694126	0.4020044101624974	96.82341888534427
0.1473386359055405	0.01	0.01	0.01	0.007	0.01	0.3428818409578549	0.07149057892975902	0.047174819197272046	0.03959280052676734	0.06776045409094753	0.9611168762368605	1.2343204629936788	1.80002371018406	2.9997375599193274	0.43294934836059057	96.62088973867608
0.1568226197457682	0.01	0.01	0.01	0.007	0.01	0.35904289891905494	0.07381867001290593	0.04759349816276133	0.03969976536634295	0.0671910789855722	1.0747598635366509	1.3673731232593316	1.9586723077913695	3.239072634656075	0.46529310844816135	96.40733448131158
0.16685485320585886	0.01	0.01	0.01	0.007	0.01	0.3755146521692021	0.07609716823657642	0.04795554558618802	0.03978354506154384	0.06666287742027824	1.2001559748151107	1.5121439258905094	2.1274657348608828	3.492140927792951	0.4991465468642167	96.18194773695858
0.1774788753495729	0.01	0.01	0.01	0.007	0.01	0.39228538294806736	0.0783195107281597	0.04826533798045215	0.03984811684605594	0.06617851031336014	1.3384899863816102	1.6695598324076149	2.3070141583438755	3.7598438630981255	0.5346349702226734	95.94384015187343
0.1887427893498038	0.01	0.01	0.01	0.007	0.01	0.409340513815266	0.08047901011045525	0.04852742210540699	0.03989703126936138	0.06573920565037869	1.491074835136648	1.8406238239118855	2.497992715191359	4.04318715233034	0.5718981872885202	95.69203494037822
0.20069926828723184	0.01	0.01	0.01	0.007	0.01	0.4266614103811444	0.08256881398501	0.04874643798778287	0.039933402907266824	0.06534511416984251	1.6593582914805933	2.0264129064199374	2.701140843615607	4.34327740571714	0.6110897990681977	95.42547043902591
0.21340565479653184	0.01	0.01	0.01	0.007	0.01	0.44422438986321344	0.0845819332733728	0.04892705028978464	0.03995991536793215	0.06499553957056098	1.8449296852416677	2.2280759254467193	2.917262813772187	4.661320352907013	0.6523768469821742	95.1430009020843
0.22692386131981018	0.01	0.01	0.01	0.007	0.01	0.4619995485489767	0.08651129021148408	0.04907387781596613	0.039978836748212995	0.06468909893227995	2.0495221719095498	2.4468265704548378	3.147224519022095	4.998613333754014	0.6959388096473441	94.84340210766761
0.24132012477984938	0.01	0.01	0.01	0.007	0.01	0.4799496049412625	0.08834981260144802	0.04919142279779413	0.03999204434232119	0.06442383789132407	2.2750102799191443	2.6839320590432267	3.391947449223694	5.356533502317458	0.741966114087619	94.52538052913266
0.25666440636440646	0.01	0.01	0.01	0.007	0.01	0.49802863161810473	0.09009056004231414	0.04928399863679663	0.04000105669929345	0.06419732337596983	2.5233983730696465	2.9406938649115033	3.6523963239636394	5.73651668161425	0.7906574848901481	94.18759061958689
0.27302929903792567	0.01	0.01	0.01	0.007	0.01	0.516180743991537	0.09172688952030748	0.04935565909509405	0.04000707145018325	0.06400672601607864	2.7967960580716835	3.218417902934919	3.929558150222114	6.1400237910018385	0.842215722567345	93.82866302155688
0.29048828765824386	0.01	0.01	0.01	0.007	0.01	0.5343388692056428	0.09325266684618358	0.04941013335352268	0.040011007032044486	0.06384890049676246	3.0973758583790967	3.5183714439164566	4.224410288250799	6.568491551247107	0.8968414737829058	93.4472467461057
0.3091133850611176	0.01	0.01	0.01	0.007	0.01	0.5524239548740125	0.09466253963719466	0.04945077278163652	0.04001354626723979	0.06372046831223128	3.427311404144321	3.841727458042547	4.5378782785728395	7.023268804630628	0.9547251431796222	93.04206428527299
0.32897273280194433	0.01	0.01	0.01	0.007	0.01	0.5703454177135779	0.09595229802241508	0.049480515011022366	0.040015179681416685	0.0636179048617824	3.788705490812918	4.189507704131311	4.870793759129813	7.505553627615843	1.0160388490325762	92.6119662984071
0.3501291950078346	0.01	0.01	0.01	0.007	0.01	0.5880036033885353	0.09711930852205022	0.049501867974832886	0.04001624651966859	0.06353763442685416	4.183528633404176	4.562544745847643	5.223869882644232	8.016356497125942	1.0809316023115931	92.15596342276804
0.3726409876506515	0.01	0.01	0.01	0.007	0.01	0.6052944282002647	0.0981629402518486	0.04951691382934346	0.040016971775427165	0.0634761354844814	4.6135932085145805	4.961483892101456	5.597711183025378	8.556513878765594	1.1495307988915853	91.67321335013796
0.3965644368600991	0.01	0.01	0.01	0.007	0.01	0.6221151814988402	0.09908484456292596	0.049527330847598874	0.040017498011266375	0.06343005308176396	5.080572763652273	5.386828430755449	5.9928582840880145	9.126752487898026	1.221950101392847	91.16296263619978
0.4219577514575677	0.01	0.01	0.01	0.007	0.01	0.6383697671643211	0.09988897804536638	0.0495344305809557	0.04001791126582902	0.06339630540489892	5.586050609373196	5.839007930265361	6.40984767343019	9.727775333966552	1.298300129973877	90.62446872131198
0.4488844907022095	0.01	0.01	0.01	0.007	0.01	0.6539722422716131	0.10058136882879597	0.04953920643075479	0.040018260899159136	0.06337216681255813	6.131572421787308	6.318443871040733	6.849264075194736	10.360336921684613	1.378697903819583	90.05693116339518
0.4774159063656358	0.01	0.01	0.01	0.007	0.01	0.6688484905710401	0.10116971042465657	0.0495423881780176	0.040018573807496884	0.063355315226276	6.718683156394855	6.825595348719387	7.311772044688844	11.02528824101551	1.4632726136334566	89.45944944044152
0.5076320111237402	0.01	0.01	0.01	0.007	0.01	0.6829365542357745	0.10166288767751708	0.04954449660171114	0.04001886391751273	0.06334384208594655	7.348940736331248	7.3609803816715385	7.79812501569147	11.723589001369946	1.5521673914770633	88.83100974944848
0.5396214615038826	0.01	0.01	0.01	0.007	0.01	0.6961862398540701	0.10207051094812881	0.04954589343162508	0.04001913809978567	0.06333623139513157	8.023904628305612	7.925173699994596	8.309154086681438	12.456290462741908	1.6455374611669704	88.17049799259563
0.5734803729673977	0.01	0.01	0.01	0.007	0.01	0.7085584864481241	0.10240250022128812	0.04954682382020287	0.04001939960806644	0.06333131788303976	8.745099527551744	8.518783385261798	8.845739372643903	13.224493057347653	1.743545146124951	87.47673541297596
0.6093100902229381	0.01	0.01	0.01	0.007	0.01	0.7200247952786685	0.10266873484128466	0.04954745035726051	0.040019649948411666	0.06332823420506256	9.513953905062595	9.142407792237474	9.40876531475249	14.029281012849529	1.8463519568045093	86.74853516298647
0.6472140212005766	0.01	0.01	0.01	0.007	0.01	0.7305669190322706	0.10287877094616787	0.04954787896993415	0.040019889828479385	0.06332635518023698	10.33171640131654	9.796576213687926	9.999062817960391	14.8716383797345	1.954108261551509	85.98477615609607
0.687293921412621	0.01	0.01	0.01	0.007	0.01	0.7401769249298337	0.1030416216594612	0.049548177790205934	0.04002011960909989	0.06332524468294602	11.199360441100435	10.481681780629003	10.617345435775206	15.75235710154467	2.0669418494751834	85.18448490920929
0.7296463981094337	0.01	0.01	0.01	0.007	0.01	0.7488576250177785	0.10316559198002215	0.04954839036181625	0.040020339508703685	0.06332460860111122	12.117496839941687	11.197921243241673	11.264152357849335	16.67195556511931	2.1849477109621214	84.34690888871334
0.7743607493390836	0.01	0.01	0.01	0.007	0.01	0.7566232064033954	0.1032581605040927	0.04954854455364278	0.04002054969698605	0.0633242554957873	13.08632187765654	11.945260851613668	11.939815278914935	17.63063195611816	2.3081821514617054	83.47155922026663
0.8215193581386504	0.01	0.01	0.01	0.007	0.01	0.7634997388415063	0.10332590283274917	0.049548658379266725	0.04002075034470999	0.06332406530869064	14.105629245753613	12.723447131157684	12.644466234054308	18.62827631950929	2.4366643513494344	82.55820052613838
0.8712010294836151	0.01	0.01	0.01	0.007	0.01	0.7695251053461936	0.10337445463542794	0.04954874368742799	0.04002094165542998	0.0633239656203692	15.174893262949318	13.532065115728116	13.37808925191809	19.664544577684847	2.5703858826303296	81.60678400354969
0.9234867753706378	0.01	0.01	0.01	0.007	0.01	0.7747480429342054	0.10340851543772286	0.049548808449731564	0.04002112388571421	0.06332391446770194	16.29340828162231	14.370631021935264	14.140604792746133	20.73897791018033	2.7093261589702426	80.61733781877803
0.9784667289598319	0.01	0.01	0.01	0.007	0.01	0.7792262555694891	0.10343189288951889	0.04954885816004427	0.0400212973534868	0.06332388850439219	17.46044942298841	15.238693700038722	14.93196431890536	21.85113464623103	2.8534696804378186	79.5898439974532
1.036246908664901	0.01	0.01	0.01	0.007	0.01	0.7830238733204115	0.10344758264285639	0.04954889669025618	0.04002146243511858	0.06332387525181625	18.675420975159934	16.135922100627894	15.752234538322732	23.000705369023656	3.0028213414640956	78.52412824573284
1.0969550998546116	0.01	0.01	0.01	0.007	0.01	0.7862086771237059	0.10345787352595069	0.049548926820984655	0.04002161955433692	0.06332386828916596	19.937972451734186	17.06216692374253	16.60166035954248	24.18759574617325	3.1574178080811004	77.41977690543506
1.1607458361432188	0.01	0.01	0.01	0.007	0.01	0.7888494743404458	0.10346446485151062	0.04954895057933775	0.04002176916731004	0.06332386442318086	21.248079609362076	18.017496974412452	17.48070664648193	25.411977350845174	3.3173349860453905	76.27608094814535
1.2278048186986759	0.01	0.01	0.01	0.007	0.01	0.7910138664401034	0.10346858338810881	0.049548969460765833	0.040021911747428605	0.06332386210778555	22.60609648470947	19.00221614657005	18.39008383943401	26.674313696605605	3.482692506568437	75.09200044158946
1.2983532402176456	0.01	0.01	0.01	0.007	0.01	0.7927665079138426	0.10347109071517605	0.049548984579290654	0.040022047771910804	0.06332386060510471	24.012787421332547	20.016868061549246	19.330763721244967	27.97537024269329	3.653656373238664	73.86614131035722
1.3726525721070346	0.01	0.01	0.01	0.007	0.01	0.7941678571425365	0.1034725755914198	0.049548996771840936	0.04002217771125765	0.06332385956088138	25.46934926028639	21.06223547831412	20.303991970407704	29.31621738003156	3.830440974424535	72.59673568516129
1.4510101278763006	0.01	0.01	0.01	0.007	0.01	0.795273360239453	0.1034734293650463	0.04954900667205896	0.04002230202131091	0.0633238587989238	26.977427730800926	22.13933666258489	21.31129986273383	30.698229204874067	4.013310881803768	71.28162264812288
1.533785917544694	0.01	0.01	0.01	0.007	0.01	0.7961329957068466	0.1034739048761091	0.049549014763232375	0.04002242113762528	0.06332385822537896	28.53913458790328	23.24942243988377	22.354519167574487	32.12308294314857	4.20258315625335	69.91822392255729
1.6214009115094021	0.01	0.01	0.01	0.007	0.01	0.7967911005135507	0.10347416070072282	0.04954902141660448	0.04002253547087029	0.06332385778544473	30.157062583043935	24.393970714445633	23.435798058231978	33.59275503617216	4.39862974577365	68.50351711018132
1.7143468107456068	0.01	0.01	0.01	0.007	0.01	0.7972864116378559	0.10347429321494732	0.04954902691931572	0.040022645401593865	0.06332385744403807	31.834293688057414	25.574674042488503	24.557614873150293	35.10950838767755	4.601879378027506	67.03401031673584
1.8131960005834358	0.01	0.01	0.01	0.007	0.01	0.7976522641632021	0.1034743590461914	0.04954903149487063	0.04002275126966181	0.06332385717702187	33.57436999212948	26.79339765976822	25.722769262784528	36.67584189686385	4.812815214879381	65.50574466169878
1.9186053136512604	0.01	0.01	0.01	0.007	0.01	0.7979168973346908	0.10347439026687602	0.049549035318082225	0.040022853344164194	0.06332385696700256	35.381115224396446	28.052029495421106	26.934275491832743	38.29430144528689	5.031954651467968	63.91442335196646
2.03128190103758	0.01	0.01	0.01	0.007	0.01	0.7981038192807315	0.10347440432306797	0.04954903852549532	0.040022951719441	0.06332385680113821	37.257804265567295	29.351877612224825	28.19481900791416	39.96670856108789	5.259750122073102	62.256114369116155
2.1517322590557186	0.01	0.01	0.01	0.007	0.01	0.7982321458767359	0.10347441028754276	0.04954904122009788	0.040023045901516084	0.06332385666998278	39.202973274656706	30.69077701520618	29.503945706897355	41.690437066295154	5.496081198714378	60.53094813545419
2.2787805517524258	0.01	0.01	0.01	0.007	0.01	0.7983167180295773	0.1034744126450746	0.0495490434611278	0.04002313327347521	0.06332385656731854	41.18813218722698	32.047984947770715	30.842989810570252	43.4389361389684	5.737540473695753	58.76306116167174
2.4054438790590718	0.01	0.01	0.01	0.007	0.01	0.798368725985906	0.10347441350073339	0.0495490452443953	0.04002320840654201	0.06332385649036272	43.10111718329085	33.3465500715037	32.13649199999416	45.11310597366592	5.970509232277669	57.051931590350534
2.5245067390067506	0.01	0.01	0.01	0.007	0.01	0.7983993101795159	0.10347441380164815	0.04954904661075644	0.040023273567182535	0.06332385643453552	44.84076466248897	34.519058462768875	33.31569135610468	46.62586568107225	6.1826379719985916	55.488937010351734
2.6368887443375812	0.01	0.01	0.01	0.007	0.01	0.7984178716767815	0.10347441391419426	0.049549047684203096	0.04002333520727041	0.0633238563926827	46.432162882844864	35.584232997352125	34.397006906408244	48.001127241312474	6.376933009079267	54.052948600877514
2.7463079014239504	0.01	0.01	0.01	0.007	0.01	0.7984297133298314	0.10347441395941168	0.0495490485688453	0.04002339332372733	0.06332385635961854	47.93559533688847	36.583645489138775	35.42099720350757	49.2923980421764	6.560717573800893	52.69053188504403
2.855750559752544	0.01	0.01	0.01	0.007	0.01	0.798437520833916	0.10347441397832557	0.04954904932597885	0.040023446930207145	0.0633238563324287	49.39510048511296	37.54709460544558	36.41749113320546	50.53810494202195	6.73935993937277	51.36217356821185
2.966676810121562	0.01	0.01	0.01	0.007	0.01	0.7984427232411241	0.10347441398630121	0.049549049987024855	0.040023496370550644	0.06332385630958659	50.83038381206063	38.48768317806277	37.39992610819244	51.75517259366979	6.9152706702248254	50.049976961567
3.0792649044776716	0.01	0.01	0.01	0.007	0.01	0.7984461740217029	0.10347441398962762	0.049549050567856745	0.04002354220955351	0.0633238562902514	52.24303587709666	39.406396200580076	38.36942717144445	52.944878769323296	7.088648185315617	48.75239826401767
3.1929526399952564	0.01	0.01	0.01	0.007	0.01	0.7984484390709017	0.1034744139909923	0.04954905107801095	0.04002358483505155	0.06332385627387033	53.62555090541823	40.2983360986587	39.32086365746303	54.100878706195665	7.2585731847704285	47.47627833068519
3.3070117402062316	0.01	0.01	0.01	0.007	0.01	0.7984499119724249	0.10347441399154512	0.04954905152549261	0.04002362457891456	0.0633238562599897	54.969391328835876	41.158106475528875	40.2483332277519	55.21615838103871	7.423993693124492	46.22955591119639
3.4209235603268557	0.01	0.01	0.01	0.007	0.01	0.7984508649356036	0.10347441399176781	0.04954905191833528	0.04002366178586268	0.0633238562481988	56.26946701507691	41.98268401826634	41.148250568588765	56.28675936676861	7.584276204292602	45.017119132174265
3.5344903094877003	0.01	0.01	0.01	0.007	0.01	0.7984514809877864	0.10347441399185751	0.04954905226446039	0.040023696757124486	0.06332385623813046	57.52490469353566	42.77181558541802	42.0199131080386	57.31230706565313	7.739303675761128	43.84000957107589
3.647757463745087	0.01	0.01	0.01	0.007	0.01	0.7984518798888035	0.10347441399189372	0.04954905257108204	0.040023729701553386	0.06332385622947255	58.73762782880786	43.52702250844606	42.864553040305466	58.294730959683136	7.889303750295774	42.69666341796109
3.760873938815959	0.01	0.01	0.01	0.007	0.01	0.7984521387476865	0.10347441399190842	0.0495490528443095	0.04002376075426069	0.06332385622197315	59.910506403667306	44.25038291027703	43.68407314995514	59.236689591960605	8.03462220802163	41.58459756265472
3.8739798250236204	0.01	0.01	0.01	0.007	0.01	0.7984523069918952	0.10347441399191437	0.04954905308908279	0.040023790021871945	0.06332385621543388	61.04608628463939	44.943728460268034	44.48016652057341	60.14052723974035	8.17556624461568	40.501596334176845
3.987153748275683	0.01	0.01	0.01	0.007	0.01	0.798452416406712	0.1034744139919168	0.049549053309333284	0.040023817611319255	0.0633238562096993	62.14611434296187	45.608365621138205	45.253979621541	61.007908916893605	8.312345156223127	39.44617390362362
4.100411007659495	0.01	0.01	0.01	0.007	0.01	0.7984524875520409	0.10347441399191776	0.049549053508221905	0.04002384363659876	0.063323856204647	63.211628433553415	46.24515211350208	46.006167401688565	61.83991703118045	8.445080759517039	38.41750754336583
4.213728059924995	0.01	0.01	0.01	0.007	0.01	0.798452533790828	0.10347441399191815	0.04954905368835548	0.04002386821405871	0.06332385620017764	64.24327854051653	46.85470765264653	46.737112930876265	62.637324064015395	8.573846737292392	37.41514450873609
4.327070742005868	0.01	0.01	0.01	0.007	0.01	0.7984525638282606	0.10347441399191831	0.04954905385194255	0.040023891454878696	0.06332385619620885	65.24162967045437	47.43760256757709	47.44713834010754	63.40083795133176	8.698706102273993	36.438716546415975
4.440413096809117	0.01	0.01	0.01	0.007	0.01	0.7984525833355645	0.10347441399191835	0.049549054000888736	0.040023913459251416	0.06332385619267185	66.20733334165986	47.99445906149363	48.136626336857	64.13123456648763	8.81973260349418	35.487773263162524
4.5537437158713345	0.01	0.01	0.01	0.007	0.01	0.7984525960032501	0.10347441399191842	0.04954905413685084	0.040023934314156115	0.06332385618950857	67.14116555158594	48.525969476744244	48.8060486941901	64.82938220433832	8.937015614034323	34.56174143271442
4.667063080668015	0.01	0.01	0.01	0.007	0.01	0.7984526042298087	0.10347441399191844	0.04954905426127044	0.04002395409452022	0.06332385618666965	68.04398501019759	49.032867997200526	49.45593805529591	65.49620506786252	9.050655048406895	33.65996221993209
4.780377420443334	0.01	0.01	0.01	0.007	0.01	0.7984526095727057	0.10347441399191844	0.04954905437539881	0.0400239728661508	0.06332385618411354	68.91667083285328	49.515892586510205	50.08684428625129	66.13263364349542	9.160753632028747	32.781750512978874
4.893693226619312	0.01	0.01	0.01	0.007	0.01	0.7984526130429784	0.10347441399191844	0.049549054480321125	0.040023990688712395	0.06332385618180471	69.76007571044579	49.97575804059497	50.69930103844737	66.73956933944216	9.267411031863118	31.92644103442963
5.007014356815262	0.01	0.01	0.01	0.007	0.01	0.7984526152970091	0.10347441399191844	0.04954905457697965	0.040024007617707254	0.06332385617971337	70.57500612088752	50.413145708114776	51.29381119870549	67.31787083427398	9.370721336967131	31.093408834825805
5.120341644416505	0.01	0.01	0.01	0.007	0.01	0.7984526167610384	0.10347441399191844	0.04954905466619567	0.04002402370531447	0.06332385617781358	71.36222383040659	50.82870545195104	51.870847548028244	67.868356488495	9.470773208018992	30.282068804749738
5.233673926310827	0.01	0.01	0.01	0.007	0.01	0.7984526177119191	0.10347441399191844	0.04954905474868853	0.04002403900048469	0.06332385617608335	72.1224570015612	51.22306259762838	52.43086049031538	68.39181337706295	9.567651250505076	29.49186522034261
5.347009386207832	0.01	0.01	0.01	0.007	0.01	0.7984526183294922	0.10347441399191844	0.049549054825091025	0.04002405354877169	0.0633238561745039	72.85641158632887	51.59682452335794	52.97428618733034	68.88900592621184	9.661437442510639	28.722260519592457
5.460346552974686	0.01	0.01	0.01	0.007	0.01	0.7984526187305813	0.10347441399191844	0.04954905489596316	0.040024067392224	0.0633238561730586	73.56477860660533	51.95058463114869	53.5015518550813	69.3606811497182	9.752212056167773	27.972727891854458
5.573684638486321	0.01	0.01	0.01	0.007	0.01	0.7984526189910697	0.10347441399191844	0.04954905496180084	0.04002408056952381	0.06332385617173326	74.24823615666918	52.28492335580695	54.0130772614191	69.80756998793579	9.840053914779267	27.242749137196856
5.687023470107697	0.01	0.01	0.01	0.007	0.01	0.7984526191602438	0.10347441399191844	0.04954905502304571	0.04002409311628235	0.06332385617051513	74.90744868575293	52.60040776585102	54.50927421961271	70.23038677712657	9.925040303284218	26.53181535351904
5.800363220487349	0.01	0.01	0.01	0.007	0.01	0.7984526192701136	0.10347441399191844	0.049549055080090956	0.04002410506541084	0.06332385616939357	75.5430652978583	52.897590755818186	54.990545318025326	70.62982816075088	10.007246749775913	25.839428741824854
5.913704107316329	0.01	0.01	0.01	0.007	0.01	0.7984526193414684	0.10347441399191844	0.049549055133287744	0.04002411644749057	0.06332385616835866	76.15571825735643	53.177010451836416	55.45728275865077	71.00657226759012	10.086746829285657	25.16510430132291
6.027046220683155	0.01	0.01	0.01	0.007	0.01	0.7984526193878093	0.10347441399191844	0.049549055182951	0.040024127291062965	0.06332385616740227	76.74602251370473	53.43919018647069	55.90986792955741	71.3612786395228	10.163612095885883	24.508370506309298
6.140389538081561	0.01	0.01	0.01	0.007	0.01	0.7984526194179049	0.10347441399191844	0.049549055229362815	0.04002413762280509	0.06332385616651691	77.31457633746336	53.68463900947682	56.348671811700534	71.694588877074	10.237912157874083	23.868768789951336
6.253733931912439	0.01	0.01	0.01	0.007	0.01	0.79845261943745	0.10347441399191844	0.04954905527277699	0.040024147467690965	0.06332385616569583	77.86196188264307	53.91385215258548	56.77405533415223	72.00712722532128	10.309714743823744	23.24585309833596
6.367079229533435	0.01	0.01	0.01	0.007	0.01	0.7984526194501436	0.10347441399191844	0.0495490553134226	0.040024156849106894	0.06332385616493305	78.38874596102072	54.1273115666365	57.1863699003125	72.2995012617035	10.37908579702376	22.63918918825802
6.480425295831639	0.01	0.01	0.01	0.007	0.01	0.7984526194583872	0.10347441399191844	0.04954905535150654	0.04002416578893996	0.06332385616422377	78.89548083416771	54.325486433040226	57.58595794111504	72.5723025551207	10.446089573465915	22.048353872704606
6.59377203322505	0.01	0.01	0.01	0.007	0.01	0.7984526194637407	0.10347441399191844	0.049549055387215934	0.04002417430769529	0.063323856163563	79.38270456019983	54.50883347164925	57.97315312897973	72.82610705073175	10.510788682051922	21.47293475660414
6.707119374156961	0.01	0.01	0.01	0.007	0.01	0.7984526194672175	0.10347441399191844	0.04954905542072072	0.04002418242460631	0.06332385616294677	79.85094130305174	54.677797231611336	58.34828056293691	73.06147543191018	10.573244119915184	20.912530014610446
6.820467281096711	0.01	0.01	0.01	0.007	0.01	0.7984526194694752	0.10347441399191844	0.04954905545217557	0.040024190157731336	0.06332385616237113	80.30070167118457	54.83281039127707	58.711656977719734	73.27895349526864	10.633515311707631	20.366748132824682
6.933815716513087	0.01	0.01	0.01	0.007	0.01	0.7984526194709414	0.10347441399191844	0.04954905548172098	0.040024197524056795	0.06332385616183298	80.73248293685457	54.97429401583104	59.06359085654439	73.4790724667438	10.69166013290178	19.83520779512241
7.047164635367529	0.01	0.01	0.01	0.007	0.01	0.7984526194718937	0.10347441399191844	0.049549055509485185	0.04002420453958234	0.06332385616132913	81.14676935614285	55.10265785323863	59.40438262349205	73.66234937077523	10.747734946433866	19.317537651781738
7.16051400012778	0.01	0.01	0.01	0.007	0.01	0.798452619472512	0.10347441399191844	0.04954905553558549	0.04002421121938469	0.06332385616085713	81.54403256392334	55.21830064900654	59.73432489907085	73.82928742756825	10.80179464963546	18.813375990847316
7.273863780768038	0.01	0.01	0.01	0.007	0.01	0.7984526194729138	0.10347441399191844	0.049549055560129195	0.04002421757768421	0.06332385616041424	81.924731897277	55.321610430331894	60.05370270017262	73.98037640885624	10.853892711782935	18.322370491042925
7.387213939755271	0.01	0.01	0.01	0.007	0.01	0.7984526194731747	0.10347441399191844	0.04954905558321441	0.04002422362791359	0.06332385615999848	82.28931466357466	55.41296477181241	60.36279359475557	74.11609296778545	10.904081204184092	17.84417804337196
7.50056443955608	0.01	0.01	0.01	0.007	0.01	0.7984526194733439	0.10347441399191844	0.04954905560493155	0.04002422938276955	0.06332385615960759	82.63821648074807	55.492731077999565	60.66186791794241	74.23690099433266	10.95241084022637	17.37846447765429
7.613915235129796	0.01	0.01	0.01	0.007	0.01	0.798452619473454	0.10347441399191844	0.049549055625363506	0.04002423485426787	0.06332385615923981	82.97186155984282	55.56126684573131	60.95118894132468	74.34325194255463	10.998931007679872	16.92490435964248
7.727266303956298	0.01	0.01	0.01	0.007	0.01	0.7984526194735253	0.10347441399191844	0.049549055644586656	0.040024240053772836	0.0633238561588936	83.29066308864675	55.61891994111811	61.23101313222184	74.43558518295023	11.04368981530869	16.483180645187495
7.840617623515305	0.01	0.01	0.01	0.007	0.01	0.7984526194735718	0.10347441399191844	0.04954905566267138	0.040024244992052475	0.06332385615856749	83.59502344677955	55.66602883350476	61.5015902701024	74.51432829126777	11.086734116289701	16.052984555479757
7.953969171286395	0.01	0.01	0.01	0.007	0.01	0.7984526194736019	0.10347441399191844	0.04954905567968271	0.040024249679318	0.06332385615825989	83.88533448728408	55.70292284215779	61.76316362077662	74.57989735752724	11.12810954091743	15.634015361769608
8.06732093976302	0.01	0.01	0.01	0.007	0.01	0.7984526194736214	0.10347441399191844	0.04954905569568084	0.040024254125252	0.06332385615796966	84.16197784664618	55.72992237945879	62.01597013897277	74.63269729316116	11.16786053361767	15.225980122353475
8.180672906424553	0.01	0.01	0.01	0.007	0.01	0.7984526194736341	0.10347441399191844	0.049549055710721296	0.04002425833905777	0.06332385615769566	84.42532513520567	55.74733917528462	62.26024056440713	74.67312210698047	11.206030373033867	14.828593589195272
8.294025048750255	0.01	0.01	0.01	0.007	0.01	0.7984526194736424	0.10347441399191844	0.04954905572485554	0.04002426232948287	0.0633238561574368	84.67573823858538	55.75547651182471	62.49619961917036	74.70155520198414	11.242661208057747	14.441577951287082
8.407377351726321	0.01	0.01	0.01	0.007	0.01	0.7984526194736479	0.10347441399191844	0.049549055738131245	0.04002426610484221	0.06332385615719205	84.91356958643132	55.75462944518032	62.72406617930811	74.71836965414931	11.277794089537869	14.064662616289597
8.520729792831842	0.01	0.01	0.01	0.007	0.01	0.7984526194736514	0.10347441399191844	0.049549055750592985	0.04002426967305368	0.06332385615696061	85.13916236613571	55.74508502051976	62.944053396295075	74.72392847956728	11.311468994102524	13.697584073042297
8.634082357052879	0.01	0.01	0.01	0.007	0.01	0.7984526194736536	0.10347441399191844	0.049549055762281906	0.04002427304165351	0.06332385615674155	85.35285079485637	55.72712248260375	63.15636887600238	74.71858490056863	11.34372485674784	13.340085657759909
8.747435036882507	0.01	0.01	0.01	0.007	0.01	0.7984526194736551	0.10347441399191844	0.04954905577323637	0.0400242762178189	0.06332385615653417	85.55496034985791	55.70101347816359	63.36121482108607	74.70268259916146	11.3745995975784	12.991917378091514
8.860787832320844	0.01	0.01	0.01	0.007	0.01	0.7984526194736561	0.10347441399191844	0.04954905578349222	0.04002427920838886	0.0633238561563378	85.74580799307138	55.66702225319234	63.558788169800074	74.67655596410472	11.404130147876513	12.652835741598455
8.974140728353861	0.01	0.01	0.01	0.007	0.01	0.7984526194736566	0.10347441399191844	0.04954905579308287	0.040024282019897425	0.0633238561561516	85.9257023553379	55.625405854280615	63.749280694163296	74.64053033988965	11.43235247003667	12.32260365329208
9.087493717474569	0.01	0.01	0.01	0.007	0.01	0.7984526194736571	0.10347441399191844	0.04954905580203931	0.04002428465857759	0.06332385615597533	86.09494399284246	55.57641431285274	63.932879174440615	74.5949222609116	11.459301588818098	12.000990181125298
9.200846777161795	0.01	0.01	0.01	0.007	0.01	0.7984526194736573	0.10347441399191844	0.049549055810390576	0.04002428713039203	0.06332385615580816	86.25382556402164	55.52029083928771	64.10976549289268	74.54003969155613	11.485011610441465	11.687770458950393
9.314199899908498	0.01	0.01	0.01	0.007	0.01	0.7984526194736574	0.10347441399191844	0.049549055818163996	0.04002428944103097	0.06332385615564959	86.4026320797956	55.4572719897568	64.28011680947422	74.47618223943027	11.5095157535838	11.382725444289317
9.427553085714715	0.01	0.01	0.01	0.007	0.01	0.7984526194736575	0.10347441399191844	0.04954905582538494	0.040024291595931516	0.06332385615549915	86.54164108810185	55.387587841647395	64.44410567063285	74.40364137398844	11.53284637031274	11.08564179018722
9.540906327073387	0.01	0.01	0.01	0.007	0.01	0.7984526194736576	0.10347441399191844	0.04954905583207721	0.04002429360029956	0.0633238561553565	86.67112284922622	55.31146217262845	64.60190010740034	74.32270064891601	11.555034965493872	10.79631173650306
9.654259608970351	0.01	0.01	0.01	0.007	0.01	0.7984526194736576	0.10347441399191844	0.0495490558382633	0.0400242954591228	0.06332385615522117	86.79134052888891	55.22911262901978	64.75366375493802	74.23363591322449	11.576112219228486	10.514532962134458
9.767612931405623	0.01	0.01	0.01	0.007	0.01	0.7984526194736576	0.10347441399191844	0.04954905584396414	0.04002429717716976	0.06332385615509285	86.90255040733646	55.1407508714628	64.89955599727097	74.13671549661552	11.596108012553254	10.240108387422296
9.880966294379217	0.01	0.01	0.01	0.007	0.01	0.7984526194736576	0.10347441399191844	0.04954905584919923	0.04002429875900908	0.06332385615497099	87.00500204057013	55.04658274147932	65.03973205667596	74.03220041622939	11.615051445212112	9.972846076190955
9.994319690384046	0.01	0.01	0.01	0.007	0.01	0.7984526194736576	0.10347441399191844	0.049549055853987334	0.04002430020902485	0.0633238561548553	87.09893842997978	54.946808421897906	65.17434309356359	73.92034457683069	11.632970854895472	9.712559118524062
10.107673104405913	0.01	0.01	0.01	0.007	0.01	0.7984526194736576	0.10347441399191844	0.04954905585834582	0.04002430153142606	0.06332385615474553	87.18459619604272	54.84162258823122	65.30353631402983	73.80139496062365	11.64989383742615	9.459065497812402
10.221026551459031	0.01	0.01	0.01	0.007	0.01	0.7984526194736576	0.10347441399191844	0.04954905586229087	0.04002430273023384	0.06332385615464158	87.26220577172559	54.73121451854834	65.42745511468266	73.6755917691629	11.665847271525788	9.212187880713376
10.334380009022093	0.01	0.01	0.01	0.007	0.01	0.7984526194736576	0.10347441399191844	0.049549055865838035	0.04002430380932996	0.06332385615454275	87.3319915148572	54.61576829885002	65.54623910678603	73.5431686731234	11.680857327715291	8.971753643221657
10.44773349210931	0.01	0.01	0.01	0.007	0.01	0.7984526194736576	0.10347441399191844	0.04954905586900179	0.04002430477242037	0.06332385615444905	87.39417191750304	54.49546288814212	65.66002429605537	73.40435290218745	11.694949497228674	8.737594586390218
10.561086985706474	0.01	0.01	0.01	0.007	0.01	0.7984526194736576	0.10347441399191844	0.049549055871795915	0.040024305623082984	0.0633238561543601	87.448959716822	54.370472320903644	65.76894310611806	73.25936549144373	11.70814860076734	8.509546963161782
10.674440482306482	0.01	0.01	0.01	0.007	0.01	0.7984526194736576	0.10347441399191844	0.049549055874233174	0.040024306364752175	0.06332385615427599	87.49656206914617	54.240965800614916	65.87312451128984	73.10842140272888	11.72047881101091	8.287451283253084
10.787793989416437	0.01	0.01	0.01	0.007	0.01	0.7984526194736576	0.10347441399191844	0.049549055876325854	0.0400243070007215	0.06332385615419628	87.53718069581369	54.10710781673573	65.97269413161355	72.95172967187546	11.731963669990794	8.071152189559408
10.901147507036342	0.01	0.01	0.01	0.007	0.01	0.7984526194736576	0.10347441399191844	0.04954905587808554	0.04002430753416305	0.06332385615412063	87.5710120146607	53.969058293988994	66.06777429930695	72.78949359352201	11.742626103005579	7.860498394594919
11.014501012644876	0.01	0.01	0.01	0.007	0.01	0.7984526194736576	0.10347441399191844	0.04954905587952304	0.04002430796814254	0.06332385615404904	87.59824727752628	53.826972733881284	66.15848413415918	72.62191089723008	11.752488433718057	7.655342599598756
11.12785451374915	0.01	0.01	0.01	0.007	0.01	0.7984526194736576	0.10347441399191844	0.04954905588064871	0.0400243083055937	0.06332385615398134	87.6190727195162	53.68100226779583	66.24493967019677	72.44917381900103	11.761572404607433	7.455541294826194
11.24120802536337	0.01	0.01	0.01	0.007	0.01	0.7984526194736576	0.10347441399191844	0.04954905588147224	0.04002430854933603	0.06332385615391735	87.63366967949402	53.53129379672503	66.32725391530845	72.27146927411059	11.769899189604995	7.260954704427544
11.354561532473328	0.01	0.01	0.01	0.007	0.01	0.7984526194736576	0.10347441399191844	0.04954905588200291	0.04002430870210383	0.06332385615385683	87.64221472422955	53.3779901533132	66.40553690382806	72.08897905699172	11.777489406323376	7.071446752194726
11.467915027571916	0.01	0.01	0.01	0.007	0.01	0.7984526194736576	0.10347441399191844	0.049549055882249296	0.04002430876652759	0.06332385615379979	87.64487978074217	53.2212301629022	66.47989580281603	71.90187992120451	11.784363133640525	6.886884899414883
11.581268518166242	0.01	0.01	0.01	0.007	0.01	0.7984526194736576	0.10347441399191844	0.04954905588221996	0.0400243087451336	0.0633238561537459	87.64183225508903	53.06114873755555	66.5504349902369	71.7103436978145	11.790539925916894	6.707140042157672
11.6946219967492	0.01	0.01	0.01	0.007	0.01	0.7984526194736576	0.10347441399191844	0.04954905588192248	0.040024308640366824	0.06332385615369507	87.63323514973409	52.897877020782104	66.61725610830595	71.51453747433419	11.796038824888688	6.5320864698932715
11.807975463320794	0.01	0.01	0.01	0.007	0.01	0.7984526194736576	0.10347441399191844	0.04954905588136442	0.04002430845458118	0.06332385615364719	87.61924717888584	52.7315424567775	66.68045814927768	71.31462368339932	11.800878374367178	6.361601741061495
11.921328925388126	0.01	0.01	0.01	0.007	0.01	0.7984526194736576	0.10347441399191844	0.0495490558805528	0.040024308190043	0.06332385615360228	87.60002287870229	52.56226888726963	66.74013752352823	71.11076022410238	11.80507663302781	6.195566598962508
12.034682375444094	0.01	0.01	0.01	0.007	0.01	0.7984526194736576	0.10347441399191844	0.0495490558794944	0.04002430784894848	0.06332385615355998	87.57571272005042	52.39017668038627	66.79638811508305	70.90310062189637	11.808651186228213	6.033864921469128
12.148035805981598	0.01	0.01	0.01	0.007	0.01	0.7984526194736576	0.10347441399191844	0.04954905587819543	0.04002430743341825	0.06332385615352044	87.54646321387658	52.21538280197667	66.84930135637654	70.69179411921827	11.811619159109583	5.876383616379028
12.261389217000643	0.01	0.01	0.01	0.007	0.01	0.7984526194736576	0.10347441399191844	0.049549055876662015	0.04002430694549554	0.06332385615348354	87.5124170121731	52.03800089409263	66.89896629538816	70.47698577438952	11.81399722874206	5.72301253235405
12.37474261600833	0.01	0.01	0.01	0.007	0.01	0.7984526194736576	0.10347441399191844	0.049549055874899994	0.040024306387149274	0.06332385615344899	87.47371300713978	51.85814136213346	66.94546965689447	70.25881657080457	11.815801635631383	5.573644383252201
12.488096010511757	0.01	0.01	0.01	0.007	0.01	0.7984526194736576	0.10347441399191844	0.04954905587291457	0.0400243057602818	0.06332385615341683	87.43048643086193	51.67591147193829	66.98889589940399	70.03742353813595	11.817048194871662	5.428174683871725
12.60144939300383	0.01	0.01	0.01	0.007	0.01	0.7984526194736576	0.10347441399191844	0.04954905587071106	0.04002430506674061	0.06332385615338688	87.38286895757102	51.49141545790556	67.02932726918161	69.81293988702481	11.81775230719928	5.286501695324221
12.714802748470355	0.01	0.01	0.01	0.007	0.01	0.7984526194736576	0.10347441399191844	0.049549055868294604	0.040024304308316515	0.06332385615335924	87.33098879602052	51.304754593307116	67.06684386218161	69.5854950978542	11.817928970153488	5.148526342366351
12.828156084418433	0.01	0.01	0.01	0.007	0.01	0.7984526194736576	0.10347441399191844	0.04954905586566959	0.04002430348672782	0.06332385615333355	87.27497076603045	51.116027219777756	67.1015236898235	69.35521495947472	11.817592788607934	5.014152107847499
12.94150940084807	0.01	0.01	0.01	0.007	0.01	0.7984526194736576	0.10347441399191844	0.04954905586284056	0.04002430260364063	0.06332385615331007	87.21493639911209	50.925328873122965	67.13344272271026	69.12222172514102	11.81675798480442	4.883285002979384
13.054862705266357	0.01	0.01	0.01	0.007	0.01	0.7984526194736576	0.10347441399191844	0.04954905585981176	0.040024301660662426	0.06332385615328848	87.15100401708433	50.7327523334145	67.16267494844836	68.88663417619237	11.815438408301562	4.755833483756475
13.168215990166207	0.01	0.01	0.01	0.007	0.01	0.7984526194736576	0.10347441399191844	0.04954905585658727	0.0400243006593576	0.06332385615326885	87.083288828404	50.5383877362879	67.18929241756726	68.6485677604563	11.813647545949362	4.631708412353001
13.281569255547621	0.01	0.01	0.01	0.007	0.01	0.7984526194736576	0.10347441399191844	0.04954905585317101	0.04002429960123582	0.06332385615325108	87.01190299764926	50.342322606149324	67.21336530021706	68.40813463512197	11.811398531178265	4.5108229688916985
13.394922508917693	0.01	0.01	0.01	0.007	0.01	0.7984526194736576	0.10347441399191844	0.049549055849566516	0.04002429848775416	0.06332385615323491	86.93695572371216	50.144641924900675	67.23496193445169	68.16544375286614	11.808704153070744	4.393092591803418
13.508275742769337	0.01	0.01	0.01	0.007	0.01	0.7984526194736576	0.10347441399191844	0.04954905584577727	0.04002429732033258	0.06332385615322068	86.85855333193929	49.945428238658195	67.25414886972014	67.92060099466289	11.805576865868295	4.278434942168611
13.621628957102555	0.01	0.01	0.01	0.007	0.01	0.7984526194736576	0.10347441399191844	0.04954905584180677	0.04002429610034175	0.06332385615320801	86.77679933515105	49.74476168444841	67.27099091816457	67.6737092043595	11.802028797258394	4.166769822215873
13.73498215191735	0.01	0.01	0.01	0.007	0.01	0.7984526194736576	0.10347441399191844	0.04954905583765803	0.04002429482910957	0.06332385615319704	86.69179451161745	49.54272006712924	67.2855511983324	67.42486828479821	11.79807175703031	4.058019127338067
13.848335327213727	0.01	0.01	0.01	0.007	0.01	0.7984526194736576	0.10347441399191844	0.0495490558333341	0.04002429350792267	0.06332385615318768	86.60363697651137	49.339378921702604	67.29789117938157	67.17417527598892	11.793717245374554	3.9521067914603316
13.961688482991688	0.01	0.01	0.01	0.007	0.01	0.7984526194736576	0.10347441399191844	0.04954905582883786	0.040024292138028	0.06332385615317973	86.51242225149677	49.13481157399207	67.30807072413198	66.92172443123373	11.788976460965708	3.848958733833995
14.075041626758319	0.01	0.01	0.01	0.007	0.01	0.7984526194736576	0.10347441399191844	0.04954905582417199	0.040024290720629525	0.06332385615317329	86.41824332616696	48.929089186066975	67.3161481314599	66.66760727437435	11.783860308483273	3.748502800653843
14.18839475100654	0.01	0.01	0.01	0.007	0.01	0.7984526194736576	0.10347441399191844	0.04954905581933928	0.040024289256903746	0.06332385615316836	86.3211907426725	48.722280854621204	67.32218017546437	66.4119127224246	11.778379407283513	3.6506687346319366
14.301747855736354	0.01	0.01	0.01	0.007	0.01	0.7984526194736576	0.10347441399191844	0.04954905581434204	0.04002428774798687	0.06332385615316473	86.22135264176765	48.51445362630596	67.32622214718003	66.1547271056414	11.772544097909956	3.555388105454958
14.415100933440687	0.01	0.01	0.01	0.007	0.01	0.7984526194736576	0.10347441399191844	0.0495490558091827	0.04002428619498567	0.06332385615316251	86.11881483823122	48.30567257964888	67.32832789248528	65.89613426981099	11.766364450086577	3.4625942749057295
14.528453999133697	0.01	0.01	0.01	0.007	0.01	0.7984526194736576	0.10347441399191844	0.04954905580386353	0.040024284598959736	0.06332385615316165	86.01366085449138	48.09600082280367	67.32854985025024	65.63621557431067	11.75985026813948	3.3722223258308524
14.641807045308312	0.01	0.01	0.01	0.007	0.01	0.7984526194736576	0.10347441399191844	0.04954905579838661	0.04002428296095062	0.063323856153162	85.90597202075506	47.88549962824516	67.32693908823967	65.37505005978444	11.753011100350246	3.2842090536081683
14.755160071964532	0.01	0.01	0.01	0.007	0.01	0.7984526194736576	0.10347441399191844	0.0495490557927541	0.04002428128196491	0.06332385615316365	85.79582750584322	47.67422842788773	67.32354533957049	65.11271444293658	11.745856244057707	3.198492897191078
14.868513079102364	0.01	0.01	0.01	0.007	0.01	0.7984526194736576	0.10347441399191844	0.049549055786967784	0.040024279562979506	0.06332385615316645	85.68330438020998	47.462244875926864	67.31841703735071	64.84928319516497	11.73839475259739	3.1150139022755443
14.981866066721809	0.01	0.01	0.01	0.007	0.01	0.7984526194736576	0.10347441399191844	0.049549055781029784	0.04002427780494244	0.0633238561531704	85.56847767078933	47.24960489659624	67.3116013486119	64.58482860250042	11.730635441672256	3.033713679363864
15.09521904232994	0.01	0.01	0.01	0.007	0.01	0.7984526194736576	0.10347441399191844	0.04954905577494161	0.04002427600876936	0.06332385615317562	85.45142040658551	47.03636271652904	67.30314420674256	64.31942080636681	11.72258689501472	2.9545353577482514
15.20857200592676	0.01	0.01	0.01	0.007	0.01	0.7984526194736576	0.10347441399191844	0.04954905576870508	0.04002427417535403	0.06332385615318195	85.33220368592085	46.822570938217	67.29309034458646	64.05312789546328	11.714257471459037	2.8774235564897945
15.321924950005199	0.01	0.01	0.01	0.007	0.01	0.7984526194736576	0.10347441399191844	0.04954905576232178	0.04002427230556909	0.06332385615318926	85.21089672782462	46.60828058429127	67.28148332632264	63.786015961413895	11.705655310920397	2.8023243449879973
15.435277874565264	0.01	0.01	0.01	0.007	0.01	0.7984526194736576	0.10347441399191844	0.04954905575579325	0.04002427040025752	0.06332385615319783	85.08756690556429	46.39354111212327	67.26836557664843	63.51814911737284	11.696788339020722	2.729185195054627
15.548630779606956	0.01	0.01	0.01	0.007	0.01	0.7984526194736576	0.10347441399191844	0.04954905574912095	0.04002426846023812	0.06332385615320724	84.96227980237707	46.17840046973132	67.2537784110152	63.24958956805138	11.687664273193828	2.657954949485301
15.661983665130279	0.01	0.01	0.01	0.007	0.01	0.7984526194736576	0.10347441399191844	0.04954905574230616	0.04002426648630665	0.06332385615321781	84.83509925826779	45.962905136485205	67.23776206458182	62.980397660821446	11.67829062812135	2.588583786276631
15.7753365386423	0.01	0.01	0.01	0.007	0.01	0.7984526194736576	0.10347441399191844	0.049549055735350296	0.040024264479231485	0.0633238561532294	84.70608740698178	45.747100148438975	67.2203557192145	62.710631917594824	11.668674720382084	2.521023179361851
15.888689392635957	0.01	0.01	0.01	0.007	0.01	0.7984526194736576	0.10347441399191844	0.049549055728254396	0.04002426243976859	0.06332385615324174	84.57530474597094	45.53102917979502	67.201597534366	62.44034913686596	11.658823675511279	2.455225878148326
16.0	0.01	0.01	0.01	0.007	0.01	0.7984526194736576	0.10347441399191844	0.0495490557211514	0.040024261587133673	0.063323856153255	84.44521205650886	45.31863315853398	67.18189773109405	62.17448604579772	11.648928003286569	2.392285434384496
