0.0	0.01	0.01	0.01	0.007	0.01	0.0	0.0	0.0	0.0	0.0	0.0	0.0	0.0	0.0	0.0	100.0
0.0034388887351758184	0.01	0.01	0.01	0.007	0.01	0.011308573796245272	0.0033184109815577924	0.00387475309206268	0.004084583226239339	0.004750317687190848	0.0007107180135775777	0.0011723078152170554	0.00237842815770409	0.003866834779688231	0.00045801216499299745	99.92903288594867
0.005499097830634384	0.01	0.01	0.01	0.007	0.01	0.018017055203826696	0.005261032493949538	0.0060617954068792335	0.006335671733796238	0.007465315697958349	0.001811962598519224	0.0029790172166124255	0.00599091010581565	0.009680274474967958	0.0011572287812390608	99.88654121576178
0.008610225491175263	0.01	0.01	0.01	0.007	0.01	0.028054236835093012	0.008131639365693229	0.009185230411197284	0.009479943068410056	0.011388667886691371	0.004422257626204998	0.007234942366967413	0.014359921043800671	0.02299415755340014	0.0027865738600527943	99.82240866429579
0.011473889478182958	0.01	0.01	0.01	0.007	0.01	0.037194755197056076	0.01070845491465029	0.011880331822348593	0.012123895787279241	0.014821252566566294	0.00782067510410713	0.012737532742596643	0.024982498429503258	0.03968182629429382	0.004868100407366251	99.76341370494534
0.014802600401636046	0.01	0.01	0.01	0.007	0.01	0.047702548599334586	0.013626900646724394	0.014810435218694625	0.014922753634303527	0.018608497971426635	0.012954502301934425	0.020989924709607338	0.040612002885682175	0.06392278714922645	0.007951481706361996	99.69488203081735
0.01818947497052785	0.01	0.01	0.01	0.007	0.01	0.05826619631086659	0.01651380152604317	0.017583005020085522	0.017495517604130418	0.022252148279547752	0.019465961133867078	0.031375666251683434	0.059887104049383626	0.09342104888808195	0.01178172478128831	99.62520119869339
0.02183857709514369	0.01	0.01	0.01	0.007	0.01	0.06950529357165192	0.019533709728525667	0.02035156607224753	0.01998783613169421	0.02595780670889338	0.027913721192322827	0.044740937169739904	0.08417909427604138	0.1300979570772484	0.016645769804301703	99.55017985696179
0.025626609951561685	0.01	0.01	0.01	0.007	0.01	0.08101800749566673	0.022572243254823026	0.02300358369002416	0.022299905100906143	0.02958145803572674	0.03823007824848387	0.06092439448915946	0.11296401725452616	0.17296632848475965	0.022456212512970274	99.47236201963393
0.029611059639206898	0.01	0.01	0.01	0.007	0.01	0.09296037138941597	0.025665745719440233	0.025568395204396986	0.024462284324466094	0.0331676671748549	0.05075397939295526	0.08039850533440149	0.1468440135053471	0.22273408296919947	0.029353754374450616	99.39057481879142
0.0337564489979616	0.01	0.01	0.01	0.007	0.01	0.1052056140755056	0.028776226276633635	0.02801237378038707	0.026451840586169995	0.03667310196205527	0.06557275286840777	0.10323154296937209	0.1856796549237242	0.279003498580518	0.03733191705203445	99.30555544851941
0.03808053277815355	0.01	0.01	0.01	0.007	0.01	0.11778653109150404	0.031907473630552755	0.03033874181992379	0.028277782977789274	0.04010058794376418	0.08293961439039226	0.12973965719237548	0.22974158963796504	0.34198127720282523	0.04646974169450492	99.21694866150057
0.04257547856217986	0.01	0.01	0.01	0.007	0.01	0.13065974649027778	0.03504416333096231	0.03253720888606701	0.029938998458450914	0.043422041778989284	0.10302088748119415	0.16009449197837333	0.27903459614906717	0.411492674891374	0.05679193298516207	99.12492447007929
0.04724999217141343	0.01	0.01	0.01	0.007	0.01	0.14382929824012267	0.03818299956165177	0.03460782306135892	0.03144300653764769	0.04660202632188577	0.12605491041169337	0.19456620876859393	0.33370796290288207	0.48757511677742216	0.0683491630746013	99.02931455435991
0.05210674610311578	0.01	0.01	0.01	0.007	0.01	0.1572808194457232	0.04131631381961873	0.03654861212250715	0.032796016140072604	0.049565483029635586	0.15226271369947406	0.23338637933889422	0.3938289862484529	0.5701566364534901	0.08116251002487924	98.93007487719606
0.05713606176641382	0.01	0.01	0.01	0.007	0.01	0.17096595482401797	0.044429072774679855	0.03835472425501556	0.03400265779480787	0.05218876178308331	0.18179498408819325	0.2766719645036016	0.4592786216323842	0.6589234486331804	0.09518704809956124	98.82741400073462
0.06228893078094117	0.01	0.01	0.01	0.007	0.01	0.18473405138989085	0.047484866383280505	0.04001238092949274	0.03506260965205401	0.05431391903221691	0.2145238179993816	0.3241305717372491	0.5293438334047585	0.7527928613418009	0.11021011932489469	98.72234158150901
0.06759888960235541	0.01	0.01	0.01	0.007	0.01	0.19865864299674615	0.05049851931131487	0.041537950737816534	0.0359951448286874	0.05585318916538964	0.25080884945208404	0.37617555974479194	0.604377529471916	0.8521432600802962	0.12620484490860256	98.61418280705087
0.07315691870986436	0.01	0.01	0.01	0.007	0.01	0.21295297659772838	0.05351230768923899	0.04295787140314483	0.03682346126523374	0.05678987658597485	0.29150678932436647	0.4339011545952443	0.6856433332121536	0.9585288894022278	0.14330070239381248	98.50109800676422
0.07895360475884784	0.01	0.01	0.01	0.007	0.01	0.22756116218051153	0.05650922134116466	0.044267778771519224	0.03755119129914102	0.05716380704917231	0.33684289059643263	0.4974685097858668	0.7730148245192523	1.0716556389811767	0.1613118334757408	98.38329559195039
0.0849557933063261	0.01	0.01	0.01	0.007	0.01	0.24237113204932764	0.05946244596639065	0.04546176842656017	0.0381817213641564	0.05709004474352022	0.3868190258129804	0.5667189787520134	0.8659474124192007	1.1907208271532723	0.17998190598704775	98.26146534298675
0.09118019396732208	0.01	0.01	0.01	0.007	0.01	0.25739693482099657	0.062371805434113456	0.04654672753545396	0.038725360123123866	0.05670490652169308	0.441820237641771	0.6420185851701045	0.9646234817157013	1.3158836276669827	0.19923563916394715	98.13528405708662
0.09768135999710213	0.01	0.01	0.01	0.007	0.01	0.2727374266074453	0.06525248818362814	0.047534363177999195	0.039193932453839286	0.056120307066325495	0.5026257515810063	0.7242412498660153	1.0698503911990884	1.448090589919778	0.21914335836527146	98.00366517139851
0.104509382374177	0.01	0.01	0.01	0.007	0.01	0.2884693483123617	0.06811339711932139	0.04843254495066675	0.03959639728780564	0.05541803834597968	0.5700796554510722	0.8142982664587037	1.182407698478904	1.5882331246864134	0.23978121038503922	97.8656189978535
0.11169812428512452	0.01	0.01	0.01	0.007	0.01	0.304622013251593	0.0709533705494937	0.049245311025182495	0.03993937284962167	0.054657012893667034	0.6449561879239225	0.912955598195212	1.3028287417026474	1.7368855972708266	0.2611899156991343	97.72049006817085
0.11926979727468545	0.01	0.01	0.01	0.007	0.01	0.32119152125333994	0.07376495103908837	0.04997521319339776	0.040228540662486094	0.053879265986850146	0.7279690412454219	1.0208514600957994	1.431449677909039	1.89438171669534	0.2833868689136061	97.56786310015836
0.12724460078474265	0.01	0.01	0.01	0.007	0.01	0.33816431291137816	0.07653918864415411	0.050625153022163194	0.04046949396364333	0.053113810412650814	0.8198528740985245	1.1386054681517912	1.5685597503554771	2.0610080688205437	0.3063933086523153	97.40736772970355
0.13564558162935875	0.01	0.01	0.01	0.007	0.01	0.35552769268202705	0.07926758608399295	0.05119885453142151	0.04066784862782485	0.05237992280733892	0.9214165159944291	1.2668838622631013	1.7144834770582118	2.237105945249303	0.33024625794206985	97.23858094990953
0.14450012768164397	0.01	0.01	0.01	0.007	0.01	0.37327195016465514	0.08194240955594415	0.05170075805944176	0.04082910701617962	0.051689913660347205	1.0335687106759601	1.4064250932152484	1.86960911638025	2.4231043450357324	0.3550004389050912	97.06099802175996
0.15384002533410324	0.01	0.01	0.01	0.007	0.01	0.3913891560635228	0.08455644610428731	0.0521357967756037	0.04095850871600232	0.05105123799825064	1.1573294608650497	1.5580450904707535	2.034392204041227	2.6195220927466067	0.3807264308621023	96.87403254610454
0.1637014211142895	0.01	0.01	0.01	0.007	0.01	0.40987173663649856	0.08710277528711645	0.05250921941448702	0.04106093023297581	0.05046796443064265	1.293840023623218	1.7226397363333223	2.2093564643728816	2.8269668631706577	0.407509020821905	96.67701861051242
0.1741247974833434	0.01	0.01	0.01	0.007	0.01	0.4287110804903317	0.08957459994389201	0.05282645746405281	0.04114082426881754	0.04994177166398287	1.4443725878749636	1.9011860079855596	2.395094160659619	3.0461336139299178	0.4354459519865027	96.46921281092213
0.1851550404475189	0.01	0.01	0.01	0.007	0.01	0.44789632210407704	0.0919651537615162	0.05309302612359981	0.041202188013833886	0.04947261695909631	1.610340656785861	2.094743109666871	2.592267460227173	3.2778042152782887	0.46464716791862815	96.24979462784496
0.1968414709009577	0.01	0.01	0.01	0.007	0.01	0.46741306969234747	0.09426765167698134	0.05331444291092566	0.04124855124807759	0.04905919235859325	1.7933082226515955	2.3044514500238926	2.8016086872876835	3.5228456778345945	0.4952341144243905	96.01786774688227
0.2092378374540283	0.01	0.01	0.01	0.007	0.01	0.4872421158366269	0.09647528982971927	0.05349615570271794	0.04128297961492703	0.0486992411516792	1.9949972476460305	2.5315292532344387	3.0239195013035465	3.7822069927662656	0.5273390346063105	95.77246238219799
0.2224022034383074	0.01	0.01	0.01	0.007	0.01	0.5073580793866809	0.09858128964489535	0.05364346969816367	0.04130808948951085	0.048389786038426655	2.2172917864602506	2.7772654268255055	3.260067839305106	4.0569132252087385	0.5611040371998478	95.51253994291942
0.23639679868821087	0.01	0.01	0.01	0.007	0.01	0.5277281679312567	0.10057900491634825	0.05376146459383778	0.041326072235424886	0.04812730048293075	2.462239168786575	3.043009864664266	3.5109838807045084	4.348058388196391	0.5966800882483038	95.23699863884382
0.2512879033683539	0.01	0.01	0.01	0.007	0.01	0.5483112104918859	0.10246209569564263	0.053854895417431825	0.041338725794150634	0.04790784738423841	2.7320489197856426	3.330162607965346	3.777656158724669	4.656798519468142	0.6342260622091536	94.94467871211792
0.2671454814507393	0.01	0.01	0.01	0.007	0.01	0.5690566283400945	0.10422472397331846	0.053928081646092106	0.04134749177548398	0.04772720595468285	3.029083768732586	3.6401566547232465	4.06112260357792	4.984339128795265	0.6739071178403687	94.63437284292309
0.2840414862827354	0.01	0.01	0.01	0.007	0.01	0.5899022283333064	0.10586168276442945	0.05398480896609022	0.04135349663385177	0.0475810002858202	3.355820135669383	3.974412953967795	4.362437231951913	5.331895053704807	0.715889747472103	94.30486260593052
0.30204600873049686	0.01	0.01	0.01	0.007	0.01	0.6107706240890632	0.10736848761677022	0.0540282827267314	0.04135759585885533	0.04746482252220726	3.714755513301651	4.334249788809959	4.682598259350044	5.700606697492885	0.7603316003296705	93.95499638917242
0.32122333967445016	0.01	0.01	0.01	0.007	0.01	0.6315676066159893	0.10874168320649515	0.05406115731212033	0.04136041945237592	0.047374332230528116	4.108297330211595	4.720787713356107	5.022475635360477	6.091456531941454	0.8073713616116726	93.58376745550694
0.34163210138507166	0.01	0.01	0.01	0.007	0.01	0.6521865139389653	0.10997949060194012	0.05408562166321105	0.04136241594986495	0.047305339368859424	4.538723200792049	5.134937660480166	5.382812057278637	6.505270491727323	0.8571287890902175	93.19031180219409
0.36332984474982416	0.01	0.01	0.01	0.007	0.01	0.6725167435958159	0.11108243903981775	0.054103492254037856	0.04136389271209672	0.047253900122400334	5.00823910222642	5.577485950820731	5.764302934511461	6.942809574231288	0.90971550390484	92.77382024454216
0.3863779669442996	0.01	0.01	0.01	0.007	0.01	0.6924506107420129	0.1120535668509863	0.05411628085880238	0.04136505153268138	0.047216425157785916	5.519059885956747	6.049192955031739	6.167680273565392	7.404865055426572	0.9652462198315408	92.33344654889818
0.4108442655078802	0.01	0.01	0.01	0.007	0.01	0.7118863873960994	0.11289820518944903	0.054125235807460086	0.0413660189673018	0.04718976758282317	6.073450318425701	6.550847050255834	6.593752952182379	7.8923031429117305	1.0238440219077976	91.86826318174307
0.43680361426065756	0.01	0.01	0.01	0.007	0.01	0.730729110466764	0.11362357680270835	0.05413136898476004	0.041366870724621134	0.04717126767135598	6.673727986952332	7.083280403953153	7.043412637531672	8.406070184868472	1.0856410706026245	91.37725436930592
0.46433808677909766	0.01	0.01	0.01	0.007	0.01	0.7488909460429257	0.11423836505485516	0.054135479369138303	0.04136764997539773	0.04715875405029673	7.322252501932308	7.647372352353932	7.517629093765029	8.94718586296946	1.15077800376801	90.85932050323314
0.49353720739908963	0.01	0.01	0.01	0.007	0.01	0.7662917613946204	0.11475229875494679	0.054138178571605404	0.0413683801844652	0.047150512084082996	8.021415523088331	8.244053915056346	8.017446819333266	9.51673800671823	1.219403637969155	90.31328088982325
0.5244981908124703	0.01	0.01	0.01	0.007	0.01	0.7828597698762872	0.11517575484254422	0.054139919377948986	0.041369073532539206	0.04714523151214012	8.773628574218026	8.874310314217784	8.543980570766122	10.11587612809765	1.2916745868768598	89.73787757251772
0.5573256596368565	0.01	0.01	0.01	0.007	0.01	0.7985320080346611	0.11551938326311083	0.05414102573671148	0.04136973609888258	0.047141943528127846	9.581296049401463	9.539170905447605	9.09840119014966	10.745793827384375	1.3677535782460253	89.13178968110667
0.5921301774775724	0.01	0.01	0.01	0.007	0.01	0.8132545472264413	0.11579376599933179	0.054141721760330934	0.04137037084532659	0.04713995535016551	10.446756143962837	10.239673466240264	9.681901125989913	11.40768806705727	1.4478049830262174	88.49366999731302
0.6290251576818546	0.01	0.01	0.01	0.007	0.01	0.8269826174321906	0.11600912496548585	0.05414215760924418	0.04137097921748788	0.04713878822201867	11.372177803337966	10.976795380498919	10.295633514796457	12.102688601748401	1.5319866959604007	87.82221055460249
0.6681220979539177	0.01	0.01	0.01	0.007	0.01	0.8396809641430439	0.11617508731208578	0.05414243097606404	0.04137156194304926	0.04713812273040886	12.359412854085786	11.751353197384372	10.940625811361372	12.831759101274205	1.6204384947294748	87.11623631744202
0.7095248030114285	0.01	0.01	0.01	0.007	0.01	0.8513247773632336	0.11630050874867112	0.05414260380176605	0.04137211940815401	0.047137753404195466	13.40982286084144	12.563886756632062	11.61768094053247	13.595585132453888	1.7132686571068931	86.37481286487179
0.7533242241914976	0.01	0.01	0.01	0.007	0.01	0.8619013646652398	0.11639334939253354	0.05414271455238722	0.04137265184435571	0.047137552995386876	14.524127391057325	13.414562260190742	12.327294081164986	14.394481087655896	1.8105426953674206	85.59733737447188
0.7995961227252214	0.01	0.01	0.01	0.007	0.01	0.871412319595044	0.11646059442402523	0.054142786778166765	0.041373159450990044	0.04713744575116091	15.702336114927853	14.303137011856837	13.069620541031334	15.228355916706064	1.9122790724872691	84.78357402370472
0.8484033759721583	0.01	0.01	0.01	0.007	0.01	0.8798754673444166	0.11650821490995387	0.05414283480723415	0.041373642502213266	0.04713738836460121	16.943814877301975	15.229016612941791	13.844520950980487	16.096766384232655	2.0184554926059994	83.93360485774642
0.8998027575517155	0.01	0.01	0.01	0.007	0.01	0.8873256066198133	0.11654116902606176	0.054142867378159334	0.041374101435869136	0.04713735705366841	18.24747943560171	16.191393669677492	14.651675785497016	16.999047547625707	2.129024661748428	83.04770454623625
0.9538541556103889	0.01	0.01	0.01	0.007	0.01	0.8938134469329231	0.11656344648437984	0.05414288987740316	0.04137453690484111	0.047137339239671845	19.612057088323915	17.18942175840705	15.490731693608058	17.934477103692235	2.243934369401831	82.12617984504757
1.0106295650909267	0.01	0.01	0.01	0.007	0.01	0.8994028574753794	0.11657815446569729	0.05414290568153536	0.04137494978089169	0.04713732847359417	21.036338264878783	18.222370403018594	16.361434761698984	18.902422680763227	2.363145739565983	81.16922282084961
1.0702202653260966	0.01	0.01	0.01	0.007	0.01	0.9041671278868438	0.11658763514146456	0.054142916950317456	0.04137534112042393	0.04713732151278028	22.519369650349667	19.289731603079858	17.263725767783864	19.902444235196757	2.4866462391288446	80.17680520773507
1.1327420058865285	0.01	0.01	0.01	0.007	0.01	0.9081850446884097	0.11659359893017811	0.05414292509412056	0.041375712111224	0.047137316728274335	24.060580040195827	20.391277122726688	18.197796101902657	20.934350484968398	2.6144572695523167	79.14861543941508
1.1983386982722544	0.01	0.01	0.01	0.007	0.01	0.9115373459082451	0.11659725740298572	0.05414293105195672	0.04137606401629717	0.047137313281356584	25.659850171179954	21.5270782642599	19.16411354751652	21.99822005438089	2.746637607744748	78.08402835086565
1.2671855132342356	0.01	0.01	0.01	0.007	0.01	0.914303835011685	0.11659944391551047	0.05414293545988266	0.04137639812541445	0.04713731071665143	27.317549043063487	22.697505778347697	20.163432403784167	23.094403649367152	2.883284682120221	76.9820916791436
1.3394918894520116	0.01	0.01	0.01	0.007	0.01	0.9165611983374556	0.11660071544972467	0.054142938755303655	0.041376715717137684	0.04713730876782612	29.03454934420662	23.903218928814603	21.196795462098994	24.223515602446138	3.0245347127091224	75.84152109130905
1.4155049920386815	0.01	0.01	0.01	0.007	0.01	0.9183814699316428	0.11660143380114504	0.05414294124307236	0.04137701803168524	0.04713730726634721	30.812234558339554	25.145151884704305	22.265534923894897	25.38642242097434	3.1705626826932543	74.66069587725418
1.4955137235204317	0.01	0.01	0.01	0.007	0.01	0.9198310331484374	0.11660182729245286	0.054142943138244935	0.041377306251979114	0.04713730609824407	32.65249876791349	26.424497088496636	23.371272285937724	26.584228041753683	3.3215821407641006	73.43765518222105
1.5798533705130913	0.01	0.01	0.01	0.007	0.01	0.920970052061428	0.11660203579549278	0.05414294459423544	0.041377581490409	0.047137305182722515	34.55773898185912	27.742684394775544	24.515916580930767	27.8182547197373	3.477844745269116	72.17009533467183
1.668910218249571	0.01	0.01	0.01	0.007	0.01	0.9218522303222966	0.11660214237469999	0.05414294572162794	0.04137784477684654	0.047137304460755564	36.53082253226428	29.10134292605879	25.701650077350763	29.090007393408847	3.6396380569633626	70.85538020811158
1.7631241630974168	0.01	0.01	0.01	0.007	0.01	0.9225248153108455	0.11660219475992874	0.0541429466009067	0.04137809704124143	0.047137303888410885	38.57498606494591	30.502215285616817	26.930874942315125	30.4010931770267	3.80727796474704	69.4905939815168
1.8629826378523116	0.01	0.01	0.01	0.007	0.01	0.9230287767993538	0.11660221942445663	0.054142947291152835	0.04137833907475294	0.04713730343261341	40.69353138977519	31.946932920113433	28.206039221668558	31.753010719376572	3.981084630326425	68.07272737329112
1.968983316281554	0.01	0.01	0.01	0.007	0.01	0.923399097058155	0.11660223049910445	0.05414294783600046	0.041378571424703726	0.047137303068318606	42.888888085356854	33.436365676972144	29.529081319197584	33.14654115756483	4.161306500305572	66.59928942079208
2.0814839664735363	0.01	0.01	0.01	0.007	0.01	0.9236651010411004	0.11660223521629987	0.05414294826762391	0.04137879408510565	0.04713730277664734	45.15953867537149	34.96855014619801	30.89957917128931	34.57981019791997	4.3478682977907965	65.07037069508593
2.2001617622694276	0.01	0.01	0.01	0.007	0.01	0.9238507589054369	0.1166022371101824	0.054142948609096866	0.041379005624161115	0.047137302543872495	47.48989145389854	36.531973434694784	32.30860956127331	36.042009175971316	4.539536816250775	63.49552967774076
2.322654820535276	0.01	0.01	0.01	0.007	0.01	0.9239752621480392	0.11660223782268649	0.054142948875790256	0.041379201810204894	0.04713730236090225	49.826686553860185	38.090175969357865	33.72435470627079	37.499009096631106	4.731969720927261	61.910022278529226
2.444379972138564	0.01	0.01	0.01	0.007	0.01	0.924055162744212	0.11660223807673212	0.054142949079622714	0.04137937802108744	0.047137302220513856	52.081508620612844	39.58425784691144	35.093360247874244	38.89573263823876	4.91789982789043	60.373675661984784
2.562622706917062	0.01	0.01	0.01	0.007	0.01	0.9241056520189525	0.11660223816670322	0.05414294923499787	0.04137953550402242	0.047137302113178965	54.20908414968192	40.98509145084625	36.38795297457149	40.20497655462912	5.093580749435287	58.91779602525273
2.6778533447495643	0.01	0.01	0.01	0.007	0.01	0.9241380357530764	0.11660223819956043	0.05414294935611145	0.041379678504868185	0.04713730202926546	56.22438478644966	42.303599869128064	37.616958070077274	41.436984330257566	5.260225782324221	57.532787871018876
2.7916624472348834	0.01	0.01	0.01	0.007	0.01	0.9241592586255314	0.11660223821196199	0.05414294945334545	0.04137981004213143	0.04713730196174588	58.15987208625582	43.561803004704885	38.79995533521462	42.61235699697438	5.4205013279433825	56.19682692456657
2.905391502873621	0.01	0.01	0.01	0.007	0.01	0.9241733711644303	0.11660223821673175	0.05414294953331635	0.04137993197971869	0.047137301906143306	60.04071880711953	44.776501717702395	39.95221487150723	43.74680351381584	5.576482354547448	54.892795230768385
3.019736645020354	0.01	0.01	0.01	0.007	0.01	0.924182804775245	0.11660223821857421	0.05414294960013132	0.04138004557770905	0.04713730185966741	61.87931778524771	45.95590936414825	41.0812815908265	44.84800093664742	5.729192763065653	53.61220414300679
3.134815622363853	0.01	0.01	0.01	0.007	0.01	0.9241891018631864	0.11660223821928264	0.05414294965646332	0.04138015166910736	0.04713730182049079	63.677883567040304	47.10156810572915	42.188493760060524	45.91739249653992	5.878814718746684	52.35355611395494
3.250417331390866	0.01	0.01	0.01	0.007	0.01	0.9241932879059258	0.11660223821955311	0.05414294970422177	0.041380250842377564	0.04713730178729889	65.43351102554925	48.211759921461166	43.2720351123445	46.95337841667962	6.025104149058739	51.118940557791554
3.3662496803195356	0.01	0.01	0.01	0.007	0.01	0.9241960597175416	0.11660223821965578	0.05414294974489831	0.041380343612328854	0.04713730175905799	67.14249360367303	49.28432811321399	44.32956980056712	47.953952185550776	6.1677479788723915	49.91106355237547
3.4820938319376284	0.01	0.01	0.01	0.007	0.01	0.9241978907760827	0.11660223821969457	0.054142949779717134	0.04138043049259544	0.047137301734915066	68.80265109766997	50.318146022235666	45.35968043536263	48.918070980498015	6.306558236107814	48.73160844193181
3.5978521003106985	0.01	0.01	0.01	0.007	0.01	0.9241990994990349	0.11660223821970925	0.05414294980969279	0.041380511987427905	0.04713730171416116	70.41380815971026	51.31337864904257	46.36217761077974	49.84589826945371	6.441513170061873	47.58086878262232
3.7135237453400536	0.01	0.01	0.01	0.007	0.01	0.924199897645069	0.11660223821971481	0.05414294983565792	0.041380588562676374	0.04713730169621383	71.97720925164282	52.27107762583939	47.337751080406974	50.738424535913204	6.57270957404334	46.45813326781624
3.829154584334958	0.01	0.01	0.01	0.007	0.01	0.9242004250101132	0.11660223821971692	0.05414294985828585	0.041380660630793646	0.04713730168060067	73.49467004812725	53.192631639985265	48.2874507101201	51.59695393911398	6.700292487512982	45.36227235873186
3.9447937741374606	0.01	0.01	0.01	0.007	0.01	0.9242007736304959	0.11660223821971773	0.054142949878117	0.041380728552203434	0.047137301666942806	74.9679475695023	54.079372844112775	49.21229629812217	52.42273719762592	6.824402590555707	44.29218441214093
4.060471279757784	0.01	0.01	0.01	0.007	0.01	0.9242010041310881	0.11660223821971802	0.0541429498955858	0.041380792643949726	0.04713730165493533	76.3984644651367	54.93241338092955	50.11310376192873	53.21681944194145	6.945152915857213	43.24699756911907
4.176194420142348	0.01	0.01	0.01	0.007	0.01	0.9242011565201746	0.11660223821971813	0.05414294991104381	0.041380853188802476	0.047137301644331144	77.78730776581459	55.752652786901315	50.99048157877921	53.98004742751739	7.062628504771149	42.22607676393114
4.291955344317786	0.01	0.01	0.01	0.007	0.01	0.9242012572460144	0.11660223821971816	0.054142949924778576	0.04138091044207063	0.04713730163492782	79.13535760900842	56.540861732003144	51.844909432081	54.71314776371205	7.176897065427045	41.228934984969676
4.407740940085924	0.01	0.01	0.01	0.007	0.01	0.9242013238084876	0.1166022382197182	0.054142949937029006	0.041380964635792036	0.04713730162655752	80.4434246448989	57.297766777720526	52.67682376036038	55.41680592505846	7.288020487536848	40.25513504316926
4.523540051826791	0.01	0.01	0.01	0.007	0.01	0.9242013677875395	0.1166022382197182	0.05414294994799481	0.041381015981107445	0.047137301619079974	81.71233656389381	58.0241014560866	53.48667243819824	56.09171377742259	7.396062163448994	39.30422593829995
4.639346475722729	0.01	0.01	0.01	0.007	0.01	0.9242013968426467	0.1166022382197182	0.05414294995784409	0.04138106466989486	0.04713730161237665	82.9429656529592	58.72062094357199	54.27493276384359	56.73858316512587	7.50108936930509	38.37572133383057
4.755158478722759	0.01	0.01	0.01	0.007	0.01	0.9242014160373979	0.1166022382197182	0.054142949966719395	0.04138111087643038	0.04713730160634788	84.13621561975886	59.38809290211952	55.042103639964516	57.35813733065809	7.603172194193369	37.469108131765104
4.870976866521077	0.01	0.01	0.01	0.007	0.01	0.9242014287178943	0.1166022382197182	0.05414294997474169	0.04138115475924359	0.0471373016009085	85.29299565371612	60.02728169135816	55.78868936980632	57.95109620337078	7.70238136185559	36.58386513407663
4.986803004958402	0.01	0.01	0.01	0.007	0.01	0.9242014370948115	0.1166022382197182	0.05414294998201377	0.04138119646302951	0.04713730159598635	86.41419808579127	60.63893549863002	56.51518544263077	58.518164435704996	7.798786332234937	35.71947968401062
5.102637631059414	0.01	0.01	0.01	0.007	0.01	0.9242014426285975	0.1166022382197182	0.05414294998862387	0.04138123612038084	0.04713730159151972	87.50068713611897	61.22378031239246	57.2220712152268	59.06002581944983	7.892454331533406	34.87545639684055
5.218480568977737	0.01	0.01	0.01	0.007	0.01	0.9242014462840976	0.1166022382197182	0.054142949994647534	0.04138127385320399	0.04713730158745585	88.55329786568583	61.78251978684666	57.909809085480894	59.57734317844289	7.983450249339021	34.05131828958025
5.33433093691281	0.01	0.01	0.01	0.007	0.01	0.9242014486987554	0.1166022382197182	0.05414295000014984	0.04138130977384881	0.047137301583748945	89.57283977957667	62.315837613852246	58.57884668924317	60.07076058460692	8.0718369365133	33.246604304716364
5.450187638048094	0.01	0.01	0.01	0.007	0.01	0.9242014502937146	0.1166022382197182	0.05414295000518763	0.04138134398598552	0.0471373015803597	90.56010236231053	62.82440075929197	59.229620417367826	60.540906367071265	8.157675675077744	32.46086519328851
5.566049667480545	0.01	0.01	0.01	0.007	0.01	0.9242014513472052	0.1166022382197182	0.054142950009809496	0.041381376585377376	0.047137301577253966	91.5158582467805	63.308861275437785	59.86255744787142	60.988394795215136	8.241026448790667	31.69366111470904
5.681916288761196	0.01	0.01	0.01	0.007	0.01	0.9242014520430321	0.1166022382197182	0.05414295001405864	0.041381407660570586	0.04713730157440156	92.44086484731062	63.769857214922624	60.47807680525344	61.41382692613792	8.321948083578075	30.944560370744547
5.797787003254339	0.01	0.01	0.01	0.007	0.01	0.9242014525026142	0.1166022382197182	0.05414295001797241	0.04138143729355782	0.047137301571776764	93.33586414957338	64.2080125765874	61.07658921190556	61.817790556288564	8.400498228309363	30.213139590556032
5.913661504131133	0.01	0.01	0.01	0.007	0.01	0.9242014528061555	0.1166022382197182	0.054142950021583716	0.04138146556037618	0.04713730156935676	94.20158245163887	64.62393724731761	61.65849689951485	62.20086017043343	8.476733330652284	29.49898397187145
6.0295395459297	0.01	0.01	0.01	0.007	0.01	0.924201453006633	0.1166022382197182	0.054142950024921734	0.04138149253167658	0.04713730156712122	95.0387295865921	65.01822672664689	62.22419306005894	62.563596692219974	8.550708566250455	28.801687976431566
6.14542089084091	0.01	0.01	0.01	0.007	0.01	0.9242014531390389	0.1166022382197182	0.05414295002801172	0.04138151827321575	0.047137301565052594	95.84799886686584	65.39146223908259	62.77406176634524	62.90654759398028	8.622477830122204	28.120855464949777
6.261305285685932	0.01	0.01	0.01	0.007	0.01	0.9242014532264856	0.1166022382197182	0.05414295003087652	0.04138154284629041	0.04713730156313506	96.6300673036578	65.74421099037569	63.30847807276744	63.2302471397553	8.692093751884032	27.456099615743142
6.377192469591403	0.01	0.01	0.01	0.007	0.01	0.9242014532842385	0.1166022382197182	0.05414295003353635	0.04138156630811513	0.04713730156135486	97.38559604633885	66.07702652585765	63.82780826504791	63.53521672217652	8.7596077304441	26.80704265950597
6.4930821893409485	0.01	0.01	0.01	0.007	0.01	0.92420145332238	0.1166022382197182	0.05414295003600907	0.04138158871215966	0.047137301559699425	98.11523084946958	66.39044909289893	64.33241013176898	63.82196520270826	8.825069971405378	26.173315584169224
6.608974199377498	0.01	0.01	0.01	0.007	0.01	0.9242014533475694	0.1166022382197182	0.054142950038310704	0.04138161010845569	0.047137301558157985	98.81960241949952	66.68500594312634	64.82263315573469	64.09098919631406	8.888529513935804	25.554557937535787
6.724868300182933	0.01	0.01	0.01	0.007	0.01	0.924201453364205	0.1166022382197182	0.054142950040455565	0.0413816305438582	0.04713730155672058	99.4993269751294	66.96121171665412	65.29881885663814	64.34277343062153	8.950034277112286	24.950417436463407
6.840764292228674	0.01	0.01	0.01	0.007	0.01	0.9242014533751911	0.1166022382197182	0.05414295004245646	0.04138165006231428	0.047137301555378354	100.15500628416787	67.21956860316719	65.76130077080339	64.57779090105811	9.009631059223095	24.360550032817955
6.956662029706734	0.01	0.01	0.01	0.007	0.01	0.9242014533824465	0.1166022382197182	0.05414295004432482	0.04138166870506694	0.047137301554123726	100.78722828578128	67.46056674016172	66.2104048411054	64.79650324215673	9.067365590047812	23.7846194590455
7.072561374478531	0.01	0.01	0.01	0.007	0.01	0.9242014533872379	0.1166022382197182	0.054142950046071246	0.041381686510879055	0.047137301552949235	101.39656712730658	67.68468437241526	66.6464493968909	64.99936088117268	9.123282530177299	23.2222972938776
7.188462188399904	0.01	0.01	0.01	0.007	0.01	0.9242014533904022	0.1166022382197182	0.054142950047704926	0.041381703516224284	0.04713730155184869	101.98358344076742	67.89238811286789	67.06974530003777	65.18680328441489	9.177425491873006	22.673262819137307
7.304364371701532	0.01	0.01	0.01	0.007	0.01	0.9242014533924917	0.1166022382197182	0.05414295004923434	0.041381719755439354	0.047137301550816274	102.54882484140617	68.08413327683138	67.48059625292478	65.35925926940556	9.229837080560486	22.137202664896268
7.420267809258515	0.01	0.01	0.01	0.007	0.01	0.9242014533938716	0.1166022382197182	0.054142950050667195	0.04138173526090291	0.04713730154984662	103.09282595323211	68.26036404547924	67.87929876642562	65.51714716275752	9.280558892792714	21.61381089464944
7.53617239361846	0.01	0.01	0.01	0.007	0.01	0.9242014533947829	0.1166022382197182	0.05414295005201052	0.041381750063166814	0.047137301548935154	103.61610882675798	68.42151376846951	68.26614241032645	65.66087508365915	9.329631550356334	21.102788724662563
7.652078017325884	0.01	0.01	0.01	0.007	0.01	0.924201453395385	0.1166022382197182	0.054142950053270654	0.0413817641910888	0.04713730154807763	104.11918319428379	68.56800520550406	68.64140994777102	65.79084117201882	9.377094719496208	20.603844392723428
7.767984595951268	0.01	0.01	0.01	0.007	0.01	0.9242014533957823	0.1166022382197182	0.05414295005445322	0.04138177767193973	0.04713730154726995	104.60254685205688	68.70025080111786	69.0053775655873	65.90743384578981	9.422987142217778	20.116692898359574
7.8838920527393705	0.01	0.01	0.01	0.007	0.01	0.9242014533960446	0.1166022382197182	0.054142950055563556	0.04138179053151887	0.04713730154650876	105.06668586254747	68.8186529004282	69.35831497285469	66.01103200535886	9.467346650826151	19.64105591605604
7.999800318609612	0.01	0.01	0.01	0.007	0.01	0.9242014533962181	0.1166022382197182	0.05414295005660632	0.041381802794253006	0.04713730154579079	105.5120748240783	68.92360398392348	69.700485549713	66.10200525479432	9.510210188821901	19.176661641787586
8.115709332156406	0.01	0.01	0.01	0.007	0.01	0.9242014533963324	0.1166022382197182	0.05414295005758604	0.041381814483288	0.0471373015451129	105.93917713448192	69.0154868970404	70.03214649287358	66.18071411818805	9.551613831333874	18.723244642952785
8.231619047325896	0.01	0.01	0.01	0.007	0.01	0.9242014533964079	0.1166022382197182	0.05414295005850677	0.04138182562056894	0.047137301544472425	106.34844527543402	69.09467507946965	70.35354897885264	66.24751025522872	9.591592807699918	18.28054568266988
8.347529395033959	0.01	0.01	0.01	0.007	0.01	0.924201453396458	0.1166022382197182	0.054142950059372114	0.04138183622693631	0.047137301543867194	106.7403209319149	69.16153276047086	70.66493819833325	66.3027366478478	9.630181507995811	17.848311721152538
8.463440313871898	0.01	0.01	0.01	0.007	0.01	0.924201453396491	0.1166022382197182	0.05414295006018557	0.04138184632218255	0.04713730154329458	107.115235358261	69.21641520230085	70.96655358376242	66.34672782751868	9.667413513619472	17.426295651432014
8.579351750106685	0.01	0.01	0.01	0.007	0.01	0.9242014533965126	0.1166022382197182	0.05414295006095008	0.041381855925117894	0.04713730154275245	107.47360961831498	69.25966890931797	71.25862894187928	66.3798100723203	9.70332161590108	17.014256162684536
8.695263680710895	0.01	0.01	0.01	0.007	0.01	0.9242014533965269	0.1166022382197182	0.0541429500616686	0.041381865053619044	0.0471373015422392	107.81585488666182	69.29163183767938	71.54139263856656	66.40230160305124	9.737937841050881	16.61195752762095
8.811176051950396	0.01	0.01	0.01	0.007	0.01	0.9242014533965364	0.1166022382197182	0.05414295006234388	0.041381873724716765	0.047137301541752746	108.14237249389014	69.31263357621808	71.81506757399721	66.41451275774948	9.771293449369523	16.21916968679344
8.927088833120346	0.01	0.01	0.01	0.007	0.01	0.9242014533965428	0.1166022382197182	0.05414295006297808	0.0413818819546214	0.04713730154129166	108.45355431767204	69.32299556223407	72.07987144218153	66.4167461915031	9.803418969327176	15.835667929549437
9.043002001192235	0.01	0.01	0.01	0.007	0.01	0.924201453396547	0.1166022382197182	0.05414295006357363	0.04138188975877806	0.047137301540854354	108.74978295366502	69.32303126604486	72.3360168127554	66.40929705140424	9.834344209726268	15.46123282437827
9.158915510107311	0.01	0.01	0.01	0.007	0.01	0.9242014533965498	0.1166022382197182	0.05414295006413274	0.041381897151928165	0.047137301540439304	109.03143185735175	69.31304638169308	72.58371118485928	66.39245315824961	9.864098268597715	15.095650192511046
9.274829329159811	0.01	0.01	0.01	0.007	0.01	0.9242014533965517	0.1166022382197182	0.05414295006465723	0.041381904148131095	0.047137301540045494	109.29886565862657	69.29333901409812	72.82315719162085	66.36649518042677	9.89270956023782	14.73871086046253
9.390743427643732	0.01	0.01	0.01	0.007	0.01	0.9242014533965529	0.1166022382197182	0.05414295006514894	0.04138191076081099	0.04713730153967133	109.55244032869982	69.26419985816037	73.0545526800272	66.3316968037047	9.92020582709086	14.390210592256286
9.506657790206303	0.01	0.01	0.01	0.007	0.01	0.9242014533965535	0.1166022382197182	0.054142950065609395	0.04138191700278436	0.04713730153931623	109.7925034152251	69.22591236999544	73.27809085283344	66.28832489164598	9.946614159013182	14.049949928514268
9.622572401494645	0.01	0.01	0.01	0.007	0.01	0.924201453396554	0.1166022382197182	0.05414295006604027	0.041381922886302595	0.04713730153897863	110.01939420389627	69.17875294069516	73.49396034561012	66.23663965035114	9.971961004755151	13.717734121560161
9.738487230802285	0.01	0.01	0.01	0.007	0.01	0.9242014533965544	0.1166022382197182	0.05414295006644297	0.04138192842309048	0.04713730153865799	110.23344388607875	69.12299107327178	73.70234530743677	66.17689479616604	9.996272183942969	13.393373066654819
9.85440224742258	0.01	0.01	0.01	0.007	0.01	0.9242014533965546	0.1166022382197182	0.05414295006681887	0.04138193362436861	0.04713730153835295	110.4349757834186	69.0588895440658	73.90342553710452	66.10933770682419	10.01957290553771	13.076681146936808
9.97031743600229	0.01	0.01	0.01	0.007	0.01	0.9242014533965547	0.1166022382197182	0.05414295006716914	0.04138193850087139	0.047137301538063094	110.62430555776422	68.9867045534229	74.09737661089457	66.03420956251456	10.041887785123722	12.76747708715962
10.08623279654167	0.01	0.01	0.01	0.007	0.01	0.9242014533965548	0.1166022382197182	0.054142950067495046	0.04138194306287302	0.047137301537787585	110.8017413846601	68.90668587755403	74.2843699781663	65.95174548903351	10.063240858337608	12.465583855169863
10.202148298333809	0.01	0.01	0.01	0.007	0.01	0.9242014533965549	0.1166022382197182	0.05414295006779754	0.04138194732023624	0.04713730153752545	110.96758405952963	68.81907705345614	74.4645729846388	65.8621747348686	10.083655586083802	12.170828681206526
10.318063926025282	0.01	0.01	0.01	0.007	0.01	0.9242014533965549	0.1166022382197182	0.05414295006807779	0.04138195128241005	0.047137301537276244	111.12212724525226	68.72411549958657	74.63814904464523	65.76572078211268	10.103154876765174	11.883042836848727
10.43397967193942	0.01	0.01	0.01	0.007	0.01	0.9242014533965549	0.1166022382197182	0.05414295006833657	0.04138195495845415	0.047137301537039225	111.26565762456062	68.6220326642975	74.80525771926588	65.66260148684502	10.121761097582471	11.60206156168769
10.549895513045914	0.01	0.01	0.01	0.007	0.01	0.9242014533965549	0.1166022382197182	0.05414295006857482	0.04138195835707188	0.047137301536813773	111.39845503633488	68.5130541888404	74.96605477416392	65.55302923413211	10.139496083618258	11.327724025241736
10.665811457021658	0.01	0.01	0.01	0.007	0.01	0.9242014533965549	0.1166022382197182	0.0541429500687937	0.04138196148660257	0.04713730153659943	111.52079269043378	68.39740000414925	75.12069233303731	65.43721102651307	10.15638115745554	11.059873125547233
10.781727488513097	0.01	0.01	0.01	0.007	0.01	0.9242014533965549	0.1166022382197182	0.05414295006899341	0.04138196435506976	0.047137301536395726	111.63293726196169	68.27528451659522	75.26931888910087	65.31534866225779	10.172437133035118	10.798355527615094
10.897643592166645	0.01	0.01	0.01	0.007	0.01	0.9242014533965549	0.1166022382197182	0.054142950069175085	0.04138196697018337	0.047137301536201964	111.73514907458397	68.1469167214077	75.41207942384453	65.18763884088683	10.18768433136164	10.543021519330017
11.01355975262869	0.01	0.01	0.01	0.007	0.01	0.9242014533965549	0.1166022382197182	0.054142950069339335	0.041381969339356436	0.04713730153601781	111.82768225061474	68.01250033252754	75.54911548994968	65.05427328555588	10.202142592143728	10.293724925912722
11.129475969899262	0.01	0.01	0.01	0.007	0.01	0.9242014533965549	0.1166022382197182	0.054142950069486696	0.0413819714697097	0.04713730153584279	111.9107848679574	67.8722338904269	75.68056530929684	64.91543884379851	10.215831286922548	10.050322994544349
11.245392220947886	0.01	0.01	0.01	0.007	0.01	0.9242014533965549	0.1166022382197182	0.0541429500696178	0.041381973368107366	0.047137301535676565	111.98469907420758	67.72631093143683	75.8065638076152	64.77131764931973	10.228769325516247	9.812676394338544
11.361308513451407	0.01	0.01	0.01	0.007	0.01	0.9242014533965549	0.1166022382197182	0.05414295006973339	0.04138197504113921	0.047137301535518816	112.04966126353078	67.57492004275359	75.92724275179388	64.62208717077043	10.240975173089746	9.580649024737394
11.477224847409838	0.01	0.01	0.01	0.007	0.01	0.9242014533965549	0.1166022382197182	0.05414295006983367	0.04138197649515424	0.047137301535369006	112.1059021843161	67.41824502614804	76.04273078097003	64.46792036824611	10.252466856099183	9.354108019157366
11.593141215146355	0.01	0.01	0.01	0.007	0.01	0.9242014533965549	0.1166022382197182	0.054142950069919336	0.04138197773627277	0.04713730153522687	112.15364707559083	67.25646501515902	76.1531534820174	64.30898580372612	10.263261972884425	9.132923667070418
11.709057601307286	0.01	0.01	0.01	0.007	0.01	0.9242014533965549	0.1166022382197182	0.05414295006999091	0.041381978770396684	0.04713730153509203	112.19311580005568	67.0897545893682	76.25863346316699	64.14544774876255	10.27337770399938	8.916969338012326
11.824973990538952	0.01	0.01	0.01	0.007	0.01	0.9242014533965549	0.1166022382197182	0.05414295007004875	0.04138197960321557	0.04713730153496442	112.22452297564509	66.91828387432165	76.35929043231674	63.97746627822129	10.282830822891311	8.706121393671154
11.940890390518193	0.01	0.01	0.01	0.007	0.01	0.9242014533965549	0.1166022382197182	0.05414295007009323	0.041381980240202225	0.04713730153484326	112.2480781034096	66.74221861327042	76.45524128412345	63.8051973366445	10.2916377072021	8.50025907682021
12.056806793568171	0.01	0.01	0.01	0.007	0.01	0.9242014533965549	0.1166022382197182	0.0541429500701247	0.041381980686644414	0.047137301534728865	112.26398567703895	66.56172032795877	76.54660013286473	63.628792891909804	10.299814344932779	8.29926451287315
12.172723207365726	0.01	0.01	0.01	0.007	0.01	0.9242014533965549	0.1166022382197182	0.054142950070143754	0.04138198094763565	0.04713730153462058	112.27244530758111	66.37694637435881	76.63347840331454	63.44840098608391	10.307376345965656	8.103022587822174
12.288639624234017	0.01	0.01	0.01	0.007	0.01	0.9242014533965549	0.1166022382197182	0.054142950070150644	0.04138198102810106	0.04713730153451826	112.27365183484386	66.18805009038087	76.71598487041645	63.2641658763043	10.31433894886522	7.911420935588787
12.404556028819364	0.01	0.01	0.01	0.007	0.01	0.9242014533965549	0.1166022382197182	0.054142950070145544	0.041381980932800724	0.04713730153442196	112.26779544443028	65.99518088319753	76.79422572956851	63.07622811664787	10.320717030430934	7.724349858390925
12.52047241344493	0.01	0.01	0.01	0.007	0.01	0.9242014533965549	0.1166022382197182	0.054142950070128926	0.04138198066632794	0.04713730153433108	112.25506177797014	65.79848429931613	76.86830466836331	62.884724623353215	10.326525115156416	7.5417022386301475
12.636388785787556	0.01	0.01	0.01	0.007	0.01	0.9242014533965549	0.1166022382197182	0.05414295007010092	0.04138198023311123	0.04713730153424556	112.23563203682629	65.59810210276954	76.93832292909927	62.68978874812845	10.33177738370705	7.363373467424755
12.752305145847242	0.01	0.01	0.01	0.007	0.01	0.9242014533965549	0.1166022382197182	0.05414295007006201	0.0413819796374347	0.04713730153416505	112.20968308860665	65.39417240434025	77.00437935145135	62.491550401167025	10.336487679824803	7.189261421716662
12.86822149362399	0.01	0.01	0.01	0.007	0.01	0.9242014533965549	0.1166022382197182	0.05414295007001225	0.041381978883439856	0.04713730153408954	112.17738756961876	65.18682973751723	77.06657043448389	62.29013612232791	10.340669518728273	7.01926639324977
12.984137813764134	0.01	0.01	0.01	0.007	0.01	0.9242014533965549	0.1166022382197182	0.0541429500699521	0.041381977975140684	0.047137301534018995	112.13891399055136	64.97620517309932	77.12499038450885	62.08566918993511	10.344336094430853	6.853291053191545
13.10005411394451	0.01	0.01	0.01	0.007	0.01	0.9242014533965549	0.1166022382197182	0.05414295006988175	0.0413819769164058	0.04713730153395303	112.09442682250881	64.76242633438072	77.1797311890616	61.87826963311209	10.347500288621772	6.691240340792893
13.215970386488294	0.01	0.01	0.01	0.007	0.01	0.9242014533965549	0.1166022382197182	0.05414295006980115	0.041381975710987666	0.047137301533891535	112.04408660418733	64.5456175487492	77.23088264967186	61.668054376641074	10.350174676770477	6.533021464606403
13.33188663907232	0.01	0.01	0.01	0.007	0.01	0.9242014533965549	0.1166022382197182	0.054142950069710656	0.04138197436250804	0.047137301533834323	111.98805002336115	64.32589987154421	77.27853244789713	61.45513726188279	10.352371536199069	6.378543806396043
13.447802856342937	0.01	0.01	0.01	0.007	0.01	0.9242014533965549	0.1166022382197182	0.05414295006961058	0.04138197287448717	0.047137301533781276	111.92647002549351	64.10339123685547	77.32276617924047	61.2396291908423	10.354102852333675	6.227718921044103
13.563719038300158	0.01	0.01	0.01	0.007	0.01	0.9242014533965549	0.1166022382197182	0.05414295006950103	0.041381971250324216	0.047137301533732426	111.85949588495453	63.87820646189167	77.36366741858723	61.0216381283481	10.355380326400745	6.080460434148318
13.679635184943994	0.01	0.01	0.01	0.007	0.01	0.9242014533965549	0.1166022382197182	0.054142950069382224	0.04138196949331132	0.047137301533687344	111.78727329809414	63.65045735036574	77.40131776114525	60.801269200273104	10.35621538177216	5.936684013763039
13.795551303951273	0.01	0.01	0.01	0.007	0.01	0.9242014533965549	0.1166022382197182	0.05414295006925399	0.041381967606632875	0.047137301533646085	111.70994446269135	63.42025275025446	77.43579687144243	60.578624747598056	10.356619170550267	5.7963073129155935
13.911467395322003	0.01	0.01	0.01	0.007	0.01	0.9242014533965549	0.1166022382197182	0.05414295006911694	0.041381965593379075	0.04713730153360842	111.62764817028797	63.18769865533662	77.46718252406951	60.353804422867725	10.356602579876927	5.659249941474338
14.027383451379373	0.01	0.01	0.01	0.007	0.01	0.9242014533965549	0.1166022382197182	0.05414295006897112	0.041381963456549944	0.04713730153357442	111.54051988863087	62.952898275634254	77.49555064934587	60.126905256568534	10.356176238339584	5.5254334189964665
14.143299472123397	0.01	0.01	0.01	0.007	0.01	0.9242014533965549	0.1166022382197182	0.05414295006881636	0.041381961199048606	0.04713730153354388	111.44869182960134	62.71595207457154	77.52097538103081	59.8980216914035	10.355350522083292	5.3947811116429145
14.259215457554083	0.01	0.01	0.01	0.007	0.01	0.9242014533965549	0.1166022382197182	0.054142950068653044	0.04138195882369042	0.047137301533516744	111.35229303116894	62.47695785051068	77.54352909647946	59.667245659516325	10.354135560742177	5.2672181976980275
14.375131407671443	0.01	0.01	0.01	0.007	0.01	0.9242014533965549	0.1166022382197182	0.05414295006848126	0.041381956333205655	0.047137301533492694	111.25144943257031	62.23601080154174	77.56328245818035	59.43466664355511	10.352541243270567	5.142671624718621
14.491047322475488	0.01	0.01	0.01	0.007	0.01	0.9242014533965549	0.1166022382197182	0.054142950068301034	0.04138195373024307	0.04713730153347184	111.14628394771007	61.993203588729564	77.58030445431062	59.20037173628168	10.350577223636215	5.021070067696344
14.606963194289426	0.01	0.01	0.01	0.007	0.01	0.9242014533965549	0.1166022382197182	0.05414295006811265	0.041381951017377204	0.04713730153345418	111.03691654420518	61.74862641410873	77.59466243746816	58.96444571443808	10.34825292654457	4.902343895978592
14.722879023113272	0.01	0.01	0.01	0.007	0.01	0.9242014533965549	0.1166022382197182	0.05414295006791602	0.04138194819710207	0.04713730153343941	110.92346429939553	61.50236704877034	77.60642216556955	58.72697106449566	10.345577552603464	4.78642511729659
14.838794808947043	0.01	0.01	0.01	0.007	0.01	0.9242014533965549	0.1166022382197182	0.05414295006771126	0.04138194527183829	0.0471373015334275	110.80604147519348	61.25451090759132	77.61564783819671	58.48802805345088	10.342560083715208	4.673247347172541
14.954710551790754	0.01	0.01	0.01	0.007	0.01	0.9242014533965549	0.1166022382197182	0.05414295006749851	0.041381942243936126	0.04713730153341854	110.68475958478471	61.00514110666818	77.62240213345092	58.247694782955406	10.33920928825024	4.56274577090015
15.070626266998005	0.01	0.01	0.01	0.007	0.01	0.9242014533965549	0.1166022382197182	0.05414295006727791	0.04138193911566825	0.04713730153341226	110.5597274409467	60.754338486070715	77.62674624435391	58.00604721006496	10.335533725590444	4.454857092304128
15.186541946892014	0.01	0.01	0.01	0.007	0.01	0.9242014533965549	0.1166022382197182	0.0541429500670494	0.041381935889255754	0.04713730153340867	110.43105126045418	60.50218174741375	77.62873991216495	57.76315927864898	10.33154175222755	4.3495195336324395
15.30245759147279	0.01	0.01	0.01	0.007	0.01	0.9242014533965549	0.1166022382197182	0.05414295006681311	0.04138193256685168	0.04713730153340773	110.29883469427477	60.24874744131355	77.62844146262893	57.5191029061597	10.327241525711964	4.246672770726484
15.418373193063557	0.01	0.01	0.01	0.007	0.01	0.9242014533965549	0.1166022382197182	0.05414295006656899	0.04138192915055258	0.04713730153340937	110.1631789051795	59.9941100529052	77.62590783917744	57.273948064923594	10.322641009879424	4.146257912450316
15.534288743987553	0.01	0.01	0.01	0.007	0.01	0.9242014533965549	0.1166022382197182	0.0541429500663173	0.041381925642396226	0.04713730153341338	110.02418261869461	59.73834203613647	77.62119463595532	57.027762814111725	10.317747979203077	4.0482174597672556
15.650204259598356	0.01	0.01	0.01	0.007	0.01	0.9242014533965549	0.1166022382197182	0.05414295006605804	0.04138192204434851	0.04713730153341987	109.88194215223767	59.48151381228582	77.61435612814262	56.7806132973337	10.312570022213439	3.952495254051697
15.766119724542424	0.01	0.01	0.01	0.007	0.01	0.9242014533965549	0.1166022382197182	0.05414295006579106	0.0413819183583398	0.04713730153342869	109.73655153650132	59.22369393721657	77.60544530566023	56.53256390264242	10.30711454818945	3.859036490001675
15.882035154173325	0.01	0.01	0.01	0.007	0.01	0.9242014533965549	0.1166022382197182	0.054142950065516775	0.04138191458622746	0.04713730153343991	109.58810249519719	58.96494901267656	77.59451389999573	56.2836771762357	10.301388788689549	3.7677876335115035
15.997950548491069	0.01	0.01	0.01	0.007	0.01	0.9242014533965549	0.1166022382197182	0.05414295006523497	0.041381910729827456	0.04713730153345337	109.43668455558323	58.70534383465649	77.58161241678437	56.034013964301614	10.295399803800606	3.678696428892033
16.0	0.01	0.01	0.01	0.007	0.01	0.9242014533965549	0.1166022382197182	0.05414295006522992	0.041381911318505	0.04713730153345363	109.4339812198526	58.700746508070004	77.58136688714912	56.02959314726648	10.2952915888685	3.677140345392738
