0.0	0.01	0.01	0.01	0.007	0.01	0.0	0.0	0.0	0.0	0.0	0.0	0.0	0.0	0.0	0.0	100.0
0.0034666459993417512	0.01	0.01	0.01	0.007	0.01	0.011360799463976919	0.00310656206038139	0.0037506619640681363	0.003953147997442671	0.005233744999062033	0.000721772370016432	0.0010346509783749794	0.0023018319377939925	0.0038111447350681208	0.0004696749646621471	99.92419148863442
0.005564499069309989	0.01	0.01	0.01	0.007	0.01	0.01816528268035331	0.004944494437423872	0.0058901365258727505	0.006156415005671033	0.008249757929787655	0.0018538314059449849	0.002649422196484805	0.0058420658894700345	0.009614612726067624	0.0011950525856715506	99.87834361484337
0.008722062092140263	0.01	0.01	0.01	0.007	0.01	0.028307776816722682	0.0076525081730119265	0.00893625693162199	0.009226067069917323	0.012585477622383823	0.004533241494218855	0.006449489256489524	0.014034684232299982	0.02289445696646264	0.0028817071143797876	99.80937579257571
0.011638130348499073	0.01	0.01	0.01	0.007	0.01	0.037569738142986774	0.010092511774365286	0.011574006743648097	0.01181804907299841	0.01638299692811013	0.008036194074395923	0.011385829072210796	0.02448081082795059	0.03961993480087515	0.005043748240302596	99.7457250243919
0.015026228648546936	0.01	0.01	0.01	0.007	0.01	0.048206009921353994	0.012855898874458793	0.014440877431008492	0.014562668952124078	0.0205610269223773	0.013328995253500907	0.018794555981313046	0.03985945460952584	0.06393589952604163	0.008244387839971928	99.67182195135206
0.018477705127536614	0.01	0.01	0.01	0.007	0.01	0.05890480931256593	0.015593920900984874	0.01715724742136771	0.01709054896027177	0.024575005317224844	0.02005265647552075	0.028138688455971075	0.05886231222915629	0.09359105569701087	0.012223045643240314	99.59659274003553
0.02219689526583396	0.01	0.01	0.01	0.007	0.01	0.0702813223627288	0.018459714739654118	0.019870266700866467	0.019541474237423875	0.028646472519953607	0.02877882302229086	0.040175087084666966	0.0828288122673474	0.13049943310302498	0.017272738411187268	99.51559193396024
0.026059676545701807	0.01	0.01	0.01	0.007	0.01	0.08193224739823461	0.021345974012399092	0.022470580614274198	0.021817971203530247	0.03261816932821855	0.03944158564857109	0.05476744607984562	0.11125614976617218	0.17369176377580578	0.023302870706415676	99.43153357515155
0.030123486259819525	0.01	0.01	0.01	0.007	0.01	0.09401083035517845	0.02428633386169536	0.02498593138987566	0.023948997388121812	0.03653778134254797	0.05238823689379402	0.07234136914683381	0.1447340782037686	0.22387593263148606	0.030455542261760178	99.34317725676777
0.03435248140623953	0.01	0.01	0.01	0.007	0.01	0.10638874304568188	0.027244962881799673	0.0273834114237574	0.02591161123614503	0.04035928421956069	0.06770951149757501	0.09296338759155005	0.1831298543112171	0.2806606342663682	0.03872212606611372	99.25131280315442
0.03876425649601797	0.01	0.01	0.01	0.007	0.01	0.11909656914815706	0.030225124961418996	0.029665772594483657	0.02771434255085773	0.04408820292640221	0.08566422277223962	0.11691973787726445	0.22670783976161846	0.3442517581276451	0.04818118703344467	99.15556844180475
0.04335043598163976	0.01	0.01	0.01	0.007	0.01	0.13208836564608498	0.03321202879177548	0.03182268058037388	0.029355704238565514	0.04769936397341503	0.10642066559613955	0.14436597861975956	0.27546905199270805	0.41446964602909886	0.05885569585291603	99.05613706456172
0.048118577437728204	0.01	0.01	0.01	0.007	0.01	0.14536355858313282	0.03620178024796333	0.03385363681746716	0.03084253509714487	0.05116198796325065	0.13021552250653481	0.17553959587551837	0.32954510826713657	0.4913315456037819	0.0707944768230864	98.95286635160586
0.05307180980243189	0.01	0.01	0.01	0.007	0.01	0.15890792329132503	0.03918746281992896	0.0357570051454017	0.03218102630253621	0.05440371400990443	0.1572744107763592	0.21065315710397528	0.3890042475877679	0.5747698517517856	0.08402212674459224	98.84570086347804
0.05820621606444076	0.01	0.01	0.01	0.007	0.01	0.17268774787464997	0.042158230271200255	0.037530059214632754	0.03337691642488263	0.05729348465238617	0.18778489081780875	0.24986044495706378	0.4538032283451428	0.6645724097449046	0.09851346838546594	98.73473809713346
0.06343110077449053	0.01	0.01	0.01	0.007	0.01	0.18644383411131135	0.045056900489547774	0.039146831612744265	0.03442164540634533	0.05962315914397276	0.22134727500675574	0.29256363531353113	0.5226965595969876	0.7589074946721626	0.11393129513970301	98.62194782253555
0.06874950246008167	0.01	0.01	0.01	0.007	0.01	0.20017527125182075	0.047883880133343916	0.0406186273348908	0.03533210797473691	0.06127166945551535	0.25805447467657067	0.33880429397117945	0.5955446733120977	0.8575225021023742	0.13013882597165854	98.50727111033201
0.07432942789599715	0.01	0.01	0.01	0.007	0.01	0.21429397143528806	0.05072157621837862	0.041994475670317014	0.03614573745403203	0.06222846244031374	0.29925976346527083	0.3901848383761962	0.674591467881203	0.9633552282027474	0.1474862697406137	98.38709869644362
0.0801447646600662	0.01	0.01	0.01	0.007	0.01	0.22870094490540302	0.05354536549954132	0.04326535697790167	0.03686273152253787	0.06252617937675777	0.34506534231305086	0.4467039132590326	0.7594878749581689	1.0758101607498174	0.16572104381007843	98.26201233950316
0.08613719166752609	0.01	0.01	0.01	0.007	0.01	0.24322540986267896	0.056319020186033665	0.044420985362127505	0.037483666968201955	0.06230872851952851	0.3952427385357947	0.5079550951115945	0.8493238064163772	1.193595720574945	0.18449232581117825	98.1332831850811
0.09235491380973804	0.01	0.01	0.01	0.007	0.01	0.25795886457160994	0.059057848352986414	0.04547461107531798	0.03802196817496813	0.06174549742101048	0.4504152965141358	0.5745693879219741	0.9447390779173644	1.317484271296347	0.20381580573123662	97.99989251650526
0.09885353891655811	0.01	0.01	0.01	0.007	0.01	0.2729994088934454	0.0617764629202887	0.0464370970010952	0.038488579102557145	0.06097110581549377	0.5113702484447286	0.6473417064865078	1.0465406315559742	1.4484440272587185	0.2237618513988856	97.86066933545752
0.10570179097055168	0.01	0.01	0.01	0.007	0.01	0.28846204428101163	0.06449033027338788	0.04731769863201988	0.03889264777680167	0.06007932719105477	0.5791375954667923	0.727311714801489	1.1557911209519736	1.5877465656408376	0.24446130555810613	97.71416995676006
0.1129333497372661	0.01	0.01	0.01	0.007	0.01	0.30436976070214644	0.06719698373956151	0.048118812906892176	0.039239542594196965	0.05913766441191132	0.6545133366694418	0.8151931988498105	1.2730246868853572	1.7359709780447847	0.2659516142205823	97.55970885518899
0.12056775593549891	0.01	0.01	0.01	0.007	0.01	0.32070746008514195	0.06988717418594823	0.048841403906131765	0.03953388054487999	0.058193546872666056	0.7382036454815601	0.9115547181323623	1.3985391289272742	1.893401187076226	0.28824070071999847	97.39690814758663
0.12861828858660235	0.01	0.01	0.01	0.007	0.01	0.3374422830768171	0.07254910441282646	0.049486821259520815	0.03978038035734334	0.0572792308727563	0.8308787388571179	1.0168868081545765	1.5325096434050052	2.060180653787678	0.3113296477489096	97.2255279838151
0.13710446521564149	0.01	0.01	0.01	0.007	0.01	0.3545504800845056	0.07517300898287443	0.050057941143460384	0.039984201745317936	0.0564149351268686	0.9333077971804788	1.1317552995991782	1.6751948838600708	2.2365723411353176	0.33524669619706915	97.04520027865945
0.14605078945874758	0.01	0.01	0.01	0.007	0.01	0.37201320009603545	0.07775031941370436	0.05055863131080993	0.04015057994020401	0.055612697126898834	1.0463577437173301	1.2567930161779117	1.8269220048275108	2.4229368415787187	0.3600403955795224	96.85545677221833
0.15548752963697474	0.01	0.01	0.01	0.007	0.01	0.38981646766397815	0.08027354519034534	0.05099347618842364	0.040284622070036365	0.0548789351171111	1.1710152952501873	1.3927167633613624	1.988103785555759	2.619750582086478	0.3857792861544963	96.65571401998228
0.16544946854911455	0.01	0.01	0.01	0.007	0.01	0.4079471916272337	0.08273562123410022	0.05136746496630757	0.04039113882720881	0.054216349943767346	1.3083830010869109	1.5403145332259867	2.1592199717722753	2.8275802448696306	0.41254653898799876	96.44530158322053
0.17597610616344142	0.01	0.01	0.01	0.007	0.01	0.4263921577165985	0.08512977213836964	0.05168583964157033	0.040474565023950686	0.05362507826648142	1.4596918481185257	1.7004505989733762	2.3408219262635304	3.0470862297478334	0.44043914807445506	96.22345950207989
0.18711139110466726	0.01	0.01	0.01	0.007	0.01	0.44513617685051987	0.0874493098396592	0.051953960341092356	0.040538909078802816	0.053103485285862805	1.6263067146095325	1.8740622086556522	2.5335284475688993	3.2790154162611302	0.46956613902018796	95.98934593453339
0.1989039028538889	0.01	0.01	0.01	0.007	0.01	0.46416109472374945	0.08968759755940964	0.052177211436208605	0.04058773257802365	0.05264867170024043	1.809737077122242	2.062161413442855	2.7380287251615045	3.524202590170341	0.5000481782455388	95.74203550953386
0.2114068451384621	0.01	0.01	0.01	0.007	0.01	0.48344450578056214	0.09183801877145482	0.05236091141635876	0.04062414583572678	0.05225683194171129	2.0116440180007586	2.265832596818872	2.9550815592251087	3.783567271514549	0.5320167790520565	95.48052194309722
0.2246781891666866	0.01	0.01	0.01	0.007	0.01	0.5029587799355666	0.0938940259936913	0.052510227283519124	0.040650817770806535	0.05192350606226535	2.233848187437545	2.4862308722151663	3.185516711170321	4.058113029916026	0.5656139407790755	95.20371782458894
0.23878073560063315	0.01	0.01	0.01	0.007	0.01	0.5226700459873967	0.09584922073760213	0.052630083049166464	0.040669995824142435	0.051643775448818645	2.478334894113948	2.7245777328618965	3.430234344445347	4.348924480808862	0.6009915742325769	94.91045646940513
0.2537820312035855	0.01	0.01	0.01	0.007	0.01	0.5425371283496228	0.09769746410293509	0.052725066618692466	0.04068353420952878	0.051412425308281676	2.747254409630359	2.9821527035781026	3.6902013544873298	4.65716067299093	0.6383105379615104	94.59949716925973
0.2697535524164885	0.01	0.01	0.01	0.007	0.01	0.5625098413032595	0.09943296678569127	0.05279934615425076	0.04069292860653371	0.05122409282919594	3.0429054094659698	3.2602705640444642	3.9664343743298813	4.984032934728154	0.677737836713469	94.26954592807441
0.2867686866451797	0.01	0.01	0.01	0.007	0.01	0.5825265321040741	0.10105037253738211	0.052856616163748614	0.04069935603861112	0.0510734021054009	3.367689105702932	3.560235043157799	4.259961592428279	5.330758111243875	0.7194409075503969	93.91930095977825
0.30489994067535675	0.01	0.01	0.01	0.007	0.01	0.6025119967520104	0.10254493958331881	0.05290008745363359	0.04070371818131728	0.05095507941415919	3.7240377209468383	3.8832759859016446	4.571771414158478	5.698496819474149	0.763580150898549	93.54751343041065
0.3242170400121411	0.01	0.01	0.01	0.007	0.01	0.6223778332419789	0.10391292845217744	0.05293251574707785	0.040706685666848284	0.050864050505101996	4.114348825465706	4.230500855768597	4.902777184414004	6.088311062696683	0.8103037855111554	93.15302888659224
0.34478708851647577	0.01	0.01	0.01	0.007	0.01	0.6420258094644561	0.10515211731864713	0.052956246706790895	0.04070874098761873	0.050795535183696346	4.540954584464272	4.602884708054923	5.253817901337571	6.501164321606093	0.8597477497167757	92.73478591588797
0.3666761437538282	0.01	0.01	0.01	0.007	0.01	0.6613525708610519	0.1062622248399343	0.0529732574250448	0.040710218481516486	0.05074514615364794	5.006120807483794	5.001289682172917	5.625683079920217	6.937949890131519	0.9120389555302619	92.29178621197823
0.3899508100052319	0.01	0.01	0.01	0.007	0.01	0.6802538186444699	0.10724510027431997	0.052985188908736235	0.04071134039695254	0.050708978575238074	5.51205068777436	5.426489085977263	6.019137223720436	7.399518600406077	0.9672985050295979	91.82306512615759
0.4146793456824389	0.01	0.01	0.01	0.007	0.01	0.698627551029532	0.10810469675574784	0.052993374151892356	0.04071224802292463	0.050683670569265406	6.060882076056781	5.879185865056716	6.434935173532869	7.88669586081476	1.0256437196756072	91.32767293153573
0.44093268719751105	0.01	0.01	0.01	0.007	0.01	0.7163768316730824	0.10884689821265946	0.052998867490283874	0.04071302706066115	0.05066642475795402	6.654685872580083	6.360031670482975	6.8738351462830325	8.400296119055975	1.0871899742632274	90.80465860286228
0.46878575869388955	0.01	0.01	0.01	0.007	0.01	0.7334123167017889	0.10947924459070373	0.05300247798700299	0.04071372702435636	0.050654992368615585	7.295473792939356	6.869652328389325	7.3366155333123535	8.941141824010034	1.1520531788400172	90.25304887948298
0.49831895445819147	0.01	0.01	0.01	0.007	0.01	0.7496543515068014	0.11001057950630928	0.053004806602405356	0.04071437514179059	0.05064762755169688	7.985213307936011	7.408676574396972	7.824093304803206	9.51008423019309	1.220352576292964	89.67182521725296
0.529619296969135	0.01	0.01	0.01	0.007	0.01	0.7650343609515649	0.1104506483384488	0.05300628497282766	0.04071498568445037	0.05064302181051748	8.725837677931821	7.9777578531263975	8.337135664499263	10.108016151929727	1.2922126470440678	89.05990865627862
0.5627806380738097	0.01	0.01	0.01	0.007	0.01	0.7794954452049668	0.11080968410258127	0.05300721290016005	0.04071556582804006	0.050640228695799525	9.519234420896234	8.577576942222587	8.87665485417195	10.735864853765216	1.367762669778958	88.41616473908661
0.5979024942696459	0.01	0.01	0.01	0.007	0.01	0.7929924062553554	0.11109801992706798	0.05300779197344928	0.04071611909232146	0.050638587765666064	10.367200280044758	9.20881813277497	9.443580291835655	11.394558423038054	1.4471330949212127	87.73943552664211
0.635087342318574	0.01	0.01	0.01	0.007	0.01	0.8054915604987772	0.11132575490537275	0.05300815368194699	0.04071664722324587	0.05063765462385639	11.2713572202958	9.87211699974474	10.038806573838173	12.084964179862327	1.5304485070306812	87.02860058468775
0.674436669729453	0.01	0.01	0.01	0.007	0.01	0.816970731021962	0.11150248586255476	0.0530083814741702	0.04071715115320621	0.050637141155242586	12.233037145156826	10.567987003329241	10.663123711780091	12.807806885300248	1.617818061256616	86.28265944966466
0.716046577650175	0.01	0.01	0.01	0.007	0.01	0.8274196713589695	0.11163710458137215	0.0530085270999309	0.040717631463260406	0.050636867586089394	13.253157550483897	11.296741178809532	11.317143792563407	13.563583541954568	1.709325381417032	85.50081871580142
0.7600042976864904	0.01	0.01	0.01	0.007	0.01	0.8368409378727344	0.11173765329958404	0.05300862210279718	0.0407180886050425	0.05063672611513563	14.332125724933654	12.058434075169144	12.001246241041624	14.352500618164845	1.8050210289636572	84.68255726373766
0.8063872432143313	0.01	0.01	0.01	0.007	0.01	0.8452509190823001	0.11181123026682396	0.053008685527466605	0.040718523021906726	0.05063665471378109	15.469815204641726	12.852851300597665	12.715566141467953	15.174461733911132	1.9049209686644688	83.82764030515422
0.8552655329389288	0.01	0.01	0.01	0.007	0.01	0.8526804363571227	0.11186394010779502	0.05300872887001537	0.04071893522877014	0.05063661917668406	16.665638585717755	13.679559291286283	13.460037315817326	16.029118623046582	2.0090126669154635	82.9360680338997
0.9067077562159902	0.01	0.01	0.01	0.007	0.01	0.8591743447251527	0.11190088838104433	0.053008759137809	0.040719325865735054	0.05063660143279229	17.91870761263163	14.538005993807733	14.234482506752165	16.915975594259233	2.117267747965759	82.0079677430649
0.9607883987891986	0.01	0.01	0.01	0.007	0.01	0.8647898563558394	0.11192622049262459	0.05300878068181424	0.04071969572186796	0.050636592323275754	19.228034689772908	15.427640610549648	15.038722692091573	17.834514452677148	2.2296572917412183	81.04346262579591
1.0175952734957652	0.01	0.01	0.01	0.007	0.01	0.8695938093914257	0.11194320133248854	0.05300879626975454	0.04072004572938273	0.050636587377002135	20.592727431948923	16.348021850667973	15.872678292327238	18.784308148576333	2.3461659639280015	80.04254973178791
1.0772358141458493	0.01	0.01	0.01	0.007	0.01	0.8736593933646402	0.11195432537248867	0.053008807708585425	0.04072037693529961	0.050636584474215415	22.012142396514335	17.298895480282955	16.736444767403743	19.765103065265954	2.466802534474613	79.00500802971128
1.139842107586032	0.01	0.01	0.01	0.007	0.01	0.8770628834770791	0.11196144273953036	0.05300881620728129	0.04072069046265371	0.0506365826245585	23.48599166849282	18.28024034789924	17.630341415049365	20.77686879348574	2.591606623285817	77.93033804598977
1.2055749439872019	0.01	0.01	0.01	0.007	0.01	0.8798807570000327	0.11196588672854936	0.05300882259210209	0.04072098747077228	0.05063658136122179	25.014407819817144	19.292288781355428	18.554938260109203	21.81982119670343	2.720652360393828	76.8177272676532
1.2746274965160722	0.01	0.01	0.01	0.007	0.01	0.8821873767791907	0.11196859164293929	0.053008827437840966	0.04072126912103541	0.05063658045488144	26.597981457468794	20.335531752560556	19.511070189102803	22.89442928417815	2.8540502412210484	75.6660303365721
1.3472291451350358	0.01	0.01	0.01	0.007	0.01	0.8840532695791475	0.11197019438482975	0.05300883115030191	0.0407215365503661	0.050636579784056654	28.23778290842315	21.410716412037697	20.499845204543305	24.001413604941426	2.9919481360011217	74.47375573712996
1.4236498377354585	0.01	0.01	0.01	0.007	0.01	0.88554394418359	0.11197111730644295	0.05300883401961896	0.040721790852259195	0.0506365792779652	29.935375799561292	22.518840506340975	21.522651095070472	25.14174075528929	3.134532049555821	73.23905371788011
1.504205288805272	0.01	0.01	0.01	0.007	0.01	0.886719161952235	0.11197163272864208	0.053008836255557225	0.04072203306402407	0.05063657889147164	31.692826916753745	23.661145688258415	22.581162725769623	26.31661605039902	3.282026933125554	71.95970264710353
1.5892631401469408	0.01	0.01	0.01	0.007	0.01	0.8876325671479957	0.11197191120632503	0.053008838011331126	0.04072226415818456	0.05063657859378384	33.5127115342058	24.839108235760133	23.67734908746948	27.527472827626553	3.434697420247869	70.63309464807335
1.6792498691198878	0.01	0.01	0.01	0.007	0.01	0.8883315932744511	0.11197205634437445	0.0530088393999159	0.04072248503527766	0.05063657836297265	35.39810525282962	26.054420447293534	24.813474438519982	28.775951456326403	3.5928476880544546	69.25622714152995
1.774657221309425	0.01	0.01	0.01	0.007	0.01	0.888857574489241	0.11197212906261127	0.05300884050535197	0.04072269651336773	0.05063657818302168	37.352533008515145	27.30894308422561	25.992075661518243	30.063847903398464	3.7568179476674426	67.82572176740413
1.8760434126511583	0.01	0.01	0.01	0.007	0.01	0.8892460026084285	0.11197216394593362	0.053008841390644136	0.040722899303108975	0.05063657804205812	39.37978041484173	28.604568075640508	27.21585832618199	31.392969589427075	3.9269695686206125	66.33794060248874
1.9840119770521343	0.01	0.01	0.01	0.007	0.01	0.8895268789901155	0.1119721798909647	0.05300884210328579	0.04072309393653176	0.05063657793120693	41.483254969318025	29.942794873318505	28.487321632108937	32.764697514253704	4.103632508506654	64.78943193047525
2.099100258298449	0.01	0.01	0.01	0.007	0.01	0.8897251054929387	0.11197218679604552	0.053008842678989074	0.04072328054257275	0.05063657784383325	43.66371321892257	31.323282124603146	29.807391404639283	34.17850073210514	4.286915197917899	63.17859058315341
2.2213030212111353	0.01	0.01	0.01	0.007	0.01	0.8898608416836734	0.11197218960861298	0.05300884314370761	0.040723458126953924	0.050636577775097204	45.91075656914933	32.73852803342058	31.170254968383155	35.626500202966945	4.47598859340608	61.51198839252753
2.3485019934627487	0.01	0.01	0.01	0.007	0.01	0.8899499110129843	0.11197219067672783	0.05300884351393616	0.04072362297394773	0.05063657772178888	48.176861844969835	34.15783628447927	32.54749820143155	37.07712570634035	4.666892086121297	59.82392753793254
2.475241351446171	0.01	0.01	0.01	0.007	0.01	0.89000534791174	0.1119721910566528	0.05300884380056368	0.04072376994476508	0.05063657768164392	50.36282945774885	35.51900025746387	33.8789638581783	38.46677279171794	4.851283192199153	58.18804209604277
2.5976481061676306	0.01	0.01	0.01	0.007	0.01	0.8900390730347133	0.11197219118987677	0.05300884402003343	0.040723899972103704	0.05063657765169746	52.40769892686679	36.7848381515108	35.12730153655456	39.75762905832406	5.024003939199156	56.65055856958974
2.7161355677564805	0.01	0.01	0.01	0.007	0.01	0.8900599541778346	0.11197219123830028	0.05300884419173394	0.040724017610696106	0.050636577628805635	54.32660890860899	37.96576119989061	36.301402912375394	40.96051567612075	5.186305305410858	55.20100824343425
2.8327122686073483	0.01	0.01	0.01	0.007	0.01	0.890073241599887	0.11197219125663986	0.05300884433051162	0.04072412559896693	0.05063657761069657	56.158000767392195	39.08619476680093	37.42452290250697	42.1004654559003	5.341417252482536	53.81103686971733
2.9491167113254697	0.01	0.01	0.01	0.007	0.01	0.8900818579404041	0.11197219126375618	0.05300884444576089	0.040724225386689614	0.050636577595966896	57.9321242506203	40.16506053140412	38.515072907984774	43.19681389514921	5.491890536409735	52.45804199950485
3.066269868475585	0.01	0.01	0.01	0.007	0.01	0.890087484215791	0.11197219126653454	0.05300884454311544	0.04072431802700552	0.05063657758377451	59.664012480535526	41.211679808718046	39.582240896011285	44.25907111869065	5.638995938311781	51.13069066244305
3.1843503040169883	0.01	0.01	0.01	0.007	0.01	0.8900911521435999	0.11197219126761361	0.053008844626091185	0.0407244042627946	0.050636577573587416	61.356546611047996	42.227879210521344	40.627783544976985	45.289110331166576	5.782976657120578	49.82681684795522
3.3030966093487715	0.01	0.01	0.01	0.007	0.01	0.8900935308560475	0.11197219126802903	0.05300884469713524	0.04072448461823591	0.05063657756503208	63.006291872804695	43.211691034033684	41.649555217644995	46.28495855877764	5.923538480371421	48.54912032582119
3.422129615670165	0.01	0.01	0.01	0.007	0.01	0.8900950657544747	0.11197219126818778	0.05300884475817239	0.0407245595512684	0.05063657755781811	64.60872086636765	44.160566778430066	42.64470429327495	47.24406957772294	6.060291627343643	47.30122065377596
3.5411600710283055	0.01	0.01	0.01	0.007	0.01	0.8900960532044117	0.1119721912682482	0.05300884481082558	0.04072462952357016	0.05063657755170603	66.16109786089761	45.073095943787436	43.61146011102977	48.16506336360778	6.192996561179647	46.085422535325726
3.6600578163110744	0.01	0.01	0.01	0.007	0.01	0.89009668791616	0.11197219126827121	0.05300884485648014	0.04072469498561229	0.05063657754649708	67.66311686284807	45.94934342930224	44.54954540748149	49.048058713103046	6.32161979878194	44.90217803880944
3.7788226066447104	0.01	0.01	0.01	0.007	0.01	0.8900970960948293	0.11197219126827997	0.05300884489629777	0.04072475634359569	0.05063657754202884	69.11620687382351	46.790397392510364	45.459761295222094	49.894207803592714	6.446275992362143	43.75058586985148
3.89751755641794	0.01	0.01	0.01	0.007	0.01	0.8900973588319337	0.1119721912682833	0.053008844931229905	0.040724813947734126	0.05063657753817063	70.52249490007675	47.59773663351293	46.3433508796004	50.705052933315926	6.567140067183438	42.62917953157408
4.016210779972317	0.01	0.01	0.01	0.007	0.01	0.8900975280720235	0.11197219126828459	0.05300884496204501	0.04072486809967621	0.05063657753481865	71.88403068067653	48.37277331314938	47.20151722048477	51.48206468160995	6.684381013062848	41.536532543636106
4.134944542635078	0.01	0.01	0.01	0.007	0.01	0.8900976371183299	0.11197219126828507	0.0530088449893608	0.040724919064883104	0.050636577531890464	73.2024479821211	49.116662819600364	48.03520887384557	52.226451867007846	6.798132638753248	40.47153274346815
4.253730229754944	0.01	0.01	0.01	0.007	0.01	0.8900977073748317	0.11197219126828525	0.053008845013678405	0.04072496708219153	0.05063657752932012	74.47896438760507	49.830312633457694	48.845116163773795	52.939172346148396	6.90849325668358	39.43339168620461
4.372558298206455	0.01	0.01	0.01	0.007	0.01	0.8900977526281764	0.11197219126828535	0.05300884503540992	0.04072501236919304	0.05063657752705376	75.71454076714667	50.51448005644329	49.631768883386115	53.62103246451065	7.015539182642629	38.421523908276036
4.491411810032521	0.01	0.01	0.01	0.007	0.01	0.8900977817686986	0.11197219126828538	0.05300884505489824	0.040725055124524956	0.050636577525047397	76.91005185517768	51.16987162015685	50.395642870343224	54.27278720438773	7.119339346970892	37.4354124674801
4.6102763616750755	0.01	0.01	0.01	0.007	0.01	0.8900978005299213	0.11197219126828538	0.05300884507243272	0.040725095528703056	0.050636577523264274	78.06639306868443	51.797202807611086	51.13722778140733	54.89519982712626	7.219964529973163	36.47452207818317
4.729144144110437	0.01	0.01	0.01	0.007	0.01	0.8900978126076278	0.11197219126828538	0.053008845088258955	0.040725133744893456	0.050636577521673734	79.1845132058045	52.39721459902056	51.85704856043077	55.489058024229884	7.317490248657735	35.53827066013122
4.848013456941043	0.01	0.01	0.01	0.007	0.01	0.8900978203825787	0.11197219126828538	0.05300884510258634	0.04072516992027595	0.05063657752024995	80.26539934683251	52.970663500595954	52.55565650244529	56.05516363235083	7.411995504538857	34.6260399511801
4.966886032185202	0.01	0.01	0.01	0.007	0.01	0.8900978253876862	0.11197219126828538	0.05300884511559345	0.04072520418796679	0.05063657751897112	81.31004456230404	53.518302987609225	53.23360898851493	56.5943139952289	7.50356001016939	33.73720118445237
5.085764302755221	0.01	0.01	0.01	0.007	0.01	0.8900978286097265	0.11197219126828538	0.053008845127433465	0.04072523666907303	0.050636577517818936	82.3194206090079	54.04086861715132	53.89145201943765	57.10728717954629	7.592261816678329	32.87113765409462
5.204649764955523	0.01	0.01	0.01	0.007	0.01	0.8900978306838937	0.11197219126828538	0.053008845138238024	0.040725267474466455	0.05063657751677769	83.29446450910574	54.53907122497743	54.52971142091843	57.59483533290495	7.678176130290155	32.027256346561664
5.323542568835446	0.01	0.01	0.01	0.007	0.01	0.8900978320190909	0.11197219126828538	0.05300884514812065	0.04072529670610652	0.05063657751583394	84.23607747047444	55.013596875932336	55.14889193669714	58.05768475483217	7.761375200599786	31.20498938763868
5.442441895861105	0.01	0.01	0.01	0.007	0.01	0.8900978328785649	0.11197219126828538	0.05300884515717944	0.04072532445796346	0.05063657751497641	85.14513025775746	55.46511010090133	55.74948054632395	58.496539181450274	7.841928777428653	30.40378990268963
5.561346549363631	0.01	0.01	0.01	0.007	0.01	0.8900978334317957	0.11197219126828538	0.05300884516550028	0.04072535081670568	0.050636577514195126	86.02246934356542	55.894257335778505	56.33195037565557	58.91208322198641	7.919904643180516	29.623126988866566
5.680255442779529	0.01	0.01	0.01	0.007	0.01	0.8900978337878925	0.11197219126828538	0.053008845173157494	0.040725375862276245	0.05063657751348174	86.86892131997405	56.30166929198101	56.89676354438029	59.304984708008824	7.995368998141018	28.862481995448118
5.799167820208493	0.01	0.01	0.01	0.007	0.01	0.8900978340170956	0.11197219126828538	0.053008845180217014	0.04072539966845191	0.050636577512828816	87.68529472390483	56.68796192943312	57.44437235318271	59.67589565745164	8.068386620571987	28.121346957363944
5.918083272216727	0.01	0.01	0.01	0.007	0.01	0.8900978341646212	0.11197219126828538	0.053008845186736236	0.04072542230339557	0.050636577512229934	88.47238021113905	57.05373659238312	57.9752193873172	60.02545242098709	8.139020881078725	27.39922446447997
6.03700159411155	0.01	0.01	0.01	0.007	0.01	0.8900978342595739	0.11197219126828538	0.053008845192765885	0.04072544383020918	0.05063657751167957	89.23094974329173	57.39957970060782	58.48973694855516	60.35427540712761	8.207333667909765	26.695628451755105
6.155922636317856	0.01	0.01	0.01	0.007	0.01	0.890097834320688	0.11197219126828538	0.053008845198351126	0.040725464307442026	0.05063657751117273	89.96175594462173	57.72606257208164	58.98834657892913	60.66296894626329	8.273385325633681	26.010084893258544
6.274846249250453	0.01	0.01	0.01	0.007	0.01	0.8900978343600223	0.11197219126828538	0.05300884520353156	0.040725483789518444	0.050636577510705105	90.66553221571557	58.03374162760163	59.47145908165358	60.95212152732398	8.337234660652205	25.34213183683505
6.393772251809367	0.01	0.01	0.01	0.007	0.01	0.8900978343853386	0.11197219126828538	0.05300884520834277	0.04072550232711491	0.05063657751027298	91.34299304400088	58.323158695296286	59.93947467086505	61.222306131964324	8.398938964058573	24.69131926872843
6.512700423501738	0.01	0.01	0.01	0.007	0.01	0.8900978344016323	0.11197219126828538	0.053008845212816263	0.04072551996749027	0.05063657750987291	91.99483446924428	58.5948413856497	60.39278322624651	61.47408063569238	8.458554048437163	24.05720883530745
6.631630543823049	0.01	0.01	0.01	0.007	0.01	0.890097834412119	0.11197219126828538	0.05300884521698044	0.04072553675476149	0.05063657750950199	92.62173478850359	58.84930355973528	60.83176471676877	61.70798829346301	8.5161343067784	23.439373325232474
6.750562408011673	0.01	0.01	0.01	0.007	0.01	0.8900978344188681	0.11197219126828538	0.05300884522086045	0.040725552730157925	0.050636577509157434	93.22435508135749	59.087045707678676	61.256789505726935	61.924558137856096	8.571732755472755	22.837396310059965
6.869495850681091	0.01	0.01	0.01	0.007	0.01	0.8900978344232119	0.11197219126828538	0.053008845224478865	0.04072556793224676	0.05063657750883718	93.80333974305383	59.308555319883816	61.66821866570422	62.124305367546334	8.625401078392452	22.250871765615123
6.988430722192105	0.01	0.01	0.01	0.007	0.01	0.8900978344260073	0.11197219126828538	0.05300884522785633	0.0407255823971554	0.050636577508539	94.35931676454027	59.51430715353604	62.06640411694229	62.30773163888596	8.677189647780214	21.679403941263967
7.107366888654147	0.01	0.01	0.01	0.007	0.01	0.8900978344278065	0.11197219126828538	0.05300884523101111	0.04072559615876358	0.05063657750826084	94.89289813503845	59.7047635474044	62.4516888519276	62.47532540141443	8.727147556429435	21.12260710750864
7.226304255557357	0.01	0.01	0.01	0.007	0.01	0.8900978344289645	0.11197219126828538	0.053008845233959954	0.04072560924886598	0.05063657750800115	95.404680334875	59.88037476281475	62.82440722761252	62.62756225437134	8.77532265851827	20.580105203029138
7.345242712634982	0.01	0.01	0.01	0.007	0.01	0.8900978344297097	0.11197219126828538	0.05300884523671784	0.040725621697355746	0.050636577507758615	95.8952444762598	60.04157919849224	63.184885003395905	62.764905192005635	8.821761577482164	20.051531849362203
7.464182181125794	0.01	0.01	0.01	0.007	0.01	0.8900978344301893	0.11197219126828538	0.05300884523929861	0.04072563353234624	0.05063657750753164	96.3651568893256	60.18880375883864	63.53343970283775	62.88780498205369	8.866509755758912	19.536529895211096
7.583122550757923	0.01	0.01	0.01	0.007	0.01	0.8900978344304981	0.11197219126828538	0.05300884524171439	0.040725644780331326	0.05063657750731913	96.8149692420208	60.3224640640798	63.870380634804725	62.99670040768204	8.909611460569387	19.034751457980335
7.702063750643181	0.01	0.01	0.01	0.007	0.01	0.8900978344306966	0.11197219126828538	0.0530088452439768	0.04072565546627097	0.05063657750711986	97.24521918745991	60.44296482413762	64.19600930629089	63.092018645473715	8.95110983996488	18.545857386269866
7.821005709891937	0.01	0.01	0.01	0.007	0.01	0.8900978344308245	0.11197219126828538	0.05300884524609585	0.040725665613718154	0.05063657750693291	97.65643056002476	60.55070006456179	64.51061950324876	63.174175517429674	8.991046936127658	18.069517209837926
7.939948365490548	0.01	0.01	0.01	0.007	0.01	0.8900978344309067	0.11197219126828538	0.053008845248081096	0.04072567524491488	0.05063657750675728	98.0491137535922	60.646053406946805	64.81449750743316	63.24357578743859	9.029463716092666	17.6054088876871
8.058891646546957	0.01	0.01	0.01	0.007	0.01	0.8900978344309596	0.11197219126828538	0.05300884524994091	0.04072568438089132	0.05063657750659231	98.42376601104431	60.729398322270036	65.10792224685653	63.300613435338846	9.066400093976865	17.153218655138172
8.177835505800163	0.01	0.01	0.01	0.007	0.01	0.8900978344309936	0.11197219126828538	0.053008845251683506	0.040725693041532535	0.05063657750643705	98.78087185774288	60.80109841311101	65.39116556017565	63.345671949047315	9.101894967500648	16.712640694183165
8.29677988023367	0.01	0.01	0.01	0.007	0.01	0.8900978344310155	0.11197219126828538	0.05300884525331602	0.0407257012456757	0.05063657750629086	99.12090330155219	60.861507638490174	65.66449228048135	63.379124574528824	9.135986231678375	16.283377079792835
8.415724722585072	0.01	0.01	0.01	0.007	0.01	0.8900978344310297	0.11197219126828538	0.05300884525484501	0.04072570901116422	0.050636577506153344	99.44432024637904	60.91097058094851	65.92816048847654	63.40133459188318	9.168710813737626	15.86513746290492
8.534669993468885	0.01	0.01	0.01	0.007	0.01	0.8900978344310388	0.11197219126828538	0.05300884525627654	0.040725716354916265	0.05063657750602367	99.7515707722304	60.94982267887741	66.1824216631914	63.41265556496743	9.200104695050104	15.457638909123684
8.653615669254185	0.01	0.01	0.01	0.007	0.01	0.8900978344310446	0.11197219126828538	0.05300884525761609	0.040725723292980506	0.05063657750590139	100.04309145197696	60.97839046046958	66.42752086422489	63.413431588675685	9.230202936909178	15.060605685830959
8.772561702677281	0.01	0.01	0.01	0.007	0.01	0.8900978344310483	0.11197219126828538	0.05300884525886934	0.040725729840611465	0.05063657750578601	100.31930754802724	60.99699176260515	66.66369681429451	63.403997531871845	9.25903969401499	14.673769209614981
8.89150807010666	0.01	0.01	0.01	0.007	0.01	0.8900978344310508	0.11197219126828538	0.05300884526004065	0.04072573601229555	0.05063657750567706	100.580633416493	61.00593596641807	66.89118215767742	63.384679276419426	9.286648249501836	14.296867707427769
9.010454740033063	0.01	0.01	0.01	0.007	0.01	0.8900978344310524	0.11197219126828538	0.0530088452611345	0.04072574182181508	0.05063657750557446	100.82747270994751	61.005524207574304	67.1102035516451	63.35579394894065	9.313061029362514	13.929646145964366
9.129401665191878	0.01	0.01	0.01	0.007	0.01	0.8900978344310534	0.11197219126828538	0.053008845262155005	0.040725747282295104	0.050636577505477315	101.06021864114392	60.99604959324812	67.32098180855266	63.3176501535405	9.338309623121562	13.571856079843561
9.2483488298285	0.01	0.01	0.01	0.007	0.01	0.8900978344310541	0.11197219126828538	0.05300884526310608	0.04072575240621958	0.050636577505385555	101.27925434313845	60.97779740633325	67.52373212911169	63.27054817804973	9.362424815282942	13.22325534131263
9.367296210310641	0.01	0.01	0.01	0.007	0.01	0.8900978344310545	0.11197219126828538	0.05300884526399108	0.040725757205488974	0.050636577505298826	101.48495304541433	60.95104530637332	67.71866417383531	63.21478021742852	9.385436597208013	12.883607999999244
9.486243783005893	0.01	0.01	0.01	0.007	0.01	0.8900978344310547	0.11197219126828538	0.05300884526481334	0.04072576169145101	0.05063657750521677	101.67767834428017	60.916063526978235	67.90598221946017	63.15063058204446	9.407374189191465	12.552684179019849
9.605191524281734	0.01	0.01	0.01	0.007	0.01	0.8900978344310548	0.11197219126828538	0.05300884526557589	0.04072576587493264	0.05063657750513939	101.85778444995313	60.87311506790455	68.08588529695915	63.078375902163685	9.428266060229348	12.230259899803217
9.724139418383166	0.01	0.01	0.01	0.007	0.01	0.890097834431055	0.11197219126828538	0.05300884526628148	0.040725769766265796	0.05063657750506614	102.02561643803172	60.82245587860343	68.25856733722189	62.99828532163537	9.448139948564068	11.916116910351638
9.843087465310385	0.01	0.01	0.01	0.007	0.01	0.8900978344310551	0.11197219126828538	0.05300884526693289	0.04072577337531114	0.05063657750499684	102.18151049012576	60.76433503405073	68.42421731053462	62.91062068350292	9.467022881347695	11.610042520538238
9.962035641430676	0.01	0.01	0.01	0.007	0.01	0.8900978344310551	0.11197219126828538	0.05300884526753243	0.04072577671150498	0.05063657750493133	102.32579406918187	60.69899493068128	68.58301929843454	62.815636747186524	9.484941186540476	11.311829561021224
10.080983930988896	0.01	0.01	0.01	0.007	0.01	0.8900978344310551	0.11197219126828538	0.053008845268082444	0.04072577978386713	0.05063657750486928	102.45878618765914	60.62667144671904	68.73515266444079	62.713581352204905	9.501920516076655	11.021276159483964
10.199932310352212	0.01	0.01	0.01	0.007	0.01	0.8900978344310551	0.11197219126828538	0.053008845268584896	0.04072578260103146	0.05063657750481077	102.58079760550244	60.54759411954415	68.88079215427786	62.604695610354426	9.517985860859213	10.738185643797213
10.318880771643038	0.01	0.01	0.01	0.007	0.01	0.8900978344310551	0.11197219126828538	0.05300884526904199	0.04072578517125461	0.05063657750475541	102.69213106635459	60.461986294648575	69.02010804322518	62.4892140593509	9.533161570911982	10.46236635262863
10.437829299106122	0.01	0.01	0.01	0.007	0.01	0.8900978344310551	0.11197219126828538	0.05300884526945541	0.04072578750244798	0.050636577504703024	102.79308147775994	60.37006530050701	69.15326622131997	62.3673648539435	9.547471368538877	10.193631563380888
10.5567778927415	0.01	0.01	0.01	0.007	0.01	0.8900978344310551	0.11197219126828538	0.05300884526982697	0.0407257896021837	0.050636577504653627	102.88393613265539	60.27204258676735	69.28042833234255	62.239369908229456	9.560938367284328	9.93179931226959
10.675726544671548	0.01	0.01	0.01	0.007	0.01	0.8900978344310551	0.11197219126828538	0.053008845270158346	0.04072579147772459	0.05063657750460695	102.96497488360062	60.16812389375055	69.40175185582673	62.105445080900175	9.573585084628798	9.67669232578668
10.7946752312633	0.01	0.01	0.01	0.007	0.01	0.8900978344310551	0.11197219126828538	0.05300884527045103	0.040725793136045636	0.05063657750456277	103.03647033259026	60.05850941021925	69.51739020820197	61.9658003445642	9.58543345678208	9.428137914771302
10.913623952516767	0.01	0.01	0.01	0.007	0.01	0.8900978344310551	0.11197219126828538	0.05300884527070638	0.04072579458382604	0.05063657750452117	103.0986880422458	59.94339388247025	69.6274928858881	61.820639894198834	9.596504857615257	9.18596777424131
11.032572708431958	0.01	0.01	0.01	0.007	0.01	0.8900978344310551	0.11197219126828538	0.05300884527092578	0.04072579582747731	0.05063657750448204	103.15188669821826	59.82296677414852	69.73220554079501	61.670162321981756	9.606820110419378	8.950017922134322
11.151521499008886	0.01	0.01	0.01	0.007	0.01	0.8900978344310551	0.11197219126828538	0.053008845271110494	0.04072579687315664	0.050636577504445154	103.19631828597485	59.69741240355581	69.8316700790742	61.514560763429344	9.6163995020499	8.720128588274562
11.27047030061455	0.01	0.01	0.01	0.007	0.01	0.8900978344310551	0.11197219126828538	0.053008845271261734	0.0407257977267929	0.05063657750441029	103.23222825674044	59.56691010383144	69.92602473908619	61.35402307214209	9.625262795016692	8.49614415011679
11.389419113248948	0.01	0.01	0.01	0.007	0.01	0.8900978344310551	0.11197219126828538	0.053008845271380445	0.0407257983940713	0.050636577504377556	103.25985571279351	59.43163430325697	70.01540422456631	61.18873189653733	9.63342924470316	8.27791293610833
11.508367929034414	0.01	0.01	0.01	0.007	0.01	0.8900978344310551	0.11197219126828538	0.05300884527146783	0.04072579888046274	0.05063657750434684	103.27943355849655	59.29175468505406	70.0999397691916	61.018864855757506	9.640917609851746	8.065287184376661
11.627316747970948	0.01	0.01	0.01	0.007	0.01	0.8900978344310551	0.11197219126828538	0.05300884527152463	0.04072579919122541	0.05063657750431805	103.29118866322034	59.14743629313416	70.17975923738423	60.844594649384106	9.64774616638823	7.858122913794637
11.746265554303212	0.01	0.01	0.01	0.007	0.01	0.8900978344310551	0.11197219126828538	0.0530088452715521	0.04072579933142786	0.05063657750429095	103.29534201386316	58.99883968106364	70.25498719494252	60.66608922008459	9.653932718453659	7.656279867899456
11.865214355908876	0.01	0.01	0.01	0.007	0.01	0.8900978344310551	0.11197219126828538	0.05300884527155088	0.0407257993059358	0.05063657750426557	103.29210886864794	58.84612098092709	70.32574501915121	60.48351182009313	9.659494612653688	7.459621352233064
11.984163144910273	0.01	0.01	0.01	0.007	0.01	0.8900978344310551	0.11197219126828538	0.05300884527152192	0.040725799119443906	0.050636577504242	103.28169890179387	58.68943206618069	70.39215095539552	60.29702119130692	9.664448747689535	7.268014209542367
12.103111921307404	0.01	0.01	0.01	0.007	0.01	0.8900978344310551	0.11197219126828538	0.05300884527146582	0.04072579877646975	0.050636577504220015	103.26431634765012	58.52892063342481	70.4543202121486	60.10677164825859	9.668811587052101	7.081328689686192
12.22206068510027	0.01	0.01	0.01	0.007	0.01	0.8900978344310551	0.11197219126828538	0.05300884527138336	0.040725798281366785	0.050636577504199455	103.2401601400649	58.36473032068688	70.512365033984	59.912913205335435	9.67259916978408	6.899438375313479
12.34100942841121	0.01	0.01	0.01	0.007	0.01	0.8900978344310551	0.11197219126828538	0.053008845271275314	0.040725797638336336	0.05063657750418051	103.20942405093435	58.19700082442752	70.56639477426586	59.715591702514054	9.675827121189757	6.722220107840841
12.459958151240228	0.01	0.01	0.01	0.007	0.01	0.8900978344310551	0.11197219126828538	0.053008845271142205	0.040725796851424925	0.050636577504162936	103.17229681975361	58.0258679808161	70.61651597699263	59.51494888929818	9.678510663958102	6.549553879982385
12.578906845709666	0.01	0.01	0.01	0.007	0.01	0.8900978344310551	0.11197219126828538	0.05300884527098476	0.040725795924540356	0.05063657750414664	103.12896228700083	57.851463888295875	70.6628324418756	59.31112255762117	9.680664628081582	6.381322778004386
12.697855511819531	0.01	0.01	0.01	0.007	0.01	0.8900978344310551	0.11197219126828538	0.0530088452708033	0.040725794861449074	0.05063657750413183	103.07959951524022	57.67391698270047	70.7054453013741	59.10424661930367	9.682303461294621	6.217412879703275
12.816804141692177	0.01	0.01	0.01	0.007	0.01	0.8900978344310551	0.11197219126828538	0.053008845270598605	0.040725793665790565	0.05063657750411821	103.0243829176192	57.493352155599304	70.74445308313415	58.89445123438085	9.683441238610207	6.0577131995868765
12.935752735327615	0.01	0.01	0.01	0.007	0.01	0.8900978344310551	0.11197219126828538	0.05300884527037102	0.040725792341074804	0.05063657750410587	102.96348237096214	57.30989082359077	70.77995178246071	58.68186288243602	9.684091672108847	5.902115592024416
13.054701308481155	0.01	0.01	0.01	0.007	0.01	0.8900978344310551	0.11197219126828538	0.053008845270121105	0.040725790890681866	0.05063657750409466	102.89706332588402	57.12365100534785	70.8120349282895	58.4666044435321	9.684268120100723	5.750514669475856
13.173649845397504	0.01	0.01	0.01	0.007	0.01	0.8900978344310551	0.11197219126828538	0.0530088452698493	0.040725789317895514	0.050636577504084575	102.82528694646746	56.93474748358664	70.84079363369932	58.24879537733777	9.683983596117557	5.602807791614144
13.292598346076673	0.01	0.01	0.01	0.007	0.01	0.8900978344310551	0.11197219126828538	0.053008845269555946	0.040725787625879736	0.05063657750407565	102.74831019634209	56.74329181779514	70.86631667159993	58.02855172975832	9.683250777992548	5.458894934265802
13.411546810518672	0.01	0.01	0.01	0.007	0.01	0.8900978344310551	0.11197219126828538	0.053008845269241475	0.04072578581769303	0.05063657750406761	102.66628595422372	56.54939245197628	70.8886905300447	57.805986249869335	9.68208201637121	5.318678642552312
13.530495238723514	0.01	0.01	0.01	0.007	0.01	0.8900978344310551	0.11197219126828538	0.05300884526890641	0.04072578389629214	0.05063657750406091	102.57936311898901	56.35315479612305	70.90799947092793	57.5812084765769	9.680489343118667	5.182063964892551
13.649443630691207	0.01	0.01	0.01	0.007	0.01	0.8900978344310551	0.11197219126828538	0.0530088452685511	0.040725781864536764	0.050636577504054966	102.48768671205056	56.15468130559237	70.92432558717448	57.3543248230395	9.678484479510987	5.0489583887005285
13.768391978544129	0.01	0.01	0.01	0.007	0.01	0.8900978344310551	0.11197219126828538	0.0530088452681755	0.0407257797251977	0.0506365775040501	102.39139798362861	55.95407157178619	70.93774885766564	57.12543867413181	9.676078844388432	4.919271786212415
13.887340290159928	0.01	0.01	0.01	0.007	0.01	0.8900978344310551	0.11197219126828538	0.05300884526778018	0.04072577748094666	0.050636577504046244	102.29063449093734	55.75142235768403	70.94834720428128	56.89465042113883	9.673283561465222	4.7929163275772275
14.006288565538615	0.01	0.01	0.01	0.007	0.01	0.8900978344310551	0.11197219126828538	0.053008845267365594	0.040725775134374094	0.050636577504043254	102.18553021125665	55.54682771074891	70.95619654165755	56.66205758496026	9.670109467318817	4.669806447704034
14.125236796802573	0.01	0.01	0.01	0.007	0.01	0.8900978344310551	0.11197219126828538	0.05300884526693157	0.040725772687992316	0.05063657750404102	102.07621563564581	55.34037903508321	70.96137082964627	56.42775489275473	9.666567118898758	4.549858787226972
14.24418498395182	0.01	0.01	0.01	0.007	0.01	0.8900978344310551	0.11197219126828538	0.05300884526647887	0.04072577014422918	0.050636577504039895	101.96281784487276	55.13216513395747	70.9639421245485	56.191834321173495	9.662666800295579	4.432992119762198
14.363133126986371	0.01	0.01	0.01	0.007	0.01	0.8900978344310551	0.11197219126828538	0.05300884526600744	0.04072576750543652	0.05063657750403939	101.84546060351663	54.92227229101995	70.96398062724343	55.954385183735326	9.658418529920489	4.319127305377255
14.482081225906242	0.01	0.01	0.01	0.007	0.01	0.8900978344310551	0.11197219126828538	0.05300884526551754	0.04072576477389215	0.05063657750403982	101.72426444529364	54.71078433640063	70.96155473085516	55.71549420111359	9.653832067332718	4.208187236995926
14.601029296466685	0.01	0.01	0.01	0.007	0.01	0.8900978344310551	0.11197219126828538	0.05300884526500943	0.040725761951793525	0.05063657750404105	101.59934673940344	54.497782682799375	70.95673106640012	55.47524553769783	9.648916919219081	4.100096774048194
14.719977330790089	0.01	0.01	0.01	0.007	0.01	0.8900978344310551	0.11197219126828538	0.05300884526448332	0.040725759041284566	0.050636577504042955	101.4708218123193	54.28334645853405	70.9495745492616	55.23372094765487	9.643682347451772	3.9947827278297163
14.838925320998854	0.01	0.01	0.01	0.007	0.01	0.8900978344310551	0.11197219126828538	0.053008845263939196	0.0407257560444434	0.050636577504045724	101.33880100369869	54.06755252706419	70.9401484234889	54.99099979281891	9.638137374586764	3.892173789063513
14.957873259215388	0.01	0.01	0.01	0.007	0.01	0.8900978344310551	0.11197219126828538	0.053008845263377395	0.040725752963285095	0.05063657750404912	101.20339274319782	53.85047554647796	70.9285143047095	54.74715910593238	9.632290790010142	3.7922004796509783
15.076821153317319	0.01	0.01	0.01	0.007	0.01	0.8900978344310551	0.11197219126828538	0.05300884526279826	0.04072574979975404	0.05063657750405329	101.06470260673161	53.632187998454526	70.91473221997458	54.502273619750255	9.626151155094435	3.6947950929264186
15.195769003304662	0.01	0.01	0.01	0.007	0.01	0.8900978344310551	0.11197219126828538	0.05300884526220173	0.04072574655574096	0.05063657750405823	100.92283341581957	53.4127602876946	70.89886065048933	54.25641587537352	9.619726810151825	3.599891668099565
15.314716817055034	0.01	0.01	0.01	0.007	0.01	0.8900978344310551	0.11197219126828538	0.05300884526158797	0.04072574323307507	0.05063657750406382	100.77788529037136	53.192260768080494	70.88095656953983	54.009656248350154	9.613025879314652	3.507425932657076
15.433664586690849	0.01	0.01	0.01	0.007	0.01	0.8900978344310551	0.11197219126828538	0.05300884526095702	0.04072573983354091	0.05063657750407006	100.62995574668284	52.97075584008144	70.86107548469835	53.762063054674364	9.606056277402804	3.417335277284059
15.552612320089718	0.01	0.01	0.01	0.007	0.01	0.8900978344310551	0.11197219126828538	0.053008845260309224	0.04072573635886052	0.05063657750407693	100.47913972655863	52.74830994458858	70.83927147080212	53.51370254094583	9.59882571355145	3.3295586889555633
15.67156001725165	0.01	0.01	0.01	0.007	0.01	0.8900978344310551	0.11197219126828538	0.05300884525964447	0.040725732810710236	0.05063657750408452	100.32552969199277	52.524985657653566	70.81559721032757	53.264638987512996	9.591341697815206	3.24403672790681
15.79050767029907	0.01	0.01	0.01	0.007	0.01	0.8900978344310551	0.11197219126828538	0.05300884525896301	0.040725729190722114	0.05063657750409272	100.16921569019048	52.30084374036266	70.79010402981885	53.0149347613967	9.583611546380984	3.160711486623561
15.90945527923199	0.01	0.01	0.01	0.007	0.01	0.8900978344310551	0.11197219126828538	0.053008845258264846	0.04072572550047596	0.05063657750410151	100.01028539563374	52.07594315753301	70.76284193162002	52.764650334600844	9.575642385570841	3.079526539309752
16.0	0.01	0.01	0.01	0.007	0.01	0.8900978344310551	0.11197219126828538	0.05300884525772236	0.04072573108896698	0.050636577504108486	99.88760418064064	51.90427218751675	70.74093394225874	52.57377729334192	9.569420211658645	3.019128044386945
