0.0	0.01	0.01	0.01	0.007	0.01	0.0	0.0	0.0	0.0	0.0	0.0	0.0	0.0	0.0	0.0	100.0
0.0034397631670661714	0.01	0.01	0.01	0.007	0.01	0.011451909573570238	0.0030397857098932763	0.003614618888572286	0.003999503567197138	0.005165807880392333	0.0007341564908076573	0.001026987831586391	0.0022840831684867078	0.00395714925476978	0.0004738558854270444	99.9220928191946
0.005532097499397299	0.01	0.01	0.01	0.007	0.01	0.018346300395811616	0.00484718046793089	0.0056870257548670144	0.006243932786734801	0.008165601371593244	0.0018929346891658366	0.0026398555239531656	0.00581920130678479	0.010024880753915034	0.001211075748908589	99.874733239685
0.008675908134928384	0.01	0.01	0.01	0.007	0.01	0.028604702581808653	0.007505030260528216	0.008632044672554875	0.009369964256721906	0.012480263372085092	0.0046336503994947285	0.00643246983766898	0.01399377626770561	0.02390876170451807	0.0029260052837123867	99.80361589749737
0.011584151348726205	0.01	0.01	0.01	0.007	0.01	0.03798787533970282	0.00990325978097353	0.011185999678001324	0.012018336482132462	0.016275472927424605	0.008224666570804312	0.011369572456389483	0.024439236534640203	0.041446102354191126	0.005131894591893123	99.73787250742525
0.01496201638555774	0.01	0.01	0.01	0.007	0.01	0.04875918165490016	0.012617670075837355	0.013960133239648514	0.014826311890023603	0.020460391382561532	0.013651005745452475	0.018779378555798858	0.03981698239379501	0.06696258204935486	0.008401874922422623	99.66156726338205
0.018405144893394322	0.01	0.01	0.01	0.007	0.01	0.05959975767072408	0.015307971508499742	0.016589445955700607	0.017418677237546566	0.024494473062637568	0.02055042462357791	0.028132185813312546	0.05883385981657568	0.09813224037244146	0.012475732929777062	99.5838478119784
0.022115324193517378	0.01	0.01	0.01	0.007	0.01	0.07112627646560239	0.018122886072969933	0.019214633847284196	0.01993668665883831	0.028597664059805253	0.029506635780036632	0.040181030006063496	0.0828208291428244	0.1369622718205957	0.017654304552146383	99.5001682409199
0.02596970276857943	0.01	0.01	0.01	0.007	0.01	0.08293297100912578	0.020957615264498495	0.021730481817770455	0.022280544870781804	0.03261253571742829	0.04045493517904784	0.054792689515805765	0.11128096819824271	0.1824553681005221	0.023849249752781784	99.41331085906072
0.0300248987968852	0.01	0.01	0.01	0.007	0.01	0.09517284829023911	0.023844571285736818	0.02416331394170413	0.024479094906636495	0.03658589850390144	0.053750580406385716	0.07239074711275469	0.1447996090799727	0.23536064330015274	0.031208637905795963	99.3220099582772
0.03424539378209074	0.01	0.01	0.01	0.007	0.01	0.10771647526387271	0.02674865048983653	0.026481434468515707	0.02650829410010297	0.04047038265995164	0.06948785383798459	0.093042396138854	0.18324504224362836	0.2952794393700597	0.03972715464440637	99.22707647233128
0.03864837829101789	0.01	0.01	0.01	0.007	0.01	0.12059362270422823	0.02967272133030426	0.02868731814074877	0.02837620806862172	0.04426939457393581	0.08793132757572662	0.11703167089481245	0.22687739086301012	0.3624333574798192	0.049487851741628494	99.12813487524005
0.043225211728165375	0.01	0.01	0.01	0.007	0.01	0.13375682762608498	0.032602028219046064	0.030770909097130546	0.030080633400591913	0.0479534724318546	0.10925227330699996	0.14451126924592442	0.27569274782438175	0.4366364448195812	0.06051596207085813	99.02539121027053
0.04798290153416469	0.01	0.01	0.01	0.007	0.01	0.14720394808742412	0.03553239092772027	0.032731618301736404	0.031627952027081935	0.0514837333287156	0.13369022829341728	0.17571336870189871	0.3298141311956472	0.5179045952537611	0.07286127365376052	98.9187004513778
0.052924153681393526	0.01	0.01	0.01	0.007	0.01	0.1609194453969292	0.03845679125103534	0.03456788731591361	0.03302399165003122	0.05477364216924483	0.1614729117852518	0.2108446802456394	0.3893011993146366	0.6061640452761505	0.08654584892062447	98.80801500963794
0.05802732033085159	0.01	0.01	0.01	0.007	0.01	0.17482139422890702	0.041354780098935014	0.03627169085221697	0.03427022742279989	0.05766455004655743	0.19267780278363875	0.24991469337413863	0.45387701507406075	0.7008594295402205	0.10148351779253377	98.69383264171486
0.0631783730426119	0.01	0.01	0.01	0.007	0.01	0.1885878781690956	0.04415914094811634	0.03781330243028405	0.035354204010873934	0.05993662902828903	0.22670480936130594	0.292094782551358	0.5219464434018445	0.7995659492987117	0.11723449297672299	98.57871264390076
0.06846076238508123	0.01	0.01	0.01	0.007	0.01	0.20243321567312828	0.04691419509436299	0.039227745853518264	0.03630964896150759	0.06152057577095467	0.26417696171277527	0.3380813601070229	0.5944327690542979	0.9035621125669723	0.1338949884016375	98.46079688408851
0.07401372750507218	0.01	0.01	0.01	0.007	0.01	0.2166964792462906	0.04968413522296501	0.04055241468668538	0.037167964683081325	0.0624210903860461	0.3063149400940277	0.3892638678312056	0.6732268915961592	1.01544603575758	0.15174141874555552	98.3369932806459
0.07975507812178805	0.01	0.01	0.01	0.007	0.01	0.23113613218005868	0.052418045581079806	0.041766616667849074	0.037921293020393196	0.06270427756900532	0.35276865844419447	0.44509353994934725	0.757160494430056	1.1334414922356213	0.17033930823365603	98.2091532925235
0.08570870324198224	0.01	0.01	0.01	0.007	0.01	0.24578649321238477	0.05511989466215662	0.04287809216869799	0.03858060042281377	0.06253384504090857	0.40395872654277026	0.5059529643304732	0.8465191156037131	1.2578660271478364	0.18961006079450932	98.07676220887667
0.09189607135381589	0.01	0.01	0.01	0.007	0.01	0.2606710406351163	0.057791046406242275	0.043892944912191284	0.03915518383600747	0.06206810998257809	0.4603280707582347	0.5722313441415364	0.9415691710864602	1.3890094283393648	0.2095025669048025	97.93936248428453
0.0983903745549922	0.01	0.01	0.01	0.007	0.01	0.2759286759490188	0.060452221893954494	0.044823437693545014	0.03965699676472219	0.06142436188688935	0.5228713523487858	0.6449349204233998	1.0434056358746386	1.528291171158914	0.23016162771170265	97.79535385289307
0.10523866188896736	0.01	0.01	0.01	0.007	0.01	0.2916224103389976	0.063108610010413	0.045674560563759174	0.04009312877401119	0.06068387932318472	0.5924610960210931	0.7248795665952231	1.1527644546171734	1.6766118510579935	0.25166614782790697	97.64372513116163
0.11246646081571553	0.01	0.01	0.01	0.007	0.01	0.30775655118585926	0.06575451686216374	0.04644769646052816	0.04046851514297837	0.05990308223614713	0.6698321595915628	0.8126804929690636	1.2700475028753184	1.834412161031299	0.2740404944244101	97.48394859123367
0.12008546075586997	0.01	0.01	0.01	0.007	0.01	0.3242993434534942	0.06837842754691192	0.04714340165033031	0.040787659740297126	0.05912082744583665	0.7556124226261909	0.9087955505645825	1.3954171242546045	2.001819523945605	0.29727782305831224	97.31580727207393
0.12811148428954874	0.01	0.01	0.01	0.007	0.01	0.3412246162365112	0.0709702706888869	0.04776372781491694	0.041055716150839965	0.058362221318107886	0.8505002204404457	1.013727998577503	1.529081706078318	2.1790384636486433	0.32139372804827676	97.138997132615
0.13656532889860604	0.01	0.01	0.01	0.007	0.01	0.35851233170451174	0.073521380187942	0.04831190237978211	0.04127816024080044	0.05764292231963639	0.9552843860757959	1.1280434938076627	1.6713152494474912	2.366374404733248	0.3464255644943366	96.95310963465174
0.1454737863705166	0.01	0.01	0.01	0.007	0.01	0.3761491047940816	0.07602442384600842	0.04879202981178019	0.041460523395658054	0.05697220304582095	1.0708696855923414	1.252391044009672	1.8224794392906225	2.56425986452246	0.3724327964484527	96.75761078795445
0.1548682771933319	0.01	0.01	0.01	0.007	0.01	0.3941237852535112	0.0784726467273728	0.049208718772000684	0.04160815073299773	0.05635519160832088	1.1982728056808645	1.3874906298354135	1.9830040838928364	2.7732258949415405	0.3994909051678757	96.55187283089637
0.16478502051433985	0.01	0.01	0.01	0.007	0.01	0.41242633530640616	0.08085968111881447	0.04956690546186046	0.041726082176383246	0.05579422733525792	1.3386355145482625	1.5341390506011998	2.1533917346023417	2.993905910502005	0.42769043960071595	96.33517222311393
0.17526482173827013	0.01	0.01	0.01	0.007	0.01	0.431045967491317	0.08317930355441332	0.04987170457111384	0.04181897138774279	0.05528975885322423	1.4932321930356485	1.6932089144866467	2.3342148708652455	3.2270299211795206	0.4571352963283716	96.10669622362624
0.18635334480739246	0.01	0.01	0.01	0.007	0.01	0.44997019656849063	0.08542536267820958	0.050128312167673154	0.041891043623971544	0.054840901438840184	1.6634834639074827	1.8656532558494918	2.5261206570167714	3.4734286379715322	0.4879426090172546	95.86553910980781
0.19810121826787422	0.01	0.01	0.01	0.007	0.01	0.46918354928659417	0.08759170384594721	0.05034191842690452	0.04194607289618831	0.05444581169936706	1.850967098017621	2.0525064724080937	2.7298322930568317	3.734033077822541	0.5202422785141183	95.61070234831509
0.2105642348143749	0.01	0.01	0.01	0.007	0.01	0.4886664350364284	0.089672157484293	0.05051763151360165	0.04198737660454783	0.05410193587979571	2.057429561726876	2.254885284742687	2.9461514629295342	4.0098754862374015	0.5541768247050806	95.34109308543925
0.22380341266529474	0.01	0.01	0.01	0.007	0.01	0.5083938237079546	0.09166054992570978	0.050660399829598066	0.04201782236977437	0.053806186812500476	2.284794182265522	2.47398596347971	3.1759578807713305	4.302086456456206	0.5899008731491359	95.0555260303804
0.23788497537905812	0.01	0.01	0.01	0.007	0.01	0.5283339163363826	0.09355076098520201	0.05077493132910853	0.04203984528594863	0.05355507458721874	2.535165938337732	2.711078429174828	3.420206875650745	4.611889540458494	0.6275804117136018	94.75272750332023
0.25287993172553647	0.01	0.01	0.01	0.007	0.01	0.5484464802627474	0.09533679845757285	0.05086561035402878	0.042055473229624496	0.053344814709866	2.8108261047310066	2.9674916291961075	3.679919453341178	4.94058641986251	0.6673909520293302	94.43134846569185
0.26886273840992847	0.01	0.01	0.01	0.007	0.01	0.5686804747853846	0.09701287021195165	0.05093642340566743	0.04206635892171109	0.05317142607302567	3.1142046102153094	3.2445806869325473	3.956155948995516	5.289521611388679	0.7095132616017489	94.08999738407906
0.28590850550361646	0.01	0.01	0.01	0.007	0.01	0.5889708855759302	0.09857347147882649	0.05099091119440688	0.042073817597466846	0.05303082165946225	3.447815189094088	3.5436654999196877	4.249964336361804	5.660015679939551	0.7541253441367171	93.72730387279059
0.30408936630628386	0.01	0.01	0.01	0.007	0.01	0.6092362575305151	0.10001361153910046	0.051032160083119206	0.042078868861252686	0.052918886481721605	3.8141600934370854	3.8659512867798305	4.562314721825831	6.053281666843011	0.8013924255925714	93.34199897002914
0.3234720316210768	0.01	0.01	0.01	0.007	0.01	0.6293793982757743	0.101329290720101	0.05106282781805356	0.04208228040208806	0.05283154675796919	4.215644249108952	4.21246870284089	4.894055439389081	6.4703691951839515	0.8514602282650081	92.93296867523567
0.3441182486194782	0.01	0.01	0.01	0.007	0.01	0.6492921562762055	0.10251813612095965	0.05108518291339353	0.042084611266685425	0.05276484802047676	4.654542152223106	4.584068261434603	5.245919940310453	6.91217252699408	0.9044558240377862	92.49924507059458
0.36608753125421173	0.01	0.01	0.01	0.007	0.01	0.6688620993169104	0.10357991759702695	0.0511011393659036	0.042086253276610246	0.05271505297610044	5.133016160650685	4.981461110969103	5.6185723589940295	7.379486925809647	0.9604942012031402	92.03995000342904
0.3894402561476647	0.01	0.01	0.01	0.007	0.01	0.6879783407613671	0.10451675371622784	0.05111228325329944	0.042087469612004824	0.05267874491031936	5.653152103584812	5.4052721203611025	6.012658065706611	7.873070968281393	1.0196855527466469	91.5542326212032
0.4142400156401099	0.01	0.01	0.01	0.007	0.01	0.7065355167614906	0.1053330204147532	0.05111989735397527	0.042088429202087635	0.052652911212357704	6.216987494915639	5.8560832991678256	6.428839971094464	8.393690880336333	1.0821405042969405	91.04122422413045
0.4405553104618998	0.01	0.01	0.01	0.007	0.01	0.7244363610611134	0.10603507058172172	0.051124989713342305	0.042089235499417094	0.052634990678707666	6.826530872658908	6.334466896728681	6.867822083421259	8.942148957313252	1.1479735675239437	90.50000849074709
0.4684609028850153	0.01	0.01	0.01	0.007	0.01	0.7415934231067585	0.10663085404253698	0.05112832794046886	0.04208994890087011	0.05262288227094094	7.483776914057991	6.841012422322036	7.330365877895376	9.519303050352056	1.2173056547776406	89.92960025528085
0.4980388043664163	0.01	0.01	0.01	0.007	0.01	0.7579301191482767	0.10712949178249374	0.05113047768488671	0.04209060302188312	0.05261492161479936	8.190714877099186	7.376345980199739	7.817299189221024	10.126076684094707	1.2902655806015553	89.3289332846699
0.52937865909958	0.01	0.01	0.01	0.007	0.01	0.7733812074962854	0.10754084374848148	0.05113184219795171	0.042091215729146654	0.05260983480652106	8.94932291397037	7.94113686870976	8.329513953822104	10.763455152581002	1.366989958331443	88.69686169831449
0.5625770841386138	0.01	0.01	0.01	0.007	0.01	0.7878927728231524	0.10787510040543492	0.05113269974890486	0.042091796137469176	0.052606679514895685	9.761535801278805	8.53608338069916	8.86794616821887	11.432459347275087	1.4476204591215742	88.03218333210363
0.597735770290644	0.01	0.01	0.01	0.007	0.01	0.8014220075196162	0.10814242310930144	0.051133236458541946	0.04209234876582124	0.05260478209121505	10.629179796987607	9.161874983523255	9.433535883694136	12.134094759928725	1.5322980771980441	87.33368785598233
0.6349581683214811	0.01	0.01	0.01	0.007	0.01	0.8139370402946358	0.10835264499983213	0.05113357324251283	0.04209287584750761	0.052603677344433504	11.553870092030891	9.819129264762358	10.027165775297934	12.869274125927712	1.6211541641480638	86.60023156509747
0.6743451970791587	0.01	0.01	0.01	0.007	0.01	0.8254171442043406	0.10851503644442498	0.051133786638963466	0.04209337853601904	0.05260305523602586	12.536883271734316	10.5083135104984	10.649586895286491	13.638724754953161	1.7142995140730535	85.83082831714559
0.7159907899517847	0.01	0.01	0.01	0.007	0.01	0.8358534502279864	0.10863812963702635	0.05113392406006822	0.04209385750285818	0.05260271660707811	13.57902880543297	11.22966723222539	11.301345888954534	14.442898541600066	1.8118136369461417	85.0247390447359
0.7599787914575032	0.01	0.01	0.01	0.007	0.01	0.8452501075337855	0.10872959483076469	0.05113401442301911	0.04209431323344879	0.05260253836466101	14.680562090375593	11.983152767470585	11.9827378262631	15.281914595708727	1.9137378376630956	84.181529982399
0.8063827804606926	0.01	0.01	0.01	0.007	0.01	0.8536254893090677	0.1087961610952787	0.05113407523114119	0.042094746187709794	0.0526024474483911	15.841182268627508	12.768459521226426	12.693807780503779	16.15556267496132	2.0200755620694233	83.30107087386153
0.8552695438899849	0.01	0.01	0.01	0.007	0.01	0.8610127908063312	0.10884357849352617	0.051134117098376994	0.04209515689890692	0.05260240228858466	17.060133047545147	13.585069874372593	13.434408927651928	17.06337616206362	2.130801168378915	82.3834632862731
0.9067055237292803	0.01	0.01	0.01	0.007	0.01	0.8674594421613153	0.108876622636178	0.0511341465357626	0.042095546032425005	0.05260238023815395	18.336384831599382	14.43236958380963	14.204302417802355	18.00475539857184	2.2458749108914446	81.42891697752148
0.9607645662115665	0.01	0.01	0.01	0.007	0.01	0.8730251744050881	0.10889914230072516	0.05113416761697709	0.04209591440768922	0.05260236948403639	19.668848377009546	15.309769895595192	15.003269972495314	18.979104859317495	2.3652597871813095	80.43761003480077
1.017535194002104	0.01	0.01	0.01	0.007	0.01	0.8777790494456258	0.10891414542839671	0.051134182954202335	0.04209626298715153	0.05260236411752276	21.056567583136488	16.21680971612469	15.831210671343701	19.985948822425385	2.4889359822470114	79.40956802430341
1.0771265917857236	0.01	0.01	0.01	0.007	0.01	0.8817960494332027	0.1089239123168719	0.051134194265964224	0.04209659284389605	0.05260236129386711	22.498865749381743	17.15322494645496	16.688209928272148	21.02501092825088	2.6169111205051077	78.34457703398141
1.1396732716866371	0.01	0.01	0.01	0.007	0.01	0.8851537703335758	0.10893012118225615	0.0511342027099857	0.042096905120506525	0.052602359685262924	23.995441764214945	18.118985954600966	17.574581052994937	22.096258376774262	2.7492263907277232	77.24213018012107
1.2053388601010786	0.01	0.01	0.01	0.007	0.01	0.8879295699220581	0.10893397221227501	0.05113420908223074	0.04209720098896326	0.05260235868317258	25.54642626111555	19.114311647689533	18.490886669806216	23.199919864092315	2.885959635113524	76.10139860785992
1.2743196790027174	0.01	0.01	0.01	0.007	0.01	0.890198319922851	0.10893630009171702	0.05113421393930299	0.042097481617362105	0.05260235800786837	27.152413795803547	20.13967117004677	19.43794984135154	24.336489288957964	3.0272268749888123	74.92121476133578
1.3468485180914946	0.01	0.01	0.01	0.007	0.01	0.8920307598597502	0.10893766953052422	0.05113421767598684	0.04209774814454891	0.052602357526231346	28.81447989016143	21.195778686261495	20.416859904138974	25.506721175041786	3.1731830193158435	73.70006165316488
1.4231990699340393	0.01	0.01	0.01	0.007	0.01	0.893492388462778	0.10893845216599526	0.051134220575738916	0.04209800166255064	0.05260235717018349	30.534192505757385	22.283586676987472	21.428978228081313	26.711623788383424	3.3240225295865087	72.43606154421352
1.5036913123446236	0.01	0.01	0.01	0.007	0.01	0.8946427972993787	0.10893888576563687	0.05113422284431748	0.0420982432051743	0.052602356901278347	32.313621639812595	23.404279166629962	22.475945626172084	27.952451521382354	3.4799802913188618	71.12696172116212
1.5886979846855767	0.01	0.01	0.01	0.007	0.01	0.8955353522504733	0.1089391180559608	0.0511342246325868	0.04209847374068785	0.05260235669551225	34.1553462208285	24.55926337109959	23.55969057262249	29.23069488005198	3.641332556970051	69.77011820914805
1.6786521051014154	0.01	0.01	0.01	0.007	0.01	0.8962171405687182	0.10893923802935714	0.051134226052203136	0.04209869416618237	0.05260235653668031	36.06245198182405	25.750154822711643	24.682434271297907	30.54806261112872	3.8083973590416984	68.36248211397462
1.7740546005882918	0.01	0.01	0.01	0.007	0.01	0.8967291137962098	0.10893929755669851	0.0511342271865284	0.04209890529947464	0.052602356413278914	38.03849542125382	26.978739595186116	25.84667777521802	31.906437860900777	3.9815321796019307	66.90060688979139
1.8754786086529103	0.01	0.01	0.01	0.007	0.01	0.8971063707363505	0.1089393258132554	0.051134228098290116	0.04209910785987311	0.05260235631690299	40.08736187520041	28.246868656631285	27.055128545105408	33.30775871504025	4.1611225383446575	65.38072999770749
1.983557282114313	0.01	0.01	0.01	0.007	0.01	0.89737853200982	0.10893933858235708	0.051134228834966745	0.04209930241240236	0.052602356241315325	42.2127719257139	29.556134290977816	28.310420642383797	34.75365768402642	4.347539878569885	63.799113317181146
2.0989027853211395	0.01	0.01	0.01	0.007	0.01	0.8975701577112492	0.10893934404362833	0.05113422943247285	0.042099489190870996	0.05260235618186319	44.416516206657526	30.906773223803295	29.614081312180872	36.244248559763506	4.540987739599057	62.15333721857639
2.2217380095546235	0.01	0.01	0.01	0.007	0.01	0.8977011439527247	0.10893934623828833	0.051134229917265836	0.042099667511977926	0.05260235613513102	46.69173143920902	32.2935875055898	30.96254488366881	37.77363050999007	4.740911070170792	60.44734921926214
2.350522709592732	0.01	0.01	0.01	0.007	0.01	0.897787095750137	0.1089393470594068	0.05113423030658687	0.04209983422257565	0.052602356098807035	48.99983881801356	33.69215043178282	32.33339639168421	39.3147154979349	4.943962644260954	58.70899290503698
2.4800164277721533	0.01	0.01	0.01	0.007	0.01	0.8978404787268895	0.10893934734515363	0.05113423061050169	0.04209998367627512	0.052602356071387725	51.243044903829116	35.04292928753798	33.668753812141986	40.80185342112005	5.141559933347387	57.01146905244212
2.6053176057353933	0.01	0.01	0.01	0.007	0.01	0.8978725696093208	0.1089393474419063	0.05113423084339989	0.042100115336180265	0.052602356051039884	53.341620534726054	36.29861400407355	34.920968946734206	42.18306164346187	5.326666565112443	55.415644201873974
2.7262107472659634	0.01	0.01	0.01	0.007	0.01	0.8978921159307217	0.10893934747573834	0.05113423102482662	0.04210023385978421	0.052602356035627566	55.301112765564376	37.46366457027232	36.09297227652909	43.463421524585435	5.499740978515247	53.91831340059999
2.8447030169138143	0.01	0.01	0.01	0.007	0.01	0.8979043687299779	0.10893934748811247	0.05113423117082807	0.042100342424124144	0.052602356023535156	57.16119341379522	38.56257847256092	37.208179233716436	44.66999732299471	5.664261282976393	52.489986495982464
2.962741210477102	0.01	0.01	0.01	0.007	0.01	0.8979122189224312	0.10893934749277222	0.051134231291808205	0.04210044258565208	0.05260235601375523	58.95619757220501	39.61615689361732	38.28700073645081	45.825709964937595	5.823249784014014	51.104754365055115
3.081451629406046	0.01	0.01	0.01	0.007	0.01	0.8979172952441273	0.10893934749454333	0.05113423139398873	0.042100535446095946	0.05260235600568768	60.704652996097195	40.635506421416515	39.340500985811325	46.94278031882837	5.97834158505636	49.74850122198962
3.2011448689577704	0.01	0.01	0.01	0.007	0.01	0.8979205762745861	0.10893934749521385	0.051134231481171986	0.04210062180345824	0.05260235599896074	62.411493647483596	41.6236072284318	40.37162817368196	48.02449194402022	6.129972243778943	48.41745817944746
3.321602693484179	0.01	0.01	0.01	0.007	0.01	0.8979226860070567	0.10893934749546537	0.051134231555925946	0.04210070220826802	0.05260235599332002	64.07391745094726	42.57893509176975	41.37866560323265	49.06919329558432	6.277890731009705	47.11386514592255
3.4424285161777552	0.01	0.01	0.01	0.007	0.01	0.8979240351636777	0.10893934749555897	0.05113423162023159	0.04210077712041856	0.05260235598857122	65.68719233433798	43.49892601373926	42.35869951827435	50.07410710610166	6.421671866489747	45.841547643967374
3.563291626789692	0.01	0.01	0.01	0.007	0.01	0.897924894886011	0.10893934749559363	0.05113423167575441	0.04210084700060766	0.05260235598455461	67.24812006647623	44.38197775058541	43.30971309659212	51.037520854202796	6.561024177967979	44.60321244303016
3.684025167584036	0.01	0.01	0.01	0.007	0.01	0.8979254420517244	0.10893934749560646	0.05113423172392572	0.0421009123052638	0.05260235598113804	68.75605583717245	45.227991169468005	44.23122143617063	51.959371510540045	6.695882113289301	43.39960295672498
3.804609477503091	0.01	0.01	0.01	0.007	0.01	0.8979257904154796	0.1089393474956112	0.0511342317659564	0.042100973450596844	0.05260235597821258	70.21233815543124	46.03799807295907	45.12394372558676	52.840831325680675	6.826356813590053	42.229900524080755
3.925104692989764	0.01	0.01	0.01	0.007	0.01	0.8979260124190412	0.10893934749561296	0.051134231802845403	0.04210103079588452	0.05260235597569084	71.61920566888948	46.813519254883495	45.9891548966189	53.68360268434328	6.952640402485424	41.092553333779314
4.045585349776619	0.01	0.01	0.01	0.007	0.01	0.8979261540127441	0.10893934749561363	0.05113423183540117	0.04210108464917401	0.052602355973503226	72.97891744525012	47.55606242277033	46.82815152228784	54.48936961887298	7.074927610216954	39.98596938885702
4.166102213915058	0.01	0.01	0.01	0.007	0.01	0.897926244356145	0.10893934749561386	0.05113423186427492	0.042101135280292204	0.05260235597159482	74.293324729298	48.26688911344414	47.64198737929557	55.259545015651014	7.193377243219827	38.908865510597124
4.286672772875667	0.01	0.01	0.01	0.007	0.01	0.8979263019982856	0.10893934749561394	0.0511342318899936	0.042101182931453485	0.05260235596992145	75.56382455282163	48.94699898355198	48.43144105934264	55.99525519432517	7.308107692833274	37.86031501421967
4.407289882013598	0.01	0.01	0.01	0.007	0.01	0.8979263387668177	0.10893934749561397	0.0511342319129892	0.042101227823334496	0.05260235596844758	76.79151111749019	49.597220807589046	49.19710608129495	56.69744005671762	7.419210270797599	36.83963322423627
4.527936158165655	0.01	0.01	0.01	0.007	0.01	0.8979263622138267	0.10893934749561394	0.05113423193362176	0.042101270157641514	0.05260235596714411	77.97735971679963	50.21831618592677	49.939503076149826	57.3669661729423	7.526765640519832	35.84623124989661
4.648595478746201	0.01	0.01	0.01	0.007	0.01	0.8979263771625938	0.10893934749561397	0.05113423195219402	0.042101310117914396	0.05260235596598664	79.12235116315	50.811046661720894	50.65915689957098	58.00469947078668	7.630855036396102	34.87951384373558
4.769258358601334	0.01	0.01	0.01	0.007	0.01	0.8979263866922041	0.10893934749561394	0.05113423196896396	0.04210134787012396	0.052602355964955196	80.2275172593537	51.37619626606714	51.356625617048	58.61152931551437	7.731564432056877	33.938839940471894
4.88992209671603	0.01	0.01	0.01	0.007	0.01	0.8979263927669964	0.10893934749561397	0.051134231984150805	0.04210138356388547	0.052602355964032455	81.29393088427226	51.91456441341417	52.03249508232627	59.18836051745711	7.8289837075942765	33.023528873546454
5.0105881795071605	0.01	0.01	0.01	0.007	0.01	0.8979263966394886	0.10893934749561394	0.05113423199794257	0.04210141733433215	0.05260235596320444	82.32267376594396	52.42694793594092	52.68735921795978	59.736093777070074	7.9232037650739615	32.132886150956416
5.13125926831823	0.01	0.01	0.01	0.007	0.01	0.8979263991081043	0.10893934749561397	0.05113423201050047	0.04210144930423078	0.052602355962458804	83.31480645430331	52.91412534759486	53.32180123577788	60.255608722098806	8.014313806531055	31.266228548769664
5.251937249591278	0.01	0.01	0.01	0.007	0.01	0.8979264006817743	0.10893934749561394	0.05113423202196242	0.04210147958585629	0.05260235596178543	84.27135233839326	53.37684906602294	53.936383402424205	60.74775562808448	8.102399864884353	30.422898099108085
5.372622587321563	0.01	0.01	0.01	0.007	0.01	0.8979264016849199	0.10893934749561397	0.05113423203244815	0.04210150828241242	0.05260235596117554	85.19329485595206	53.81584459804893	54.53164503906235	61.21335465452618	8.187544529316483	29.60226509516321
5.493314578520554	0.01	0.01	0.01	0.007	0.01	0.8979264023243608	0.10893934749561394	0.051134232042061176	0.042101535489026023	0.0526023559606216	86.08158217258193	54.231813392625064	55.10810529565979	61.65319899165849	8.269827356460619	28.80372457844034
5.61401202446756	0.01	0.01	0.01	0.007	0.01	0.8979264027319499	0.10893934749561397	0.05113423205089126	0.04210156129343536	0.05260235596011742	86.93713415252321	54.625436591746585	55.66626748348532	62.068058922589046	8.34932549986744	28.026690576940613
5.734713766261455	0.01	0.01	0.01	0.007	0.01	0.8979264029917461	0.10893934749561394	0.05113423205901745	0.04210158577657065	0.05260235595965718	87.76084722198478	54.99737755087175	56.20662214077484	62.45868453706646	8.426114152751323	27.270591968011978
5.855418956662156	0.01	0.01	0.01	0.007	0.01	0.8979264031573359	0.10893934749561397	0.05113423206650851	0.042101609013110844	0.052602355959236145	88.5535966512622	55.348283012223845	56.72964848105286	62.825806994053565	8.500266756494076	26.534870506536187
5.97612712409774	0.01	0.01	0.01	0.007	0.01	0.8979264032628784	0.10893934749561394	0.05113423207342537	0.0421016310720285	0.05260235595885024	89.31623713881474	55.67878344771879	57.23581475441861	63.17013889951253	8.571855053107702	25.818980339248196
6.096838052788348	0.01	0.01	0.01	0.007	0.01	0.8979264033301475	0.10893934749561397	0.05113423207982174	0.042101652017142284	0.052602355958495696	90.04960222706963	55.989492894933925	57.72557783389322	63.49237415592543	8.640949028065869	25.122388614267145
6.217551606886808	0.01	0.01	0.01	0.007	0.01	0.8979264033730219	0.10893934749561394	0.05113423208574457	0.042101671907642135	0.052602355958169277	90.75450358862851	56.28100879189342	58.19938269242594	63.79318782205181	8.70761683901191	24.444576275159392
6.338267666526983	0.01	0.01	0.01	0.007	0.01	0.8979264034003479	0.10893934749561397	0.051134232091236555	0.04210169079852687	0.05260235595786845	91.43173117615063	56.55391222354664	58.65766243701346	64.07323640938156	8.771924824190354	23.785038087906532
6.458986055870241	0.01	0.01	0.01	0.007	0.01	0.897926403417764	0.10893934749561394	0.05113423209633455	0.04210170874100499	0.05260235595759051	92.08205340639705	56.808768202255564	59.100838356966946	64.33315821798008	8.833937513374897	23.143282659104113
6.579706559092296	0.01	0.01	0.01	0.007	0.01	0.897926403428864	0.10893934749561397	0.05113423210107219	0.04210172578282056	0.05260235595733334	92.70621786795337	57.046126166021075	59.52932032330095	64.5735738972304	8.89371768825646	22.51883195325489
6.7004289603579075	0.01	0.01	0.01	0.007	0.01	0.8979264034359384	0.10893934749561394	0.05113423210547923	0.04210174196853325	0.05260235595709512	93.30495210547215	57.266520490544586	59.94350724685254	64.79508701693858	8.95132645068367	21.91122071697041
6.8211530678081	0.01	0.01	0.01	0.007	0.01	0.897926403440447	0.10893934749561397	0.05113423210958267	0.042101757339774684	0.052602355956873986	93.8789642631247	57.47047092970024	60.34378744721914	64.9982845616261	9.006823278047731	21.319996023981464
6.941878681580627	0.01	0.01	0.01	0.007	0.01	0.8979264034433205	0.10893934749561394	0.05113423211340617	0.04210177193550101	0.052602355956668345	94.42894343634222	57.65848294320807	60.730538821937756	65.18373731009049	9.060266050773963	20.74471711087155
7.062605657774714	0.01	0.01	0.01	0.007	0.01	0.8979264034451517	0.10893934749561397	0.05113423211697159	0.04210178579218107	0.05260235595647715	94.95556045795233	57.831048170777215	61.10412932171377	65.35200035887074	9.111711122076777	20.184954757083176
7.183333884467273	0.01	0.01	0.01	0.007	0.01	0.897926403446319	0.10893934749561394	0.05113423212029827	0.04210179894400065	0.05260235595629886	95.45946824019835	57.98864473940581	61.46491711961656	65.50361347716681	9.161213345085882	19.640291112566473
7.304063241736172	0.01	0.01	0.01	0.007	0.01	0.8979264034470628	0.10893934749561397	0.051134232123404066	0.042101811423057627	0.05260235595613257	95.94130207172584	58.131737563090184	61.813250744901566	65.63910145627511	9.20882609529126	19.110319582859027
7.42479364963466	0.01	0.01	0.01	0.007	0.01	0.8979264034475368	0.10893934749561394	0.0511342321263048	0.04210182325950013	0.05260235595597733	96.40168027397101	58.26077875113213	62.14946947552626	65.7589745623683	9.254601328412635	18.594644322177892
7.545525004226594	0.01	0.01	0.01	0.007	0.01	0.897926403447839	0.10893934749561397	0.05113423212901497	0.042101834481701954	0.05260235595583218	96.84120439738585	58.37620787376896	62.4739034003372	65.86372885232318	9.298589592996496	18.092880226488017
7.666257217565143	0.01	0.01	0.01	0.007	0.01	0.8979264034480315	0.10893934749561394	0.05113423213154775	0.04210184511637615	0.05260235595569629	97.26045982428587	58.478452344423	62.786873776730445	65.95384659867982	9.34084008332388	17.60465247542259
7.786990217693428	0.01	0.01	0.01	0.007	0.01	0.8979264034481544	0.10893934749561397	0.051134232133915096	0.042101855188695976	0.05260235595556903	97.66001619037992	58.56792773917675	63.088693260876326	66.02979665243231	9.381400674708464	17.129596263879716
7.907723932653206	0.01	0.01	0.01	0.007	0.01	0.8979264034482326	0.10893934749561394	0.051134232136127805	0.04210186472241261	0.05260235595544974	98.04042774667045	58.645038098884385	63.379666094377605	66.09203478943655	9.420317952868249	16.667356600695463
8.028458290484998	0.01	0.01	0.01	0.007	0.01	0.8979264034482825	0.10893934749561397	0.051134232138196394	0.04210187373995592	0.05260235595533777	98.40223377239603	58.710176240725325	63.66008833005374	66.14100406399355	9.45763724853028	16.217588045309025
8.149193235220212	0.01	0.01	0.01	0.007	0.01	0.8979264034483142	0.10893934749561394	0.051134232140129375	0.042101882262518785	0.052602355955232626	98.74595902128412	58.76372406775684	63.93024808680407	66.17713515691987	9.49340267574631	15.779954394292405
8.269928702893438	0.01	0.01	0.01	0.007	0.01	0.8979264034483343	0.10893934749561397	0.051134232141935396	0.042101890310153316	0.05260235595513385	99.07211403814183	58.80605284937554	64.1904257062377	66.2008466988551	9.527657157026177	15.354128523078707
8.390664645530581	0.01	0.01	0.01	0.007	0.01	0.8979264034483472	0.10893934749561394	0.051134232143622185	0.04210189790183671	0.05260235595504104	99.38119560551074	58.837523517709506	64.44089401316621	66.21254560179342	9.560442462144533	14.939792057826503
8.511401015156997	0.01	0.01	0.01	0.007	0.01	0.8979264034483556	0.10893934749561397	0.051134232145196606	0.04210190505555005	0.05260235595495368	99.67368706597412	58.8584869383865	64.68191848086855	66.2126273697027	9.591799234220915	14.536635198933647
8.632137787785869	0.01	0.01	0.01	0.007	0.01	0.8979264034483608	0.10893934749561394	0.05113423214666548	0.04210191178833203	0.05260235595487145	99.9500587369832	58.86928418434495	64.91375747391042	66.20147640465004	9.62176702583149	14.144356413634458
8.752874931434016	0.01	0.01	0.01	0.007	0.01	0.8979264034483642	0.10893934749561397	0.05113423214803451	0.042101918116355025	0.05260235595479397	100.21076818028082	58.87024679257274	65.13666237385391	66.17946630455073	9.650384319761189	13.762662321768936
8.873612406121822	0.01	0.01	0.01	0.007	0.01	0.8979264034483664	0.10893934749561394	0.05113423214930935	0.04210192405498109	0.052602355954720896	100.45626055009184	58.86169702603467	65.35087776976472	66.14696016032178	9.677688558195351	13.391267473536821
8.994350171869351	0.01	0.01	0.01	0.007	0.01	0.8979264034483678	0.10893934749561397	0.051134232150495014	0.042101929618809715	0.0526023559546522	100.68696894645518	58.843948126845724	65.55664165679052	66.10431084162148	9.703716172784214	13.029894109804701
9.115088188696395	0.01	0.01	0.01	0.007	0.01	0.8979264034483686	0.10893934749561394	0.05113423215159602	0.04210193482172488	0.052602355954587315	100.9033147396869	58.81730456094851	65.75418561357124	66.05186127452616	9.728502611833528	12.678271955189944
9.235826432614893	0.01	0.01	0.01	0.007	0.01	0.897926403448369	0.10893934749561397	0.05113423215261699	0.042101939676930614	0.05260235595452625	101.10570791203098	58.78206225098372	65.94373499947201	65.98994470292195	9.752082369809786	12.336137972001199
9.356564887632857	0.01	0.01	0.01	0.007	0.01	0.8979264034483694	0.10893934749561394	0.05113423215356214	0.04210194419699618	0.05260235595446859	101.29454734401503	58.73850880572229	66.12550910572838	65.91888495049079	9.774489010878106	12.003236192065396
9.477303537758218	0.01	0.01	0.01	0.007	0.01	0.8979264034483695	0.10893934749561397	0.05113423215443497	0.042101948393897234	0.05260235595441414	101.4702210984693	58.68692374694791	66.29972130546037	65.83899667968318	9.79575519225934	11.679317549808612
9.598042351006377	0.01	0.01	0.01	0.007	0.01	0.8979264034483696	0.10893934749561394	0.05113423215523871	0.042101952279060016	0.05260235595436282	101.63310669149163	58.62757873773014	66.46657919155363	65.75058565353788	9.815912686078324	11.364139737402201
9.71878130338885	0.01	0.01	0.01	0.007	0.01	0.8979264034483697	0.10893934749561397	0.051134232155977045	0.04210195586338171	0.05260235595431438	101.78357141309182	58.56073778727181	66.62628476757259	65.65394896385766	9.834992407541142	11.0574669580836
9.839520378913312	0.01	0.01	0.01	0.007	0.01	0.8979264034483697	0.10893934749561394	0.051134232156652776	0.042101959157259276	0.05260235595426863	101.9219725989961	58.48665745642097	66.77903459626079	65.54937526451867	9.85302443770094	10.75906975301212
9.960259569583638	0.01	0.01	0.01	0.007	0.01	0.8979264034483697	0.10893934749561397	0.05113423215726876	0.042101962170618464	0.052602355954225584	102.04865789537854	58.40558705782712	66.92501994417515	65.43714499869795	9.870038045631128	10.468724832633805
10.080998867403684	0.01	0.01	0.01	0.007	0.01	0.8979264034483697	0.10893934749561394	0.05113423215782736	0.042101964912944094	0.05260235595418501	102.16396550942919	58.31776885691036	67.06442691353213	65.31753062833111	9.886061708991805	10.186214930897373
10.201738256381024	0.01	0.01	0.01	0.007	0.01	0.8979264034483697	0.10893934749561397	0.051134232158331294	0.042101967393309056	0.0526023559541466	102.26822445752593	58.223438270282095	67.19743657288613	65.19079686056672	9.901123134409916	9.91132866076751
10.322477712526931	0.01	0.01	0.01	0.007	0.01	0.8979264034483697	0.10893934749561394	0.0511342321587828	0.04210196962039692	0.05260235595411051	102.36175481658567	58.12282405456527	67.32422509468549	65.05720086194012	9.915249278555484	9.643860353737285
10.443217227845178	0.01	0.01	0.01	0.007	0.01	0.8979264034483697	0.10893934749561397	0.05113423215918392	0.04210197160251048	0.052602355954076474	102.44486798392688	58.01614846816825	67.44496391240575	64.91699243807646	9.928466371169577	9.38360985279479
10.563956802335795	0.01	0.01	0.01	0.007	0.01	0.8979264034483697	0.10893934749561394	0.05113423215953654	0.04210197334759555	0.05260235595404436	102.51786690043973	57.90362745166653	67.5598198373935	64.77041423979206	9.940799933332556	9.130382384147097
10.684696412009993	0.01	0.01	0.01	0.007	0.01	0.8979264034483697	0.10893934749561397	0.051134232159842676	0.04210197486327784	0.05260235595401419	102.58104626027635	57.785470830053605	67.66895515369654	64.61770199757791	9.952274793392785	8.883988478202957
10.805436056867782	0.01	0.01	0.01	0.007	0.01	0.8979264034483697	0.10893934749561394	0.05113423216010414	0.04210197615685324	0.052602355953985734	102.63469276202753	57.66188243541233	67.77252778518647	64.45908465328219	9.962915110486373	8.644243727261642
10.926175736909173	0.01	0.01	0.01	0.007	0.01	0.8979264034483697	0.10893934749561397	0.051134232160322236	0.04210197723531786	0.05260235595395905	102.67908530758496	57.53306029053135	67.87069138930394	64.29478457228684	9.972744389957182	8.410968699920904
11.046915428145345	0.01	0.01	0.01	0.007	0.01	0.8979264034483697	0.10893934749561394	0.05113423216049869	0.042101978105396586	0.05260235595393398	102.71449520654093	57.39919679459648	67.96359545424941	64.12501775772826	9.981785499283406	8.18398885127422
11.167655130576303	0.01	0.01	0.01	0.007	0.01	0.8979264034483697	0.10893934749561397	0.051134232160634924	0.04210197877353083	0.05260235595391047	102.74118639850685	57.26047882617605	68.05138544990926	63.949993960142486	9.990060689136461	7.963134299682044
11.288394844202047	0.01	0.01	0.01	0.007	0.01	0.8979264034483697	0.10893934749561394	0.05113423216073227	0.04210197924590523	0.052602355953888506	102.75941564088001	57.117087917394095	68.13420291574434	63.769916878763226	9.997591607892584	7.748239747914211
11.4091345610263	0.01	0.01	0.01	0.007	0.01	0.8979264034483697	0.10893934749561397	0.051134232160791986	0.0421019795284651	0.05260235595386777	102.76943270242936	56.96920040995812	68.21218556185475	63.58498433967623	10.004399317462347	7.539144373095216
11.529874265056515	0.01	0.01	0.01	0.007	0.01	0.8979264034483697	0.10893934749561394	0.05113423216081506	0.04210197962692824	0.0526023559538485	102.7714805546424	56.81698759869896	68.28546737372446	63.39538845859479	10.010504309338192	7.335691704485637
11.650613964288963	0.01	0.01	0.01	0.007	0.01	0.8979264034483697	0.10893934749561397	0.05113423216080295	0.04210197954677779	0.052602355953830476	102.76579555523666	56.66061582914048	68.35417873166111	63.20131574709732	10.015926521543234	7.137729452933176
11.771353650727375	0.01	0.01	0.01	0.007	0.01	0.8979264034483697	0.10893934749561394	0.05113423216075641	0.042101979293296024	0.052602355953813844	102.75260762480359	56.500246681694556	68.41844648343529	63.00294732724108	10.020685351464591	6.945109465247122
11.892093324371752	0.01	0.01	0.01	0.007	0.01	0.8979264034483697	0.10893934749561397	0.05113423216067662	0.04210197887156022	0.05260235595379826	102.7321404208142	56.3360370721732	68.4783940537558	62.80045904224276	10.024799671613875	6.757687573079475
12.012832977225822	0.01	0.01	0.01	0.007	0.01	0.8979264034483697	0.10893934749561394	0.05113423216056426	0.04210197828646148	0.052602355953783875	102.70461150846806	56.16813940033683	68.53414152822502	62.59402162718179	10.02828784316871	6.575323510591366
12.133572593297055	0.01	0.01	0.01	0.007	0.01	0.8979264034483697	0.10893934749561397	0.05113423216042028	0.04210197754271344	0.052602355953770524	102.6702325275542	55.99670167496535	68.58580574469353	62.38380085081241	10.03116772996814	6.397880807851722
12.254312188577993	0.01	0.01	0.01	0.007	0.01	0.8979264034483697	0.10893934749561394	0.0511342321602457	0.04210197664483745	0.0526023559537583	102.62920934000519	55.82186757699312	68.63350039722256	62.16995758201591	10.033456712780673	6.225226630805819
12.375051747076112	0.01	0.01	0.01	0.007	0.01	0.8979264034483697	0.10893934749561397	0.05113423216004107	0.04210197559720781	0.05260235595374704	102.58174220391604	55.64377666760501	68.67733609390852	61.95264803420787	10.035171700835983	6.057231775920662
12.495791284783946	0.01	0.01	0.01	0.007	0.01	0.8979264034483697	0.10893934749561394	0.05113423215980711	0.042101974404021685	0.052602355953736774	102.52802590353234	55.46256440978251	68.71742046511885	61.73202378156053	10.036329145753204	5.8937704819441725
12.616530785708978	0.01	0.01	0.01	0.007	0.01	0.8979264034483697	0.10893934749561397	0.05113423215954468	0.04210197306934388	0.05260235595372742	102.46824992190673	55.2783623736608	68.75385822092782	61.508232000054385	10.036945052994529	5.73472042483586
12.73727024985122	0.01	0.01	0.01	0.007	0.01	0.8979264034483697	0.10893934749561394	0.05113423215925412	0.04210197159708502	0.05260235595371906	102.40259856515935	55.09129827355732	68.78675124677622	61.28141550341995	10.037034994539193	5.5799625597682745
12.858009677210683	0.01	0.01	0.01	0.007	0.01	0.8979264034483697	0.10893934749561397	0.051134232158936206	0.04210196999101758	0.052602355953711454	102.33125110805535	54.90149609646097	68.81619867381106	61.05171289092662	10.036614120327727	5.429381054578554
12.978749067787378	0.01	0.01	0.01	0.007	0.01	0.8979264034483697	0.10893934749561394	0.051134232158591676	0.04210196825478185	0.0526023559537047	102.25438192994677	54.709076204298064	68.84229695322301	60.81925866338221	10.03569716965503	5.282863203067261
13.099488421581317	0.01	0.01	0.01	0.007	0.01	0.8979264034483697	0.10893934749561397	0.05113423215822063	0.04210196639189127	0.052602355953698894	102.1721606470451	54.514155433428485	68.86513992857755	60.58418333598778	10.034298482255949	5.140299340637063
13.220227730596264	0.01	0.01	0.01	0.007	0.01	0.8979264034483697	0.10893934749561394	0.05113423215782395	0.042101964405742716	0.052602355953693634	102.08475224708076	54.31684720459047	68.88481890499352	60.346613563946406	10.032432009230483	5.001582771269884
13.340966994832236	0.01	0.01	0.01	0.007	0.01	0.8979264034483697	0.10893934749561397	0.05113423215740189	0.04210196229961242	0.05260235595368935	101.99231720360073	54.11726159123347	68.90142272062626	60.106672218113644	10.03011132335041	4.866609668800442
13.46170621428925	0.01	0.01	0.01	0.007	0.01	0.8979264034483697	0.10893934749561394	0.05113423215695495	0.042101960076665224	0.052602355953685676	101.89501160273002	53.91550542380557	68.91503781146244	59.864478504226774	10.02734962931603	4.735279009037362
13.582445388967324	0.01	0.01	0.01	0.007	0.01	0.8979264034483697	0.10893934749561397	0.051134232156483495	0.04210195773995926	0.052602355953682775	101.79298726173411	53.7116823789002	68.92574827615508	59.62014806401043	10.024159773692858	4.607492494144847
13.703184526862707	0.01	0.01	0.01	0.007	0.01	0.8979264034483697	0.10893934749561394	0.05113423215598815	0.04210195529244541	0.05260235595368057	101.68639183717369	53.50589305229548	68.93363593953931	59.37379305715989	10.020554254327845	4.483154470942668
13.823923619979178	0.01	0.01	0.01	0.007	0.01	0.8979264034483697	0.10893934749561397	0.05113423215546899	0.04210195273698607	0.05260235595367903	101.57536895819916	53.298235084169264	68.93878041236484	59.12552230592968	10.016545230461118	4.362171884120068
13.944662668316754	0.01	0.01	0.01	0.007	0.01	0.8979264034483697	0.10893934749561394	0.051134232154926545	0.04210195007634453	0.05260235595367814	101.4600583153279	53.088803200618536	68.94125915304545	58.875441339606475	10.012144531230447	4.244454181314133
14.06540167187545	0.01	0.01	0.01	0.007	0.01	0.8979264034483697	0.10893934749561397	0.051134232154361074	0.042101947313193507	0.052602355953677855	101.3405957733172	52.877689306959624	68.94114752496864	58.62365250119401	10.007363664775097	4.129913253909243
14.186140622659066	0.01	0.01	0.01	0.007	0.01	0.8979264034483697	0.10893934749561394	0.05113423215377286	0.04210194445012372	0.05260235595367821	101.21711348287482	52.66498257956997	68.9385188532972	58.370255052361415	10.002213827255103	4.0184633783670405
14.306879536660057	0.01	0.01	0.01	0.007	0.01	0.8979264034483697	0.10893934749561397	0.05113423215316218	0.04210194148962793	0.05260235595367912	101.08973994829115	52.450769485031245	68.93344447912516	58.115345191932406	9.996705909894857	3.910021122737128
14.427618397886004	0.01	0.01	0.01	0.007	0.01	0.8979264034483697	0.10893934749561394	0.0511342321525293	0.042101938434137676	0.0526023559536806	100.95860018322207	52.23513395253406	68.92599381463488	57.859016257004185	9.990850509634395	3.8045053353889804
14.548357214333143	0.01	0.01	0.01	0.007	0.01	0.8979264034483697	0.10893934749561397	0.05113423215187468	0.04210193528599296	0.052602355953682636	100.82381574754035	52.018157346375915	68.91623439324141	57.60135868615978	9.984657934618886	3.7018370334851967
14.669095986001489	0.01	0.01	0.01	0.007	0.01	0.8979264034483697	0.10893934749561394	0.05113423215119814	0.04210193204746456	0.05260235595368522	100.68550487351224	51.79991859222838	68.9042319214644	57.34246016583402	9.978138213402731	3.6019393727875317
14.78983471289106	0.01	0.01	0.01	0.007	0.01	0.8979264034483697	0.10893934749561397	0.051134232150500336	0.04210192872075138	0.052602355953688396	100.5437825476697	51.5804942307247	68.89005032798863	57.08240569026828	9.971301102154772	3.504737582857573
14.910573395001872	0.01	0.01	0.01	0.007	0.01	0.8979264034483697	0.10893934749561394	0.05113423214978108	0.042101925307984046	0.052602355953692045	100.39876059855649	51.359958483348294	68.87375181164941	56.821277636212926	9.964156092012546	3.4101589110902464
15.031312032333942	0.01	0.01	0.01	0.007	0.01	0.8979264034483697	0.10893934749561397	0.05113423214904076	0.04210192181122666	0.052602355953696146	100.25054778210593	51.13838331653398	68.85539688812295	56.55915583560094	9.956712416238066	3.318132568257737
15.152050616891088	0.01	0.01	0.01	0.007	0.01	0.8979264034483697	0.10893934749561394	0.05113423214827956	0.04210191823248443	0.05260235595370086	100.09924987483383	50.915838518799426	68.83504443676948	56.29611766369647	9.948979057702024	3.228589681372498
15.272789164665724	0.01	0.01	0.01	0.007	0.01	0.8979264034483697	0.10893934749561397	0.051134232147497675	0.042101914573686915	0.0526023559537061	99.94496971438372	50.69239170239626	68.81275173931301	56.03223803813105	9.940964753590622	3.141463218575173
15.393527659665475	0.01	0.01	0.01	0.007	0.01	0.8979264034483697	0.10893934749561394	0.051134232146695095	0.04210191083672338	0.05260235595371181	99.78780734880795	50.4681084656521	68.78857453260807	55.767589607893925	9.932678005628944	3.0566879800820144
15.514266109886554	0.01	0.01	0.01	0.007	0.01	0.8979264034483697	0.10893934749561397	0.05113423214587214	0.04210190702341173	0.05260235595371785	99.62786004206701	50.24305234695576	68.76256704047809	55.50224269623285	9.924127082826317	2.9742005085808185
15.635004523325163	0.01	0.01	0.01	0.007	0.01	0.8979264034483697	0.10893934749561394	0.05113423214502876	0.042101903135515095	0.052602355953724325	99.46522237831223	50.01728492478523	68.73478201832002	55.23626541619658	9.915320029230747	2.8939390597294365
15.755742883988946	0.01	0.01	0.01	0.007	0.01	0.8979264034483697	0.10893934749561397	0.05113423214416518	0.04210189917475772	0.05260235595373134	99.2999863674794	49.79086591714144	68.70527079879231	54.969723785289624	9.906264671829923	2.815843571208188
15.876481207870286	0.01	0.01	0.01	0.007	0.01	0.8979264034483697	0.10893934749561394	0.0511342321432816	0.042101895142793416	0.0526023559537387	99.13224143995745	49.56385312964934	68.67408331720189	54.70268166200186	9.896968622335935	2.7398555809038574
15.997219486973018	0.01	0.01	0.01	0.007	0.01	0.8979264034483697	0.10893934749561397	0.051134232142377944	0.04210189104124126	0.05260235595374656	98.96207459134959	49.336302611850755	68.64126816241044	54.435200927577036	9.887439287091052	2.6659182197227307
16.0	0.01	0.01	0.01	0.007	0.01	0.8979264034483697	0.10893934749561397	0.051134232142356906	0.042101891795226845	0.052602355953746745	98.95812792100716	49.3310563913756	68.64049365793137	54.42903635579172	9.887217143077164	2.664239210290146
