0.0	0.01	0.01	0.01	0.007	0.01	0.0	0.0	0.0	0.0	0.0	0.0	0.0	0.0	0.0	0.0	100.0
0.0033979605404838346	0.01	0.01	0.01	0.007	0.01	0.011029078235259596	0.0034154817046853003	0.003654795926253502	0.004031997399811925	0.0029670290944285136	0.0007913048873691657	0.0011708593940011117	0.001954763896852254	0.004298806395467352	0.0004067025879215486	99.93092540867231
0.005465446414622563	0.01	0.01	0.01	0.007	0.01	0.017666429865476948	0.00544383939508459	0.005755969662765641	0.00629976855552139	0.004686795465360736	0.002040408373738928	0.003009215125745218	0.004984453541671072	0.010897392276400283	0.0010390526153152976	99.88892038845621
0.008573230379141457	0.01	0.01	0.01	0.007	0.01	0.027540387200244407	0.008423712552508922	0.008749939532721789	0.009465398470026915	0.007162377427047336	0.004995661557611663	0.0073316333019177145	0.012002869695951358	0.02601692789193443	0.0025101786090304555	99.8258128928528
0.011447990904034828	0.01	0.01	0.01	0.007	0.01	0.036564909737245826	0.011108005463665293	0.011353058036757114	0.012152833512101646	0.009348320067951305	0.008866822375998173	0.012954509621794324	0.020983552149368815	0.045133219784014064	0.004403300858133993	99.76747273206716
0.01478690124617521	0.01	0.01	0.01	0.007	0.01	0.04691654914472555	0.014141026461568774	0.014188278743442449	0.015008418777715155	0.011780295684201076	0.014714766411080903	0.021387144915872302	0.03422348198921888	0.07297325750046484	0.0072144436587994135	99.69975594744133
0.018190177219938455	0.01	0.01	0.01	0.007	0.01	0.05732585385571665	0.017141496871017143	0.016883374984130808	0.017650933268517306	0.014161767534854366	0.02214749973789938	0.0320217931568416	0.0506201012106811	0.10701321889794119	0.010728499532427653	99.63078105670697
0.021856944604577575	0.01	0.01	0.01	0.007	0.01	0.0683829880025761	0.02027455136935527	0.019582311817954137	0.020223797709448373	0.01664178060487857	0.03179123399568817	0.04570820001887327	0.07133010349258317	0.14945503038581884	0.015219332478515799	99.5565193340818
0.025665547181395514	0.01	0.01	0.01	0.007	0.01	0.07969671814202872	0.023422743560194782	0.022176962916234964	0.022624737650888075	0.019148482589116406	0.04357304695998927	0.06228720232704743	0.09593481052890626	0.19921957936096626	0.020632976757839067	99.4794436791654
0.02967098471655058	0.01	0.01	0.01	0.007	0.01	0.09140992579048099	0.026620940876026553	0.024693761692448808	0.02488236034453978	0.02173244765838483	0.05786864410931766	0.08222680071202185	0.12494472423367906	0.257125056484656	0.027129028957617297	99.39844900123556
0.03383653606879112	0.01	0.01	0.01	0.007	0.01	0.10339312352039727	0.029828687236820178	0.02709895431823875	0.026970887214366746	0.02438030931622058	0.07476771153976805	0.10558334777950323	0.1582427879429472	0.32271868599060505	0.03474093435767096	99.31428658351291
0.038176361504613954	0.01	0.01	0.01	0.007	0.01	0.11566625181132184	0.033047002297480546	0.02939365817564101	0.028897232327297507	0.02709889449425882	0.09453359149702067	0.13264614584995493	0.19603662096219054	0.3961990700321918	0.043584744324321426	99.22667885984501
0.04268073122925582	0.01	0.01	0.01	0.007	0.01	0.12818048744542362	0.03625893777719279	0.03156707056613441	0.030658758580618516	0.02985196411381251	0.1173316722940594	0.16355960329690794	0.2383144043019426	0.4773381262420357	0.05372926078305583	99.13583122407884
0.04736200070390431	0.01	0.01	0.01	0.007	0.01	0.1409485057074139	0.039463847870585746	0.03362103028890403	0.032263848372671856	0.032570295895445904	0.14343616155858344	0.19860595993955504	0.2852415890770216	0.5662562713398414	0.06527437056273809	99.04150387550862
0.05221352765515025	0.01	0.01	0.01	0.007	0.01	0.15393001225545758	0.042647911839039036	0.03554973781782691	0.03371511136259857	0.03511530107109781	0.17302544188979843	0.2379273590767767	0.3367821134269644	0.6626975871304067	0.07823701641043879	98.94384055398064
0.05716184810965753	0.01	0.01	0.01	0.007	0.01	0.16691250727754742	0.04575745960123578	0.037327197722649995	0.03500158086980509	0.03728287319155999	0.20580233956931498	0.28103561667732985	0.39209690739818376	0.7649486942549645	0.09236585886703616	98.84432794255848
0.062191209071088355	0.01	0.01	0.01	0.007	0.01	0.1798458778529057	0.0487812087617579	0.03895652599902916	0.036135117960745936	0.038930751673278786	0.24174048850195012	0.3278114137665978	0.45087074051347	0.8723336557990623	0.10746700715199337	98.74328813183355
0.06740290808355281	0.01	0.01	0.01	0.007	0.01	0.19297535469578295	0.05177554321091551	0.040475161478513905	0.03714968240615401	0.04001536068186295	0.28170566886300763	0.3792819340079444	0.5142081090302114	0.9867626632400572	0.12365758258813239	98.6386941189038
0.07290782381893726	0.01	0.01	0.01	0.007	0.01	0.20654828395341374	0.054791645213982054	0.04191090259918171	0.038069101117694286	0.0405387336260681	0.32685511193314143	0.4367981197154101	0.5835071479258072	1.1105916735500618	0.14108447489243314	98.52833582987958
0.0787062776369532	0.01	0.01	0.01	0.007	0.01	0.2205241349537804	0.057813354186432325	0.04325631019731459	0.03889309006558749	0.04054581391258626	0.3775882713850149	0.5006981548333606	0.6588633609384973	1.2437960077144743	0.15953446900782248	98.4122264355181
0.08465557296956008	0.01	0.01	0.01	0.007	0.01	0.23452925180211662	0.06075637536528776	0.044478717379003885	0.0396078694125773	0.040148792971825734	0.43293554087022423	0.5696045686729161	0.738399090181865	1.382931433991859	0.178344077345279	98.29323877218734
0.09081633577331195	0.01	0.01	0.01	0.007	0.01	0.24868377031749417	0.0636447493895407	0.045595514808039736	0.04023051622728259	0.03946993361320174	0.49366694845142467	0.6443276531258049	0.8228373925208986	1.529186328634846	0.19753325519422954	98.17017332109924
0.09724069121899932	0.01	0.01	0.01	0.007	0.01	0.2630755828447926	0.0664933144627979	0.046617948406339996	0.04077308153467253	0.03860556252333657	0.56059080867696	0.7256826628602173	0.9128479280383011	1.683623820755541	0.21712587261690297	98.04200653431948
0.10398888049812634	0.01	0.01	0.01	0.007	0.01	0.2777982495499906	0.0693158017802339	0.047555153904719184	0.041245427795601475	0.03762707228432274	0.634718442821861	0.8146832012535338	1.009258980788907	1.8475510940144872	0.23718958664352327	97.90755940701706
0.11109943848865142	0.01	0.01	0.01	0.007	0.01	0.2928857736013442	0.07211270012805984	0.04841087223629825	0.0416540005526289	0.03659037888727606	0.716936416377106	0.9121391110989769	1.1126182291883295	2.0217761370399265	0.25773952454963106	97.76609213117635
0.11860316747441067	0.01	0.01	0.01	0.007	0.01	0.3083471372803557	0.07487916377707475	0.04918733522690369	0.042004248991442936	0.03553855950958939	0.8081192099377535	1.0187962959560293	1.2233649847274661	2.2069198277940156	0.2787812008308833	97.6170242350127
0.12652033725449569	0.01	0.01	0.01	0.007	0.01	0.32416302974864364	0.07760525720452642	0.04988597852497305	0.04230111826290973	0.03450505646186798	0.9090697864482074	1.1352693580144297	1.341774930145083	2.4033353650506477	0.300303805979864	97.45998940201629
0.13487021168418595	0.01	0.01	0.01	0.007	0.01	0.3403073230206676	0.08028039240284778	0.050508976708855846	0.0425497428063005	0.0335143663552417	1.0206164374149729	1.262157067342465	1.4680933086707648	2.611339104067186	0.3223075986808782	97.2946456926248
0.1436725522975606	0.01	0.01	0.01	0.007	0.01	0.3567503153354404	0.0828940939619288	0.05105938177273406	0.04275539653947869	0.032583629521820076	1.1436284750478765	1.4000586014971246	1.6025573764047631	2.831249575214932	0.3448065131852456	97.12064598873512
0.1529504272030037	0.01	0.01	0.01	0.007	0.01	0.3734637500481254	0.08543689928010123	0.05154117287285606	0.0429233950302703	0.031723888232980155	1.2790563347571342	1.5496153135048145	1.7454410066674477	3.063460032264787	0.3678333667979666	96.937583028264
0.1627299422244452	0.01	0.01	0.01	0.007	0.01	0.3904195038322971	0.08790015181968368	0.051959019024567565	0.04305890659167	0.030941483544727373	1.4279339094236982	1.7115080011665302	1.8970533605172284	3.3084338022551814	0.3914367416758811	96.7449956736709
0.1730405522934391	0.01	0.01	0.01	0.007	0.01	0.40758934963242943	0.0902759880998436	0.05231810232040933	0.0431668231131579	0.03023911753723022	1.591388770225385	1.8864626144157206	2.0577459578093813	3.566712957991415	0.41567963657342	96.54236383231898
0.18391474179297193	0.01	0.01	0.01	0.007	0.01	0.42494364032994825	0.09255719178116487	0.05262393052362476	0.0432516612922071	0.02961673491999953	1.7706423043666812	2.0752447637799185	2.2279095403161335	3.8389101505475858	0.44063685749690046	96.32911593061125
0.1953881115426799	0.01	0.01	0.01	0.007	0.01	0.4424507827563231	0.09473719361892613	0.052882179344796346	0.043317504697853	0.02907218185525786	1.9670148877447728	2.2786598646924587	2.407976770935006	4.125709717187972	0.4663936526038285	96.1046284855107
0.2074995055460351	0.01	0.01	0.01	0.007	0.01	0.46007680091743997	0.09681009849159201	0.053098530408689844	0.043367971923864115	0.02860173007583374	2.1819310730134283	2.497553346901188	2.5984251510814476	4.427868971583603	0.49304458358204767	95.86822505872665
0.220291447193802	0.01	0.01	0.01	0.007	0.01	0.47778534945567863	0.09877077278084795	0.05327850566836177	0.0434062072491531	0.028200494861945178	2.4169298099358687	2.732816018214755	2.799784301385051	4.746226416543749	0.5206931678237783	95.61916938001269
0.23381061211676507	0.01	0.01	0.01	0.007	0.01	0.4955376924712498	0.10061492031667067	0.053427299168197405	0.043434888176010274	0.027862790107242033	2.6736755599256625	2.985390057423594	3.012643165563422	5.08170999373207	0.5494516238265043	95.35665806532698
0.24810805194870816	0.01	0.01	0.01	0.007	0.01	0.5132923042098401	0.10233911495682106	0.05354962867845771	0.043456247214005844	0.027582437597747325	2.953964495234162	3.2562701008363844	3.2376524514966523	5.435338268732149	0.5794401286935388	95.07981850980913
0.26323884394498576	0.01	0.01	0.01	0.007	0.01	0.5310038704552311	0.10394078665935404	0.053649637619986264	0.043472105425068276	0.02735303404395993	3.2597177440218124	3.5464926085173296	3.475517148056933	5.808206698544853	0.6107849718360047	94.78771816586355
0.2792614089794587	0.01	0.01	0.01	0.007	0.01	0.5486222597037559	0.10541823184874956	0.05373087108123497	0.043483914994144376	0.027168168417496922	3.5929641332501436	3.857117476795194	3.726983128791664	6.201465352660023	0.6436161748980639	94.47938033192109
0.29623723498770616	0.01	0.01	0.01	0.007	0.01	0.5660923808902839	0.10677071283900376	0.05379632390403094	0.0434928070320771	0.02702159150680941	3.9558269351033712	4.189216392013075	3.9928297386929845	6.6163064127725635	0.6780660726439487	94.15379218421002
0.3142315815500205	0.01	0.01	0.01	0.007	0.01	0.583355271755962	0.10799862521118099	0.0538485324506144	0.04349964077294286	0.026907352310819668	4.350529039096103	4.54388030930577	4.273877548532152	7.053975214689751	0.7142699281627979	93.80989423661457
0.3333148192337746	0.01	0.01	0.01	0.007	0.01	0.6003496559512904	0.10910363026305528	0.053889672573793346	0.04350505133665421	0.026819915134800212	4.779412360921747	4.922240252887919	4.57100573204193	7.515795662877254	0.7523677948662055	93.44655831231476
0.35356363864143764	0.01	0.01	0.01	0.007	0.01	0.6170130877716983	0.1100886855452176	0.053921637994772946	0.043509494399590745	0.02675425621726719	5.244955621738168	5.325486253721576	4.885166912894899	8.00319095337838	0.7925060882750924	93.06256892873839
0.37506144013100723	0.01	0.01	0.01	0.007	0.01	0.633282288717526	0.11095797499481361	0.053946090658584016	0.043513286520707885	0.026705931259243785	5.749773000744896	5.7548699603160935	5.217388698624154	8.517683066903366	0.8348375540272759	92.65662114784779
0.39789774237822906	0.01	0.01	0.01	0.007	0.01	0.6490929819936592	0.11171678802638012	0.05396448746283663	0.04351664011202717	0.026671107844148754	6.2965864241646585	6.2116870259138715	5.568759574768574	9.060867819912684	0.8795193836558871	92.22733757724407
0.42216671820492047	0.01	0.01	0.01	0.007	0.01	0.6643797310048333	0.11237138799954932	0.053978092431466375	0.04351969243203234	0.026646564295043515	6.88817102810199	6.69724142651611	5.940401181511189	9.634368994496375	0.9267097432097882	91.77330194820945
0.4479653030209646	0.01	0.01	0.01	0.007	0.01	0.6790763465232326	0.1129288898413179	0.053987983123720634	0.043522528578054685	0.026629661102669316	7.527283117362217	7.212801241567871	6.333434212448276	10.239783032708205	0.9765636143773634	91.29310038660782
0.4753913579315537	0.01	0.01	0.01	0.007	0.01	0.6931171561782633	0.11339713828667386	0.053995057357741266	0.043525198945937704	0.026618292648600887	8.216583261182821	7.759556442427923	6.7489455837667975	10.878626244320746	1.0292288868116555	90.78536103464485
0.5045423921204575	0.01	0.01	0.01	0.007	0.01	0.706439162165924	0.1137845666971638	0.054000043571280014	0.04352773194208847	0.026610826106960955	8.95856975364946	8.33858945026591	7.187964605589229	11.552296429342842	1.0848436508693402	90.24878259160393
0.5355148970354588	0.01	0.01	0.01	0.007	0.01	0.7189847035186617	0.11410001494129095	0.054003515846776005	0.04353014282236985	0.02660603322911507	9.755527315980991	8.950859618712219	7.651448776081739	12.262049733435278	1.1435347425101778	89.68215102862814
0.5684038820095418	0.01	0.01	0.01	0.007	0.01	0.7307040880338991	0.11435250194760951	0.05400591308641314	0.04353243951432945	0.026603019720080813	10.609483484585336	9.597193135341838	8.140272863778227	13.008982879063188	1.2054167153946322	89.08435223970993
0.6033019572834573	0.01	0.01	0.01	0.007	0.01	0.7415577814418203	0.11455096946468347	0.0540075608059475	0.04353462620835735	0.026601156447421292	11.522157445014637	10.278265113719407	8.655211647252683	13.79400602739359	1.2705900004896875	88.45439244727287
0.640297521983536	0.01	0.01	0.01	0.007	0.01	0.7515180336075262	0.11470402615615112	0.054008693536823756	0.043536705410284426	0.02660001627534241	12.494890623261908	10.994565455863823	9.196910351788242	14.617797384668425	1.3391374811142678	87.79143372725495
0.6794725065999767	0.01	0.01	0.01	0.007	0.01	0.7605701179654223	0.11481972111885898	0.054009475909035105	0.04353867904431156	0.026599319434374984	13.52857200076427	11.746358002459592	9.76585023095365	15.48075123387155	1.4111204129390482	87.09483562756171
0.7209007338071425	0.01	0.01	0.01	0.007	0.01	0.7687132965766423	0.11490536451910736	0.05401002099215803	0.043540549037935264	0.02659888903193735	14.623588262036083	12.533653867495666	10.362325231423354	16.382943757310354	1.4865756983460772	86.36418341990051
0.7646484480385639	0.01	0.01	0.01	0.007	0.01	0.7759614527427501	0.11496740350165839	0.05401040518938163	0.04354231766760892	0.026598616885780375	15.779841600527407	13.356227430437913	10.986451512730323	17.324149285994665	1.5655172675133981	85.5992762878332
0.8107776785031736	0.01	0.01	0.01	0.007	0.01	0.7823430287411063	0.11501135471686956	0.054010679622412086	0.043543987777090995	0.02659843874110783	16.996852372071995	14.213684214244878	11.638217281186503	18.303917223014018	1.6479425109899049	84.80006616936221
0.8593520794983531	0.01	0.01	0.01	0.007	0.01	0.787899952523927	0.1150417930363484	0.05401087839577915	0.0435455628908412	0.026598317265399463	18.273933128485055	15.105569413271834	12.317565031900768	19.321696344694644	1.7338427670976984	83.96655674125397
0.9104437477377033	0.01	0.01	0.01	0.007	0.01	0.7926854836261328	0.11506239251483023	0.054011024342002494	0.04354704720857864	0.02659823099925794	19.610387607809088	16.031485233169832	13.02448249369722	20.376969637031404	1.8232148712263077	83.09869142775929
0.9641396566101471	0.01	0.01	0.01	0.007	0.01	0.7967612962364229	0.11507601048093394	0.05401113288341373	0.04354844549643061	0.026598167545879552	21.005691832655096	16.991190212408064	13.759081960768022	21.469368635413264	1.9160712045755373	82.19625525814104
1.0205469470206474	0.01	0.01	0.01	0.007	0.01	0.8001942886765578	0.11508480019344475	0.05401121456770012	0.0435497629143569	0.026598119574335128	22.45963226720636	17.984666917440595	14.521657377626294	22.598751401236097	2.0124469049685034	81.2588036099588
1.0797969903890592	0.01	0.01	0.01	0.007	0.01	0.8030535632316415	0.1150903355726434	0.054011276711575185	0.04355100482522139	0.026598082571160246	23.972396271300116	19.01215782568648	15.312718602039848	23.76524364656306	2.1124041733554564	80.28561857944757
1.142048638278511	0.01	0.01	0.01	0.007	0.01	0.805407859633938	0.11509373361742506	0.054011324463858514	0.04355217662131605	0.02659805361416724	25.544624865661447	20.074178060751986	16.133009088698447	24.96925265923472	2.216034469744561	79.27568534650973
1.2074910458197317	0.01	0.01	0.01	0.007	0.01	0.8073235471181064	0.11509576455766944	0.054011361497360556	0.043553283584045685	0.0265980307135332	27.177437804128907	21.171512390696762	16.983512449866762	26.211462310432356	2.323459290818554	78.22768184064049
1.2763462715630083	0.01	0.01	0.01	0.007	0.01	0.8088631657636981	0.11509694459184254	0.05401139046473865	0.04355433077832205	0.026598012455250158	28.87243635025995	22.305200001170885	17.865450512219684	27.492813063204913	2.4348298614306696	77.13997847863405
1.348871727171915	0.01	0.01	0.01	0.007	0.01	0.8100844535097175	0.11509760989417304	0.054011413303512334	0.043555322977238915	0.026597997801943014	30.631685854057	23.47650795146472	18.780273581106275	28.814468011253187	2.5503258302082012	76.01064708000267
1.4253618460069868	0.01	0.01	0.01	0.007	0.01	0.811039768489733	0.11509797306423063	0.05401143144331979	0.04355626460366689	0.026597985975564578	32.45766341341241	24.686882955687757	19.729634828740064	30.177753342373645	2.6701519490344188	74.83748893089071
1.5061477374183396	0.01	0.01	0.01	0.007	0.01	0.8117758249783739	0.11509816450585159	0.05401144594883172	0.04355715967565466	0.02659797638380158	34.35314397991575	25.937863628221653	20.7153345106428	31.584053409380832	2.794530934447362	73.61809974336283
1.5915913943513107	0.01	0.01	0.01	0.007	0.01	0.8123336654563357	0.11509826166492414	0.054011457619457796	0.043558011730807894	0.02659796857117193	36.3209528208352	27.23090624089761	21.739195961228617	33.034608401393555	2.9236877178212692	72.35001888704235
1.6820673510907242	0.01	0.01	0.01	0.007	0.01	0.8127488100734288	0.1150983089743695	0.05401146705957006	0.0435588236954088	0.02659796218509243	38.36344418531644	28.567034573344543	22.802799471351527	34.53011629512136	3.0578157856434407	71.0310553263286
1.777916273029595	0.01	0.01	0.01	0.007	0.01	0.8130515352889777	0.11509833099123987	0.05401147472819486	0.04355959763718795	0.026597956951764187	40.48141328854889	29.946129348275132	23.90691943201645	36.0699372996451	3.1970061696649688	69.65998429033567
1.8793426815570462	0.01	0.01	0.01	0.007	0.01	0.8132672532635341	0.11509834074450685	0.054011480974332185	0.0435603343298006	0.026597952658795925	42.671957732623504	31.365558587538665	25.050407793062604	37.65057796271803	3.3411068281199654	68.2379390533416
1.986228090499311	0.01	0.01	0.01	0.007	0.01	0.8134169847935143	0.11509834484263072	0.05401148606289199	0.043561032661650075	0.026597949142070587	44.9249182326554	32.817940604768204	26.228321340499953	39.26324338254335	3.489487160265618	66.77076001917757
2.0979107745340344	0.01	0.01	0.01	0.007	0.01	0.8135179263145157	0.11509834647381312	0.05401149019694296	0.043561689419221034	0.02659794627356396	47.21929438028731	34.288978554152436	27.430010235207444	40.89152541902023	3.640798362974741	65.27142080846592
2.213183187665543	0.01	0.01	0.01	0.007	0.01	0.8135840133480168	0.1150983470913878	0.05401149354092507	0.043562300583723394	0.0265979439472904	49.52474383156266	35.75863091702645	28.63984456783813	42.512833055926166	3.793066612888692	63.7591892954515
2.330702032388517	0.01	0.01	0.01	0.007	0.01	0.8136262442952097	0.1150983473162675	0.054011496239678755	0.04356286397577448	0.026597942067385243	51.811026716403866	37.20729745553011	29.842121878912632	44.10532280486317	3.944312100960912	62.253548660983526
2.4494400300496575	0.01	0.01	0.01	0.007	0.01	0.8136527998243074	0.1150983473961349	0.054011498422927365	0.04356338059522767	0.0265979405460809	54.05681572236672	38.62139811541544	31.025700681234493	45.65402606331882	4.093131935372099	60.76839550749236
2.5687849477633296	0.01	0.01	0.01	0.007	0.01	0.8136693490218315	0.11509834742411451	0.05401150020061415	0.04356385372930027	0.026597939307949816	56.25058193656897	39.993786665030726	32.18451153377201	47.15120327266521	4.238763235081232	59.31135235189406
2.6884356776257277	0.01	0.01	0.01	0.007	0.01	0.813679616869817	0.11509834743385036	0.054011501660835716	0.04356428759794101	0.02659793829203612	58.387594909116565	41.32171548061609	33.31602258652225	48.594015284499015	4.380888978220751	57.88564481485126
2.8082789282273564	0.01	0.01	0.01	0.007	0.01	0.8136859749545216	0.11509834743722705	0.05401150287186964	0.043564686476400355	0.02659793745083059	60.46695789994241	42.60488170941227	34.41970621172707	49.98232389751757	4.519444463063666	56.49199630138083
2.9282991820417577	0.01	0.01	0.01	0.007	0.01	0.8136899085763668	0.11509834743839617	0.05401150388586971	0.04356505428797941	0.026597936747894797	62.48961202179174	43.84413184250376	35.49600118274466	51.31724620728847	4.654486476757571	55.129916731729296
3.0485163151207804	0.01	0.01	0.01	0.007	0.01	0.8136923408090498	0.11509834743880035	0.054011504742531594	0.04356539445883346	0.02659793615540654	64.4570801365254	45.0406620641321	36.545654976762386	52.60027222072118	4.786110512485948	53.798524370317935
3.168948753515921	0.01	0.01	0.01	0.007	0.01	0.8136938436906684	0.11509834743893989	0.054011505472186215	0.043565709913350764	0.026597935652054084	66.37080408417432	46.195606936763326	37.5693737250433	53.83281774794904	4.914406797068242	52.49698673009477
3.2895984277247714	0.01	0.01	0.01	0.007	0.01	0.8136947715303423	0.11509834743898799	0.05401150609822313	0.043566003136093726	0.026597935221370387	68.2319210479327	47.30990769132254	38.56770222075499	55.016085695182156	5.039445275518433	51.224674021154556
3.4104504710542964	0.01	0.01	0.01	0.007	0.01	0.8136953437981704	0.11509834743900442	0.05401150663889968	0.04356627625343656	0.02659793485048275	70.04129788249126	48.384339610219264	39.54104060565692	56.15109950935879	5.161277756058978	49.98114009778978
3.5314797793633015	0.01	0.01	0.01	0.007	0.01	0.8136956964138523	0.11509834743901012	0.05401150710865342	0.043566531108601966	0.02659793452920298	71.79966197776956	49.41959539054498	40.489713228998575	57.238794884293235	5.279946576057119	48.766036378092046
3.652658538989913	0.01	0.01	0.01	0.007	0.01	0.8136959134921726	0.11509834743901208	0.05401150751903855	0.04356676931990162	0.026597934249374143	73.50772624919796	50.41636143520793	41.41403535615916	58.28010160919084	5.395492969425449	47.57902732994273
3.773961573318016	0.01	0.01	0.01	0.007	0.01	0.8136960470286828	0.11509834743901275	0.054011507879397264	0.04356699232186777	0.026597934004401875	75.1662644561577	51.37536175164691	42.31435400399605	59.275989287711646	5.507962171128818	46.419738030348086
3.895368775297224	0.01	0.01	0.01	0.007	0.01	0.8136961291225264	0.11509834743901301	0.05401150819734658	0.04356720139352231	0.026597933788912318	76.77613511723011	52.29737004403509	43.19106149969446	60.22747863635978	5.6174050964657996	45.287736125129825
4.016865118346403	0.01	0.01	0.01	0.007	0.01	0.8136961795651299	0.11509834743901308	0.05401150847914041	0.043567397678508916	0.026597933598497155	78.33826947689083	53.183200541340824	44.044589665391946	61.13563040844527	5.723877595791779	44.18253855875943
4.1384395083262016	0.01	0.01	0.01	0.007	0.01	0.8136962105463099	0.11509834743901308	0.05401150872994387	0.043567582201000245	0.02659793342951952	79.85364606579496	54.03369154228648	44.87539657387848	62.001527099877805	5.827438785025923	43.10362802216273
4.260083329445889	0.01	0.01	0.01	0.007	0.01	0.8136962295675252	0.11509834743901308	0.05401150895404718	0.04356775587934705	0.026597933278962437	81.32326503156246	54.84968955305479	45.683952948617076	62.82625577975155	5.928149337841381	42.05047010489546
4.381789306519064	0.01	0.01	0.01	0.007	0.01	0.8136962412419959	0.11509834743901308	0.054011509155033124	0.04356791953840357	0.02659793314430976	82.74812994076294	55.6320383126848	46.47073243796174	63.61089639041911	6.026070266669827	41.02252565449827
4.503550895826812	0.01	0.01	0.01	0.007	0.01	0.8136962484052364	0.11509834743901308	0.054011509335910056	0.04356807392072625	0.026597933023452834	84.12923831616159	56.38157313977595	47.236206544021485	64.35651576145268	6.121262287488909	40.01925723607545
4.625362045377858	0.01	0.01	0.01	0.007	0.01	0.8136962527993173	0.11509834743901308	0.0540115094992172	0.04356821969651994	0.0265979329146143	85.46757765615253	57.09911852783184	47.980842501652596	65.0641650537539	6.213785553809881	39.040131819987224
4.747217204675728	0.01	0.01	0.01	0.007	0.01	0.8136962554941058	0.11509834743901308	0.05401150964710885	0.043568357472337206	0.026597932816289	86.76412467326837	57.7854875724236	48.70510291428767	65.73487908931114	6.303699609846541	38.084621195485845
4.869111439245748	0.01	0.01	0.01	0.007	0.01	0.8136962571464136	0.11509834743901308	0.05401150978142175	0.043568487798584556	0.026597932727196516	88.01984565221609	58.44148199717469	49.40944601363171	66.3696762736822	6.391063421153978	37.152201561758226
4.991040423932482	0.01	0.01	0.01	0.007	0.01	0.8136962581593381	0.11509834743901308	0.054011509903729195	0.04356861117590288	0.026597932646241853	89.23569546915841	59.06789146614766	50.09432517390588	66.96955782063904	6.475935312641664	36.24235409878652
5.113000411724666	0.01	0.01	0.01	0.007	0.01	0.813696258780196	0.11509834743901308	0.05401151001538421	0.043568728060673766	0.02659793257248566	90.41261647572507	59.665492856834184	50.76018834081523	67.53550696399147	6.558372896247085	35.35456566051848
5.234988186192377	0.01	0.01	0.01	0.007	0.01	0.813696259160687	0.11509834743901308	0.05401151011755587	0.043568838869798	0.026597932505117786	91.5515373693406	60.23504956494182	51.407477440829545	68.06848823054553	6.638432996478145	34.48832950655247
5.357000932899716	0.01	0.01	0.01	0.007	0.01	0.8136962593938395	0.11509834743901308	0.054011510211257524	0.04356894398484222	0.02659793244343751	92.65337150109121	60.77731057854444	52.03662745472857	68.5694465370361	6.716171534846642	33.6431464999975
5.4790361995046	0.01	0.01	0.01	0.007	0.01	0.8136962595366913	0.11509834743901308	0.05401151029737093	0.043569043755707124	0.0265979323868365	93.71901623366242	61.29301013333	52.64806606985439	69.03930687399358	6.791643486351992	32.81852555014711
5.601091766812515	0.01	0.01	0.01	0.007	0.01	0.813696259624207	0.11509834743901308	0.05401151037666584	0.043569138503830325	0.026597932334784746	94.74935167270192	61.78286710505584	53.24221295973685	69.4789737822121	6.86490279031033	32.01398457156899
5.723165665221454	0.01	0.01	0.01	0.007	0.01	0.813696259677817	0.11509834743901308	0.054011510449817064	0.04356922852504584	0.026597932286818813	95.74524081727505	62.24758512779473	53.81947986511431	69.88933152102432	6.9360023604371746	31.22905037609752
5.845256126443301	0.01	0.01	0.01	0.007	0.01	0.8136962597106542	0.11509834743901308	0.05401151051741763	0.04356931409209007	0.02659793224253227	96.70752920288558	62.68785248223909	54.380270378746935	70.27124403945969	7.0049940584988395	30.463258969622366
5.967361583687792	0.01	0.01	0.01	0.007	0.01	0.8136962597307663	0.11509834743901308	0.05401151057999027	0.04356939545682641	0.026597932201567566	97.63704500513519	63.10434221720108	54.92497999122274	70.62555516802759	7.071928700264302	29.71615550034026
6.089480607111683	0.01	0.01	0.01	0.007	0.01	0.8136962597430833	0.11509834743901308	0.054011510637997376	0.04356947285221041	0.026597932163609242	98.53459869045552	63.497712080083666	55.453995867398035	70.95308865792113	7.136856028457527	28.987294580567582
6.21161193628564	0.01	0.01	0.01	0.007	0.01	0.8136962597506265	0.11509834743901308	0.05401151069184892	0.04356954649404594	0.02659793212837816	99.40098345443143	63.868604814358775	55.96769707960944	71.25464854398497	7.19982474196094	28.276239987105345
6.333754431760685	0.01	0.01	0.01	0.007	0.01	0.8136962597552456	0.11509834743901308	0.05401151074190959	0.04356961658254167	0.02659793209562676	100.23697507479773	64.21764820347055	56.466454494909996	71.53101929898455	7.260882482581131	27.582564839271328
6.455907075143455	0.01	0.01	0.01	0.007	0.01	0.8136962597580739	0.11509834743901308	0.054011510788504094	0.04356968330370402	0.026597932065134677	101.04333215743846	64.54545529743288	56.9506308903193	71.78296614851631	7.320075849892273	26.90585146663664
6.578068969161108	0.01	0.01	0.01	0.007	0.01	0.8136962597598056	0.11509834743901308	0.054011510831922856	0.043569746830581936	0.026597932036705466	101.82079638581276	64.852624641905	57.420581069721	72.01123538861711	7.377450416291104	26.245691274869984
6.70023928107602	0.01	0.01	0.01	0.007	0.01	0.813696259760866	0.11509834743901308	0.05401151087242623	0.04356980732438488	0.02659793201016372	102.57009243236756	65.13974038079296	57.87665177390646	72.21655461556453	7.433050716861947	25.60168490483385
6.82241725081228	0.01	0.01	0.01	0.007	0.01	0.8136962597615152	0.11509834743901308	0.05401151091024741	0.043569864935487375	0.026597931985352118	103.29192832318243	65.40737255070721	58.319181859977	72.39963310947896	7.486920272243702	24.973442018206963
6.94460220717263	0.01	0.01	0.01	0.007	0.01	0.8136962597619127	0.11509834743901308	0.05401151094559692	0.04356991980432934	0.026597931962129215	103.98699583456145	65.6560773813655	58.74850250227615	72.56116221593642	7.53910161406967	24.360581050546646
7.066793551683788	0.01	0.01	0.01	0.007	0.01	0.8136962597621562	0.11509834743901308	0.054011510978664044	0.04356997206222873	0.026597931940367924	104.65597069312798	65.88639752087963	59.164937273523336	72.70181567363645	7.589636295808077	23.762729133765077
7.188990718154227	0.01	0.01	0.01	0.007	0.01	0.8136962597623052	0.11509834743901308	0.05401151100962008	0.043570021832121754	0.026597931919953813	105.29951266942902	66.09886223335965	59.56880215630249	72.82224993395785	7.6385648952346665	23.17952212212843
7.311193205062077	0.01	0.01	0.01	0.007	0.01	0.8136962597623963	0.11509834743901308	0.0540115110386199	0.04357006922922244	0.026597931900783252	105.91826607915108	66.29398773930515	59.960405807223154	72.92310456972687	7.685927047594586	22.610604256691786
7.433400551290957	0.01	0.01	0.01	0.007	0.01	0.8136962597624521	0.11509834743901308	0.05401151106580423	0.04357011436162786	0.026597931882762518	106.5128599704553	66.47227744580033	60.34004962625331	73.00500261398238	7.731761455108909	22.055628108937146
7.555612344235552	0.01	0.01	0.01	0.007	0.01	0.8136962597624864	0.11509834743901308	0.05401151109130068	0.04357015733086221	0.026597931865806456	107.08390848387471	66.6342222336476	60.70802793415454	73.0685509304496	7.776105909583668	21.51425436858928
7.677828203624104	0.01	0.01	0.01	0.007	0.01	0.8136962597625073	0.11509834743901308	0.054011511115225466	0.0435701982323755	0.026597931849838052	107.63201109131971	66.78030070628196	61.064628073219424	73.11434056359008	7.818997305748524	20.98615174314662
7.800047789620707	0.01	0.01	0.01	0.007	0.01	0.81369625976252	0.11509834743901308	0.054011511137684765	0.04357023715599363	0.02659793183478678	108.15775295025772	66.91097947114632	61.41013058207166	73.14294710056562	7.860471663525629	20.470996748708775
7.922270770454038	0.01	0.01	0.01	0.007	0.01	0.8136962597625279	0.11509834743901308	0.05401151115877519	0.04357027418633741	0.026597931820588748	108.66170508022692	67.02671337435125	61.74480925439669	73.15493101878326	7.900564136350638	19.968473673293534
8.044496870990447	0.01	0.01	0.01	0.007	0.01	0.8136962597625327	0.11509834743901308	0.0540115111785855	0.04357030940318629	0.026597931807185237	109.14442488026747	67.12794581589012	62.06893142299738	73.15083804459918	7.93930904651305	19.478274203016596
8.166725824170921	0.01	0.01	0.01	0.007	0.01	0.8136962597625357	0.11509834743901308	0.05401151119719668	0.04357034288183367	0.026597931794522706	109.60645623124515	67.21510896185904	62.38275797073353	73.13119948911974	7.9767398877205435	19.000097455934988
8.288957395299326	0.01	0.01	0.01	0.007	0.01	0.8136962597625375	0.11509834743901308	0.05401151121468319	0.043570374693394656	0.026597931782552472	110.04832989906748	67.28862402499774	62.68654354132103	73.09653258928186	8.012889351605974	18.533649715884604
8.411191349664891	0.01	0.01	0.01	0.007	0.01	0.8136962597625385	0.11509834743901308	0.05401151123111344	0.04357040490510425	0.026597931771229186	110.47056371640618	67.34890149875014	62.98053660114528	73.04734085011344	8.047789336432734	18.078644392038186
8.533427484925655	0.01	0.01	0.01	0.007	0.01	0.8136962597625391	0.11509834743901308	0.05401151124655019	0.04357043358057123	0.02659793176051158	110.87366299755516	67.39634142852009	63.26497966167283	72.9841143654935	8.081470974905201	17.634801731697838
8.655665623016088	0.01	0.01	0.01	0.007	0.01	0.8136962597625397	0.11509834743901308	0.05401151126105156	0.0435704607800235	0.02659793175036186	111.25812079241288	67.43133364769803	63.54010939414189	72.9073301372601	8.113964649097017	17.201848695830517
8.777905585862163	0.01	0.01	0.01	0.007	0.01	0.81369625976254	0.11509834743901308	0.054011511274670895	0.043570486560539204	0.0265979317407447	111.62441809495816	67.45425801160977	63.8061567106463	72.81745240609521	8.145300001434718	16.77951888859184
8.9001472196697	0.01	0.01	0.01	0.007	0.01	0.8136962597625401	0.11509834743901308	0.05401151128745746	0.0435705109762449	0.02659793173162807	111.97302420191785	67.46548464252109	64.06334695339946	72.71493294756326	8.175505958444251	16.367552316102945
9.022390378734345	0.01	0.01	0.01	0.007	0.01	0.8136962597625401	0.11509834743901308	0.05401151129945711	0.04357053407851013	0.02659793172298197	112.30439693727558	67.46537415736898	64.31189998960883	72.60021138616789	8.204610743316168	15.965695292387707
9.144634933538523	0.01	0.01	0.01	0.007	0.01	0.8136962597625401	0.11509834743901308	0.054011511310711864	0.04357055591611995	0.026597931714778887	112.61898294533518	67.45427789614065	64.55203035723619	72.47371548610754	8.232641894442347	15.573700263661728
9.266880754560356	0.01	0.01	0.01	0.007	0.01	0.8136962597625401	0.11509834743901308	0.05401151132126087	0.04357057653544305	0.026597931706993247	112.91721791346642	67.43253814617275	64.78394735927712	72.33586145915329	8.259626277899887	15.191325714868757
9.389127728466427	0.01	0.01	0.01	0.007	0.01	0.8136962597625401	0.11509834743901308	0.05401151133114043	0.04357059598057505	0.026597931699601403	113.19952687435996	67.40048835985526	65.00785521988084	72.1870542338458	8.285590107132	14.81833597439893
9.511375758112687	0.01	0.01	0.01	0.007	0.01	0.8136962597625401	0.11509834743901308	0.05401151134038437	0.04357061429347662	0.026597931692581386	113.46632445538461	67.35845336536386	65.22395320316843	72.02768773120255	8.31055895821296	14.454501077116142
9.633624746352647	0.01	0.01	0.01	0.007	0.01	0.8136962597625401	0.11509834743901308	0.05401151134902403	0.0435706315141088	0.026597931685912807	113.71801509013379	67.30674958023837	65.43243570232947	71.85814515741528	8.334557781663106	14.099596676815365
9.7558746122303	0.01	0.01	0.01	0.007	0.01	0.8136962597625401	0.11509834743901308	0.054011511357088475	0.0435706476805453	0.02659793167957677	113.95499329702164	67.24568521034895	65.63349238428731	71.6787992494081	8.357610920661802	13.75340386421224
9.878125274787955	0.01	0.01	0.01	0.007	0.01	0.8136962597625401	0.11509834743901308	0.05401151136460494	0.043570662829090154	0.0265979316735556	114.17764388351922	67.17556045648658	65.82730827541337	71.49001255766144	8.379742122425903	13.41570908326351
10.000376661162822	0.01	0.01	0.01	0.007	0.01	0.8136962597625401	0.11509834743901308	0.05401151137159864	0.043570676994377236	0.02659793166783263	114.3863421963111	67.09666770693232	66.01406388675272	71.29213769017302	8.400974554110192	13.086303979163427
10.122628698490862	0.01	0.01	0.01	0.007	0.01	0.8136962597625401	0.11509834743901308	0.054011511378093235	0.04357069020946902	0.02659793166239275	114.58145433542067	67.00929173401057	66.19393531042849	71.0855175746279	8.42133081537251	12.764985294712208
10.244881313906918	0.01	0.01	0.01	0.007	0.01	0.8136962597625401	0.11509834743901308	0.05401151138411081	0.04357070250594687	0.02659793165722146	114.76333737988244	66.9137098828179	66.3670943274207	70.87048570349805	8.440832952215553	12.451554745981642
10.367134458834455	0.01	0.01	0.01	0.007	0.01	0.8136962597625401	0.11509834743901308	0.05401151138967196	0.043570713913982206	0.026597931652305482	114.93233964025295	66.81019223401101	66.53370854519126	70.6473663280041	8.459502474120425	12.145818841008433
10.489388060406629	0.01	0.01	0.01	0.007	0.01	0.8136962597625401	0.11509834743901308	0.05401151139479596	0.04357072446243666	0.02659793164763225	115.08880080143386	66.69900182162095	66.69394143160588	70.41647477699418	8.477360359490469	11.847588885831371
10.611642078142175	0.01	0.01	0.01	0.007	0.01	0.8136962597625401	0.11509834743901308	0.05401151139950091	0.04357073417890794	0.026597931643189986	115.23305220900386	66.5803947593839	66.84795249144341	70.17811758008396	8.494427077056383	11.556680728261776
10.733896471559431	0.01	0.01	0.01	0.007	0.01	0.8136962597625401	0.11509834743901308	0.05401151140380362	0.04357074308981227	0.026597931638967842	115.3654170246761	66.45462043661846	66.99589731773229	69.9325927461648	8.510722593195137	11.272914728793584
10.856151200176372	0.01	0.01	0.01	0.007	0.01	0.8136962597625401	0.11509834743901308	0.054011511407719905	0.04357075122044793	0.026597931634955156	115.48621042666247	66.32192168564926	67.13792768744638	69.68018998054104	8.526266384219921	10.996115650207793
10.978406231607304	0.01	0.01	0.01	0.007	0.01	0.8136962597625401	0.11509834743901308	0.05401151141126482	0.04357075859505039	0.026597931631142695	115.59573981203424	66.18253493567794	67.2741916637016	69.42119087933067	8.541077449327164	10.726112532211244
11.100661509176307	0.01	0.01	0.01	0.007	0.01	0.8136962597625401	0.11509834743901308	0.05401151141445202	0.043570765236864144	0.026597931627521245	115.69430495915698	66.03669040946649	67.40483365112264	69.15586920504134	8.555174318418937	10.46273865743947
11.222917016690522	0.01	0.01	0.01	0.007	0.01	0.8136962597625401	0.11509834743901308	0.05401151141729486	0.04357077116816153	0.026597931624081965	115.78219826817731	65.88461220278609	67.52999455505402	68.88449094870391	8.568575071127935	10.2058313080691
11.345172713666928	0.01	0.01	0.01	0.007	0.01	0.8136962597625401	0.11509834743901308	0.05401151141980542	0.04357077641032478	0.0265979316208172	115.85970488682096	65.72651851125612	67.64981179724093	68.60731466490996	8.581297340254412	9.955231807467547
11.467428575815726	0.01	0.01	0.01	0.007	0.01	0.8136962597625401	0.11509834743901308	0.05401151142199537	0.04357078098387065	0.02659793161771914	115.92710291859512	65.56262172908943	67.76441944287893	68.32459157474447	8.593358327196288	9.710785336343632
11.589684570750315	0.01	0.01	0.01	0.007	0.01	0.8136962597625401	0.11509834743901308	0.054011511423875516	0.043570784908506015	0.026597931614780797	115.98466357862357	65.393128623909	67.87394825852992	68.03656580689307	8.604774809918014	9.472340888286181
11.711940674180708	0.01	0.01	0.01	0.007	0.01	0.8136962597625401	0.11509834743901308	0.05401151142545637	0.04357078820315963	0.026597931611995317	116.03265137137343	65.21824045594934	67.97852580792517	67.74347454261667	8.615563154902233	9.239751144378756
11.834196861816858	0.01	0.01	0.01	0.007	0.01	0.8136962597625401	0.11509834743901308	0.05401151142674747	0.043570790886024766	0.026597931609356387	116.0713242499192	65.0381531258266	68.07827652253776	67.44554821187107	8.625739326389986	9.0128723992336
11.956453117465388	0.01	0.01	0.01	0.007	0.01	0.8136962597625401	0.11509834743901308	0.054011511427757564	0.04357079297458973	0.026597931606858048	116.100933778315	64.85305729623231	68.17332178448167	67.14301064665106	8.635318896853468	8.791564457967972
12.078709424932896	0.01	0.01	0.01	0.007	0.01	0.8136962597625401	0.11509834743901308	0.05401151142849554	0.043570794485676426	0.026597931604494703	116.12172528439687	64.66313853391374	68.2637799940497	66.83607926925198	8.644317055845471	8.575690565719691
12.200965759929241	0.01	0.01	0.01	0.007	0.01	0.8136962597625401	0.11509834743901308	0.054011511428969455	0.04357079543547641	0.026597931602260833	116.13393801234476	64.46857745042118	68.34976663728646	66.5249652781495	8.652748618850264	8.36511733706567
12.32322211435771	0.01	0.01	0.01	0.007	0.01	0.8136962597625401	0.11509834743901308	0.05401151142918683	0.04357079583956676	0.026597931600151573	116.13780527470296	64.26954978814807	68.43139437453623	66.20987374732637	8.660628038136414	8.159714631738453
12.445478463928149	0.01	0.01	0.01	0.007	0.01	0.8136962597625401	0.11509834743901308	0.05401151142915486	0.04357079571295739	0.02659793159816188	116.13355459479192	64.06622659334184	68.5087730872306	65.89100386567486	8.667969409457365	7.959355530156482
12.567734808640557	0.01	0.01	0.01	0.007	0.01	0.8136962597625401	0.11509834743901308	0.054011511428880374	0.04357079507009376	0.02659793159628738	116.1214078488198	63.858774268036065	68.58200997212374	65.56854898518989	8.674786483292829	7.763916187902244
12.689991116108075	0.01	0.01	0.01	0.007	0.01	0.8136962597625401	0.11509834743901308	0.0540115114283696	0.043570793924914863	0.02659793159452381	116.10158140778493	63.64735478056954	68.65120957231875	65.24269691866796	8.681092670035675	7.5732758514086616
12.812247370137296	0.01	0.01	0.01	0.007	0.01	0.8136962597625401	0.11509834743901308	0.054011511427629	0.04357079229084871	0.026597931592866966	116.0742862704394	63.43212569720763	68.71647387230615	64.9136299582737	8.686901051166322	7.387316704186078
12.934503578824947	0.01	0.01	0.01	0.007	0.01	0.8136962597625401	0.11509834743901308	0.05401151142666392	0.0435707901808306	0.026597931591312955	116.03972818766597	63.21324027490375	68.77790236227706	64.58152499318744	8.692224387347624	7.205923785408141
13.056759734074342	0.01	0.01	0.01	0.007	0.01	0.8136962597625401	0.11509834743901308	0.05401151142547982	0.04357078760734711	0.026597931589858292	115.9981077991776	62.99084763933627	68.83559207742886	64.24655375660713	8.697075124326132	7.028984981238177
13.17901582778881	0.01	0.01	0.01	0.007	0.01	0.8136962597625401	0.11509834743901308	0.054011511424081844	0.043570784582446884	0.02659793158849919	115.94962075705028	62.765092861849816	68.88963766741568	63.90888291784352	8.701465401509019	6.856390930023318
13.301271843774996	0.01	0.01	0.01	0.007	0.01	0.8136962597625401	0.11509834743901308	0.05401151142247476	0.04357078111776472	0.026597931587232674	115.89445785216549	62.536117076823544	68.94013145166726	63.568674236590155	8.705407059236656	6.688034965765259
13.42352778203295	0.01	0.01	0.01	0.007	0.01	0.8136962597625401	0.11509834743901308	0.054011511420663204	0.04357077722452543	0.026597931586055213	115.83280512301184	62.30405753584501	68.98716348663785	63.22608462375848	8.708911646913656	6.523813018660115
13.545783626369362	0.01	0.01	0.01	0.007	0.01	0.8136962597625401	0.11509834743901308	0.054011511418651376	0.04357077291357943	0.026597931584964127	115.76484398690246	62.06904776546666	69.03082160812693	62.88126635673246	8.71199042911764	6.363623595444834
13.668039360590962	0.01	0.01	0.01	0.007	0.01	0.8136962597625401	0.11509834743901308	0.054011511416443454	0.043570768195410156	0.02659793158395629	115.69075134765413	61.83121763215501	69.07119149296277	62.53436715673834	8.714654393182728	6.207367693626092
13.79029498469785	0.01	0.01	0.01	0.007	0.01	0.8136962597625401	0.11509834743901308	0.05401151141404332	0.043570763080139296	0.026597931583029123	115.61069969546232	61.59069340255545	69.10835671667212	62.18553026138856	8.716914256273471	6.054948720451439
13.91255050678678	0.01	0.01	0.01	0.007	0.01	0.8136962597625401	0.11509834743901308	0.05401151141145443	0.04357075757754567	0.02659793158218005	115.52485721714213	61.34759784802909	69.1423988009432	61.83489456271039	8.718780471650987	5.906272445488815
14.034805918761187	0.01	0.01	0.01	0.007	0.01	0.8136962597625401	0.11509834743901308	0.054011511408680324	0.04357075169709488	0.026597931581406598	115.43338791872506	61.1020503808332	69.17339725726491	61.482594789940286	8.720263234775459	5.761246972024968
14.157061220621172	0.01	0.01	0.01	0.007	0.01	0.8136962597625401	0.11509834743901308	0.054011511405724376	0.043570745447936696	0.02659793158070623	115.336451712455	60.85416709200643	69.20142964345217	61.12876155046913	8.721372490066395	5.619782650096945
14.279316396173568	0.01	0.01	0.01	0.007	0.01	0.8136962597625401	0.11509834743901308	0.054011511402589515	0.04357073883893333	0.02659793158007696	115.23420453636466	60.60406088413183	69.2265716059833	60.77352150758405	8.722117936834996	5.48179204933695
14.401571461611756	0.01	0.01	0.01	0.007	0.01	0.8136962597625401	0.11509834743901308	0.054011511399278636	0.04357073187864068	0.02659793157951642	115.12679841206966	60.35184145365292	69.24889693702856	60.416997344229536	8.722509035620803	5.347189849866666
14.523826392645981	0.01	0.01	0.01	0.007	0.01	0.8136962597625401	0.11509834743901308	0.054011511395794486	0.04357072457536554	0.026597931579022554	115.01438160220584	60.09761551981435	69.26847760561554	60.05930807713438	8.722555013673151	5.215892871282357
14.646081181179788	0.01	0.01	0.01	0.007	0.01	0.8136962597625401	0.11509834743901308	0.054011511392139624	0.043570716937140624	0.0265979315785936	114.89709865643565	59.841486786293736	69.28538381391472	59.70056899173285	8.72226487102819	5.087819957193129
14.768335835309939	0.01	0.01	0.01	0.007	0.01	0.8136962597625401	0.11509834743901308	0.05401151138831655	0.04357070897173502	0.026597931578227478	114.77509049914573	59.58355601551253	69.29968403889869	59.34089173851064	8.72164738586388	4.962891927254148
14.890590355036581	0.01	0.01	0.01	0.007	0.01	0.8136962597625401	0.11509834743901308	0.05401151138432757	0.04357070068667889	0.026597931577922472	114.64849454079045	59.32392115302315	69.31144507098197	58.980384498834034	8.7207111199526	4.841031554184773
15.012844748456441	0.01	0.01	0.01	0.007	0.01	0.8136962597625401	0.11509834743901308	0.054011511380174924	0.043570692089263154	0.026597931577676877	114.5174447484331	59.06267736535663	69.32073205733255	58.61915202968212	8.719464423898405	4.722163499441356
15.13509901556965	0.01	0.01	0.01	0.007	0.01	0.8136962597625401	0.11509834743901308	0.05401151137586059	0.04357068318655814	0.02659793157748897	114.3820717470643	58.799917144624004	69.3276085407035	58.257295801427595	8.717915442448096	4.606214282764032
15.257353148279778	0.01	0.01	0.01	0.007	0.01	0.8136962597625401	0.11509834743901308	0.05401151137138644	0.04357067398542216	0.026597931577357393	114.24250290349494	58.53573037748162	69.33213649962316	57.89491408579632	8.716072119650256	4.493112235766929
15.379607130393865	0.01	0.01	0.01	0.007	0.01	0.8136962597625401	0.11509834743901308	0.0540115113667543	0.043570664492510146	0.026597931577280423	114.09886240809804	58.27020441231087	69.3343763875567	57.53210204151901	8.713942203882212	4.382787456715057
15.501860970008638	0.01	0.01	0.01	0.007	0.01	0.8136962597625401	0.11509834743901308	0.054011511361965976	0.043570654714260096	0.026597931577256616	113.95127131484541	58.003424053828624	69.33438717077907	57.168951701498216	8.711533252073949	4.275171738300961
15.624114667124264	0.01	0.01	0.01	0.007	0.01	0.8136962597625401	0.11509834743901308	0.054011511357022986	0.0435706446569215	0.026597931577284815	113.79984765452807	57.73547169646981	69.33222636357672	56.8055521500492	8.70885263487176	4.170198555622473
15.746368221740909	0.01	0.01	0.01	0.007	0.01	0.8136962597625401	0.11509834743901308	0.05401151135192687	0.043570634326556903	0.0265979315773633	113.64470650028623	57.46642736884752	69.32795006427887	56.44198957813609	8.705907541104757	4.067803017467311
15.868621633858739	0.01	0.01	0.01	0.007	0.01	0.8136962597625401	0.11509834743901308	0.05401151134667899	0.043570623729049164	0.026597931577491178	113.48596004041175	57.196368794127544	69.321612990036	56.07834736059149	8.702704982251323	3.9679218261917883
15.990874911574426	0.01	0.01	0.01	0.007	0.01	0.8136962597625401	0.11509834743901308	0.05401151134128069	0.04357061287010216	0.026597931577667107	113.32371763850355	56.925371430928124	69.31326851012645	55.71470610730476	8.699251796559045	3.870493232212343
16.0	0.01	0.01	0.01	0.007	0.01	0.8136962597625401	0.11509834743901308	0.05401151134087186	0.04357061457350133	0.026597931577682133	113.31147048695335	56.90510834108859	69.31256661359757	55.687565815349544	8.698984182087589	3.8633177590399908
