0.0	0.01	0.01	0.01	0.007	0.01	0.0	0.0	0.0	0.0	0.0	0.0	0.0	0.0	0.0	0.0	100.0
0.0033624068474624657	0.01	0.01	0.01	0.007	0.01	0.010590527989672	0.0026105181070200803	0.0032717411660882784	0.00388830461091192	0.005455802699841603	0.000636827615895766	0.0008967370766191805	0.0019599340301253193	0.004531641366713272	0.0004997985905013962	99.9206479860974
0.0052853004123832245	0.01	0.01	0.01	0.007	0.01	0.016585364761367575	0.004072873644846559	0.005050068971004951	0.0059249747723080035	0.008450876633171487	0.001568774492790573	0.0022035804586456693	0.00478210991569116	0.010956305789763825	0.0012223613834460567	99.87529645319549
0.008229469129254496	0.01	0.01	0.01	0.007	0.01	0.025678100846084184	0.006269749158204803	0.007648873216882023	0.00880263653802385	0.012868000327198153	0.0037859763145422004	0.005297965200663981	0.011374433861794642	0.025706564110340988	0.0029178383168420403	99.805897981554
0.010899544928055864	0.01	0.01	0.01	0.007	0.01	0.033835192877200035	0.00821885778520305	0.00988209695136617	0.011180638591042203	0.01670457915759041	0.006613830342176024	0.009223767858499255	0.019613288213157005	0.04379621937806826	0.0050474232789212954	99.74300198857132
0.014008692677880115	0.01	0.01	0.01	0.007	0.01	0.043228000455260464	0.010437810325986781	0.012342393965826167	0.01369736884930664	0.02097885337831184	0.010872833173779423	0.015103931828464067	0.03176386268352338	0.06996914365728832	0.008204443400946209	99.66981321499077
0.017155468878521464	0.01	0.01	0.01	0.007	0.01	0.0526200601586241	0.012629379079757102	0.014687422019922045	0.01599402356819505	0.02510397699024277	0.01622720852237964	0.022452976781803195	0.046701732165648525	0.10150969136165955	0.012107288361901324	99.59579335719276
0.02054439109595816	0.01	0.01	0.01	0.007	0.01	0.06260769556499513	0.014930079568932485	0.017059467854276724	0.018213966751803957	0.02933340730668556	0.02315047264833303	0.031897270278035926	0.06557538699525783	0.1405635887040591	0.0170671289021163	99.51613911151827
0.024055462797953796	0.01	0.01	0.01	0.007	0.01	0.07281804059167593	0.017250295029649674	0.019359625931845675	0.02026577772240894	0.03349651652219947	0.03156894966040882	0.043307699839207806	0.08798021412661992	0.18598193841909005	0.022991121823973972	99.4336810181745
0.027747273871873052	0.01	0.01	0.01	0.007	0.01	0.08340534314035963	0.019622240271519584	0.0216167478720562	0.022180856960258864	0.0376498277235172	0.041765643456590396	0.05703658286262318	0.11445484709897238	0.23855550043557916	0.030036408469407305	99.34705192022047
0.03158635087027445	0.01	0.01	0.01	0.007	0.01	0.09425564997152809	0.022017274233997557	0.023800342485624057	0.023939033977924913	0.04174223641861915	0.05380627029189616	0.07313653355901	0.14493185413111287	0.2978392905527061	0.03820208354408033	99.25704724587233
0.03559182713134286	0.01	0.01	0.01	0.007	0.01	0.10540565507176503	0.024440682235110346	0.025913458790568614	0.02555015515281638	0.04578303746435349	0.06790281955096097	0.09185146013031166	0.17969504143373144	0.36408276635105236	0.04758306169592863	99.1632283662521
0.03975759836726669	0.01	0.01	0.01	0.007	0.01	0.11681990527672058	0.026881868103243927	0.027945476785437788	0.027013882464671023	0.04975272678882317	0.08419447715962686	0.11332181153947607	0.21881442833649617	0.4371182271469818	0.05821917007531549	99.06574902482309
0.04409342390538875	0.01	0.01	0.01	0.007	0.01	0.12850620878694963	0.029339686325188286	0.029894833508087578	0.02833748083045831	0.05364142758063556	0.10288319390682589	0.13776469093772492	0.2624842073776291	0.5170158989261929	0.070185001565915	98.96439217079467
0.04860256122191973	0.01	0.01	0.01	0.007	0.01	0.14045333858203043	0.03180891482641778	0.031757222121575675	0.02952661858909456	0.05741813440830856	0.12415519726640861	0.16536915457224016	0.3108286805503728	0.603718127649659	0.08353480793234697	98.85909387685439
0.053294114538486516	0.01	0.01	0.01	0.007	0.01	0.15266437501227217	0.034287311107597696	0.033531287626446006	0.03058918681462368	0.061029267922126706	0.14823351993576978	0.1963642664853755	0.3640240093251946	0.6972658826892164	0.09833002758898593	98.74965469351739
0.05817431169648469	0.01	0.01	0.01	0.007	0.01	0.16513324468126545	0.03677071926749041	0.035214819481264384	0.031532630381534366	0.0643769341315308	0.17533978050798613	0.2309684759886453	0.4222082755518559	0.7976380660703377	0.11460409426615928	98.63594359739409
0.0632234812600649	0.01	0.01	0.01	0.007	0.01	0.1777882650966861	0.03924233095931844	0.036798414223045584	0.032360888685030516	0.06730494773204627	0.2055452766184937	0.269201917030353	0.4851788000683752	0.9042518680983236	0.13226223540499507	98.51843317404511
0.06840056838108963	0.01	0.01	0.01	0.007	0.01	0.19050957577749641	0.04167728636694977	0.0382704225443571	0.03307795549655142	0.06964536206966176	0.23874437384994457	0.3108614210736751	0.5523871280420168	1.016006567470809	0.15106765792416818	98.39809105769535
0.0737698525854164	0.01	0.01	0.01	0.007	0.01	0.20343656405177474	0.04410068397434908	0.03965021243304818	0.03370260309799856	0.07132604343921287	0.2755018935760257	0.3565798313366526	0.6246327934094011	1.1340723069977618	0.17111613039855808	98.27343657826519
0.07939997195141456	0.01	0.01	0.01	0.007	0.01	0.21670600180268618	0.046534908672565246	0.04095219170650397	0.03424866890492721	0.07233806230413499	0.31652506402234964	0.40714068268342285	0.7028778098569277	1.2598133510703866	0.19250780906927592	98.14289609967582
0.08526564700106021	0.01	0.01	0.01	0.007	0.01	0.2302264015681806	0.048959581691372545	0.04216704887047716	0.03471909110403676	0.07274343458769887	0.36189445882648125	0.4625346686540929	0.7868112344988943	1.3925263449641856	0.21497751314989078	98.00707843752156
0.09136280346068958	0.01	0.01	0.01	0.007	0.01	0.24395868886919594	0.051364841757558656	0.04329297534172417	0.03512031796780689	0.0726779452492428	0.41182153994864384	0.5229074506450665	0.8763702140190504	1.5319542238639767	0.23834893925720746	97.8661001276916
0.09771143441740934	0.01	0.01	0.01	0.007	0.01	0.25791702735424227	0.05375042745352398	0.044333443433198616	0.03546039655963292	0.0722859848159728	0.4667205274159455	0.5886378709338244	0.9718291134978007	1.6783887031542128	0.2625661399910208	97.71952273489318
0.10437355762220886	0.01	0.01	0.01	0.007	0.01	0.272200365377883	0.05612973189293925	0.045297228722380393	0.0357482138130262	0.07168276318606791	0.5274310645686753	0.660588364446185	1.0741180143243374	1.833111643627313	0.2877609407729856	97.56594347963198
0.1114024305572361	0.01	0.01	0.01	0.007	0.01	0.28687592114397453	0.058509266279008335	0.046188983082116435	0.03599039376349357	0.07095179546329945	0.594819179435663	0.739612761647673	1.1840759635683624	1.9972264980808287	0.3140495335728049	97.40417134947678
0.11883754016747905	0.01	0.01	0.01	0.007	0.01	0.30197110681099415	0.06088803173743964	0.04701013850726399	0.03619212276286743	0.07015308969832909	0.6697073387310253	0.8264727862553756	1.3023455200933247	2.1715228410327994	0.34150846842897903	97.23334145441575
0.12670581345555076	0.01	0.01	0.01	0.007	0.01	0.3174795173000734	0.06325928437010697	0.047760561122860555	0.036357927431709854	0.06932993062946598	0.7528553146054296	0.9218180737997447	1.4293661092972791	2.3564923633815282	0.37017764985592433	97.05288542843034
0.1350329314950713	0.01	0.01	0.01	0.007	0.01	0.33338583592652393	0.06561495304482792	0.0484405508059371	0.03649223151536147	0.06851267558303822	0.8450564965677829	1.026298311699642	1.5655412051607078	2.5525901573726157	0.40010098268996847	96.86227072429811
0.1438469958474424	0.01	0.01	0.01	0.007	0.01	0.34967292354988383	0.0679468674024226	0.04905126299253415	0.036599363439369294	0.06772213247645584	0.9471763423515376	1.1406035849006775	1.7112957402280382	2.7603213548445558	0.4313376858843165	96.6609172470769
0.15318037925296585	0.01	0.01	0.01	0.007	0.01	0.3663244074137257	0.07024717396333023	0.049594734446048123	0.036683462441062596	0.06697221311228309	1.0601790540786236	1.265488711263967	1.867107561935767	2.98028530602941	0.46396681850389115	96.4481564173368
0.16306914994092397	0.01	0.01	0.01	0.007	0.01	0.38332247804284597	0.07250804880654767	0.050073699321019606	0.03674837178978132	0.06627200830740715	1.185128320997898	1.4017672448680627	2.0334991741689503	3.2131617200705174	0.4980834561406844	96.22324607247204
0.1735527975715948	0.01	0.01	0.01	0.007	0.01	0.4006464164681363	0.07472156946709745	0.05049147188239874	0.036797576162770705	0.06562717435033068	1.3231897205608019	1.5503072609986837	2.2110335813248128	3.459703010977406	0.5337964352361099	95.98537856124211
0.18467369186779478	0.01	0.01	0.01	0.007	0.01	0.41827086207126707	0.07687960437487124	0.05085184378803419	0.03683416601541299	0.06504086651843212	1.4756276770192347	1.7120213721746549	2.400305077658752	3.7207196791831696	0.5712255351785043	95.73369500085087
0.1964768473407714	0.01	0.01	0.01	0.007	0.01	0.43616483014586505	0.07897384724181229	0.05115900827944569	0.0368608251207999	0.06451433476147582	1.6438040311168116	1.8878589949727231	2.6019349004673282	3.9970723806865793	0.610499949864261	95.46729265670258
0.20900979806241768	0.01	0.01	0.01	0.007	0.01	0.4542910877847038	0.08099592656568327	0.05141748210555024	0.036879833780090895	0.06404731925928273	1.8291761773187276	2.0787987538757857	2.816568733330304	4.289666103776216	0.6517572229858751	95.18522997203269
0.22232277648918425	0.01	0.01	0.01	0.007	0.01	0.47260612162080295	0.08293759994675476	0.051632019474013344	0.03689308505032221	0.06363832302076078	2.0332979952493018	2.285844468499601	3.044879480447953	4.59945095092428	0.6951431792463817	94.88652495349886
0.23646910698692714	0.01	0.01	0.01	0.007	0.01	0.4910604567523149	0.08479098472368919	0.05180750967689122	0.0369021114591967	0.0632848255394419	2.2578230837274496	2.510024080949927	3.287573759854952	4.927427302547526	0.7408124542328651	94.5701490712018
0.2515057558046678	0.01	0.01	0.01	0.007	0.01	0.5095991695083232	0.08654879366771345	0.05194886075913424	0.036908120310152115	0.06298347310317703	2.5045099261502806	2.752391050517495	3.545400931287417	5.274653870269755	0.7889293796057268	94.23501811896013
0.2674937996260452	0.01	0.01	0.01	0.007	0.01	0.5281622675040301	0.08820453648664375	0.052060876189209356	0.03691203518521206	0.06273026558230894	2.775225237174519	3.0140245481130554	3.8191603197524504	5.642253046450288	0.8396684472153964	93.87998545316358
0.2844985503172862	0.01	0.01	0.01	0.007	0.01	0.5466847239231789	0.08975267176407517	0.05214813637782371	0.03691454082316438	0.06252074320698564	3.07194026542335	3.2960238748723194	4.109701920857854	6.0314075836955885	0.8932135574520614	93.50384342797861
0.3025891194259801	0.01	0.01	0.01	0.007	0.01	0.5650961506387886	0.09118871842529405	0.0522148970267686	0.036916128285226425	0.06235016807582103	3.396714615261363	3.599492998878302	4.417916833342489	6.443343939479884	0.9497554461488479	93.10533763388439
0.32183734815040677	0.01	0.01	0.01	0.007	0.01	0.5833203416752304	0.09250935329092419	0.05226501278079453	0.03691713754321365	0.06221369299088164	3.7516641241949285	3.925513554648997	4.744716322979238	6.879301103107301	1.0094871529336662	92.68319521683419
0.3423163150251289	0.01	0.01	0.01	0.007	0.01	0.6012751800218813	0.0937125269778922	0.052301889511414006	0.036917795305031316	0.062106512229777006	4.138914914598099	4.27510996949083	5.091003470584627	7.3404903359165115	1.0725982807774987	92.23616216224205
0.36409886457549795	0.01	0.01	0.01	0.007	0.01	0.6188734225101671	0.09479760966726597	0.05232846358710878	0.03691824679523757	0.06202399309487682	4.560551586801911	4.649215047793013	5.457645252914182	7.8280563025643985	1.1392694709245261	91.76303949436895
0.38725669547795816	0.01	0.01	0.01	0.007	0.01	0.6360246571278468	0.09576554566646948	0.05234720390996301	0.0369185810964084	0.06196178901827764	5.018571490637796	5.048646515594509	5.845454265983206	8.343051758409146	1.209668748764678	91.26270661155344
0.4118603774106692	0.01	0.01	0.01	0.007	0.01	0.6526383000681256	0.09661896688112075	0.05236013221741019	0.03691885035127889	0.061915933752267116	5.514855553750113	5.47410209109375	6.2551860669325485	8.886433566407643	1.2839508129902713	90.73412412194878
0.43798040615316836	0.01	0.01	0.01	0.007	0.01	0.6686271634009093	0.09736221313023671	0.05236885795718366	0.03691908357671221	0.06188291300786788	6.051161609058813	5.926175509032232	6.687553428462321	9.459081539208684	1.3622595035572511	90.17631454687312
0.46568893043496745	0.01	0.01	0.01	0.007	0.01	0.6839108703701577	0.0980012237921557	0.05237462432507201	0.036919296070067935	0.06185970857243472	6.629135678718921	6.405386729832016	7.143250758655398	10.061830913015807	1.4447322320421812	89.58832962257425
0.49506163234248596	0.01	0.01	0.01	0.007	0.01	0.6984185758706248	0.09854330482310844	0.05237836172162839	0.03691949544848131	0.061843811236396304	7.2503315082278466	6.9122161648038905	7.622979655952735	10.695506273025146	1.5315047384336347	88.96921590199109
0.5261791485064898	0.01	0.01	0.01	0.007	0.01	0.7120907103597185	0.09899680418246595	0.05238074419604205	0.03691968528943558	0.061833203233717354	7.916224700835644	7.44713093068944	8.127465447347783	11.360943349096592	1.6227143196954381	88.31799184662856
0.5591275656522702	0.01	0.01	0.01	0.007	0.01	0.7248798027100289	0.09937074420302677	0.05238224437087448	0.03691986718326951	0.061826315516952925	8.628209627077082	8.0105941141982	8.657457502047361	12.05898912244226	1.7185001946875984	87.63364583080369
0.5939977924554233	0.01	0.01	0.01	0.007	0.01	0.7367506704906314	0.09967445694229002	0.052383183104208385	0.036920041811356746	0.06182196825568052	9.387572952176077	8.60305345810591	9.213710939392078	12.790477190862022	1.8190005376623768	86.91515825797623
0.6308837980092372	0.01	0.01	0.01	0.007	0.01	0.7476803023484383	0.09991725406686033	0.052383771508537326	0.03692020947125051	0.06181930365372142	10.195442608087028	9.224909936061433	9.796950679399265	13.55617983978542	1.9243463186896421	86.16154667476695
0.6698800120452115	0.01	0.01	0.01	0.007	0.01	0.7576577207071886	0.10010814811879924	0.052384144435557355	0.03692037031280841	0.061817718896395764	11.052719057965295	9.876472431950468	10.407823737156573	14.35674484446885	2.0346529944060583	85.37192634269991
0.7110785107279606	0.01	0.01	0.01	0.007	0.01	0.7666839853021883	0.10025562987543686	0.052384385742619076	0.03692052443673786	0.06181680480032973	11.960004283912157	10.55791027925339	11.046850575838588	15.19263144256816	2.150011990378121	84.54557233729408
0.75456693417346	0.01	0.01	0.01	0.007	0.01	0.7747723274021128	0.10036749954339425	0.05238454641953855	0.03692067193513562	0.06181629336723654	12.91755172571543	11.269220018126102	11.714390606681796	16.064065344252914	2.2704846949084168	83.68196366157562
0.8004281390926113	0.01	0.01	0.01	0.007	0.01	0.7819482146725838	0.10045074723498784	0.05238465698990546	0.03692081291135116	0.061816015449751266	13.925261081318887	12.010222112895896	12.410636544260976	16.97103184173649	2.3961016172868033	82.78079027582363
0.8487422315071311	0.01	0.01	0.01	0.007	0.01	0.7882490284199593	0.10051147947729078	0.0523847356196669	0.03692094749343923	0.06181586830601657	14.982731936905372	12.780595644493163	13.135645401848503	17.91331668614606	2.5268681120322842	81.84191282344379
0.8995909209685943	0.01	0.01	0.01	0.007	0.01	0.7937230682234799	0.10055489065245181	0.05238479319499808	0.03692107584414095	0.06181579193860372	16.089371899967766	13.579946285318702	13.889402237004566	18.890588939823182	2.6627759618673137	80.8652798918855
0.9530633026261257	0.01	0.01	0.01	0.007	0.01	0.798427777006167	0.1005852783275997	0.05238483637743228	0.03692119816594144	0.061815752677095194	17.24453440594295	14.407889534679306	14.671900225638018	19.902503726106794	2.803817852273656	79.85082388202389
1.0092620724286727	0.01	0.01	0.01	0.007	0.01	0.8024273560139442	0.10060609870144942	0.052384869379998596	0.03692131470043596	0.06181573235150823	18.44765871913205	15.264130969985523	15.483220161573152	20.948802440750065	2.950001687887343	78.79835724754574
1.068309299181859	0.01	0.01	0.01	0.007	0.01	0.8057900904629527	0.10062005356147465	0.05238489497458631	0.03692142572254006	0.06181572151430098	19.698388424608407	16.148528879955247	16.32359552064448	22.02939226818036	3.1013622543308097	77.70748700381773
1.1303515641243687	0.01	0.01	0.01	0.007	0.01	0.8085857430050484	0.10062919675860794	0.0523849150576891	0.03692153153174501	0.061815715413122606	20.996661386098182	17.061136527864907	17.19346020120125	23.144401278533014	3.2579697098327323	76.57755123797465
1.1955645400240578	0.01	0.01	0.01	0.007	0.01	0.8108832654782809	0.1006350474780358	0.052384930971058466	0.036921632442392764	0.06181571171825641	22.342771138625096	18.002225545879956	18.093480036908364	24.294210578253942	3.419935108430337	75.40757619927841
1.2641574440503358	0.01	0.01	0.01	0.007	0.01	0.8127489638791248	0.10063869968298839	0.052384943688902987	0.03692172877465742	0.061815709302647036	23.73740791125726	18.972296922038094	19.02457401275373	25.479471124276476	3.5874140246307658	74.19624625541381
1.336377733071777	0.01	0.01	0.01	0.007	0.01	0.8142451409781465	0.1006409204729268	0.05238495393218169	0.03692182084693072	0.0618157076173048	25.181685758245536	19.97208409211232	19.98792948357985	26.70111053798449	3.7606090512613433	72.94188107797326
1.4125165619909232	0.01	0.01	0.01	0.007	0.01	0.815429182679688	0.10064223357222249	0.052384962241995944	0.036921908969925366	0.06181570638522281	26.677164419112962	21.00255363326473	20.985016896388814	27.960336561750367	3.9397721534921764	71.64241280385164
1.4929152723255825	0.01	0.01	0.01	0.007	0.01	0.8163530183304393	0.10064298692339958	0.052384969028894286	0.03692199344203689	0.06181570545699548	28.22586796756191	22.064904173818032	22.01760508996947	29.258637914608705	4.1252070602991395	70.29536161880641
1.5779732627604925	0.01	0.01	0.01	0.007	0.01	0.8170628832201132	0.10064340523313228	0.052384974607185913	0.0369220745452719	0.06181570474462387	29.83030250215571	23.16056411030191	23.087778442279937	30.59778332621162	4.317271905206547	68.89780789511332
1.6681572965861362	0.01	0.01	0.01	0.007	0.01	0.8175993136829405	0.10064362935308366	0.0523849792194046	0.03692215254001055	0.06181570419151738	31.493467794749424	24.29118359018788	24.19795235456709	31.979813282149117	4.516381464476988	67.44636519043493
1.7640110164015033	0.01	0.01	0.01	0.007	0.01	0.8179973132814102	0.10064374479923709	0.05238498305400337	0.03692222765369031	0.06181570375868013	33.21883381617837	25.45860001557044	25.350867632472248	33.40699921107691	4.723005483845965	65.93717923451456
1.8661582833578907	0.01	0.01	0.01	0.007	0.01	0.8182866375824299	0.10064380172739944	0.0523849862581766	0.036922300047010866	0.06181570341800362	35.01016751896595	26.664699483480295	26.549486964304677	34.881675317283374	4.937649331840166	64.3660534439357
1.9752641617191364	0.01	0.01	0.01	0.007	0.01	0.8184921370145917	0.1006438284599667	0.052384988946649405	0.03692236968930287	0.061815703148751594	36.87061953820043	27.91078207929621	27.796396524680564	36.40546351753385	5.160746055146645	62.72922330814032
2.0917204717057474	0.01	0.01	0.01	0.007	0.01	0.8186340268867098	0.100643840328191	0.05238499120462144	0.03692243582634796	0.061815702935788225	38.79742737673653	29.19403106174431	29.09025636489823	37.974955272978406	5.392021590181673	61.028019458279125
2.2135849229670397	0.01	0.01	0.01	0.007	0.01	0.8187277110061589	0.10064384523863561	0.052384993071869355	0.03692249507408257	0.06181570276990377	40.750109725952115	30.486621770335745	30.404341509052884	39.55615023811897	5.626667881337303	59.29719199372701
2.3320610888016535	0.01	0.01	0.01	0.007	0.01	0.8187848792708211	0.10064384710189284	0.05238499452778687	0.03692254308822642	0.06181570264778987	42.58777963415801	31.69544698003625	31.643893929910934	41.03514615743814	5.847765943359302	57.66156048588151
2.441555118056565	0.01	0.01	0.01	0.007	0.01	0.8188188195585883	0.10064384780506618	0.0523849956327499	0.036922586900315725	0.06181570255973605	44.234306208175695	32.771905818673034	32.75706967388182	42.35242571655306	6.046112359445565	56.19007630949
2.544835014661255	0.01	0.01	0.01	0.007	0.01	0.8188400086469396	0.10064384809294857	0.052384996508231516	0.036922631397423716	0.061815702493017634	45.7429232452866	33.75240064207513	33.77927986145606	43.55247654068419	6.22806563799424	54.83653527256549
2.6460859450012872	0.01	0.01	0.01	0.007	0.01	0.818853986535356	0.10064384821973317	0.052384997240456296	0.036922673514224215	0.061815702439451836	47.1810202190551	34.681622418509214	34.755861363489004	44.689963687744424	6.401722885603592	53.54124041901448
2.748124575068093	0.01	0.01	0.01	0.007	0.01	0.8188634915363003	0.1006438482774925	0.05238499787554945	0.03692271183030095	0.06181570239476175	48.59033224785856	35.58682096761888	35.71506233047681	45.798232666401894	6.57211519037914	52.266820833375725
2.8520593093706186	0.01	0.01	0.01	0.007	0.01	0.8188699913269626	0.10064384830382583	0.052384998435169694	0.036922746826995846	0.061815702356836345	49.985570264623874	36.47740618043484	36.666926635373116	46.88880375768528	6.741024465321013	50.999900310565415
2.957736846387708	0.01	0.01	0.01	0.007	0.01	0.8188743969421128	0.1006438483156404	0.05238499892942324	0.03692277908362244	0.061815702324543365	51.36356126200598	37.351238292372344	37.609349774097254	47.959058588419246	6.908072556698503	49.743217694512836
3.0643839467775793	0.01	0.01	0.01	0.007	0.01	0.8188773449923826	0.10064384832084404	0.05238499936459397	0.03692280898801962	0.06181570229709855	52.71368050184525	38.20154529208486	38.53509233735321	49.00070190199153	7.071974113693683	48.50639619612497
3.171204777611771	0.01	0.01	0.01	0.007	0.01	0.8188792984186605	0.10064384832310776	0.05238499974679812	0.03692283689299799	0.061815702273798505	54.02622407406708	39.022314725560456	39.437472352339604	50.00636262676296	7.231548294068074	47.298387137550755
3.277721534542614	0.01	0.01	0.01	0.007	0.01	0.8188805872505609	0.10064384832408833	0.05238500008278837	0.03692286313439441	0.06181570225396835	55.29639223848425	39.810751108890294	40.31311706456719	50.97260618305321	7.386204357715072	46.12377355088876
3.3838186205857177	0.01	0.01	0.01	0.007	0.01	0.8188814378417932	0.1006438483245138	0.05238500037939845	0.036922887945269996	0.06181570223699352	56.52416499844071	40.5670953498131	41.16191931534637	51.899716862039256	7.53593064636206	44.98278715672403
3.489611715755063	0.01	0.01	0.01	0.007	0.01	0.8188820006091858	0.10064384832469916	0.05238500064281608	0.03692291143291614	0.06181570222235424	57.71219576397269	41.29323236858089	41.985620471225694	52.78999437761992	7.681041540766002	43.87317455002776
3.595285573228999	0.01	0.01	0.01	0.007	0.01	0.8188823739106559	0.10064384832478022	0.052385000878195136	0.036922933638257195	0.06181570220963442	58.86368113901483	41.99133910458211	42.7863543774736	53.6460979585682	7.821919309300692	42.792137929000106
3.7009845150917386	0.01	0.01	0.01	0.007	0.01	0.8188826219215234	0.10064384832481572	0.05238500108963362	0.0369229545992964	0.06181570219851025	59.981121964379035	42.66312646252501	43.565788917586254	54.470116930820964	7.958862834297	41.737490910948715
3.8067738320809177	0.01	0.01	0.01	0.007	0.01	0.8188827867592017	0.10064384832483125	0.05238500128035853	0.03692297437694534	0.06181570218872957	61.06601293853294	43.309670038160455	44.324902478790186	55.26336246190039	8.092048890731789	40.707967939389775
3.9126518960899523	0.01	0.01	0.01	0.007	0.01	0.8188828962769743	0.10064384832483807	0.05238500145296127	0.03692299305246532	0.061815702180092975	62.11909368837611	43.93158228741783	45.06415028692738	56.02657801101809	8.22156206133616	39.703007941155356
4.018583253072835	0.01	0.01	0.01	0.007	0.01	0.8188829689955978	0.10064384832484104	0.05238500160959266	0.03692301071494026	0.06181570217243744	63.14076798237891	44.52927632455343	45.78375189396292	56.76026250917073	8.347445634582272	38.72237024118888
4.124529319510737	0.01	0.01	0.01	0.007	0.01	0.8188830172557935	0.10064384832484231	0.05238500175209333	0.03692302744920302	0.06181570216562769	64.13143565872448	45.10316662767894	46.48392220508185	57.46491651257272	8.469742235590703	37.76582248307312
4.230465461294064	0.01	0.01	0.01	0.007	0.01	0.8188830492761445	0.1006438483248429	0.052385001882065726	0.0369230433285013	0.061815702159548694	65.09164722812227	45.65375754751919	47.164981177426675	58.14115091912053	8.5885129543414	36.83299035783354
4.336384111184063	0.01	0.01	0.01	0.007	0.01	0.8188830705210443	0.10064384832484316	0.05238500200091079	0.03692305841283692	0.061815702154103536	66.02210923740238	46.18164191541553	47.82735951925565	58.78968541257819	8.703838193337985	35.923347940738104
4.44228943759761	0.01	0.01	0.01	0.007	0.01	0.818883084618038	0.10064384832484324	0.05238500210985057	0.03692307275147278	0.06181570214920934	66.92361539210447	46.6874576134761	48.471551523503905	59.411295253367854	8.815809311613776	35.03628062889542
4.548189822295291	0.01	0.01	0.01	0.007	0.01	0.8188830939731401	0.1006438483248433	0.05238500220994673	0.03692308638695443	0.06181570214479635	67.79697009276899	47.17184219806832	49.09806150491456	60.00675559503469	8.924519231700435	34.171157835848874
4.654092348960828	0.01	0.01	0.01	0.007	0.01	0.8188831001818642	0.10064384832484333	0.05238500230212034	0.03692309935839716	0.061815702140805014	68.64294048726943	47.63540584804772	49.707369619098635	60.57680824084301	9.030056492009555	33.32737997279996
4.760000433532079	0.01	0.01	0.01	0.007	0.01	0.8188831043024971	0.10064384832484333	0.052385002387171725	0.03692311170322984	0.06181570213718493	69.46224105331646	48.07872372036188	50.29992042605658	61.12215221240591	9.132503291186364	32.50439460489629
4.865914195551642	0.01	0.01	0.01	0.007	0.01	0.8188831070372402	0.10064384832484333	0.052385002465799205	0.03692312345746571	0.061815702133892626	70.25554167077853	48.50234149776847	50.876128228370874	61.64345053110218	9.231936449049671	31.701689521272126
4.971831916641634	0.01	0.01	0.01	0.007	0.01	0.8188831088521452	0.10064384832484333	0.052385002538615714	0.03692313465531217	0.061815702130891007	71.02348255158596	48.9067842916524	51.43638751913849	62.141341139748484	9.328429239567583	30.918778563533696
5.077751604676991	0.01	0.01	0.01	0.007	0.01	0.8188831100565652	0.10064384832484333	0.05238500260616221	0.03692314532863145	0.061815702128147736	71.76668756512055	49.29256414231245	51.98108250013184	62.61644611742445	9.42205304549411	30.155188520375024
5.183671891778269	0.01	0.01	0.01	0.007	0.01	0.8188831108558365	0.10064384832484333	0.052385002668917637	0.036923155506688086	0.061815702125635114	72.48577083452666	49.66018353702396	52.510591882110035	63.06937600704469	9.512878185949642	29.410452428436592
5.289592223774437	0.01	0.01	0.01	0.007	0.01	0.8188831113862416	0.10064384832484333	0.05238500272730766	0.036923165216238715	0.06181570212332862	73.18133754851036	50.010135735959075	53.025289529523825	63.50073021805274	9.600974023376097	28.68410861675664
5.395512663799041	0.01	0.01	0.01	0.007	0.01	0.8188831117382243	0.10064384832484333	0.052385002781711286	0.03692317448181197	0.06181570212120681	73.85398216887411	50.342903773555804	53.52554318526551	63.91109579679933	9.686408741321182	27.975702453245866
5.501433548565959	0.01	0.01	0.01	0.007	0.01	0.8188831119718043	0.10064384832484333	0.05238500283246696	0.03692318332605956	0.0618157021192513	74.5042860546359	50.658959263968384	54.011712720953945	64.30104595195999	9.76924904420546	27.28478880177947
5.607355172704601	0.01	0.01	0.01	0.007	0.01	0.818883112126811	0.10064384832484333	0.052385002879877296	0.03692319177008181	0.061815702117445574	75.13281570955678	50.9587616291223	54.4841488001292	64.67113909712762	9.849559931389294	26.610933943466023
5.713277655475429	0.01	0.01	0.01	0.007	0.01	0.8188831122296751	0.10064384832484333	0.05238500292421338	0.036923199833641264	0.06181570211577515	75.74012244407015	51.24275809064125	54.94319256444239	65.0219188332644	9.92740464811233	25.953716077360088
5.819200961810003	0.01	0.01	0.01	0.007	0.01	0.8188831122979368	0.10064384832484333	0.052385002965719046	0.0369232075352755	0.06181570211422739	76.3267430185325	51.51138414604704	55.38917604977563	65.35391452849882	10.00284476109055	25.312724787633865
5.925124986487843	0.01	0.01	0.01	0.007	0.01	0.8188831123432356	0.10064384832484333	0.052385003004613684	0.03692321489235986	0.06181570211279068	76.89320057239107	51.765064156121625	55.82242282821997	65.6676420361274	10.075940271703182	24.6875601782659
6.031049582195537	0.01	0.01	0.01	0.007	0.01	0.818883112373296	0.10064384832484333	0.052385003041095446	0.03692322192119055	0.0618157021114553	77.44000515665141	52.004211724946686	56.24324835972694	65.96360415739214	10.146749679248837	24.077832414417678
6.136974629678164	0.01	0.01	0.01	0.007	0.01	0.8188831123932444	0.10064384832484333	0.05238500307534344	0.03692322863703221	0.06181570211021203	77.96765442933702	52.229230133846045	56.6519604768311	66.24229117168073	10.215330066043462	23.4831610639192
6.2429000658009	0.01	0.01	0.01	0.007	0.01	0.8188831124064821	0.10064384832484333	0.052385003107520305	0.03692323505418129	0.06181570210905308	78.47663406860752	52.4405126315593	57.04885966112771	66.5041811896037	10.281737146824897	22.9031747319952
6.348825855489104	0.01	0.01	0.01	0.007	0.01	0.8188831124152665	0.10064384832484333	0.05238500313777361	0.03692324118605432	0.06181570210797115	78.9674178965349	52.63844259746834	57.43423909709497	66.74974034902358	10.346025280693008	22.33751101863605
6.454751984713488	0.01	0.01	0.01	0.007	0.01	0.8188831124210959	0.10064384832484333	0.052385003166237495	0.03692324704525724	0.061815702106959775	79.44046811934214	52.82339375754027	57.80838481455957	66.9794230763054	10.40824749803924	21.785816348546923
6.560678446459887	0.01	0.01	0.01	0.007	0.01	0.8188831124249643	0.10064384832484333	0.05238500319303427	0.03692325264365324	0.06181570210601336	79.89623553937696	52.99573038964836	58.171575808420016	67.19367233440761	10.468455523724025	21.247745835074827
6.666605219683518	0.01	0.01	0.01	0.007	0.01	0.8188831124275312	0.10064384832484333	0.05238500321827568	0.036923257992430354	0.06181570210512666	80.33515974599747	53.155807523447315	58.52408414018944	67.39291986415094	10.526699797340004	20.722963172436316
6.772532276324128	0.01	0.01	0.01	0.007	0.01	0.8188831124292346	0.10064384832484333	0.05238500324206398	0.0369232631021462	0.06181570210429504	80.75766942904032	53.30397118650683	58.86617513704173	67.57758648305405	10.583029509654782	20.21114038376505
6.878459595336552	0.01	0.01	0.01	0.007	0.01	0.8188831124303652	0.10064384832484333	0.05238500326449256	0.03692326798276524	0.06181570210351404	81.16418270480723	53.440558648267555	59.19810760382629	67.74808238179668	10.637492640996092	19.711957547277493
6.984387148660151	0.01	0.01	0.01	0.007	0.01	0.8188831124311152	0.10064384832484333	0.05238500328564736	0.036923272643708614	0.0618157021027799	81.55510732129802	53.56589861763195	59.520133938973515	67.9048073631215	10.690135983699323	19.225102664817005
7.090314908234109	0.01	0.01	0.01	0.007	0.01	0.8188831124316129	0.10064384832484333	0.052385003305607164	0.03692327709388781	0.06181570210208923	81.93084094250108	53.680311465751274	59.832500315379264	68.04815111230033	10.74100517519055	18.750271432392832
7.196242874058826	0.01	0.01	0.01	0.007	0.01	0.8188831124319431	0.10064384832484333	0.052385003324444596	0.03692328134172224	0.06181570210143896	82.29177149048807	53.78410945871428	60.135446912755015	68.17849348043525	10.79014473922312	18.28716692953312
7.30217101105792	0.01	0.01	0.01	0.007	0.01	0.8188831124321623	0.10064384832484333	0.05238500334222649	0.03692328539520974	0.061815702100825966	82.63827716654588	53.87759689286471	60.429207882764096	68.29620464579874	10.83759808362704	17.83549971527367
7.408099305200938	0.01	0.01	0.01	0.007	0.01	0.8188831124323079	0.10064384832484333	0.052385003359014345	0.03692328926192152	0.06181570210024773	82.97072688393563	53.961070350065505	60.71401165870225	68.40164542576417	10.883407554012472	17.394987398403416
7.5140277494727385	0.01	0.01	0.01	0.007	0.01	0.8188831124324044	0.10064384832484333	0.05238500337486539	0.03692329294903774	0.06181570209970186	83.28948044340612	54.03481887052065	60.99008105306135	68.49516748569395	10.927614452814456	16.96535452867716
7.619956329842768	0.01	0.01	0.01	0.007	0.01	0.8188831124324684	0.10064384832484333	0.05238500338983209	0.036923296463380995	0.061815702099186146	83.59488871455261	54.09912412911115	61.257633358925645	68.57711355219455	10.970259059034387	16.54633248322438
7.725885039295813	0.01	0.01	0.01	0.007	0.01	0.8188831124325109	0.10064384832484333	0.05238500340396334	0.03692329981143053	0.06181570209869862	83.88729389792812	54.15426062797314	61.5168805222622	68.64781764717095	11.011380659274554	16.137659241900305
7.831813856785838	0.01	0.01	0.01	0.007	0.01	0.8188831124325393	0.10064384832484333	0.05238500341730448	0.03692330299935651	0.06181570209823734	84.16702968089349	54.2004958634612	61.768029222457976	68.70760528951256	11.05101756406524	15.7390793052897
7.9377427752975525	0.01	0.01	0.01	0.007	0.01	0.818883112432558	0.10064384832484333	0.052385003429897256	0.03692330603302241	0.0618157020978007	84.43442152417842	54.238090514583156	62.01128107006019	68.7567937246045	11.089207142701722	15.350343426935163
8.043671780800237	0.01	0.01	0.01	0.007	0.01	0.8188831124325703	0.10064384832484333	0.05238500344178089	0.03692330891801606	0.06181570209738696	84.68978680814409	54.26729860187219	62.24683268141439	68.795692116215	11.125985838475819	14.971208538625929
8.149600880309375	0.01	0.01	0.01	0.007	0.01	0.8188831124325785	0.10064384832484333	0.05238500345299151	0.036923311659648975	0.06181570209699501	84.93343509870974	54.28836766004574	62.474875863429915	68.82460175677717	11.161389201121027	14.601437498734441
8.255530066809634	0.01	0.01	0.01	0.007	0.01	0.818883112432584	0.10064384832484333	0.05238500346356317	0.03692331426299376	0.06181570209662334	85.16566825508517	54.301538888430535	62.695597654224805	68.843816248626	11.195451896647294	14.240799071142055
8.361459319254813	0.01	0.01	0.01	0.007	0.01	0.8188831124325877	0.10064384832484333	0.052385003473527106	0.03692331673289879	0.06181570209627061	85.38678062680611	54.30704731367534	62.909180444925774	68.85362170138787	11.228207729925366	13.889067774649861
8.467388623614104	0.01	0.01	0.01	0.007	0.01	0.8188831124325902	0.10064384832484333	0.052385003482912786	0.036923319073988534	0.06181570209593585	85.59705928623617	54.30512194700324	63.115802138595726	68.854296923335	11.259689672799775	13.546023669091582
8.57331799391839	0.01	0.01	0.01	0.007	0.01	0.8188831124325918	0.10064384832484333	0.0523850034917479	0.03692332129066265	0.06181570209561802	85.79678424354593	54.295985928767955	63.315636298018745	68.84611359720786	11.28992989015557	13.211452155317717
8.67924742315228	0.01	0.01	0.01	0.007	0.01	0.8188831124325929	0.10064384832484333	0.05238500350005782	0.03692332338713876	0.061815702095316095	85.98622852331953	54.279856674280104	63.508852157321876	68.82933645564046	11.318959745252812	12.885144001493188
8.785176890269499	0.01	0.01	0.01	0.007	0.01	0.8188831124325936	0.10064384832484333	0.05238500350786674	0.03692332536745842	0.061815702095029124	86.16565835783011	54.25694602153781	63.695614746568296	68.80422346059704	11.346809822373794	12.56689518324116
8.89110639527006	0.01	0.01	0.01	0.007	0.01	0.818883112432594	0.10064384832484333	0.05238500351519713	0.03692332723547582	0.061815702094756404	86.33533341515042	54.227460363572625	63.87608505777097	68.77102596476988	11.373509955367618	12.256506649501315
8.99703593815398	0.01	0.01	0.01	0.007	0.01	0.8188831124325943	0.10064384832484333	0.05238500352206997	0.03692332899487993	0.06181570209449695	86.49550692162269	54.191600785153724	64.05042010524879	68.72998887677535	11.399089240206493	11.953784265347139
9.102965518921268	0.01	0.01	0.01	0.007	0.01	0.8188831124325945	0.10064384832484333	0.052385003528505086	0.03692333064920397	0.06181570209425033	86.64642582101925	54.14956319503085	64.21877302386714	68.68135082152821	11.423576053211029	11.658538690569662
9.208895130556497	0.01	0.01	0.01	0.007	0.01	0.8188831124325946	0.10064384832484333	0.05238500353452123	0.036923332201837675	0.06181570209401565	86.78833092066718	54.10153845827973	64.38129315427891	68.62534430059712	11.446998067308893	11.370585280092776
9.314824773059676	0.01	0.01	0.01	0.007	0.01	0.8188831124325947	0.10064384832484333	0.052385003540135595	0.036923333656026104	0.06181570209379243	86.92145706277483	54.04771251646651	64.53812615863482	68.56219583824398	11.46938227260758	11.089743929418875
9.42075443239992	0.01	0.01	0.01	0.007	0.01	0.8188831124325947	0.10064384832484333	0.052385003545364676	0.036923335014890646	0.061815702093579804	87.04603324522799	53.98826652072209	64.68941408030106	68.49212614238391	11.490754988806954	10.815839018113737
9.526684101561788	0.01	0.01	0.01	0.007	0.01	0.8188831124325947	0.10064384832484333	0.05238500355022402	0.036923336281422046	0.061815702093377466	87.16228279332897	53.92337694150241	64.8352954647421	68.41535023813955	11.511141886288879	10.548699243105327
9.632613787560725	0.01	0.01	0.01	0.007	0.01	0.8188831124325947	0.10064384832484333	0.052385003554728	0.036923337458482454	0.061815702093184904	87.27042350421662	53.85321567850218	64.97590545345709	68.33207760122433	11.53056800310925	10.288157496871575
9.738543497412184	0.01	0.01	0.01	0.007	0.01	0.8188831124325947	0.10064384832484333	0.05238500355889034	0.03692333854882069	0.061815702093001586	87.37066776579731	53.7779501813114	65.11137584748298	68.24251230398548	11.549057757668898	10.034050800486787
9.84447322410072	0.01	0.01	0.01	0.007	0.01	0.8188831124325947	0.10064384832484333	0.05238500356272414	0.03692333955508594	0.061815702092827135	87.46322267873542	53.69774357144411	65.24183517299784	68.14685316319479	11.566634961760489	9.786220234006379
9.950402960610884	0.01	0.01	0.01	0.007	0.01	0.8188831124325947	0.10064384832484333	0.05238500356624135	0.03692334047982527	0.061815702092660955	87.5482902025695	53.612754742219174	65.36740878134631	68.04529386144709	11.583322838239463	9.54451080133637
10.056332706942678	0.01	0.01	0.01	0.007	0.01	0.8188831124325947	0.10064384832484333	0.05238500356945352	0.03692334132548311	0.061815702092502776	87.62606728758604	53.523138458121025	65.48821893525077	67.93802306775825	11.599144036581714	9.308771317963146
10.162262456080652	0.01	0.01	0.01	0.007	0.01	0.8188831124325947	0.10064384832484333	0.05238500357237164	0.036923342094415536	0.061815702092352154	87.69674598742756	53.429045468933026	65.60438486864041	67.82522457578972	11.614120644858177	9.078854348469234
10.268192215040258	0.01	0.01	0.01	0.007	0.01	0.8188831124325947	0.10064384832484333	0.052385003575005876	0.036923342788880834	0.06181570209220888	87.76051359424034	53.33062259156306	65.71602288449203	67.7070774033573	11.628274206579192	8.854616068452913
10.374121962775144	0.01	0.01	0.01	0.007	0.01	0.8188831124325947	0.10064384832484333	0.052385003577366036	0.03692334341107114	0.06181570209207256	87.81755273071455	53.228012846716254	65.82324638290375	67.58375595770299	11.641625728509366	8.635916264115409
10.48005170630076	0.01	0.01	0.01	0.007	0.01	0.8188831124325947	0.10064384832484333	0.0523850035794613	0.03692334396307946	0.061815702091942745	87.86804149880571	53.121355502183675	65.92616599118718	67.45543008864965	11.654195701327735	8.422618125774724
10.585981445617106	0.01	0.01	0.01	0.007	0.01	0.8188831124325947	0.10064384832484333	0.05238500358130028	0.03692334444692709	0.0618157020918193	87.9121535696463	53.01078619784749	66.02488959538859	67.322265239796	11.666004107649579	8.21458823748729
10.691911201770534	0.01	0.01	0.01	0.007	0.01	0.8188831124325947	0.10064384832484333	0.05238500358289136	0.03692334486454788	0.06181570209170189	87.95005830431232	52.89643700703515	66.11952243375536	67.18442252317863	11.67707043764346	8.011696438750844
10.797840967745593	0.01	0.01	0.01	0.007	0.01	0.8188831124325947	0.10064384832484333	0.05238500358424226	0.03692334521782387	0.06181570209159037	87.98192084119489	52.77843657705392	66.21016711756526	67.04205888930625	11.687413695908923	7.813815838624336
10.903770722495931	0.01	0.01	0.01	0.007	0.01	0.8188831124325947	0.10064384832484333	0.052385003585360426	0.03692334550857925	0.06181570209148449	88.0079022111139	52.65691020407511	66.29692371187336	66.89532721819465	11.697052415580119	7.6208227044679955
11.009700466021549	0.01	0.01	0.01	0.007	0.01	0.8188831124325947	0.10064384832484333	0.05238500358625283	0.036923345738560535	0.061815702091383755	88.0281594482081	52.531979877578955	66.37988982741946	66.7443763735132	11.706004673235535	7.432596319939243
11.11563019832245	0.01	0.01	0.01	0.007	0.01	0.8188831124325947	0.10064384832484333	0.05238500358692631	0.036923345909453203	0.06181570209128818	88.04284568077267	52.403764384854355	66.45916066251908	66.58935132915936	11.714288097960516	7.249018950301034
11.221559933429528	0.01	0.01	0.01	0.007	0.01	0.8188831124325947	0.10064384832484333	0.05238500358738711	0.036923346022875156	0.06181570209119756	88.05211022866858	52.27237937350856	66.53482907243837	66.4303932451297	11.72191988337004	7.069975745358258
11.327489664327338	0.01	0.01	0.01	0.007	0.01	0.8188831124325947	0.10064384832484333	0.0523850035876412	0.03692334608040165	0.06181570209111164	88.05609869356309	52.13793747262461	66.60698560189074	66.26763961433242	11.72891679576137	6.895354727628567
11.433419384000432	0.01	0.01	0.01	0.007	0.01	0.8188831124325947	0.10064384832484333	0.05238500358769452	0.03692334608355447	0.06181570209103013	88.05495305524263	52.000548344393934	66.67571855851156	66.10122432534351	11.735295186463782	6.725046684501716
11.53934909244881	0.01	0.01	0.01	0.007	0.01	0.8188831124325947	0.10064384832484333	0.05238500358755237	0.03692334603379953	0.06181570209095301	88.04881176050509	51.860318748973825	66.74111407230097	65.93127774108684	11.741071002445796	6.558945089128694
11.645278796687919	0.01	0.01	0.01	0.007	0.01	0.8188831124325947	0.10064384832484333	0.05238500358721993	0.03692334593254889	0.06181570209088014	88.03780980882604	51.717352615997406	66.80325614841823	65.75792678554969	11.74625979611487	6.396946035199864
11.75120849671776	0.01	0.01	0.01	0.007	0.01	0.8188831124325947	0.10064384832484333	0.05238500358670214	0.03692334578117171	0.06181570209081135	88.02207883839236	51.57175113384685	66.86222671112304	65.58129505205444	11.750876734311127	6.23894819393302
11.857138192538335	0.01	0.01	0.01	0.007	0.01	0.8188831124325947	0.10064384832484333	0.05238500358600371	0.036923345580992084	0.06181570209074634	88.00174720927536	51.423612809571715	66.91810565972263	65.4015028759626	11.754936608263824	6.084852739272168
11.963067877134195	0.01	0.01	0.01	0.007	0.01	0.8188831124325947	0.10064384832484333	0.05238500358512909	0.03692334533329522	0.06181570209068492	87.97694008624761	51.27303354615336	66.9709709151846	65.21866742841647	11.758453842654832	5.93456329590177
12.068997550505344	0.01	0.01	0.01	0.007	0.01	0.8188831124325947	0.10064384832484333	0.05238500358408257	0.036923345039320196	0.06181570209062739	87.94777951508604	51.12010668840755	67.02089847629983	65.0329027720116	11.761442505202428	5.787985858571433
12.174927212651781	0.01	0.01	0.01	0.007	0.01	0.8188831124325947	0.10064384832484333	0.05238500358286809	0.036923344700265655	0.06181570209057316	87.91438450053559	50.96492309646623	67.06796246324991	64.84431994993548	11.763916315163046	5.645028743890304
12.280856863573508	0.01	0.01	0.01	0.007	0.01	0.8188831124325947	0.10064384832484333	0.05238500358148991	0.03692334431729216	0.06181570209052234	87.87687108148212	50.807571208118375	67.11223516400896	64.65302706159477	11.765888651939559	5.505602532978631
12.386786503270526	0.01	0.01	0.01	0.007	0.01	0.8188831124325947	0.10064384832484333	0.05238500357995126	0.0369233438915231	0.06181570209047465	87.83535240426862	50.64813709960586	67.15378707959944	64.45912933636917	11.76737256347695	5.369620015535806
12.492716131742839	0.01	0.01	0.01	0.007	0.01	0.8188831124325947	0.10064384832484333	0.0523850035782559	0.03692334342404645	0.061815702090430164	87.78993879420025	50.48670454491245	67.19268696823008	64.26272920553828	11.768380774450602	5.236996135289894
12.598645748990444	0.01	0.01	0.01	0.007	0.01	0.8188831124325947	0.10064384832484333	0.05238500357640706	0.036923342915916035	0.061815702090388745	87.74073782528325	50.323355073583144	67.2290018883437	64.06392637242651	11.76892569425234	5.107647936794528
12.704575362028786	0.01	0.01	0.01	0.007	0.01	0.8188831124325947	0.10064384832484333	0.05238500357440791	0.03692334236814796	0.06181570209035021	87.68785438461906	50.158168016111276	67.26279724275791	63.86281786741699	11.769019424770757	4.9814945052891195
12.810504963842423	0.01	0.01	0.01	0.007	0.01	0.8188831124325947	0.10064384832484333	0.052385003572261744	0.036923341781736285	0.0618157020903145	87.6313907491389	49.99122059169571	67.29413681282301	63.65949815455638	11.768673767955603	4.858456941251363
12.916434554431355	0.01	0.01	0.01	0.007	0.01	0.8188831124325947	0.10064384832484333	0.05238500356997141	0.036923341157639816	0.0618157020902815	87.5714466403899	49.822587929339655	67.3230828054811	63.45405915702602	11.76790023331827	4.738458285457264
13.022364133795586	0.01	0.01	0.01	0.007	0.01	0.8188831124325947	0.10064384832484333	0.052385003567539466	0.03692334049678804	0.061815702090251126	87.50811929076865	49.6523431309017	67.34969588972594	63.24659033367662	11.766710045106295	4.6214234795167615
13.128293701935116	0.01	0.01	0.01	0.007	0.01	0.8188831124325947	0.10064384832484333	0.05238500356496887	0.03692333980008246	0.06181570209022334	87.44150350506195	49.480557322094405	67.37403523459062	63.03717874090282	11.765114149350662	4.507279318924401
13.234223258849946	0.01	0.01	0.01	0.007	0.01	0.8188831124325947	0.10064384832484333	0.05238500356226203	0.03692333906839727	0.06181570209019798	87.37169172046734	49.307299702218266	67.3961585461971	62.82590909298434	11.763123220739056	4.3959544072696115
13.340152797524642	0.01	0.01	0.01	0.007	0.01	0.8188831124325947	0.10064384832484333	0.05238500355942139	0.036923338302584895	0.061815702090175145	87.2987740700611	49.13263760427472	67.41612210263864	62.61286383509798	11.760747669489174	4.287379118679088
13.446082324974642	0.01	0.01	0.01	0.007	0.01	0.8188831124325947	0.10064384832484333	0.05238500355644929	0.036923337503463445	0.06181570209015458	87.22283842549403	48.95663650759949	67.43398079325243	62.3981231584246	11.75799764742606	4.181485532606976
13.552011841199946	0.01	0.01	0.01	0.007	0.01	0.8188831124325947	0.10064384832484333	0.05238500355334781	0.0369233366718314	0.06181570209013629	87.14397046665844	48.779360118465725	67.44978814867447	62.181765098158834	11.754883054768218	4.0782074133728825
13.657941353215989	0.01	0.01	0.01	0.007	0.01	0.8188831124325947	0.10064384832484333	0.052385003550119415	0.036923335808458954	0.06181570209012025	87.0622537259713	48.60087039177811	67.4635963767494	61.96386555967453	11.751413545986315	3.977480154678068
13.763870854007338	0.01	0.01	0.01	0.007	0.01	0.8188831124325947	0.10064384832484333	0.05238500354676564	0.03692333491410285	0.06181570209010626	86.97776965749095	48.42122761036764	67.47545639242188	61.74449841500001	11.747598536547317	3.8792407592870335
13.869800343573996	0.01	0.01	0.01	0.007	0.01	0.8188831124325947	0.10064384832484333	0.05238500354328876	0.036923333989493656	0.0618157020900944	86.89059767279834	48.24049039249757	67.48541785269101	61.5237355116746	11.743447208198127	3.7834277791918205
13.97572981490053	0.01	0.01	0.01	0.007	0.01	0.8188831124325947	0.10064384832484333	0.05238500353969055	0.0369233330353449	0.06181570209008458	86.80081520253528	48.05871575734869	67.49352918611847	61.30164675239273	11.738968515236547	3.689981290213466
14.081659275002377	0.01	0.01	0.01	0.007	0.01	0.8188831124325947	0.10064384832484333	0.052385003535972884	0.03692333205234111	0.061815702090076564	86.70849772777876	47.8759591296106	67.49983762482627	61.078300100275854	11.734171189258028	3.5988428358785676
14.187588723879534	0.01	0.01	0.01	0.007	0.01	0.8188831124325947	0.10064384832484333	0.0523850035321373	0.036923331041151176	0.0618157020900706	86.61371884537937	47.69227441510289	67.50438923216748	60.8537616709252	11.729063745480413	3.509955409808549
14.293518168547433	0.01	0.01	0.01	0.007	0.01	0.8188831124325947	0.10064384832484333	0.052385003528185474	0.03692333000242062	0.06181570209006636	86.51655030250177	47.50771401527558	67.50722893243189	60.628095749809276	11.72365448746434	3.423263407967011
14.399447601990644	0.01	0.01	0.01	0.007	0.01	0.8188831124325947	0.10064384832484333	0.05238500352411886	0.036923328936785876	0.061815702090064095	86.41706206144421	47.322328901580754	67.50840053836964	60.40136488284996	11.717951513399186	3.3387126111725602
14.50537702420917	0.01	0.01	0.01	0.007	0.01	0.8188831124325947	0.10064384832484333	0.052385003519939105	0.036923327844860854	0.06181570209006353	86.31532232517667	47.13616861573026	67.50794677947658	60.17362987640859	11.711962720168415	3.2562501336006573
14.611306435203014	0.01	0.01	0.01	0.007	0.01	0.8188831124325947	0.10064384832484333	0.05238500351564753	0.03692332672724216	0.061815702090064734	86.21139758689661	46.94928131770582	67.50590932840103	59.9449498556541	11.705695808643133	3.1758243956641055
14.717235827956747	0.01	0.01	0.01	0.007	0.01	0.8188831124325947	0.10064384832484333	0.05238500351124548	0.0369233255845148	0.06181570209006747	86.10535267940938	46.7617138331871	67.50232882733596	59.71538232225091	11.699158288966656	3.0973850968800485
14.8231652094858	0.01	0.01	0.01	0.007	0.01	0.8188831124325947	0.10064384832484333	0.052385003506734376	0.036923324417238085	0.061815702090071874	85.99725079536472	46.573511650417814	67.49724491281347	59.48498315017268	11.69235748398683	3.020883168759864
14.929094586805599	0.01	0.01	0.01	0.007	0.01	0.8188831124325947	0.10064384832484333	0.052385003502115224	0.03692332322595596	0.06181570209007794	85.88715354085244	46.38471897811229	67.49069624051599	59.25380665621445	11.685300534641975	2.946270755146891
15.035023959916142	0.01	0.01	0.01	0.007	0.01	0.8188831124325947	0.10064384832484333	0.052385003497389324	0.03692332201120207	0.061815702090085516	85.77512098215641	46.195378790483275	67.482720510094	59.02190565478233	11.677994404950274	2.8735011870133937
15.140953321802005	0.01	0.01	0.01	0.007	0.01	0.8188831124325947	0.10064384832484333	0.052385003492557675	0.03692332077349977	0.06181570209009458	85.66121168466704	46.00553285906621	67.47335448926422	58.789331496537514	11.670445886475163	2.8025289526512642
15.246882665447767	0.01	0.01	0.01	0.007	0.01	0.8188831124325947	0.10064384832484333	0.05238500348762156	0.03692331951335839	0.061815702090105215	85.54548274306707	45.81522177109792	67.46263403653386	58.55613409057282	11.662661602152573	2.733309664101636
15.352811997868855	0.01	0.01	0.01	0.007	0.01	0.8188831124325947	0.10064384832484333	0.052385003482581946	0.03692331823126456	0.06181570209011721	85.42798980201255	45.624484934283565	67.45059412196383	58.32236190989323	11.654648009378262	2.6658000205857375
15.458741319065266	0.01	0.01	0.01	0.007	0.01	0.8188831124325947	0.10064384832484333	0.052385003477439684	0.03692331692769623	0.06181570209013052	85.30878711432857	45.433360643872795	67.43726885099173	58.08806207325832	11.646411405581311	2.5999577954600945
15.564670636052426	0.01	0.01	0.01	0.007	0.01	0.8188831124325947	0.10064384832484333	0.05238500347219587	0.03692331560311393	0.06181570209014531	85.18792756008817	45.241886086018674	67.42269148422209	57.853280348959906	11.637957931129911	2.5357418008444945
15.670599948830333	0.01	0.01	0.01	0.007	0.01	0.8188831124325947	0.10064384832484333	0.05238500346685131	0.03692331425797021	0.06181570209016151	85.06546269617834	45.05009739099835	67.4068944600429	57.618061219727736	11.629293574290566	2.4731118705725494
15.776529250383566	0.01	0.01	0.01	0.007	0.01	0.8188831124325947	0.10064384832484333	0.05238500346140684	0.03692331289271042	0.06181570209017893	84.94144278976958	44.858029660525474	67.38990941536305	57.38244791590067	11.62042417507007	2.412028834536052
15.88245853369671	0.01	0.01	0.01	0.007	0.01	0.8188831124325947	0.10064384832484333	0.05238500345586327	0.036923311507768224	0.06181570209019769	84.8159168425602	44.665716981607886	67.37176720457711	57.1464824320968	11.611355428351489	2.352454489792311
15.988387805785184	0.01	0.01	0.01	0.007	0.01	0.8188831124325947	0.10064384832484333	0.0523850034502213	0.0369233101035566	0.06181570209021773	84.68893260515321	44.47319242687897	67.35249791625625	56.91020552727065	11.602092886238188	2.2943515690905643
16.0	0.01	0.01	0.01	0.007	0.01	0.8188831124325947	0.10064384832484333	0.052385003449596915	0.03692331342470235	0.061815702090220005	84.67492562939128	44.4520759672708	67.35031828902147	56.884287106804436	11.601065952741578	2.2880701302500808
