0.0	0.01	0.01	0.01	0.007	0.01	0.0	0.0	0.0	0.0	0.0	0.0	0.0	0.0	0.0	0.0	100.0
0.0034447932649055183	0.01	0.01	0.01	0.007	0.01	0.012004686288821472	0.002814648456467591	0.0037516191847858553	0.004029133407971299	0.0049068882436424915	0.0006878942821732779	0.0008916631299131897	0.0021903560212450258	0.004028506880334157	0.00042775219064047936	99.92235203682195
0.005536388384134254	0.01	0.01	0.01	0.007	0.01	0.019216892903573736	0.004485403908087552	0.005901600626820727	0.006286085205299604	0.007756002543515765	0.001771133442958383	0.0022890219128988837	0.00557474219792548	0.010191820028734547	0.0010922295286308395	99.87523549301517
0.008680838069088363	0.01	0.01	0.01	0.007	0.01	0.029951614793865416	0.006944086258246657	0.008962603285061172	0.009431492548454868	0.011862814814966639	0.004333365883089149	0.005575835707619126	0.01340721272261162	0.02429696751057245	0.0026394701863949963	99.80444351038956
0.011588028859623525	0.01	0.01	0.01	0.007	0.01	0.039762236239368906	0.009161768303871446	0.011619723967439377	0.01209496502816859	0.015479717327046779	0.007687548127020143	0.00985177378988791	0.023415006762091108	0.04210029588302014	0.0046299005723636644	99.73903765390071
0.014965016234892155	0.01	0.01	0.01	0.007	0.01	0.0510222109312516	0.011672591501693426	0.014510860531809186	0.01491951028844835	0.01947563905049792	0.012755071626213758	0.016269765026262685	0.03815845931136671	0.06800270119510696	0.007582972649546995	99.66311614428525
0.018406689959617487	0.01	0.01	0.01	0.007	0.01	0.06234930191641248	0.01416125746295609	0.01725542379708784	0.01752702886165934	0.023333973600970268	0.019195654895908364	0.024369664040462393	0.0564002522512204	0.09963588566343773	0.011264433055195512	99.58579981702357
0.02211545700566999	0.01	0.01	0.01	0.007	0.01	0.07438978686168235	0.016765912237831252	0.020000841685676226	0.02006016307482393	0.027265398941916437	0.027554756628269735	0.03480561699265022	0.07942712263563215	0.13904283334770068	0.01594831298811426	99.50255044772975
0.025968371089063108	0.01	0.01	0.01	0.007	0.01	0.08671878929291732	0.019389547581347623	0.022637034735879847	0.022418390951140392	0.03111836360355638	0.03777111382965178	0.04746266593499841	0.10676916148313625	0.18521064264475467	0.021556209225378535	99.41613916321623
0.0300223689650924	0.01	0.01	0.01	0.007	0.01	0.09949670195015574	0.022062428839506182	0.025191634793094463	0.02463087863318552	0.03493716171661867	0.05017667594957674	0.06270991928350601	0.1389994732560795	0.238904770890419	0.028224242880430954	99.32529908720515
0.034242094539021946	0.01	0.01	0.01	0.007	0.01	0.11258833683106376	0.024752177454216245	0.027631211121566156	0.02667341040083336	0.038675557265045304	0.06485962765532716	0.08060769019316616	0.17600199633781075	0.29972456828248406	0.03594949364533034	99.23083362483735
0.038645144282249	0.01	0.01	0.01	0.007	0.01	0.12602547842603012	0.027461706141616523	0.02995821747298392	0.02855415797909041	0.04233695699771056	0.08206827733047015	0.10140587412886846	0.2180406454001864	0.36790347912597876	0.04480972478389553	99.13235993262775
0.04322337998631355	0.01	0.01	0.01	0.007	0.01	0.13975949331804705	0.030177615650180675	0.032161825730915236	0.030270918831938994	0.04589482501008994	0.10196492158689167	0.1252419543173304	0.26512739149957	0.44326406014449876	0.05483096542798963	99.03007185739709
0.047984065585161245	0.01	0.01	0.01	0.007	0.01	0.1537882160822001	0.03289611767176125	0.0342409552322349	0.0318299911948408	0.04931621395479124	0.12477512316683381	0.15232194334388297	0.3173948767213542	0.5258306184524996	0.06606200772471865	98.92381937713938
0.05292977962023931	0.01	0.01	0.01	0.007	0.01	0.1680943379687043	0.03561056050360159	0.0361932956872526	0.033237007401221624	0.05252510028334446	0.15071168954354988	0.18282790811600763	0.37491036629301777	0.6155293714145942	0.07852717580295179	98.81355802846927
0.05805069288261667	0.01	0.01	0.01	0.007	0.01	0.18262500777494142	0.0383080011055518	0.03801366297139816	0.0344960005066414	0.055381245723416996	0.17991785315522976	0.21685275864240627	0.4375642947449497	0.7120253069009057	0.0921868563241788	98.69952023561783
0.0632303090782384	0.01	0.01	0.01	0.007	0.01	0.19703575986223962	0.040924006815358585	0.039667631619913823	0.035592708781505215	0.05766360505190446	0.21183520467815384	0.2536784928628385	0.5038078596397558	0.8128292900975365	0.10664382684603328	98.58430906382276
0.0685157783561885	0.01	0.01	0.01	0.007	0.01	0.21144984310562942	0.04348182768425113	0.041181161752538026	0.03655425293761509	0.05928029175406435	0.24680990712621553	0.29364205452874015	0.5740608131289983	0.9185172639831978	0.12188551295351543	98.46688201679436
0.07407907562302472	0.01	0.01	0.01	0.007	0.01	0.22631030126772966	0.04605747439675951	0.042604136973873614	0.037419074238669775	0.06023774206484449	0.2861831285361518	0.3381865657935129	0.6505819059437234	1.0323662927141313	0.13825831040404407	98.34343356683696
0.07981634385848241	0.01	0.01	0.01	0.007	0.01	0.24130805725260954	0.04859391253857187	0.043908733694850426	0.03817617039928879	0.06058932442407428	0.329468056293926	0.38665862945884766	0.7319430223882827	1.1521241202236718	0.15530038949893557	98.21628683719408
0.08578501592982268	0.01	0.01	0.01	0.007	0.01	0.2565655714559264	0.051109526811444136	0.04511024400691661	0.038840892028212205	0.06049648798900502	0.377311248210942	0.43967846142175426	0.8189048057226592	1.27881510959764	0.17303826203041942	98.08418630310696
0.0919975874918543	0.01	0.01	0.01	0.007	0.01	0.2720811501426431	0.05360092126127797	0.0462119165742733	0.03942081211841114	0.06011348450559603	0.43007232800890877	0.497524944016558	0.9116162694178905	1.4125560435947637	0.1913977739079156	97.94687641867114
0.09852082431022263	0.01	0.01	0.01	0.007	0.01	0.28798089691787365	0.0560843795417586	0.04722507122629873	0.03992713464517465	0.0595564931807799	0.4886314906219457	0.5610232889554929	1.011056783976402	1.5546532918608227	0.21049330807395322	97.80290710593393
0.1054006851428492	0.01	0.01	0.01	0.007	0.01	0.30432584631003196	0.05856416334980358	0.04815449366173127	0.04036691399451473	0.05890476074899692	0.5537940245624233	0.6308781518009103	1.1179332853850656	1.7059968590952665	0.2303956225402463	97.65129630050659
0.11265945815335197	0.01	0.01	0.01	0.007	0.01	0.32111132281053334	0.06103380719606749	0.049000935618157826	0.040745011950780584	0.05821235439903973	0.6262121522531259	0.7075949975096112	1.2325925352724723	1.8669605557511861	0.2511195347807789	97.49159023245583
0.12030874883696879	0.01	0.01	0.01	0.007	0.01	0.33830305595228255	0.06348267582997504	0.04976474019445025	0.04106610742481849	0.05751554126193081	0.7064648878687396	0.7915724528002346	1.355195568782157	2.0376687370336684	0.27266010979219324	97.3235747157632
0.12836508002234404	0.01	0.01	0.01	0.007	0.01	0.35587428066603044	0.06590170646408562	0.05044790897419392	0.041335534448207076	0.05683735518184246	0.7952046323840065	0.8832576942905913	1.4859605199268355	2.2183421026713863	0.29503477490214347	97.14693168366283
0.13685040683206298	0.01	0.01	0.01	0.007	0.01	0.37380533421605266	0.06828320774230215	0.05105369916981685	0.041558919184124646	0.05619200849140158	0.8931739615072534	0.9831589192253629	1.6251770423595735	2.409314765756721	0.31828169443832016	96.96122915823969
0.14579233403738176	0.01	0.01	0.01	0.007	0.01	0.3920823829719631	0.07062055011693706	0.05158625475440949	0.04174189509167148	0.05558794947080171	1.0012205315148848	1.09185454226901	1.7732147273495142	2.6110426163882945	0.34245796996053496	96.7659180069956
0.15522301180319134	0.01	0.01	0.01	0.007	0.01	0.41069344659264856	0.07290756018633145	0.05205025346646456	0.04188988409303058	0.05502994055932996	1.1202956244915123	1.2099850236505163	1.930508014102874	2.8240798926238564	0.3676348861445523	96.56035772687271
0.16517922817878794	0.01	0.01	0.01	0.007	0.01	0.4296271005105332	0.0751383387671413	0.052450730972292414	0.042007984707537756	0.054520304208871204	1.251464919354401	1.3382567221792103	2.097559227767541	3.0490811432952416	0.39389694979104334	96.34381612630743
0.1757023256528546	0.01	0.01	0.01	0.007	0.01	0.448870828200414	0.07730707842926049	0.052792939091349134	0.04210089834025408	0.05405971779265794	1.3959165919287229	1.4774423806688615	2.2749378487807976	3.2867981678053644	0.4213407447943278	96.11547305358692
0.18683847339478835	0.01	0.01	0.01	0.007	0.01	0.468410047546011	0.07940800248210207	0.0530822484973592	0.04217288950584178	0.05364770196706447	1.5549735765758024	1.628385007976252	2.463285080078208	3.5380841061650887	0.4500749070223018	95.87441664110676
0.19863883277842093	0.01	0.01	0.01	0.007	0.01	0.48822689102851136	0.08143531061588427	0.05332406205096547	0.0422277647337845	0.05328294003573163	1.7301041240691761	1.7919993779346903	2.6633161162466954	3.80389431236788	0.48021990455835123	95.61964220079246
0.21115975770718484	0.01	0.01	0.01	0.007	0.01	0.5082990429751538	0.08338316947134365	0.05352373875942156	0.04226886779090234	0.05296348678555291	1.9229321625801157	1.9692727984773584	2.875822518578801	4.085287237318586	0.5119079504224967	95.35005073071645
0.22446286679913025	0.01	0.01	0.01	0.007	0.01	0.5285984055063294	0.08524572588565667	0.05368651866683009	0.04229908707101157	0.05268691360427667	2.1352446014074884	2.1612627447952115	3.1016719516237594	4.38342166796616	0.5452825946655967	95.0644505877408
0.23861496866515391	0.01	0.01	0.01	0.007	0.01	0.5490896758225979	0.08701715556147813	0.05381744580053246	0.0423208732849879	0.05245041418313057	2.3689943576009185	2.369090780314079	3.341804945307371	4.699549949996722	0.5804979343695376	94.76156271978168
0.25368769284083453	0.01	0.01	0.01	0.007	0.01	0.5697287670319438	0.08869174366682617	0.05392128746733746	0.04233626550745129	0.05225088894964549	2.626295533150716	2.5939303435723184	3.597226169409656	5.035003989616271	0.6177170669692169	94.44003257088053
0.2697564725047793	0.01	0.01	0.01	0.007	0.01	0.5904608465345732	0.09026398382214325	0.05400245422318794	0.04234692399266756	0.05208502077513329	2.9094028324783157	2.836982760667987	3.8689842662406897	5.391166394490487	0.6571089304113679	94.09845604596106
0.28689840170411274	0.01	0.01	0.01	0.007	0.01	0.6112178484905733	0.0917286951614631	0.05406493256613531	0.042354168433521536	0.05194934780419652	3.2206636094647143	3.099433733462553	4.158132409606264	5.769416745813787	0.6988424221167951	93.73542925877493
0.3051888165098667	0.01	0.01	0.01	0.007	0.01	0.6319159661132314	0.09308120092234241	0.05411224504472938	0.04235902019753867	0.05184033321714523	3.5624354476600244	3.3823876259405474	4.4656676418356325	6.171050716492594	0.7430775372683179	93.3496244768824
0.32469780261448716	0.01	0.01	0.01	0.007	0.01	0.6524550540150957	0.09431766892281027	0.05414744534086426	0.042362246683182385	0.051754429793332536	3.9369886516370762	3.686798852316941	4.792470026397819	6.59719963024886	0.7899565329104749	92.93986601785599
0.34548882597365743	0.01	0.01	0.01	0.007	0.01	0.6727219616123757	0.09543563733905083	0.054173140368856315	0.04236440555923617	0.05168814639265222	4.346438781737683	4.013437280904306	5.139278746440466	7.048798677273263	0.8396003682773002	92.50515981855658
0.3676205028123733	0.01	0.01	0.01	0.007	0.01	0.6925973608971454	0.09643455619067517	0.05419152271616068	0.04236588700269859	0.05163812862346704	4.792739339566276	4.3629071026263375	5.506721250304199	7.526624290956397	0.8921126557028142	92.0446566631141
0.39115026090954036	0.01	0.01	0.01	0.007	0.01	0.7119632514931441	0.09731610638774654	0.054204402886747674	0.042366952649934723	0.05160125234072394	5.277720315826248	4.73570120710566	5.895373060917342	8.031371181312869	0.9475879343907526	91.55757702135716
0.41613787571712957	0.01	0.01	0.01	0.007	0.01	0.7307086515691451	0.0980841970084815	0.054213241382254806	0.04236777006925399	0.05157471112884541	5.803135561975919	5.13225812631329	6.305813668797621	8.56372401730393	1.0061194126663062	91.04314060112094
0.4426480141920069	0.01	0.01	0.01	0.007	0.01	0.7487330242328859	0.09874471157456481	0.05421918454511137	0.0423684415655264	0.051556077123826836	6.370698619427091	5.5530054564377895	6.738664006674856	9.12440507235869	1.0678041880260922	90.50051864592183
0.47075180723075283	0.01	0.01	0.01	0.007	0.01	0.7659480328091791	0.09930511801248673	0.054223105638937744	0.04236902663163618	0.05154332626607939	6.982103245997283	5.998388069703968	7.194606198031575	9.71419884743482	1.1327460700357306	89.92880812061372
0.5005276390154152	0.01	0.01	0.01	0.007	0.01	0.7822782680461197	0.09977402975970137	0.054225649506501904	0.04236955822577667	0.051534830370367934	7.639029190490814	6.468882856248604	7.674389138984809	10.33395830859908	1.2010564962280463	89.32702342633992
0.5320610769286542	0.01	0.01	0.01	0.007	0.01	0.7976613174397171	0.10016077021925543	0.05422727757544466	0.04237005376793948	0.051529324247512456	8.343129038124085	6.964998232158946	8.178819232657697	10.984591858859776	1.272853407960272	88.69410663208524
0.5654437827918912	0.01	0.01	0.01	0.007	0.01	0.8120474749367105	0.10047497317509359	0.05422830995045601	0.04237052208156269	0.0515258575148476	9.095990799246731	7.4872559996055	8.708734468838184	11.667028773365024	1.3482577916186502	88.0289586240053
0.6007712895021563	0.01	0.01	0.01	0.007	0.01	0.8253993722666173	0.1007262376898151	0.05422896216790021	0.042370967495891046	0.051523739857548746	9.899072776365601	8.03615449444348	9.264961010973419	12.382162184364761	1.4273877358986138	87.33049234800026
0.6381397030886232	0.01	0.01	0.01	0.007	0.01	0.837691786503369	0.10092384493306118	0.054229375357259094	0.042371392118291384	0.05152248655265633	10.753612508212766	8.612115281110079	9.848254480504623	13.130772703662629	1.510350297210168	86.59770550625238
0.6776418657843152	0.01	0.01	0.01	0.007	0.01	0.8489118458455139	0.10107653674775853	0.0542296396397246	0.04237179701820666	0.05152176881920092	11.660524019932945	9.215423256023275	10.459235588994368	13.913445388942346	1.597232536272009	85.82976067421542
0.7193639159215827	0.01	0.01	0.01	0.007	0.01	0.8590596602357427	0.10119234973446896	0.05422981137065367	0.04237218281404392	0.05152137150856464	12.620308193526775	9.846175674603908	11.09833543423839	14.730499901943668	1.6880939011434262	85.02605363163366
0.7633836005823275	0.01	0.01	0.01	0.007	0.01	0.8681491879788545	0.10127849774158894	0.05422992525793581	0.04237254996025129	0.051521159016349474	13.633010976441732	10.504260633503707	11.765771045161316	15.581960143140018	1.7829628832907076	84.18624398735294
0.8097714112761345	0.01	0.01	0.01	0.007	0.01	0.8762088676085993	0.10134129727962347	0.05423000251243642	0.04237289889403489	0.051521049172461156	14.698255935325214	11.189379107030739	12.461565632249835	16.467581352960476	1.881840000367855	83.31022976185434
0.858594738473335	0.01	0.01	0.01	0.007	0.01	0.8832814582461515	0.10138613444440954	0.05423005611214113	0.04237323011486593	0.05152099418973962	15.815354142914195	11.901109739785316	13.185613284312097	17.38693350968958	1.9847070650263225	82.39806600893462
0.9099241335950243	0.01	0.01	0.01	0.007	0.01	0.8894227274320057	0.10141747423092705	0.0542300940816006	0.042373544223804196	0.05152096742917286	16.983465416465453	12.638998767803582	13.937770891141582	18.339518175277114	2.0915402881193015	81.44984889162777
0.9638401914267056	0.01	0.01	0.01	0.007	0.01	0.8946990296486109	0.10143891116308122	0.05423012147527714	0.04237384193249143	0.05152095466392847	18.201770060473905	13.402650314054688	14.717952574628724	19.324886710566403	2.2023237023198026	80.46559615061219
1.0204398385866915	0.01	0.01	0.01	0.007	0.01	0.8991841797940838	0.10145325473473565	0.05423014155286866	0.04237412404982726	0.0515209486119182	19.469617343151736	14.19179842770665	15.526207683821962	20.342735587207567	2.317060216768734	79.44514775726346
1.0798415521017948	0.01	0.01	0.01	0.007	0.01	0.9029561517397797	0.10146263789492156	0.05423015647005257	0.04237439145590538	0.0515209456953537	20.786635990292403	15.006354526832098	16.362775567670504	21.392970292217036	2.4357793433629586	78.3880953153638
1.1421896088944206	0.01	0.01	0.01	0.007	0.01	0.9060940322572384	0.10146863480495812	0.05423016768653282	0.04237464507186827	0.05152094422183395	22.152807146809085	15.84643268038909	17.228119178087695	22.475740623790482	2.5585418909164677	77.29373766286552
1.2076578085276115	0.01	0.01	0.01	0.007	0.01	0.9086754800770594	0.10147237574802387	0.05423017621133954	0.042374885831820405	0.05152094341625121	23.56850906213301	16.71235960194307	18.12294419408763	23.591455954214233	2.6854425802234245	76.16105425353605
1.2764531650614905	0.01	0.01	0.01	0.007	0.01	0.9107747728765757	0.10147465074999996	0.0542301827541578	0.042375114659848834	0.05152094293133316	25.03454400842809	17.604676088754978	19.04821043447948	24.74078894688912	2.8166115411460404	74.98868775228999
1.3488200494885907	0.01	0.01	0.01	0.007	0.01	0.9124614192594619	0.1014759974520963	0.054230187821431616	0.0423753324530462	0.0515209426120452	26.552156895398237	18.524135377150042	20.00514127978161	25.92467467349681	2.9522155012006928	73.77492853906813
1.4250450655837212	0.01	0.01	0.01	0.007	0.01	0.913799257702292	0.10147677199940494	0.05423019177908822	0.04237554006972047	0.05152094238731876	28.123049653919146	19.4717002503492	20.99523329378983	27.1443074573402	3.092458971599081	72.51769822346851
1.505463081064237	0.01	0.01	0.01	0.007	0.01	0.9148459551594103	0.10147720386430974	0.054230194894450946	0.042375738322027026	0.051520942222337496	29.74939703489385	20.44854152154002	22.02026925656416	28.40113881483603	3.2375858786301492	71.214527913635
1.590464583967059	0.01	0.01	0.01	0.007	0.01	0.9156528156549475	0.10147743668762575	0.05423019736477578	0.042375927971347205	0.05152094209821442	31.433862577318358	21.456036249886232	23.082333575981927	29.696874381891536	3.387881483793919	69.86253229643782
1.680504510628625	0.01	0.01	0.01	0.007	0.01	0.9162648243037976	0.101477557672222	0.05423019933697557	0.04237610972479001	0.051520942003494934	33.1796116218752	22.495762911218723	24.183827993832434	31.033466243581366	3.543674284852872	68.45838186325405
1.7761120629621614	0.01	0.01	0.01	0.007	0.01	0.9167208636179186	0.10147761804790152	0.054230200921417525	0.04237628422983427	0.051520941930569816	34.99030497805119	23.569482871591713	25.327477244211757	32.413086952056005	3.7053364201912258	66.99828609779007
1.8778990715200528	0.01	0.01	0.01	0.007	0.01	0.9170540514976516	0.10147764685753813	0.05423020220166299	0.04237645206047946	0.051520941874076104	36.870021862363245	24.67907712479918	26.516292209296154	33.838045357553995	3.873277978421549	65.47802879477071
1.9865565374833982	0.01	0.01	0.01	0.007	0.01	0.9172921580900195	0.10147765993502246	0.054230203241359604	0.04237661367492116	0.051520941830108226	38.82292934110478	25.82633132518798	27.753374478116047	35.31050710629633	4.047918833287925	63.893204432636296
2.1027946973059533	0.01	0.01	0.01	0.007	0.01	0.9174580592585375	0.10147766554732966	0.054230204088989035	0.04237676927424858	0.05152094179578093	40.8519706549756	27.012149322662	29.041098107090402	36.83148231898352	4.229572642825093	62.24025433745475
2.227016149421482	0.01	0.01	0.01	0.007	0.01	0.9175701641972359	0.10147766780688684	0.054230204780522547	0.04237691829305143	0.05152094176898177	42.95329117918918	28.23331741005263	30.377568804928526	38.396678518551674	4.417947713656073	60.52101964149953
2.357851921327752	0.01	0.01	0.01	0.007	0.01	0.917642758928118	0.10147766865125639	0.054230205338940476	0.04237705781197105	0.05152094174828785	45.09351468069171	29.46951745832534	31.742080124465257	39.979891082151994	4.610101941299407	58.76156683234463
2.489360643284202	0.01	0.01	0.01	0.007	0.01	0.9176869605830895	0.10147766894247946	0.05423020577499038	0.0423771819811907	0.05152094173284258	47.17139354238758	30.661964793487954	33.07030962619671	41.50577645605349	4.79696807400578	57.044607449601436
2.6155846762101707	0.01	0.01	0.01	0.007	0.01	0.9177128638550468	0.10147766903982358	0.05423020610703734	0.04237729052129503	0.05152094172157214	49.09857652794918	31.760688899954722	34.30551448286037	42.91051079392757	4.97057823913468	55.44384731987711
2.736468517845556	0.01	0.01	0.01	0.007	0.01	0.9177283213283745	0.10147766907372256	0.05423020636453844	0.042377388679058665	0.05152094171314892	50.884257744469394	32.77212828358147	35.45308019973808	44.20252760562025	5.131715874141864	53.952937093085175
2.854574854405137	0.01	0.01	0.01	0.007	0.01	0.9177378824942453	0.10147766908619058	0.054230206571870034	0.042377479065028374	0.05152094170658856	52.57378990749414	33.72288867021168	36.541755341024775	45.41596983242029	5.284438134901677	52.53501110248888
2.9722671605100905	0.01	0.01	0.01	0.007	0.01	0.9177439533641031	0.1014776690909358	0.05423020674437556	0.042377562537815744	0.05152094170129988	54.2046554496295	34.634546787831695	37.595487012847094	46.57845931477623	5.432114814648747	51.15912540197542
3.090857835984267	0.01	0.01	0.01	0.007	0.01	0.9177478482805184	0.10147766909275983	0.05423020689084242	0.042377639897440846	0.051520941696944586	55.79613317940728	35.51806346664748	38.62666267494494	47.704005282274316	5.5764854260660055	49.80918275901954
3.21066534743887	0.01	0.01	0.01	0.007	0.01	0.9177503436871108	0.10147766909345696	0.05423020701640725	0.0423777118181483	0.05152094169331988	57.352520680190935	36.37588061433933	39.63805632305717	48.795729400013386	5.7179388059768	48.481556572925015
3.331379817877422	0.01	0.01	0.01	0.007	0.01	0.9177519316657977	0.1014776690937203	0.05423020712445264	0.04237777876593429	0.05152094169028889	58.86983496393576	37.20586151969999	40.62706695231746	49.85092381112225	5.856111700421285	47.17966736805665
3.4524955107173096	0.01	0.01	0.01	0.007	0.01	0.9177529353479852	0.10147766909381886	0.05423020721761751	0.04237784113343996	0.05152094168774628	60.342291019018006	38.00496809619141	41.589878002988016	50.86574967643229	5.990473040284458	45.90858447703802
3.573607725675421	0.01	0.01	0.01	0.007	0.01	0.917753567087952	0.10147766909385553	0.054230207298189684	0.04237789932600415	0.051520941685604386	61.76609322537694	38.771340769401576	42.523925594469006	51.83788240535542	6.120668941828634	44.67178128053137
3.6945251721407577	0.01	0.01	0.01	0.007	0.01	0.9177539642304298	0.10147766909386917	0.054230207368189565	0.042377953742890245	0.05152094168378972	63.140443384735185	39.504797242068605	43.428580639204206	52.76713642444616	6.246616767582773	43.47020739488573
3.8152398942263455	0.01	0.01	0.01	0.007	0.01	0.9177542140658433	0.10147766909387425	0.054230207429351966	0.04237800473388976	0.051520941682241375	64.46677334635463	40.20636322796589	44.304672492281846	53.65485983298284	6.3684373952215685	42.3028869926522
3.935837787384075	0.01	0.01	0.01	0.007	0.01	0.9177543714425856	0.10147766909387611	0.05423020748311503	0.0423780525877101	0.051520941680910856	65.7474589269114	40.8775490721395	45.153660425879	54.50301123574858	6.486338981030468	41.16799757195236
4.0564161270312935	0.01	0.01	0.01	0.007	0.01	0.9177544706848284	0.10147766909387684	0.05423020753064078	0.042378097546757976	0.05152094167975998	66.98482340850396	41.51981025769377	45.976981576926384	55.313474852334835	6.600525988126347	40.06373127994337
4.177037863199097	0.01	0.01	0.01	0.007	0.01	0.9177545332976808	0.10147766909387708	0.05423020757286037	0.04237813982516518	0.05152094167875874	68.18068262991136	42.13431384253928	46.775747148012584	56.087766266173645	6.711157106289471	38.98870364880242
4.297722560523714	0.01	0.01	0.01	0.007	0.01	0.9177545727991938	0.10147766909387718	0.054230207610524744	0.042378179619496616	0.051520941677882924	69.33632730522434	42.72194079553599	47.550725081960145	56.827037501658346	6.818343121388733	37.94198348714437
4.41845926752602	0.01	0.01	0.01	0.007	0.01	0.9177545977123273	0.10147766909387723	0.0542302076442493	0.04237821711253771	0.051520941677113234	70.45271696547894	43.28339593925141	48.30246457671417	57.532217470535144	6.922164406831723	36.92293133440674
4.5392254264617415	0.01	0.01	0.01	0.007	0.01	0.9177546134193089	0.10147766909387722	0.05423020767454706	0.04237825247322848	0.0515209416764342	71.53069642406237	43.81932359702452	49.03143849588998	58.20415850983126	7.022690754565145	35.93101042784322
4.660001226988506	0.01	0.01	0.01	0.007	0.01	0.9177546233196957	0.10147766909387722	0.054230207701851614	0.0423782858554803	0.05152094167583269	72.57113478142377	44.33037848614958	49.73813647687544	58.84372560774203	7.1199942583092755	34.96566109014099
4.780775894914897	0.01	0.01	0.01	0.007	0.01	0.9177546295594157	0.10147766909387722	0.05423020772653315	0.04237831739768592	0.05152094167529771	73.57497142372591	44.817246881910364	50.42309688604869	59.451822611005746	7.2141536792450776	34.0262562382167
4.90154726271315	0.01	0.01	0.01	0.007	0.01	0.9177546334919614	0.10147766909387722	0.05423020774890798	0.0423783472236501	0.05152094167482013	74.54319858733183	45.28063571814001	51.08689615251196	60.029378132149915	7.305252920582732	33.11211454525506
5.022318153810334	0.01	0.01	0.01	0.007	0.01	0.9177546359705014	0.10147766909387722	0.054230207769246926	0.04237837544457379	0.051520941674392404	75.47682162247065	45.72125165405886	51.730122503606815	60.57731907956252	7.393377376056579	32.22253543966727
5.143092503488806	0.01	0.01	0.01	0.007	0.01	0.9177546375326776	0.10147766909387722	0.0542302077877829	0.042378402161340804	0.05152094167400802	76.37682432423948	46.13978389341764	52.353352511395094	61.09654912861359	7.478610695889839	31.356831016880733
5.263872983581814	0.01	0.01	0.01	0.007	0.01	0.9177546385172914	0.10147766909387722	0.05423020780471589	0.04237842746641284	0.05152094167366146	77.24415163722503	46.53689628043568	52.95713906395777	61.5879389460612	7.561033144013068	30.514342797239156
5.384660330385438	0.01	0.01	0.01	0.007	0.01	0.9177546391378655	0.10147766909387722	0.05423020782021872	0.04237845144509839	0.051520941673348065	78.07970771628628	46.913227040772064	53.542009711787806	62.05232600139871	7.640721386524509	29.694444380853344
5.505453768262125	0.01	0.01	0.01	0.007	0.01	0.9177546395289836	0.10147766909387722	0.05423020783444136	0.04237847417630546	0.05152094167306404	78.88436199692362	47.26939220630358	54.108470578315774	62.490518939712466	7.717749040301429	28.89653635498952
5.626251929425067	0.01	0.01	0.01	0.007	0.01	0.9177546397754786	0.10147766909387722	0.05423020784751461	0.04237849573295653	0.05152094167280572	79.65895753170524	47.605989813884115	54.65701198058844	62.90330285761573	7.792187448799145	28.12003865971502
5.747053533949038	0.01	0.01	0.01	0.007	0.01	0.9177546399308233	0.10147766909387722	0.05423020785955256	0.042378516182355115	0.05152094167257035	80.40431638383046	47.923602514430414	55.188112124789384	63.29144256202981	7.86410618919423	27.364385493682338
5.867857741850859	0.01	0.01	0.01	0.007	0.01	0.9177546400287221	0.10147766909387722	0.0542302078706557	0.0423785355865774	0.051520941672355415	81.12124209250746	48.2227987301067	55.70223882067368	63.65568400946739	7.9335733063623	26.629022915726104
5.988664153143388	0.01	0.01	0.01	0.007	0.01	0.9177546400904175	0.10147766909387722	0.0542302078809128	0.0423785540029331	0.05152094167215861	81.81051968953747	48.504132707248566	56.199849482929906	63.996754382453354	8.000655313395827	25.913408846321936
6.109472655853137	0.01	0.01	0.01	0.007	0.01	0.9177546401292973	0.10147766909387722	0.054230207890401505	0.042378571484440554	0.05152094167197807	82.47291492870967	48.76814426845795	56.6813905538693	64.31536180601383	8.065417114583887	25.21701391291803
6.230283234014101	0.01	0.01	0.01	0.007	0.01	0.9177546401537988	0.10147766909387722	0.05423020789919129	0.042378588080280985	0.051520941671812114	83.10917353078467	49.01535862948721	57.147296906845774	64.6121951562006	8.127921927197828	24.53932235831348
6.3510958316532555	0.01	0.01	0.01	0.007	0.01	0.9177546401692391	0.10147766909387722	0.05423020790734337	0.0423786038361956	0.05152094167165933	83.72002095656867	49.246286480361185	57.59799160512054	64.88792420016429	8.188231252385167	23.879832468044018
6.471910344786643	0.01	0.01	0.01	0.007	0.01	0.9177546401789691	0.10147766909387722	0.05423020791491293	0.04237861879479486	0.05152094167151816	84.30616294665688	49.461424386652354	58.03388620998531	65.14320012599039	8.24640492030772	23.238056213090868
6.59272660541373	0.01	0.01	0.01	0.007	0.01	0.9177546401851008	0.10147766909387722	0.05423020792194839	0.042378632995839105	0.05152094167138792	84.86828601640106	49.66125517121619	58.45538105676625	65.37865604851483	8.30250113094579	22.613518938864466
6.713544405519167	0.01	0.01	0.01	0.007	0.01	0.9177546401889645	0.10147766909387722	0.0542302079284936	0.04237864647647326	0.05152094167126724	85.40705812599067	49.84624835356842	58.86286566411487	65.59490758179874	8.356576512558656	22.005758854782716
6.8343635690865145	0.01	0.01	0.01	0.007	0.01	0.9177546401913993	0.10147766909387722	0.05423020793458796	0.04237865927141307	0.0515209416711554	85.92312950603595	50.01686062411269	59.25671927037661	65.79255344724211	8.408686196595271	21.41432632395395
6.9551839360970185	0.01	0.01	0.01	0.007	0.01	0.9177546401929338	0.10147766909387722	0.05423020794026633	0.04237867141314946	0.05152094167105148	86.41713303741321	50.173536148656744	59.63731104139284	65.97217587873007	8.458883848627986	20.838783633506825
7.076005394537903	0.01	0.01	0.01	0.007	0.01	0.9177546401939006	0.10147766909387722	0.05423020794556082	0.04237868293211004	0.05152094167095504	86.88968482154803	50.31670693046867	60.005000426222225	66.13434109286922	8.507221718747353	20.27870454011518
7.196827840395282	0.01	0.01	0.01	0.007	0.01	0.9177546401945098	0.10147766909387722	0.05423020795050005	0.04237869385683895	0.05152094167086508	87.34138444391266	50.446793070154826	60.360137278803016	66.27959964060656	8.553750660989804	19.7336741671359
7.317651193658426	0.01	0.01	0.01	0.007	0.01	0.9177546401948936	0.10147766909387722	0.05423020795510966	0.042378704214134685	0.051520941670781265	87.77281546418358	50.56420309566815	60.703062154849064	66.40848683869606	8.598520175854835	19.203288636297035
7.438475374314855	0.01	0.01	0.01	0.007	0.01	0.9177546401951356	0.10147766909387722	0.054230207959413496	0.04237871402919344	0.051520941670703035	88.18454574669475	50.66933424180308	61.034106485276254	66.52152314325532	8.64157843656016	18.687154886819776
7.5593003103524685	0.01	0.01	0.01	0.007	0.01	0.9177546401952882	0.10147766909387722	0.05423020796343276	0.04237872332572534	0.05152094167063012	88.57712790513169	50.76257275966772	61.353592840675574	66.61921455580796	8.682972327177144	18.184890353707008
7.680125945761879	0.01	0.01	0.01	0.007	0.01	0.9177546401953842	0.10147766909387722	0.05423020796718697	0.04237873212606032	0.05152094167056177	88.95109972877886	50.84429421356148	61.66183518489588	66.7020530128626	8.722747479188794	17.696122659008882
7.800952208528653	0.01	0.01	0.01	0.007	0.01	0.917754640195445	0.10147766909387722	0.054230207970693466	0.04237874045126329	0.051520941670497804	89.30698447642517	50.914863744412024	61.95913902165676	66.7705167396232	8.760948294162324	17.22048947072918
7.921779026637278	0.01	0.01	0.01	0.007	0.01	0.917754640195483	0.10147766909387722	0.05423020797396884	0.042378748321217415	0.05152094167043798	89.64529131922357	50.97463636476315	62.24580166410533	66.82507063521264	8.797617982283711	16.757638166868585
8.04260634407551	0.01	0.01	0.01	0.007	0.01	0.9177546401955071	0.10147766909387722	0.05423020797702752	0.04237875575469966	0.051520941670381744	89.96651575885002	51.02395723741128	62.52211248967862	66.86616663660735	8.832798598768138	16.30722551702093
8.16343412883685	0.01	0.01	0.01	0.007	0.01	0.9177546401955222	0.10147766909387722	0.05423020797988318	0.04237876276945239	0.05152094167032895	90.27114000298604	51.06316193658567	62.78835316393489	66.89424406137006	8.866531076100095	15.868917409008514
8.284262340912267	0.01	0.01	0.01	0.007	0.01	0.9177546401955317	0.10147766909387722	0.05423020798254811	0.042378769382269046	0.05152094167027945	90.55963323272147	51.09257669070088	63.04479777207896	66.9097299338747	8.898855244498916	15.442388725553238
8.405090932290136	0.01	0.01	0.01	0.007	0.01	0.9177546401955377	0.10147766909387722	0.0542302079850338	0.04237877560905945	0.05152094167023298	90.83245195654897	51.112518637984756	63.29171302483498	66.91303932196243	8.929809861860202	15.027323100155382
8.5259198629606	0.01	0.01	0.01	0.007	0.01	0.9177546401955415	0.10147766909387722	0.05423020798735046	0.04237878146489987	0.051520941670189224	91.09004038771441	51.123296075866584	63.529358489512525	66.90457566239753	8.959432646707961	14.623412626933488
8.646749108917932	0.01	0.01	0.01	0.007	0.01	0.917754640195544	0.10147766909387722	0.05423020798950769	0.04237878696408321	0.05152094167014809	91.33283078487969	51.125208696724386	63.75798679363599	66.88473107006129	8.987760307494835	14.230357611197583
8.767578638153976	0.01	0.01	0.01	0.007	0.01	0.9177546401955454	0.10147766909387722	0.05423020799151457	0.042378792120181405	0.051520941670109406	91.56124372010996	51.1185478170495	63.97784376315244	66.85388664439427	9.014828563691633	13.847866429902966
8.888408410658105	0.01	0.01	0.01	0.007	0.01	0.9177546401955463	0.10147766909387722	0.05423020799337923	0.04237879694609178	0.0515209416700729	91.7756883967244	51.103596606874184	64.1891686072984	66.81241277153384	9.040672172673194	13.475655312432123
9.009238402423998	0.01	0.01	0.01	0.007	0.01	0.917754640195547	0.10147766909387722	0.05423020799510908	0.04237880145406723	0.05152094167003843	91.97656299694957	51.08063030750078	64.39219413788783	66.76066940680099	9.065324960643345	13.113448056443088
9.130068589445209	0.01	0.01	0.01	0.007	0.01	0.9177546401955474	0.10147766909387722	0.05423020799671132	0.042378805655763505	0.05152094167000611	92.1642549455371	51.04991644539951	64.58714691090287	66.6990063594542	9.088819843885124	12.760975876182739
9.250898947715177	0.01	0.01	0.01	0.007	0.01	0.9177546401955478	0.10147766909387722	0.05423020799819229	0.04237880956227607	0.05152094166997563	92.33914119855811	51.01171504117355	64.77424739433744	66.62776356796176	9.111188853175817	12.417977203504739
9.371729461229545	0.01	0.01	0.01	0.007	0.01	0.9177546401955479	0.10147766909387722	0.05423020799955796	0.04237881318416968	0.05152094166994685	92.50158853481202	50.96627880966886	64.95371014317972	66.54727136224898	9.132463158921034	12.08419747241455
9.492560121986207	0.01	0.01	0.01	0.007	0.01	0.9177546401955479	0.10147766909387722	0.054230208000813906	0.042378816531509024	0.05152094166991957	92.65195382540513	50.913853355590796	65.12574395595382	66.4578507214739	9.152673093931107	11.759388933540421
9.61339090597839	0.01	0.01	0.01	0.007	0.01	0.9177546401955479	0.10147766909387722	0.05423020800196525	0.04237881961390181	0.051520941669894106	92.7905842699381	50.854677376451335	65.29055199516007	66.35981354541788	9.171848171897771	11.443310535366704
9.73422181320622	0.01	0.01	0.01	0.007	0.01	0.9177546401955479	0.10147766909387722	0.0542302080030169	0.04237882244050301	0.05152094166986993	92.91781770371556	50.78898283170338	65.4483319937851	66.25346287058092	9.190017115842092	11.135727639417926
9.855052811660508	0.01	0.01	0.01	0.007	0.01	0.9177546401955479	0.10147766909387722	0.05423020800397315	0.04237882502007152	0.05152094166984704	93.03398278766694	50.716995153751306	65.5992763266984	66.1390931574013	9.207207870721794	10.836411991542771
9.97588389333899	0.01	0.01	0.01	0.007	0.01	0.9177546401955479	0.10147766909387722	0.05423020800483824	0.042378827360962344	0.05152094166982561	93.13939931476511	50.63893339617486	65.74357222767286	66.01699047626855	9.223447632780005	10.545141408727128
10.09671504223705	0.01	0.01	0.01	0.007	0.01	0.9177546401955479	0.10147766909387722	0.054230208005616135	0.04237882947116632	0.05152094166980537	93.23437841454309	50.55501042353644	65.88140188601479	65.88743276280763	9.238762864869233	10.261699696477795
10.217546250352388	0.01	0.01	0.01	0.007	0.01	0.9177546401955479	0.10147766909387722	0.05423020800631038	0.04237883135832139	0.05152094166978626	93.31922279972407	50.465433069298506	66.01294260090312	65.75069002333272	9.253179318272798	9.985876449928282
10.338377493678008	0.01	0.01	0.01	0.007	0.01	0.9177546401955479	0.10147766909387722	0.05423020800692435	0.04237883302974518	0.05152094166976817	93.3942269753681	50.370402317106915	66.13836688659501	65.6070245773643	9.266722048946177	9.717466952938462
10.459208780216263	0.01	0.01	0.01	0.007	0.01	0.9177546401955479	0.10147766909387722	0.05423020800746107	0.042378834492425584	0.05152094166975126	93.45967748966864	50.27011342271143	66.25784265073312	65.45669121085129	9.279415441584646	9.456271919125573
10.580040101964824	0.01	0.01	0.01	0.007	0.01	0.9177546401955479	0.10147766909387722	0.05423020800792358	0.04237883575306457	0.051520941669735226	93.51585311546562	50.16475610505666	66.3715332671942	65.29993743529923	9.291283222093615	9.202097453125294
10.700871458923702	0.01	0.01	0.01	0.007	0.01	0.9177546401955479	0.10147766909387722	0.05423020800831461	0.04237883681808012	0.051520941669720204	93.56302507371575	50.05451467823334	66.47959772221792	65.1370036578974	9.302348477911218	8.954754853572407
10.82170283508821	0.01	0.01	0.01	0.007	0.01	0.9177546401955479	0.10147766909387722	0.054230208008636864	0.04237883769363404	0.0515209416697061	93.60145722698677	49.93956822008427	66.58219071083158	64.96812340712094	9.312633672959677	8.714060522481336
10.942534222456002	0.01	0.01	0.01	0.007	0.01	0.9177546401955479	0.10147766909387722	0.05423020800889244	0.042378838385632674	0.05152094166969281	93.63140628795867	49.82009069397185	66.67946277412155	64.79352348954245	9.322160666685809	8.47983577879207
11.063365621027081	0.01	0.01	0.01	0.007	0.01	0.9177546401955479	0.10147766909387722	0.05423020800908407	0.04237883889973888	0.05152094166968028	93.65312200893601	49.69625108628572	66.77156040925064	64.6134241710198	9.330950730069654	8.251906727995479
11.184197022799099	0.01	0.01	0.01	0.007	0.01	0.9177546401955479	0.10147766909387722	0.054230208009213444	0.042378839241393795	0.05152094166966847	93.66684736514146	49.568213557602625	66.85862616541287	64.42803937806238	9.339024560194503	8.030104164126522
11.305028403765016	0.01	0.01	0.01	0.007	0.01	0.9177546401955479	0.10147766909387722	0.054230208009282514	0.04237883941583238	0.05152094166965751	93.67281873942714	49.43613758462792	66.94079874611974	64.23757688577487	9.34640229542297	7.814263456285585
11.425859779929526	0.01	0.01	0.01	0.007	0.01	0.9177546401955479	0.10147766909387722	0.054230208009293415	0.04237883942806208	0.0515209416696472	93.67126610202834	49.30017802691	67.0182131501488	64.04223839806933	9.35310353377915	7.604224326646011
11.546691143290285	0.01	0.01	0.01	0.007	0.01	0.9177546401955479	0.10147766909387722	0.054230208009247764	0.0423788392829092	0.05152094166963758	93.66241317746503	49.160485320207925	67.09100072672503	63.842219811156596	9.359147343404635	7.39983084783138
11.667522493847294	0.01	0.01	0.01	0.007	0.01	0.9177546401955479	0.10147766909387722	0.054230208009147296	0.04237883898501033	0.051520941669628666	93.64647761464512	49.017205563146376	67.15928929526359	63.63771132327065	9.364552278763467	7.200931269575404
11.788353831600553	0.01	0.01	0.01	0.007	0.01	0.9177546401955479	0.10147766909387722	0.054230208008993516	0.042378838538825195	0.05152094166962038	93.62367114972375	48.87048064394455	67.22320323480324	63.42889760266135	9.369336393954793	7.00737792054462
11.909185148547722	0.01	0.01	0.01	0.007	0.01	0.9177546401955479	0.10147766909387722	0.05423020800878761	0.04237883794865013	0.05152094166961252	93.59419976738465	48.720448365387135	67.2828635726748	63.21595795317615	9.373517255908085	6.819027111004145
12.030016436686468	0.01	0.01	0.01	0.007	0.01	0.9177546401955479	0.10147766909387722	0.05423020800853124	0.04237883721862134	0.051520941669605365	93.55826385519458	48.56724254743287	67.33838807939	62.99906644831031	9.377111957884393	6.635739012497877
12.150847704019133	0.01	0.01	0.01	0.007	0.01	0.9177546401955479	0.10147766909387722	0.054230208008225686	0.04237883635271242	0.05152094166959867	93.51605834815236	48.410993115049244	67.38989136270362	62.77839204490972	9.380137132568201	6.457377530808767
12.27167892653872	0.01	0.01	0.01	0.007	0.01	0.9177546401955479	0.10147766909387722	0.05423020800787185	0.042378835354769794	0.051520941669592556	93.46777289159675	48.25182626592778	67.43748493206245	62.5540988099647	9.382608963218173	6.283810276175581
12.392510112247573	0.01	0.01	0.01	0.007	0.01	0.9177546401955479	0.10147766909387722	0.054230208007471185	0.04237883422848203	0.051520941669586914	93.413591961468	48.089864490680874	67.48127730879001	62.32634593929512	9.384543197328323	6.114908370516855
12.513341269148032	0.01	0.01	0.01	0.007	0.01	0.9177546401955479	0.10147766909387722	0.0542302080070246	0.042378832977404565	0.051520941669581856	93.35369501195919	47.92522671334177	67.52137409161605	62.09528794659688	9.38595515734937	5.950546400881854
12.634172397240107	0.01	0.01	0.01	0.007	0.01	0.9177546401955479	0.10147766909387722	0.054230208006532984	0.042378831604969865	0.051520941669577	93.28825661526943	47.758028400138976	67.55787803298358	61.86107480758896	9.386859752079685	5.7906023367078605
12.755003488521478	0.01	0.01	0.01	0.007	0.01	0.9177546401955479	0.10147766909387722	0.05423020800599747	0.042378830114493865	0.051520941669572766	93.21744659495555	47.58838165527081	67.59088911668212	61.623852086045986	9.38727148795288	5.634957437731349
12.875834542992155	0.01	0.01	0.01	0.007	0.01	0.9177546401955479	0.10147766909387722	0.05423020800541885	0.04237882850917127	0.05152094166956895	93.1414301451745	47.416395291076995	67.62050463702988	61.38376102432616	9.387204479972242	5.483496144662417
12.99666556065215	0.01	0.01	0.01	0.007	0.01	0.9177546401955479	0.10147766909387722	0.054230208004797845	0.042378826792085565	0.0515209416695656	93.06036795897758	47.24217492870954	67.64681926847108	61.14093867687002	9.386672462127724	5.336106004417634
13.117496541501476	0.01	0.01	0.01	0.007	0.01	0.9177546401955479	0.10147766909387722	0.05423020800413554	0.04237882496621375	0.05152094166956261	92.97441634947768	47.06582308556178	67.66992513600457	60.895518025308085	9.385688797640569	5.192677586625038
13.238327485540141	0.01	0.01	0.01	0.007	0.01	0.9177546401955479	0.10147766909387722	0.054230208003432236	0.042378823034430434	0.05152094166955997	92.88372736775894	46.88743926033713	67.68991188371935	60.6476280904581	9.384266488932566	5.0531044023735
13.359158384765848	0.01	0.01	0.01	0.007	0.01	0.9177546401955479	0.10147766909387722	0.05423020800268892	0.042378820999517265	0.05152094166955774	92.78844892407525	46.70712002782503	67.70686674046343	60.39739405794274	9.38241818746355	4.91728283401926
13.479989239178611	0.01	0.01	0.01	0.007	0.01	0.9177546401955479	0.10147766909387722	0.05423020800190611	0.04237881886415762	0.05152094166955584	92.68872488745689	46.52495909578643	67.72087458737022	60.14493735135013	9.380156202980404	4.785112039782935
13.600820048778447	0.01	0.01	0.01	0.007	0.01	0.9177546401955479	0.10147766909387722	0.054230208001084454	0.04237881663094464	0.05152094166955441	92.58469519989829	46.341047394927486	67.73201801938053	59.89037575156437	9.377492512754326	4.656493888503561
13.721650813565374	0.01	0.01	0.01	0.007	0.01	0.9177546401955479	0.10147766909387722	0.05423020800022449	0.042378814302385416	0.05152094166955323	92.4764959820926	46.15547315514692	67.74037740670228	59.63382349713817	9.374438770520817	4.531332886776435
13.842481533539408	0.01	0.01	0.01	0.007	0.01	0.9177546401955479	0.10147766909387722	0.05423020799932672	0.04237881188090459	0.051520941669552386	92.36425963632341	45.96832197972391	67.74603095461809	59.37539138195154	9.371006315179336	4.409536108049543
13.96331221670286	0.01	0.01	0.01	0.007	0.01	0.9177546401955479	0.10147766909387722	0.0542302079983916	0.042378809368841835	0.05152094166955186	92.2481149387716	45.77967690496076	67.74905476180011	59.11518683294062	9.367206178995508	4.291013115882894
14.084142863055746	0.01	0.01	0.01	0.007	0.01	0.9177546401955479	0.10147766909387722	0.05423020799741985	0.042378806768465956	0.051520941669551595	92.12818715184662	45.58961849522591	67.74952287621528	58.85331403680251	9.363049096296697	4.175675912915983
14.204973472598073	0.01	0.01	0.01	0.007	0.01	0.9177546401955479	0.10147766909387722	0.05423020799641167	0.04237880408197216	0.05152094166955166	92.00459811196905	45.39822489905243	67.74750735088206	58.5898740130145	9.35854551129915	4.063438867128732
14.325804037327565	0.01	0.01	0.01	0.007	0.01	0.9177546401955479	0.10147766909387722	0.054230207995367374	0.042378801311490064	0.051520941669552116	91.87746633036751	45.20557192842486	67.74307829787249	58.32496471893708	9.353705586240538	3.9542186553964895
14.446634549241953	0.01	0.01	0.01	0.007	0.01	0.9177546401955479	0.10147766909387722	0.05423020799428742	0.04237879845908155	0.05152094166955276	91.74690707521937	45.01173311097602	67.73630394074164	58.05868111771935	9.3485392087251	3.8479341937163802
14.56746501634354	0.01	0.01	0.01	0.007	0.01	0.9177546401955479	0.10147766909387722	0.054230207993172484	0.04237879552673357	0.05152094166955368	91.61303244099867	44.81677972698989	67.7272506639229	57.791115225558215	9.343055998357833	3.7445065635370636
14.688295438632345	0.01	0.01	0.01	0.007	0.01	0.9177546401955479	0.10147766909387722	0.05423020799202239	0.04237879251637556	0.05152094166955487	91.47595145888506	44.62078090897016	67.7159830631167	57.52235624498976	9.33726531490717	3.6438589747596746
14.809125816108383	0.01	0.01	0.01	0.007	0.01	0.9177546401955479	0.10147766909387722	0.05423020799083771	0.042378789429876405	0.05152094166955639	91.33577017119558	44.423803688509125	67.70256399316963	57.25249062581135	9.331176264991125	3.545916701389367
14.929956156773946	0.01	0.01	0.01	0.007	0.01	0.9177546401955479	0.10147766909387722	0.054230207989618556	0.04237878626904235	0.05152094166955813	91.19259170231598	44.225913041129	67.68705461378016	56.98160212340517	9.324797708453099	3.450607019825328
15.050786452626772	0.01	0.01	0.01	0.007	0.01	0.9177546401955479	0.10147766909387722	0.054230207988365316	0.042378783035633125	0.0515209416695601	91.04651636540787	44.027171981985354	67.6695144380611	56.709771926765725	9.318138266245334	3.357859173882968
15.17161670366688	0.01	0.01	0.01	0.007	0.01	0.9177546401955479	0.10147766909387722	0.05423020798707812	0.04237877973135006	0.05152094166956243	90.89764171068371	43.82764158157497	67.65000137411447	56.43707867705724	9.311206325654908	3.26760430289074
15.292446909894284	0.01	0.01	0.01	0.007	0.01	0.9177546401955479	0.10147766909387722	0.05423020798575736	0.042378776357842346	0.05152094166956486	90.74606260877908	43.627381032147575	67.6285717689767	56.16359855571438	9.304010046970458	3.17977539713695
15.413277079311266	0.01	0.01	0.01	0.007	0.01	0.9177546401955479	0.10147766909387722	0.05423020798440314	0.04237877291670449	0.05152094166956762	90.59187131265149	43.426447686331194	67.60528044898346	55.889405334621834	9.296557369084917	3.0943072425321327
15.534107219920097	0.01	0.01	0.01	0.007	0.01	0.9177546401955479	0.10147766909387722	0.05423020798301567	0.04237876940948282	0.0515209416695705	90.43515753747397	43.224897120852226	67.58018076174017	55.61457046064323	9.288856015873051	3.0111363783762983
15.654937315716266	0.01	0.01	0.01	0.007	0.01	0.9177546401955479	0.10147766909387722	0.05423020798159506	0.04237876583769143	0.051520941669573696	90.27600856091343	43.02278322595969	67.55332462140467	55.33916317514351	9.280913503578699	2.9302010660657354
15.77576736669979	0.01	0.01	0.01	0.007	0.01	0.9177546401955479	0.10147766909387722	0.054230207980141276	0.04237876220279011	0.05152094166957703	90.11450923814643	42.820158186614265	67.5247625393281	55.063250486012095	9.272737143928168	2.8514412153477253
15.896597372870685	0.01	0.01	0.01	0.007	0.01	0.9177546401955479	0.10147766909387722	0.05423020797865471	0.042378758506195505	0.051520941669580544	89.95074208684973	42.617072555613724	67.49454366465176	54.786897265181736	9.26433405057479	2.7747983511798173
16.0	0.01	0.01	0.01	0.007	0.01	0.9177546401955479	0.10147766909387722	0.05423020797735665	0.04237876192077714	0.05152094166958385	89.80885504724928	42.44294933762104	67.46740386468358	54.55010025295876	9.25696813488878	2.7108476588432775
