0.0	0.01	0.01	0.01	0.007	0.01	0.0	0.0	0.0	0.0	0.0	0.0	0.0	0.0	0.0	0.0	100.0
0.003362490659773186	0.01	0.01	0.01	0.007	0.01	0.010869553232189955	0.0026347616849332254	0.0031566506058248777	0.0039035034327389324	0.005687619137945823	0.0006691011389298721	0.0009177714583449897	0.0018948206605270352	0.004538670561048313	0.0005041336254408866	99.92161628188204
0.005241895411971216	0.01	0.01	0.01	0.007	0.01	0.016881974851451723	0.004078507129452501	0.0048304072964821705	0.0058941127914652214	0.00873918841077925	0.0016212379663382067	0.0022188973969501204	0.00454629122033182	0.01078741412102116	0.0012129158067496174	99.87783185798531
0.008140334594023151	0.01	0.01	0.01	0.007	0.01	0.02606689713305392	0.006265257065140282	0.007291095245889523	0.008719583648913018	0.013273846943632948	0.003891834262187201	0.005308642226045757	0.010751088128814253	0.02515045550480382	0.0028803478874196843	99.81034463337558
0.010749470278074416	0.01	0.01	0.01	0.007	0.01	0.0342451242424303	0.008193190601068476	0.009387056031561699	0.011030168363819046	0.017184946513309107	0.006758454801434133	0.009191124455104675	0.018422622445489853	0.042564987168645145	0.004954014348341745	99.74963254969491
0.013790873622126571	0.01	0.01	0.01	0.007	0.01	0.043671953150039564	0.010393072888681215	0.011695722548324048	0.013471378699275234	0.021549144890945997	0.011070506415791076	0.015002829411728319	0.029716551462948188	0.06770144726701	0.008025247896123036	99.67890862468192
0.016860743829598183	0.01	0.01	0.01	0.007	0.01	0.05307227786437932	0.012562859685278045	0.013887437854938905	0.015686625347767266	0.025751902028417626	0.01646772926901814	0.022239215136797007	0.04353277763638698	0.097825576299049	0.01180653331624825	99.60757358972822
0.020166102550724156	0.01	0.01	0.01	0.007	0.01	0.06306641919702516	0.014843493157671913	0.016101141032905553	0.01782126332205354	0.030062244739880825	0.02343500308623244	0.03153008476170405	0.06095177393323546	0.13502480350065005	0.016605616686812704	99.53082354690059
0.023586752919992255	0.01	0.01	0.01	0.007	0.01	0.07327198269524089	0.017144453060320336	0.018242614245379235	0.01978620063052931	0.03430214332473595	0.03188788866043745	0.04273812079868164	0.08157254144001755	0.17814340360128642	0.02232651079522287	99.45145871277737
0.027182264191055915	0.01	0.01	0.01	0.007	0.01	0.08385087868180563	0.01949976707376475	0.020340621551154642	0.021614092415384697	0.03853204085387685	0.04211306366500107	0.05621646575543752	0.10589533930730802	0.22794032590232938	0.029123545242713118	99.36810503106338
0.030919323269368828	0.01	0.01	0.01	0.007	0.01	0.09468735787392928	0.021880915693589482	0.022366618784082342	0.023286231801040915	0.04269866892514345	0.05417176150396614	0.07201484046177871	0.133845047705834	0.28396584234253197	0.03699348495720516	99.28154392847227
0.03481754524891687	0.01	0.01	0.01	0.007	0.01	0.10582113242210796	0.024294124690727687	0.024324203698339944	0.024813364564194057	0.04681258199167713	0.06827718342020248	0.09037836119313566	0.165681845496026	0.34645497981044815	0.04602901954157311	99.19133017836086
0.03887107954175169	0.01	0.01	0.01	0.007	0.01	0.11721718596149194	0.026729213042550208	0.02620375565596505	0.02619603525708825	0.05085529194998506	0.0845673259242992	0.11144825918527605	0.20146438339669012	0.41523845344074967	0.05626834727068929	99.09760908415525
0.043090167562479006	0.01	0.01	0.01	0.007	0.01	0.12888548074872128	0.02918576276894919	0.028004319858696114	0.02744214130608338	0.05482202520859272	0.10324612211273762	0.13544570506092868	0.24137167799996734	0.49038507576373014	0.06778570952300708	99.00015429980803
0.04747855821408159	0.01	0.01	0.01	0.007	0.01	0.14081639144018465	0.03165913198262331	0.02972225459322055	0.028557882519961275	0.05869291275427319	0.12450215629398938	0.16256547641067956	0.2855188583369453	0.5718435373482442	0.08063768938834857	98.89889055516971
0.052045476715962706	0.01	0.01	0.01	0.007	0.01	0.15301390309004023	0.03414749068936392	0.03135651658463658	0.029551403166136733	0.062436117634465445	0.14856061804893692	0.19304210939161592	0.33406728107475103	0.6596535036162889	0.09489176291774287	98.79361719802131
0.056799491614461864	0.01	0.01	0.01	0.007	0.01	0.16547834978286377	0.03664816124566051	0.03290591888183411	0.030430727755432475	0.06599006339334648	0.1756586269589821	0.22711718885677903	0.38716857457277093	0.7538408699386344	0.11060401504700815	98.68415006498935
0.061747566479749	0.01	0.01	0.01	0.007	0.01	0.17820413652787648	0.0391572330540187	0.034369058114211155	0.031203733186473286	0.06925211962056582	0.2060377784198181	0.26502938689674044	0.444949966611855	0.8543961744170824	0.12780417096565394	98.57034327852317
0.06687173132716233	0.01	0.01	0.01	0.007	0.01	0.19112192683516788	0.04165857624421361	0.03573869323444256	0.031875514729934315	0.07206948439475776	0.23978158090899815	0.3068136190860184	0.507220464753554	0.960782790635487	0.14639373035102632	98.4526247187944
0.0721514165737972	0.01	0.01	0.01	0.007	0.01	0.20415971700671035	0.044136496073308905	0.037010076446706355	0.03245303088447209	0.0742930245261686	0.27692084163346287	0.35243775309704495	0.5737031682156305	1.0723714819245933	0.16620465909320598	98.3314804046739
0.07764868267018703	0.01	0.01	0.01	0.007	0.01	0.21744748605165684	0.046613595861964896	0.03819825528691242	0.03295151704414183	0.07585256188421141	0.3180839415460491	0.402594558994623	0.645162293879965	1.1902925474640085	0.18733564416463722	98.2055020228609
0.08341983961799936	0.01	0.01	0.01	0.007	0.01	0.231088732151352	0.04910573001315497	0.03931236768852041	0.03338167230878795	0.07673699044664518	0.3639631957878508	0.45802931272443353	0.722362639975933	1.3156195094237	0.20984636890999467	98.07342066441532
0.08943757927363204	0.01	0.01	0.01	0.007	0.01	0.2449838305169615	0.05159114799706589	0.04034456352870837	0.03374703157493818	0.07700847994643975	0.4146307712108852	0.5187197679478226	0.8049620816789198	1.4476231564206823	0.23345797100935578	97.9358850867495
0.09569182317019233	0.01	0.01	0.01	0.007	0.01	0.2590774850768562	0.0540572192349612	0.0412931172992275	0.03405375259267747	0.07680058734511608	0.47026196251312036	0.584763494743757	0.8928013481702715	1.5859253275454093	0.25796594811339557	97.79314859110181
0.1022105634039015	0.01	0.01	0.01	0.007	0.01	0.27339940571203536	0.05650649449885892	0.04216294018298527	0.03430975889304265	0.07625640785154157	0.5313744624046719	0.6566529052760761	0.986239918267797	1.7309903448594937	0.2833416428773314	97.6445970787072
0.1090544472307669	0.01	0.01	0.01	0.007	0.01	0.2880420972807907	0.05895134929442785	0.04296165038530935	0.0345228128892654	0.0754919969538548	0.5988647514956192	0.7352987633801374	1.086128921429584	1.8840284629170638	0.30970898724247925	97.48887888433114
0.11628151609120531	0.01	0.01	0.01	0.007	0.01	0.3030787369270066	0.06139944208411252	0.04369412390311577	0.0346989873203411	0.07459355610222254	0.673715461263847	0.8216722732745206	1.1933158718807624	2.046209587061958	0.33719788103494275	97.32471168756021
0.12393777115628178	0.01	0.01	0.01	0.007	0.01	0.3185446372581322	0.06385113035559621	0.044362560933827386	0.03484310167687179	0.07362467345551577	0.7568865287118121	0.9166751413428291	1.3084870149412566	2.2184390730970196	0.36590295704633485	97.15109682319265
0.1320572370420256	0.01	0.01	0.01	0.007	0.01	0.3344406197196097	0.06630073515906526	0.044967776290227704	0.03495931447018616	0.07263251341481085	0.8492868132464296	1.02110774128141	1.4321472088582727	2.401349842674351	0.3958828381226732	96.96731645970969
0.14066995158112847	0.01	0.01	0.01	0.007	0.01	0.35075147475231067	0.06874000450534924	0.04551066292321846	0.03505152206542271	0.07165135432885349	0.95183978051067	1.1357443829923834	1.5647276329110416	2.595478503449643	0.4271898379040153	96.77275160377208
0.14980681108402383	0.01	0.01	0.01	0.007	0.01	0.3674559770199069	0.0711599152224112	0.04599276756688629	0.03512342784704034	0.07070544059689134	1.0655324706846687	1.261385776492716	1.7066556960168286	2.801374003533073	0.45988667071196265	96.56677282912487
0.15950180735341157	0.01	0.01	0.01	0.007	0.01	0.3845306115378609	0.07355134682737255	0.04641639360437702	0.035178490714978444	0.06981141331759715	1.191444354956335	1.3988861433872894	1.858389305436742	3.0196479226253636	0.4940529022352879	96.34869096820235
0.16979203585692346	0.01	0.01	0.01	0.007	0.01	0.4019487599984774	0.07590505177429012	0.04678449787015405	0.03521985538972949	0.06898031262424163	1.330751925614544	1.549152163773173	2.02041764396178	3.2509739132779836	0.5297833800447133	96.11775855870945
0.18071738976214557	0.01	0.01	0.01	0.007	0.01	0.4196794396680294	0.07821159618822708	0.04710057962926771	0.03525030820766084	0.068219015034732	1.4847279413397327	1.7131360350932285	2.1932568215811403	3.4960793853918917	0.5671859017765122	95.8731784976724
0.19232015205567973	0.01	0.01	0.01	0.007	0.01	0.4376860960953577	0.08046134999768596	0.04736857488779972	0.035272257117753315	0.06753122971619792	1.6547370461568576	1.8918250479087733	2.3774437081819055	3.755734352841012	0.6063788272492827	95.61411505495529
0.20464492832619066	0.01	0.01	0.01	0.007	0.01	0.4559261706303748	0.08264461060442774	0.047592758495173214	0.03528773194729056	0.06691816837412536	1.8422339837466772	2.086234576769926	2.573535102234869	4.0307474497769	0.647490017529597	95.33969735458831
0.2177388558607058	0.01	0.01	0.01	0.007	0.01	0.47435120998763414	0.0847518057624449	0.04777763785272924	0.03529839983442295	0.06637902181583687	2.048764508184285	2.297404477085315	2.78211134521596	4.3219676059761545	0.6906566991951457	95.0490168949198
0.23165214155820205	0.01	0.01	0.01	0.007	0.01	0.49290746482806597	0.08677374803663113	0.0479278352319448	0.03530559271214708	0.06591132891553181	2.2759707694638474	2.526400531600348	3.0037851472083905	4.630292423775511	0.7360263018619411	94.74111809337113
0.24643870531906506	0.01	0.01	0.01	0.007	0.01	0.5115365511797523	0.08870187647418824	0.0480479597692121	0.03531034375511614	0.06551130022221328	2.5255984317834583	2.774317912485514	3.239211853982266	4.956678142526567	0.78375746097732	94.41498697890749
0.26215670566559757	0.01	0.01	0.01	0.007	0.01	0.5301758807206352	0.09052845177562753	0.048142479038880734	0.035313429671624263	0.06517412276265375	2.7995017371439292	3.042282926895952	3.489097326903717	5.302146201805956	0.8340204684644914	94.06954305314608
0.27886867233287915	0.01	0.01	0.01	0.007	0.01	0.5487586468354276	0.09224669171505903	0.04821560246974119	0.03531541538585133	0.06489425207719875	3.099640758441821	3.3314478904951956	3.754198858697357	5.667780445732681	0.8869963496519053	93.70364034664884
0.2966410391126678	0.01	0.01	0.01	0.007	0.01	0.5672133874585632	0.09385086305637187	0.048271187819395704	0.035316697753732834	0.06466568542075946	3.428065234180337	3.642974807143811	4.035315825424816	6.054710750022942	0.9428740080524564	93.31608199920045
0.3155431122234812	0.01	0.01	0.01	0.007	0.01	0.5854634849721881	0.09533637188155773	0.04831267766410761	0.035317545544439985	0.06448220717031042	3.7868833779217703	3.9780078878556777	4.333270825980913	6.46408432529656	1.001845653292178	92.90564724117442
0.3356456709953455	0.01	0.01	0.01	0.007	0.01	0.6034270584440476	0.0966998845931522	0.04834306673127165	0.03531813384345193	0.06433760321207739	4.178217773024847	4.337638439019451	4.648884736040402	6.897029479909623	1.0641012058484436	92.47112610603624
0.3570196660767413	0.01	0.01	0.01	0.007	0.01	0.6210177643972288	0.09793949526238262	0.04836489653239943	0.03531857205508665	0.06422584502856643	4.604157134794567	4.722871221973982	4.9829532942760855	7.354622253413396	1.1298231631934637	92.01135151130887
0.37973533948591004	0.01	0.01	0.01	0.007	0.01	0.6381466177963258	0.09905490772298006	0.04838027122038815	0.03531892553020775	0.06414124718487993	5.066711966825874	5.134599470970408	5.336230416497603	7.837862910613139	1.199182920391845	91.52522169276055
0.4038620346515961	0.01	0.01	0.01	0.007	0.01	0.6547247032603472	0.10004758479958087	0.048390888958887074	0.03531923143733115	0.06407859778162009	5.567782245737172	5.573594707943345	5.709422318449153	8.347667717533902	1.2723393332578927	91.01170747421901
0.42946865983779603	0.01	0.01	0.01	0.007	0.01	0.6706663234816321	0.10092081047665721	0.04839808397837624	0.035319509813469464	0.06403325785858506	6.10913944382871	6.04051145016159	6.103191590992823	8.884874640272972	1.3494393583126711	90.46984561478928
0.45662469747501444	0.01	0.01	0.01	0.007	0.01	0.6858921430613473	0.1016796358302743	0.048402875383281106	0.03531977084501864	0.06400122364081164	6.692423040167198	6.5359048161785145	6.518169222999078	9.450260037170757	1.4306203851089903	89.89872104196797
0.4854014794457539	0.01	0.01	0.01	0.007	0.01	0.7003319060571359	0.10233070317935793	0.04840601900979301	0.03532001938945028	0.06397914814942893	7.319146939110876	7.060255195679783	6.954969958467195	10.044559862669121	1.5160133561888904	89.29744437611646
0.515873429149555	0.01	0.01	0.01	0.007	0.01	0.7139264809011377	0.10288196878491544	0.048408058807965136	0.035320257611703584	0.06396432346989142	7.990709497839961	7.613993393860536	7.4142062512991265	10.668488777167775	1.6057457303281797	88.66513133387782
0.5481188948603716	0.01	0.01	0.01	0.007	0.01	0.7266291256564018	0.10334235818976635	0.048409374614227035	0.035320486420192254	0.06395463019048274	8.708398173966232	8.197518282478455	7.896495171202602	11.322749395661507	1.699943152690301	88.00089185842464
0.582220344185355	0.01	0.01	0.01	0.007	0.01	0.7384060716060877	0.10372139537150617	0.04841022398229851	0.035320706193087824	0.06394846399188624	9.473382459807176	8.811202029039524	8.40245511368779	12.008027410851323	1.7987291776202947	87.30383338258598
0.6182637517797959	0.01	0.01	0.01	0.007	0.01	0.74923659336843	0.10402884092803254	0.048410776774241514	0.03532091711552479	0.06394465057234455	10.286690332200308	9.455379714318955	8.932690359535558	12.724970045213354	1.9022226247754783	86.57308097925224
0.6563373025201874	0.01	0.01	0.01	0.007	0.01	0.7591127992932727	0.10427436589257544	0.04841114226047388	0.03532111932087727	0.0639423589964303	11.149170623837012	10.130325965956224	9.487766006237319	13.474151427880306	2.010533032186394	85.80781097105421
0.6965297176796502	0.01	0.01	0.01	0.007	0.01	0.768039303327242	0.10446727539543109	0.04841138929655551	0.0353213129425902	0.06394102112524218	12.061448849772203	10.836224816953335	10.06817844778437	14.256032084445028	2.1237551985660823	85.0072908909073
0.7389288022186601	0.01	0.01	0.01	0.007	0.01	0.7760328545446238	0.10461628764899823	0.04841156064520962	0.035321498130938135	0.06394026185906934	13.023891257129925	11.57314391693505	10.674330470076656	15.070924899699156	2.2419645758296984	84.17091328940302
0.7836209220455632	0.01	0.01	0.01	0.007	0.01	0.7831218677417887	0.1047293678137405	0.048411682698260086	0.03532167505949217	0.06393984226699953	14.036594306463547	12.341025298946052	11.306520926202916	15.918980935900164	2.3652154531478273	83.29820960258363
0.8306920377347318	0.01	0.01	0.01	0.007	0.01	0.7893457045158837	0.10481361440311712	0.04841177180821141	0.03532184393049536	0.06393961564381778	15.099413823403724	13.13970218047415	11.964956870310301	16.80020543693932	2.4935434685128537	82.38883311853047
0.880230471140365	0.01	0.01	0.01	0.007	0.01	0.7947535257267079	0.10487519591527635	0.04841183825997507	0.0353220049802249	0.06393949522012746	16.212035987132758	13.968942321630136	12.649788845166547	17.714504485416626	2.6269725823060117	81.44250995284246
0.93233115498438	0.01	0.01	0.01	0.007	0.01	0.7994026364814397	0.10491933577703269	0.0484118886840037	0.035322158482628235	0.0639394315693482	17.374080842298735	14.828510699763587	13.361163707057836	18.661754235787225	2.7655254165556213	80.45896564407734
0.9871007314069292	0.01	0.01	0.01	0.007	0.01	0.8033563874789115	0.10495034191316739	0.048411927488112204	0.03532230474924659	0.06393939755554724	18.58521940687299	15.718238175611432	14.099284271840661	19.6418778989687	2.9092348707474764	79.43784204533338
1.0446628678980627	0.01	0.01	0.01	0.007	0.01	0.8066818329811424	0.10497167398272718	0.04841195769710391	0.03532244412492293	0.06393937878899915	19.845285774202182	16.638083925418584	14.864465768813837	20.654916783196395	3.058155064394086	78.37861826233136
1.1051633819608058	0.01	0.01	0.01	0.007	0.01	0.8094473958986742	0.10498603789475856	0.04841198144690164	0.03532257698018876	0.06393936786736315	21.154371668311832	17.58818414391026	15.657182798619129	21.70108682832824	3.2123703811218403	77.28054430424154
1.1687750683151163	0.01	0.01	0.01	0.007	0.01	0.8117207574147677	0.10499549550203277	0.048412000281281904	0.0353227037019228	0.06393936106784844	22.512898814191335	18.56888503830389	16.478104956976935	22.780818117356503	3.372002259030928	76.14258996263557
1.2357024825936396	0.01	0.01	0.01	0.007	0.01	0.813567112050932	0.10500157798209178	0.04841201533622096	0.03532282468401772	0.06393935653610643	23.92167302582407	19.580763757478763	17.328123999201	23.89478107464236	3.5372142875813823	74.96340490659192
1.3061868848328753	0.01	0.01	0.01	0.007	0.01	0.8150478363685919	0.10500539374590698	0.048412027459102155	0.03532294031885568	0.06393935333886218	25.38192280992613	20.624639470060895	18.20837436308012	25.04390156056754	3.7082159623152133	73.74128742240393
1.3805117177609525	0.01	0.01	0.01	0.007	0.01	0.8162195642150245	0.10500772486528584	0.04841203728885422	0.03532305099007211	0.06393935098872452	26.89532842097333	21.70157858333676	19.12025053498928	26.229369118573413	3.8852657691342083	72.47415688021502
1.4590089119155805	0.01	0.01	0.01	0.007	0.01	0.8171336217860563	0.10500910894756585	0.048412045311555615	0.035323157066314094	0.0639393492142618	28.464044483631536	22.81289570027047	20.06542294515236	27.45264007221465	4.068673915551697	71.1595274568722
1.5420659725700734	0.01	0.01	0.01	0.007	0.01	0.8178357594831845	0.10500990571985898	0.04841205189990811	0.035323258894607655	0.06393934785158502	30.090711457346632	23.960146151640508	21.045849359913042	28.715430887171543	4.258804106718847	69.79448716148104
1.6301330723324325	0.01	0.01	0.01	0.007	0.01	0.8183661178128886	0.10501034916698164	0.04841205734169194	0.035323356789875145	0.06393934679365976	31.77843691994833	25.145095912303365	22.063770155315197	30.019686211917588	4.456072099863015	68.37569816571346
1.7237257884323907	0.01	0.01	0.01	0.007	0.01	0.8187593653965338	0.10501058696241569	0.048412061860390536	0.035323451009478	0.06393934596618132	33.53066352518188	26.369610386652077	23.12163709026328	31.367457245416492	4.660931275157104	66.89948866969047
1.823402825617251	0.01	0.01	0.01	0.007	0.01	0.819044944798788	0.1050107093161832	0.048412065629798245	0.03532354167215167	0.06393934531553337	35.3505631482907	27.635213441674235	24.221756880195127	32.76041686385889	4.873802968022828	65.3623425995239
1.9296080629671535	0.01	0.01	0.01	0.007	0.01	0.8192473209504998	0.1050107693933853	0.04841206878231792	0.03532362845230577	0.06393934480256588	37.238104089189456	28.94104949764435	25.364523178383134	34.19761699065133	5.094734230521569	63.76336823482102
2.041742855481041	0.01	0.01	0.01	0.007	0.01	0.8193859585230595	0.10501079727808624	0.048412071403460016	0.03532370942960368	0.06393934440049151	39.17450641532678	30.273260428836554	26.538972371630436	35.66379785045934	5.3215756206297335	62.117554825027725
2.1548716669773906	0.01	0.01	0.01	0.007	0.01	0.8194754059386078	0.10501080929635104	0.04841207350604125	0.035323779788682695	0.06393934409608046	41.07060044639874	31.570150806530464	27.69125334746854	37.091054986632166	5.543911661631506	60.50019584998823
2.261827010497817	0.01	0.01	0.01	0.007	0.01	0.8195299901416759	0.10501081422833179	0.0484120751181059	0.03532384016624131	0.06393934387486365	42.81141471458176	32.753911248951745	28.75132996827284	38.393760685979984	5.74825014271306	59.009841985566055
2.362348430839836	0.01	0.01	0.01	0.007	0.01	0.8195639424073254	0.10501081633845716	0.04841207637500498	0.03532389734600848	0.06393934371033855	44.40270070046656	33.82991216849419	29.722297224591546	39.57783350655242	5.935229159627825	57.64262421156132
2.4596640912296803	0.01	0.01	0.01	0.007	0.01	0.8195861268374292	0.10501081730444367	0.048412077402893994	0.035323951870596865	0.0639393435814067	45.902826435582945	34.83869624953948	30.63945587353724	40.68789471703272	6.111677465208443	56.34919453967939
2.5566632501107556	0.01	0.01	0.01	0.007	0.01	0.8196011613170829	0.10501081776645209	0.048412078278341694	0.03532400233452804	0.06393934347590455	47.359400137257886	35.81276424240088	31.531776072956816	41.75971039975911	6.2831820497114155	55.088853757827394
2.6548843687580774	0.01	0.01	0.01	0.007	0.01	0.8196114957079995	0.10501081799032366	0.04841207904105075	0.03532404884975303	0.06393934338745838	48.795864583558576	36.76788863184068	32.41360449470614	42.81063518327953	6.452502222553345	53.84135743032378
2.7546453154827466	0.01	0.01	0.01	0.007	0.01	0.8196185823085037	0.10501081809802089	0.04841207971084404	0.03532409197173136	0.06393934331263304	50.21613614995713	37.706610578131645	33.28738030737348	43.84346314514479	6.620103427678421	52.603218012495574
2.8555044438164376	0.01	0.01	0.01	0.007	0.01	0.8196233939317304	0.10501081814907108	0.048412080299056144	0.035324132102706296	0.06393934324925617	51.613299213619825	38.62430907897294	34.14887798809067	44.85310813732205	6.785172658217249	51.38039073883519
2.956795713960647	0.01	0.01	0.01	0.007	0.01	0.8196266290509389	0.10501081817296283	0.04841208081477887	0.03532416956535673	0.06393934319559319	52.97816066309256	39.51499386573689	34.99242381967737	45.8329786905892	6.946623317545492	50.18093226964622
3.0580055604029717	0.01	0.01	0.01	0.007	0.01	0.8196287915255731	0.10501081818407024	0.04841208126709312	0.03532420469092013	0.06393934315007345	54.30450443415222	40.37475998641784	35.81413463113281	46.77877882728666	7.103715926405403	49.0104053823447
3.158910432706865	0.01	0.01	0.01	0.007	0.01	0.8196302348722971	0.1050108181892297	0.0484120816650778	0.035324237773953285	0.06393934311127783	55.59049351836867	41.20263111827329	36.61280853531425	47.689435197916914	7.256226430499045	47.870586840407384
3.2595256461013733	0.01	0.01	0.01	0.007	0.01	0.8196311995140301	0.10501081819163208	0.048412082017118614	0.03532426901643606	0.06393934307798853	56.83749573919518	41.999717930213656	37.38922499757066	48.56617046037302	7.40430991342709	46.76043521139686
3.359980196023679	0.01	0.01	0.01	0.007	0.01	0.8196318456315468	0.10501081819275407	0.04841208233038422	0.0353242985402982	0.06393934304921445	58.04817355446481	42.767937614826984	38.14497607780076	49.41109424995863	7.548275838759812	45.67774014616442
3.460407539201234	0.01	0.01	0.01	0.007	0.01	0.8196322791454043	0.10501081819327922	0.048412082610695115	0.03532432643494834	0.0639393430241736	59.22503744085492	43.50907439672416	38.88157104193565	50.22616963610285	7.688416802412617	44.62039699637138
3.5608890736852157	0.01	0.01	0.01	0.007	0.01	0.8196325702357233	0.10501081819352519	0.048412082862680283	0.03532435279071148	0.06393934300225576	60.369815183696964	44.224388395357096	39.600039686557366	51.01278300974113	7.824933238494157	43.58697826757964
3.6614466308960636	0.01	0.01	0.01	0.007	0.01	0.8196327656857335	0.10501081819364032	0.04841208309004679	0.035324377707898466	0.06393934298297894	61.48346247457795	44.914639656090074	40.300933056169896	51.771770691398174	7.957934089471874	42.57673891620758
3.762062576629039	0.01	0.01	0.01	0.007	0.01	0.8196328968605274	0.1050108181936942	0.04841208329583653	0.03532440129225723	0.06393934296595484	62.56647403756248	45.580297165415125	40.98451366705603	52.50364894151705	8.087473404381448	41.58934813618359
3.862705966267189	0.01	0.01	0.01	0.007	0.01	0.8196329848550536	0.1050108181937194	0.04841208348261575	0.035324423646767265	0.06393934295086305	63.61921438927584	46.22175125295397	41.65096110307046	53.208847600442056	8.21358958427439	40.624595789135
3.963351458200112	0.01	0.01	0.01	0.007	0.01	0.81963304386492	0.10501081819373115	0.04841208365259369	0.03532444486489808	0.063939342937436	64.64212585457228	46.83944220046711	42.300503044616015	53.88785150253823	8.336330237385123	39.68220344589815
4.063986662338159	0.01	0.01	0.01	0.007	0.01	0.8196330834331373	0.10501081819373664	0.04841208380768983	0.035324465027632805	0.06393934292544726	65.63579022618816	47.433894902582885	42.93345532690087	54.54123854653697	8.455759669142822	38.761765320350854
4.16461075347269	0.01	0.01	0.01	0.007	0.01	0.8196331099659432	0.10501081819373922	0.04841208394957388	0.03532448420411356	0.06393934291470574	66.60089619134193	48.00569563302664	43.55020252197486	55.1696541099805	8.571955100727768	37.862775100252286
4.265229009885674	0.01	0.01	0.01	0.007	0.01	0.8196331277592868	0.10501081819374045	0.048412084079695175	0.03532450245447318	0.06393934290504927	67.53817298104534	48.555449933171936	44.15115654324321	55.77376472973261	8.684998781374865	36.984685220053755
4.365847575494538	0.01	0.01	0.01	0.007	0.01	0.8196331396926696	0.10501081819374102	0.04841208419931006	0.035324519832900574	0.0639393428963408	68.44833588921149	49.08374952496827	44.7367221305256	56.35422172593216	8.794971459123039	36.12695684808757
4.466470428713439	0.01	0.01	0.01	0.007	0.01	0.8196331476962264	0.10501081819374129	0.04841208430950822	0.0353245363897767	0.06393934288846373	69.33205962804159	49.59115705729892	45.3072796439696	56.91164444318648	8.901949154967038	35.289085153247335
4.5670987493653605	0.01	0.01	0.01	0.007	0.01	0.8196331530640624	0.10501081819374138	0.04841208441123831	0.0353245521726043	0.06393934288131876	70.18997649743977	50.07820590350687	45.863183586739154	57.44662003844864	9.006002911712867	34.470601782979735
4.667731684625064	0.01	0.01	0.01	0.007	0.01	0.8196331566640664	0.10501081819374145	0.04841208450533019	0.035324567226137936	0.06393934287482077	71.02268667940719	50.54540687114171	46.40476897038189	57.95971086228623	9.107200012073939	33.67106581042552
4.76836763506546	0.01	0.01	0.01	0.007	0.01	0.8196331590783775	0.10501081819374149	0.04841208459251304	0.03532458159213815	0.06393934286889648	71.83077126926375	50.993256079494174	46.93235959081835	58.45146311752079	9.205605542408465	32.890051724585675
4.86900519442773	0.01	0.01	0.01	0.007	0.01	0.8196331606974762	0.10501081819374147	0.04841208467343086	0.035324595309210366	0.06393934286348223	72.6148006414383	51.42223980754248	47.44627341861353	58.92241218459971	9.301283404285897	32.127141524272616
4.969643576253057	0.01	0.01	0.01	0.007	0.01	0.8196331617832711	0.10501081819374147	0.04841208474865442	0.03532460841285077	0.06393934285852294	73.37533762779974	51.83283621982682	47.946824692519414	59.37308451497703	9.3942967033028	31.381921597308867
5.070282567264595	0.01	0.01	0.01	0.007	0.01	0.8196331625114198	0.10501081819374147	0.0484120848186906	0.03532462093571083	0.06393934285397028	74.11293671673381	52.225514847912024	48.43432342972244	59.80399705938258	9.484707654770169	30.65398340798781
5.1709222874386525	0.01	0.01	0.01	0.007	0.01	0.8196331629997258	0.10501081819374147	0.048412084883990784	0.03532463290794506	0.06393934284978271	74.82814200718977	52.60073545430454	48.9090740970093	60.21565601911956	9.57257733516884	29.94292545405552
5.271562956732656	0.01	0.01	0.01	0.007	0.01	0.8196331633271896	0.10501081819374147	0.048412084944957925	0.03532464435754173	0.06393934284592304	75.52148555669753	52.9589471931336	49.371374510394595	60.608555924485536	9.65796547871929	29.24835491580814
5.372204701796299	0.01	0.01	0.01	0.007	0.01	0.8196331635467901	0.10501081819374147	0.048412085001952314	0.035324655310615155	0.06393934284235898	76.19348630462139	53.300588146768575	49.82151508905602	60.98317912695926	9.740930341891758	28.569888803288407
5.47284750931032	0.01	0.01	0.01	0.007	0.01	0.8196331636940558	0.10501081819374147	0.048412085055297156	0.03532466579160064	0.06393934283906201	76.8446501668916	53.62608550892054	50.25977887480033	61.33999600126919	9.821528710647126	27.90715396967664
5.573491285969713	0.01	0.01	0.01	0.007	0.01	0.8196331637928127	0.10501081819374147	0.04841208510528262	0.03532467582337079	0.06393934283600687	77.47547083057776	53.93585611907391	50.686442021701986	61.679465532685256	9.89981599422097	27.259786414724736
5.674135891808458	0.01	0.01	0.01	0.007	0.01	0.8196331638590391	0.10501081819374147	0.0484120851521704	0.03532468542735089	0.0639393428331712	78.08643030233854	54.23030685260499	51.101774127816064	62.00203574575658	9.975846289212178	26.627430819109687
5.774781220184878	0.01	0.01	0.01	0.007	0.01	0.8196331639034503	0.10501081819374147	0.048412085196196594	0.035324694623592154	0.06393934283053496	78.67799967681458	54.50983509771374	51.506038723442174	62.30814422780918	10.049672471740678	26.009739833281156
5.875427164455116	0.01	0.01	0.01	0.007	0.01	0.8196331639332323	0.10501081819374147	0.04841208523757496	0.03532470343089887	0.06393934282808068	79.25063917248953	54.77482886582243	51.89949326636285	62.59821825066629	10.121346198937486	25.406374111909837
5.976073644635815	0.01	0.01	0.01	0.007	0.01	0.819633163953204	0.10501081819374147	0.048412085276499116	0.03532471186691037	0.06393934282579232	79.80479852520659	55.025667071996956	52.28238938098445	62.872675078609085	10.190917955020325	24.81700197624733
6.076720634067341	0.01	0.01	0.01	0.007	0.01	0.8196331639665968	0.10501081819374147	0.04841208531314492	0.035324719948173176	0.06393934282365596	80.3409173476943	55.26271978883819	52.65497307811846	63.13192224709034	10.258437093510825	24.241299102125623
6.1773681127553095	0.01	0.01	0.01	0.007	0.01	0.819633163975578	0.10501081819374147	0.04841208534767238	0.035324727690248324	0.06393934282165872	80.85942508616796	55.48634831782947	53.017484696316984	63.37635764173737	10.323951828863672	23.678948636645867
6.278016047373692	0.01	0.01	0.01	0.007	0.01	0.8196331639816005	0.10501081819374147	0.04841208538022747	0.03532473510779723	0.06393934281978936	81.36074115257614	55.69690534867483	53.37015896119091	63.606369673849024	10.38750924981568	23.129641136780315
6.378664411261721	0.01	0.01	0.01	0.007	0.01	0.8196331639856392	0.10501081819374147	0.04841208541094335	0.03532474221463604	0.0639393428180375	81.84527526083313	55.89473520535792	53.71322518768001	63.82233755068227	10.449155358544356	22.593074285947477
6.479313177758298	0.01	0.01	0.01	0.007	0.01	0.8196331639883474	0.10501081819374147	0.048412085439941764	0.0353247490238003	0.06393934281639385	82.3134276157626	56.08017402483747	54.04690738068202	64.02463147204504	10.508935091349816	22.06895276697206
6.579962300204749	0.01	0.01	0.01	0.007	0.01	0.8196331639901637	0.10501081819374147	0.04841208546733429	0.035324755547612816	0.06393934281485016	82.76558904467556	56.253549914125124	54.3714242942182	64.21361280336465	10.566892331957133	21.55698820081794
6.6806117452734695	0.01	0.01	0.01	0.007	0.01	0.8196331639913814	0.10501081819374147	0.04841208549322324	0.035324761797714516	0.06393934281339866	83.202141369486	56.415183199358744	54.68698966317192	64.38963434905544	10.62306995564669	21.0568988132017
6.781261479636543	0.01	0.01	0.01	0.007	0.01	0.8196331639921982	0.10501081819374147	0.04841208551770266	0.03532476778511834	0.06393934281203262	83.62345755102181	56.56538658022484	54.99381227423357	64.55304052254186	10.677509844452691	20.568409352254857
6.88191148996319	0.01	0.01	0.01	0.007	0.01	0.8196331639927459	0.10501081819374147	0.04841208554085896	0.03532477352024014	0.06393934281074568	84.02990197308729	56.70446533378033	55.29209613865005	64.70416757003659	10.73025292042456	20.09125084413728
6.98256174959088	0.01	0.01	0.01	0.007	0.01	0.8196331639931129	0.10501081819374147	0.04841208556277189	0.03532477901295751	0.06393934280953206	84.42183050084306	56.83271743631782	55.58204050107135	64.843343705139	10.781339149773254	19.625160609221226
7.083212231856892	0.01	0.01	0.01	0.007	0.01	0.8196331639933591	0.10501081819374147	0.04841208558351501	0.03532478427263881	0.06393934280838687	84.79959073530507	56.95043375491356	55.86383999117034	64.97088931926106	10.830807572356155	19.169882051085704
7.1838629434275685	0.01	0.01	0.01	0.007	0.01	0.8196331639935241	0.10501081819374147	0.04841208560315619	0.03532478930815427	0.06393934280730512	85.16352232273817	57.05789824680071	56.1376848197393	65.08711720023331	10.87869633869836	18.72516437031206
7.284513857639983	0.01	0.01	0.01	0.007	0.01	0.8196331639936351	0.10501081819374147	0.04841208562175818	0.035324794127949206	0.06393934280628258	85.51395689161697	57.15538804338888	56.403760696545234	65.19233262597488	10.925042698204539	18.290762728277954
7.3851649544969264	0.01	0.01	0.01	0.007	0.01	0.8196331639937092	0.10501081819374147	0.04841208563937922	0.03532479874004661	0.06393934280531521	85.85121838908834	57.24317365788143	56.662249046413	65.28683359207663	10.96988303970905	17.866437928998504
7.485816220666967	0.01	0.01	0.01	0.007	0.01	0.8196331639937591	0.10501081819374147	0.0484120856560733	0.035324803152073384	0.06393934280439934	86.17562325494559	57.32151913641726	56.91332710628018	65.37091097801141	11.013252910963859	17.45195629121851
7.586467636152717	0.01	0.01	0.01	0.007	0.01	0.8196331639937925	0.10501081819374147	0.048412085671890315	0.03532480737129299	0.06393934280353154	86.48748055130429	57.39068219733691	57.15716798829986	65.44484870057019	11.055187032238882	17.04708957630662
7.687119180956702	0.01	0.01	0.01	0.007	0.01	0.8196331639938149	0.10501081819374147	0.048412085686876764	0.0353248114046235	0.06393934280270903	86.78709215649212	57.450914385300365	57.39394079276371	65.50892388323145	11.095719318521112	16.651614833861963
7.7877708617449946	0.01	0.01	0.01	0.007	0.01	0.81963316399383	0.10501081819374147	0.04841208570107613	0.03532481525864118	0.06393934280192881	87.07475300599961	57.50246122773724	57.623810760946554	65.5634070276383	11.134882908349185	16.26531417818575
7.888422665185949	0.01	0.01	0.01	0.007	0.01	0.81963316399384	0.10501081819374147	0.04841208571452859	0.03532481893962943	0.06393934280118818	87.35075111438984	57.545562346348895	57.84693925508384	65.6085621372323	11.172710163040296	15.887974853337502
7.989074577947873	0.01	0.01	0.01	0.007	0.01	0.8196331639938468	0.10501081819374147	0.04841208572727163	0.03532482245358399	0.06393934280048487	87.61536779737222	57.5804516092336	58.063483896235425	65.6446468841483	11.209232692969127	15.51938903482282
8.08972659336496	0.01	0.01	0.01	0.007	0.01	0.8196331639938514	0.10501081819374147	0.048412085739340374	0.03532482580622533	0.0639393427998166	87.86887784343077	57.60735726670268	58.27359866464262	65.67191275843733	11.244481377254624	15.159353691808718
8.190378704771378	0.01	0.01	0.01	0.007	0.01	0.8196331639938543	0.10501081819374147	0.04841208575076757	0.035324829003018164	0.06393934279918122	88.11154964616995	57.62650207891217	58.477433969024744	65.69060520858959	11.278486378132946	14.807670501299475
8.291030898835347	0.01	0.01	0.01	0.007	0.01	0.8196331639938563	0.10501081819374147	0.04841208576158371	0.03532483204918999	0.06393934279857684	88.34364533756101	57.63810344362217	58.67513671646944	65.70096378221427	11.311277155442896	14.464145761500081
8.391683175556933	0.01	0.01	0.01	0.007	0.01	0.8196331639938577	0.10501081819374147	0.04841208577181754	0.03532483494973215	0.06393934279800179	88.5654209792098	57.64237352402922	58.86685043276294	65.70322226616453	11.342882489409842	14.128590216725218
8.492335514938365	0.01	0.01	0.01	0.007	0.01	0.8196331639938587	0.10501081819374147	0.048412085781495855	0.03532483770943351	0.06393934279745433	88.77712662862425	57.639519368479455	59.052715276869385	65.69760881901045	11.37333048583259	13.800819065759887
8.592987910313733	0.01	0.01	0.01	0.007	0.01	0.8196331639938593	0.10501081819374147	0.04841208579064365	0.035324840332870394	0.06393934279693303	88.97900655247355	57.62974303257664	59.23286818251684	65.68434610454455	11.402648602224126	13.480651747781435
8.693640375014974	0.01	0.01	0.01	0.007	0.01	0.8196331639938597	0.10501081819374147	0.04841208579928463	0.035324842824413276	0.06393934279643632	89.17129936742943	57.61324169000446	59.40744294112605	65.66365141348307	11.430863664017656	13.167911827627025
8.794292895710221	0.01	0.01	0.01	0.007	0.01	0.81963316399386	0.10501081819374147	0.048412085807440955	0.03532484518826748	0.06393934279596296	89.35423808019321	57.590207752370866	59.5765701929321	65.63573679645452	11.45800186595476	12.862427045822821
8.894945465733544	0.01	0.01	0.01	0.007	0.01	0.8196331639938601	0.10501081819374147	0.048412085815133336	0.03532484742846105	0.06393934279551165	89.52805028477826	57.56082897852806	59.74037755950047	65.6008091834186	11.484088796416572	12.564029116510993
8.995598071753044	0.01	0.01	0.01	0.007	0.01	0.8196331639938603	0.10501081819374147	0.04841208582238137	0.03532484954886225	0.06393934279508141	89.69295826402004	57.52528858638218	59.898989691529366	65.55907050699093	11.50914944792152	12.27255367537332
9.096250727100662	0.01	0.01	0.01	0.007	0.01	0.8196331639938604	0.10501081819374147	0.04841208582920344	0.03532485155316607	0.06393934279467098	89.84917916565176	57.48376534643301	60.052528389153764	65.51071780444964	11.533208239032659	11.98784009377879
9.196903418444489	0.01	0.01	0.01	0.007	0.01	0.8196331639938604	0.10501081819374147	0.04841208583561687	0.035324853444937576	0.06393934279427936	89.99692503507858	57.43643370450613	60.201112584990035	65.45594335413664	11.556289014545335	11.70973154479097
9.297556139118567	0.01	0.01	0.01	0.007	0.01	0.8196331639938604	0.10501081819374147	0.04841208584163798	0.03532485522759645	0.06393934279390563	90.13640298873202	57.38346387242103	60.34485846299487	65.39493477431817	11.57841506709894	11.438074819195906
9.398208889122905	0.01	0.01	0.01	0.007	0.01	0.8196331639938604	0.10501081819374147	0.04841208584728236	0.03532485690442485	0.06393934279354901	90.26781532586416	57.32502192516632	60.48387952080907	65.32787513006343	11.599609149696873	11.172720243348273
9.498861668457513	0.01	0.01	0.01	0.007	0.01	0.8196331639938604	0.10501081819374147	0.04841208585256428	0.03532485847857801	0.06393934279320863	90.39135962996167	57.261269900333204	60.61828662198059	65.25494304279522	11.6198934866378	10.91352161578837
9.59951446379045	0.01	0.01	0.01	0.007	0.01	0.8196331639938604	0.10501081819374147	0.048412085857497546	0.03532485995309919	0.06393934279288364	90.50722886334434	57.19236590220375	60.74818804015911	65.17631280516301	11.639289783270584	10.660336159837616
9.700167275121721	0.01	0.01	0.01	0.007	0.01	0.8196331639938604	0.10501081819374147	0.048412085862095146	0.03532486133090768	0.06393934279257335	90.61561150670522	57.1184641772116	60.87368955433784	65.09215446330565	11.657819243338764	10.413024376325113
9.800820109117304	0.01	0.01	0.01	0.007	0.01	0.8196331639938604	0.10501081819374147	0.04841208586636945	0.035324862614808994	0.06393934279227706	90.71669165206396	57.03971520623438	60.99489449632411	65.00263391854516	11.675502578959973	10.171449986478802
9.901472959111226	0.01	0.01	0.01	0.007	0.01	0.8196331639938604	0.10501081819374147	0.04841208587033183	0.03532486380751297	0.06393934279199424	90.81064908447566	56.95626580828183	61.11190378348441	64.9079130420186	11.692360018520036	9.935479905018884
10.00212582510349	0.01	0.01	0.01	0.007	0.01	0.8196331639938604	0.10501081819374147	0.048412085873993475	0.035324864911625356	0.06393934279172397	90.89765940294157	56.868259211764865	61.22481599915724	64.80814975250459	11.708411321491257	9.704984117895574
10.102778700428122	0.01	0.01	0.01	0.007	0.01	0.8196331639938604	0.10501081819374147	0.048412085877364675	0.03532486592966139	0.06393934279146604	90.97789410522404	56.77583514962	61.333727431457866	64.70349812144906	11.723675787100031	9.479835641964788
10.203431585085122	0.01	0.01	0.01	0.007	0.01	0.8196331639938604	0.10501081819374147	0.048412085880455195	0.03532486686404152	0.0639393427912198	91.05152069440288	56.67912992979109	61.438732141293144	64.59410845010576	11.738172267103634	9.259910424518132
10.30408447907449	0.01	0.01	0.01	0.007	0.01	0.8196331639938604	0.10501081819374147	0.04841208588327459	0.03532486771709903	0.06393934279098466	91.1187027652896	56.57827652086592	61.53992200632721	64.480127363932	11.751919175055232	9.045087290744998
10.40473737573025	0.01	0.01	0.01	0.007	0.01	0.8196331639938604	0.10501081819374147	0.048412085885831554	0.035324868491089456	0.06393934279076026	91.17960009131494	56.47340463754898	61.6373867652979	64.36169790681599	11.764934495632849	8.835247890703162
10.505390281718379	0.01	0.01	0.01	0.007	0.01	0.8196331639938604	0.10501081819374147	0.04841208588813459	0.035324869188180154	0.06393934279054612	91.23436872542723	56.36464079651528	61.731214086967945	64.23895960191058	11.777235797178433	8.630276592262321
10.606043177040943	0.01	0.01	0.01	0.007	0.01	0.8196331639938604	0.10501081819374147	0.048412085890191615	0.0353248698104808	0.06393934279034169	91.28316106441919	56.25210843411538	61.821489580893946	64.11204858234186	11.788840236456572	8.430060499216797
10.706696081695878	0.01	0.01	0.01	0.007	0.01	0.8196331639938604	0.10501081819374147	0.0484120858920103	0.03532487036000159	0.06393934279014653	91.32612596775404	56.13592790613691	61.90829690558747	63.981097588890506	11.799764576044748	8.234489254899142
10.807348995683183	0.01	0.01	0.01	0.007	0.01	0.8196331639938604	0.10501081819374147	0.04841208589359782	0.03532487083869702	0.06393934278996045	91.3634088081617	56.01621662440963	61.99171775908761	63.846236122111634	11.81002518633325	8.043455103053924
10.9080019056709	0.01	0.01	0.01	0.007	0.01	0.8196331639938604	0.10501081819374147	0.048412085894960974	0.035324871248464604	0.06393934278978312	91.39515155995026	55.89308912180134	62.071831932606344	63.70759051364898	11.819638055849738	7.856852811690363
11.008654804993053	0.01	0.01	0.01	0.007	0.01	0.8196331639938604	0.10501081819374147	0.04841208589610638	0.03532487159113357	0.06393934278961405	91.42149288604237	55.76665709700035	62.14871737159768	63.56528397487387	11.82861880222679	7.674579576464257
11.10930770031562	0.01	0.01	0.01	0.007	0.01	0.8196331639938604	0.10501081819374147	0.04841208589704018	0.03532487186846339	0.06393934278945297	91.44256821427084	55.63702947113154	62.22245022238229	63.41943665894338	11.836982681140562	7.496534953891636
11.2099605916386	0.01	0.01	0.01	0.007	0.01	0.8196331639938604	0.10501081819374147	0.048412085897768325	0.035324872082159536	0.06393934278929961	91.45850980645795	55.504312477287705	62.29310485832844	63.27016575992883	11.844744592850828	7.322620842929207
11.31061349229395	0.01	0.01	0.01	0.007	0.01	0.8196331639938604	0.10501081819374147	0.04841208589829642	0.03532487223386265	0.06393934278915357	91.46944683526671	55.368609697751644	62.36075393503775	63.117585553115646	11.851919092002342	7.152741396179081
11.411266388949713	0.01	0.01	0.01	0.007	0.01	0.8196331639938604	0.10501081819374147	0.04841208589862983	0.03532487232517752	0.06393934278901461	91.47550545129661	55.230022179704505	62.425468403338954	62.96180752360196	11.858520392779212	6.986803034836296
11.51191928160589	0.01	0.01	0.01	0.007	0.01	0.8196331639938604	0.10501081819374147	0.04841208589877377	0.03532487235764864	0.06393934278888255	91.47680885912813	55.08864844277751	62.487317576271316	62.80294037330679	11.864562379800338	6.824714328300105
11.612572163596502	0.01	0.01	0.01	0.007	0.01	0.8196331639938604	0.10501081819374147	0.048412085898733005	0.035324872332775446	0.063939342788757	91.47347738369554	54.944584565162394	62.546369153922754	62.64109011635663	11.87005861437726	6.666385977466425
11.713225034921553	0.01	0.01	0.01	0.007	0.01	0.8196331639938604	0.10501081819374147	0.048412085898512265	0.035324872252005216	0.06393934278863789	91.46562853729188	54.79792422259216	62.60268926893733	62.47636012152743	11.875022342804838	6.511730744071337
11.813877895581044	0.01	0.01	0.01	0.007	0.01	0.8196331639938604	0.10501081819374147	0.048412085898115916	0.035324872116739736	0.06393934278852496	91.45337708432001	54.64875875381261	62.65634251859983	62.308851184491054	11.879466503225323	6.360663413741436
11.914530752240948	0.01	0.01	0.01	0.007	0.01	0.8196331639938604	0.10501081819374147	0.048412085897548175	0.035324871928332106	0.06393934278841794	91.43683510385453	54.49717720554041	62.7073920037526	62.13866157704814	11.883403733022863	6.213100739381793
12.015183604901267	0.01	0.01	0.01	0.007	0.01	0.8196331639938604	0.10501081819374147	0.04841208589681318	0.03532487168809822	0.06393934278831649	91.4161120536091	54.34326640603539	62.75589935649895	61.96588712851998	11.886846375222328	6.0689614153007465
12.115836446896028	0.01	0.01	0.01	0.007	0.01	0.8196331639938604	0.10501081819374147	0.04841208589591482	0.035324871397317305	0.06393934278822064	91.39131483220916	54.1871110184257	62.80192477504177	61.7906212844224	11.889806485477362	5.928166031263325
12.21648927822523	0.01	0.01	0.01	0.007	0.01	0.8196331639938604	0.10501081819374147	0.04841208589485664	0.035324871057225406	0.0639393427881302	91.36254783587799	54.02879357161636	62.84552706329156	61.61295514001393	11.892295839187277	5.7906370096591715
12.317142105554849	0.01	0.01	0.01	0.007	0.01	0.8196331639938604	0.10501081819374147	0.048412085893642404	0.03532487066901628	0.06393934278804479	91.32991301518344	53.868394509681075	62.88676366248249	61.43297749462846	11.894325937848599	5.656298563851819
12.417794928884884	0.01	0.01	0.01	0.007	0.01	0.8196331639938604	0.10501081819374147	0.048412085892275296	0.03532487023385192	0.06393934278796443	91.29350993560519	53.70599226180669	62.92569067708736	61.25077492908924	11.895908015086608	5.525076674622423
12.518447741549364	0.01	0.01	0.01	0.007	0.01	0.8196331639938604	0.10501081819374147	0.048412085890758606	0.035324869752864106	0.06393934278788883	91.25343583421363	53.54166329078344	62.96236290653256	61.066431859064615	11.897053043016369	5.396899048340847
12.619100550214261	0.01	0.01	0.01	0.007	0.01	0.8196331639938604	0.10501081819374147	0.0484120858890954	0.03532486922714195	0.06393934278781799	91.20978566594533	53.37548210710952	62.99683388277446	60.88003054988174	11.897771738549961	5.271695051569507
12.719753348213603	0.01	0.01	0.01	0.007	0.01	0.8196331639938604	0.10501081819374147	0.04841208588728863	0.03532486865775141	0.06393934278775161	91.16265216707751	53.207521358124545	63.02915589009822	60.691651215531664	11.898074569017485	5.14939570611544
12.820406128881421	0.01	0.01	0.01	0.007	0.01	0.8196331639938604	0.10501081819374147	0.048412085885341134	0.03532486804572704	0.06393934278768962	91.1121259022387	53.03785185113158	63.059379999228	60.501372043643045	11.89797175818762	5.0299336334787315
12.92105889221772	0.01	0.01	0.01	0.007	0.01	0.8196331639938604	0.10501081819374147	0.04841208588325565	0.03532486739206889	0.06393934278763187	91.05829531112582	52.866542585465595	63.08755609726123	60.30926923052398	11.897473291869332	4.913243010128674
13.021711644888471	0.01	0.01	0.01	0.007	0.01	0.8196331639938604	0.10501081819374147	0.04841208588103472	0.03532486669774317	0.06393934278757822	91.00124675667446	52.6936607944389	63.113732914497476	60.11541702730541	11.896588923302419	4.799259532163029
13.122364393559641	0.01	0.01	0.01	0.007	0.01	0.8196331639938604	0.10501081819374147	0.048412085878680795	0.03532486596368825	0.06393934278752865	90.94106457625902	52.51927199796066	63.13795804913652	59.9198877980722	11.895328178525306	4.6879203880325955
13.22301713823123	0.01	0.01	0.01	0.007	0.01	0.8196331639938604	0.10501081819374147	0.04841208587619634	0.03532486519082016	0.06393934278748274	90.87783113305314	52.34344005481276	63.16027799214638	59.722752077624136	11.893700361770865	4.5791642310131
13.32366987223727	0.01	0.01	0.01	0.007	0.01	0.8196331639938604	0.10501081819374147	0.04841208587358353	0.03532486438003321	0.06393934278744076	90.81162686298019	52.1662272027346	63.180738153545455	59.52407861558593	11.89171456073697	4.472931144537679
13.424322595577765	0.01	0.01	0.01	0.007	0.01	0.8196331639938604	0.10501081819374147	0.04841208587084469	0.03532486353219199	0.06393934278740232	90.74253031117843	51.987694073791154	63.19938289039602	59.323934392829756	11.889379651396647	4.369162594788895
13.52497530158675	0.01	0.01	0.01	0.007	0.01	0.8196331639938604	0.10501081819374147	0.04841208586798171	0.03532486264814139	0.06393934278736757	90.67061818455876	51.80789975559367	63.21625552854402	59.122384689323795	11.886704303168953	4.267801412541349
13.625627990264228	0.01	0.01	0.01	0.007	0.01	0.8196331639938604	0.10501081819374147	0.04841208586499674	0.0353248617286982	0.06393934278733616	90.59596538543781	51.62690180452997	63.23139838897816	58.91949309819847	11.883696983405109	4.168791747926989
13.726280668276164	0.01	0.01	0.01	0.007	0.01	0.8196331639938604	0.10501081819374147	0.048412085861891635	0.03532486077465174	0.0639393427873081	90.51864505242956	51.444756281389274	63.24485281059633	58.715321564938556	11.880365961963477	4.072079040449289
13.826933342288523	0.01	0.01	0.01	0.007	0.01	0.8196331639938604	0.10501081819374147	0.04841208585866824	0.03532485978676942	0.06393934278728336	90.43872860581645	51.26151779837282	63.25665917174298	58.509930439354186	11.87671931593578	3.9776099958406785
13.92758600563534	0.01	0.01	0.01	0.007	0.01	0.8196331639938604	0.10501081819374147	0.04841208585532829	0.03532485876580668	0.0639393427872617	90.35628579857351	51.07723957797646	63.26685691126476	58.30337854087333	11.872764934667517	3.885332568745433
14.028238664982583	0.01	0.01	0.01	0.007	0.01	0.8196331639938604	0.10501081819374147	0.04841208585187351	0.03532485771248915	0.06393934278724324	90.27138473417564	50.891973438027094	63.275484553402215	58.09572314107871	11.868510523160657	3.795195909005538
14.128891313664285	0.01	0.01	0.01	0.007	0.01	0.8196331639938604	0.10501081819374147	0.048412085848305496	0.03532485662753196	0.06393934278722768	90.18409192648993	50.70576987327881	63.28257972633561	57.88702005449326	11.863963607386195	3.7071503580987515
14.229543951680451	0.01	0.01	0.01	0.007	0.01	0.8196331639938604	0.10501081819374147	0.04841208584462577	0.03532485551162613	0.06393934278721505	90.09447232048555	50.5186780507832	63.288179184914334	57.67732363273407	11.859131537654788	3.621147403517003
14.33019657903108	0.01	0.01	0.01	0.007	0.01	0.8196331639938604	0.10501081819374147	0.04841208584083586	0.035324854365444365	0.06393934278720537	90.00258933392854	50.330745853335735	63.29231883020753	57.46668681256861	11.85402149293913	3.5371396582191426
14.430849195716174	0.01	0.01	0.01	0.007	0.01	0.8196331639938604	0.10501081819374147	0.048412085836937145	0.03532485318964092	0.06393934278719844	89.9085048928568	50.14201991002213	63.295033729312436	57.25516114952703	11.848640484850101	3.4550808345205306
14.531501801735734	0.01	0.01	0.01	0.007	0.01	0.8196331639938604	0.10501081819374147	0.04841208583293109	0.035324851984853085	0.06393934278719425	89.81227946623198	49.95254562605211	63.29635813470322	57.04279685073057	11.842995361520671	3.374925718588386
14.632154390423805	0.01	0.01	0.01	0.007	0.01	0.8196331639938604	0.10501081819374147	0.0484120858288188	0.03532485075170563	0.0639393427871926	89.71397210636576	49.76236722451449	63.29632550317725	56.82964282109613	11.837092811798989	3.2966301506535243
14.732806968446345	0.01	0.01	0.01	0.007	0.01	0.8196331639938604	0.10501081819374147	0.048412085824601735	0.03532484949079771	0.06393934278719353	89.61364046251178	49.57152773706768	63.29496851435073	56.61574665232127	11.830939367789096	3.2201509850635266
14.833459542469312	0.01	0.01	0.01	0.007	0.01	0.8196331639938604	0.10501081819374147	0.04841208582028097	0.035324848202712755	0.06393934278719703	89.51134082551724	49.38006905670836	63.292319088260534	56.40115468146052	11.824541409170058	3.145446077480557
14.934112105826749	0.01	0.01	0.01	0.007	0.01	0.8196331639938604	0.10501081819374147	0.04841208581585772	0.03532484688802792	0.063939342787203	89.4071281733335	49.18803199041671	63.28840840360007	56.18591204937772	11.817905167630478	3.0724742711873048
15.034764658518657	0.01	0.01	0.01	0.007	0.01	0.8196331639938604	0.10501081819374147	0.048412085811332994	0.035324845547300976	0.06393934278721128	89.3010561818235	48.99545624772539	63.28326691460871	55.97006268739354	11.811036729090759	3.00119535927606
15.135417200545039	0.01	0.01	0.01	0.007	0.01	0.8196331639938604	0.10501081819374147	0.04841208580670793	0.0353248441810752	0.06393934278722206	89.19317726143905	48.80238047922951	63.27692436792509	55.753649359920566	11.803942037476059	2.931570067619306
15.236069731905895	0.01	0.01	0.01	0.007	0.01	0.8196331639938604	0.10501081819374147	0.048412085801983494	0.03532484278987978	0.06393934278723504	89.08354258662172	48.608842301874716	63.269409819004174	55.53671369229171	11.796626898011684	2.863560033229588
15.336722259267178	0.01	0.01	0.01	0.007	0.01	0.8196331639938604	0.10501081819374147	0.04841208579716065	0.03532484137422581	0.06393934278725022	88.97220211709212	48.414878310795835	63.260751647542726	55.31929618352514	11.789096979936359	2.7971277787732287
15.437374775962937	0.01	0.01	0.01	0.007	0.01	0.8196331639938604	0.10501081819374147	0.04841208579224038	0.035324839934620336	0.0639393427872677	88.85920464797346	48.220524141965505	63.25097757482942	55.101436276054976	11.78135782113615	2.73223670516899
15.53802727532722	0.01	0.01	0.01	0.007	0.01	0.8196331639938604	0.10501081819374147	0.048412085787223585	0.03532483847155791	0.06393934278728725	88.7445978229895	48.02581447018633	63.2401146782658	54.88317235300121	11.773414830287207	2.6688510621130734
15.638679764025984	0.01	0.01	0.01	0.007	0.01	0.8196331639938604	0.10501081819374147	0.04841208578211104	0.035324836985511136	0.06393934278730888	88.62842814571034	47.83078300622287	63.228189404645484	54.664541734482924	11.765273288760971	2.6069359202966784
15.739332248725177	0.01	0.01	0.01	0.007	0.01	0.8196331639938604	0.10501081819374147	0.048412085776903535	0.03532483547694066	0.06393934278733258	88.51074102036362	47.635462544958195	63.21522758584265	54.44558073113881	11.756938354541447	2.5464571610418263
15.839984729424799	0.01	0.01	0.01	0.007	0.01	0.8196331639938604	0.10501081819374147	0.048412085771601956	0.03532483394629997	0.06393934278735831	88.39158078534166	47.43988500032063	63.20125445404757	54.22632468283161	11.748415065661645	2.4873814613484537
15.940637199458902	0.01	0.01	0.01	0.007	0.01	0.8196331639938604	0.10501081819374147	0.04841208576620689	0.03532483239403613	0.06393934278738606	88.27099073864142	47.24408142680598	63.18629465603495	54.00680798233825	11.739708343062807	2.4296762750634158
16.0	0.01	0.01	0.01	0.007	0.01	0.8196331639938604	0.10501081819374149	0.048412085762981595	0.0353248406558998	0.0639393427874033	88.19921598768296	47.128506699416675	63.17701887434959	53.87723281165207	11.734489246815011	2.396272527156972
