0.0	0.01	0.01	0.01	0.007	0.01	0.0	0.0	0.0	0.0	0.0	0.0	0.0	0.0	0.0	0.0	100.0
0.0034473051437591724	0.01	0.01	0.01	0.007	0.01	0.011493527467643714	0.003002051073254353	0.003581215804949735	0.0040238605041836625	0.005294302180312749	0.0007178093905354403	0.000998571020088526	0.002195631408964402	0.003978280364377063	0.0004751647411388371	99.92117594009646
0.005542761488849973	0.01	0.01	0.01	0.007	0.01	0.01840825423741124	0.00478529950185992	0.005633065404594043	0.006280288462277574	0.00836663354892257	0.0018498206572236252	0.0025653009017385323	0.005590966462862692	0.010073028345780163	0.0012137868635111152	99.87329282818769
0.008691941202626275	0.01	0.01	0.01	0.007	0.01	0.02869932623610908	0.007407581820825833	0.008549588320943581	0.009423663364239537	0.012786764912155926	0.00452743721307371	0.006249242344297013	0.013442976076729563	0.0240194117321278	0.002932109155468898	99.80137431625538
0.011604522902632081	0.01	0.01	0.01	0.007	0.01	0.038110559746799014	0.009772557088845394	0.011078378046479962	0.012086113502958396	0.016674136306096703	0.008034784317235491	0.011042839743129671	0.023473499729943233	0.04163017151211715	0.005141738522934247	99.73490514440861
0.014987575073538166	0.01	0.01	0.01	0.007	0.01	0.048914810524835046	0.01244868822384383	0.013825417404439029	0.014909116991247178	0.020961197116347592	0.013334654205492378	0.018236151355705107	0.03824040795576386	0.06725255233663986	0.008417257703945946	99.65775475228976
0.01843577561645626	0.01	0.01	0.01	0.007	0.01	0.05978814897807167	0.015100070500102638	0.016429013753831007	0.017515174640130325	0.02509386943884038	0.02007265254668541	0.027313422787098206	0.05650038303453952	0.09854775991612844	0.012497679860693549	99.57918006842851
0.022151486898457255	0.01	0.01	0.01	0.007	0.01	0.07135003155436537	0.017873421597628284	0.019028708395277812	0.020046515459198597	0.029297862243421936	0.028819321153765107	0.03900537571144397	0.0795328335270357	0.13753301486599465	0.01768466282908415	99.4945789217833
0.02601160635220491	0.01	0.01	0.01	0.007	0.01	0.0831932773681676	0.020665340626939383	0.021520257488624843	0.02240276402935518	0.033411842748716405	0.039511382341870877	0.05318166738254793	0.10686043740055802	0.18320614683264572	0.023889716469609915	99.40676593823623
0.030072967445735316	0.01	0.01	0.01	0.007	0.01	0.09547179815886372	0.023507773015723245	0.023929801745321846	0.024612985747316858	0.03748399839795707	0.052496275923379104	0.07025287820952335	0.13904649664627527	0.23632076398737337	0.031261489748467035	99.31445862189221
0.03430005128330535	0.01	0.01	0.01	0.007	0.01	0.10805593421139643	0.02636611250778615	0.026225953546569158	0.026653014228767508	0.041466185915001376	0.06786651724187295	0.0902835718850214	0.17596550617881873	0.29647758631048887	0.039794990439424485	99.21847576186588
0.03871025842711242	0.01	0.01	0.01	0.007	0.01	0.12097609792856355	0.029243229353645397	0.028411219290955192	0.028531005872053015	0.04536322139309775	0.08588161195611915	0.11354936045673844	0.21786962916299624	0.36390225606132665	0.04957425823892775	99.11843366395144
0.043295198760951475	0.01	0.01	0.01	0.007	0.01	0.13418541178225804	0.032124688028998004	0.030475696800498147	0.03024479006228041	0.04914817638214046	0.10671068897443231	0.14019920798734015	0.26475879750218223	0.43841316844991784	0.060626256668943376	99.01453482554426
0.04806196393865353	0.01	0.01	0.01	0.007	0.01	0.1476818761291663	0.035006328586303107	0.032418747924442506	0.031800731269111086	0.05278795275427988	0.13058908046027987	0.1704583046302525	0.3167532774047658	0.5200287046641792	0.07300346596913762	98.90663114634735
0.053013146649049596	0.01	0.01	0.01	0.007	0.01	0.16144950662886975	0.03788109115991166	0.03423870506915587	0.0332045905095851	0.05620552710928074	0.15773966719988516	0.20452576410073234	0.37391022762426007	0.6086736531598687	0.0867326182366552	98.79467736992689
0.0581417962228374	0.01	0.01	0.01	0.007	0.01	0.17544586572503446	0.040736842643080334	0.03593216171377548	0.03446116336269347	0.059259852375453094	0.18833051111659155	0.24252302105384707	0.4361473733015369	0.7040696088362198	0.10178034121061195	98.67884441245663
0.06334106818518964	0.01	0.01	0.01	0.007	0.01	0.18936511492761318	0.04351038978504663	0.03747023467922473	0.035557952446207707	0.06172407121235251	0.22184662638954222	0.28372900048539046	0.5020510513632587	0.8039509527757589	0.11774481025720755	98.56155504219704
0.068628521503943	0.01	0.01	0.01	0.007	0.01	0.20324714158438523	0.04621079571887915	0.038869215758833786	0.03651609660176821	0.06348379279837989	0.2584564153874068	0.3282777110224715	0.5716531680166217	0.9083117380572693	0.13452492015292955	98.44241938130658
0.07418134289277777	0.01	0.01	0.01	0.007	0.01	0.2175350319991579	0.04892192701632826	0.040178372431208684	0.0373761221208193	0.06453829984368206	0.29957915353270637	0.3777949559503111	0.647231450323912	1.0204669346632698	0.1525177715256898	98.31745953286949
0.07994741148312552	0.01	0.01	0.01	0.007	0.01	0.23206269410953684	0.05160793488878213	0.04138355878424139	0.03813413728350535	0.06492655262360779	0.3451100284612785	0.4320297258083576	0.7280864262389845	1.139254853662371	0.17138174317619265	98.18786867367723
0.08590860287553681	0.01	0.01	0.01	0.007	0.01	0.24675807186777787	0.054252867224028924	0.042483363048252024	0.03879539048815324	0.06480257625902301	0.39513341399998747	0.4909600556992185	0.8139069662931679	1.2641319689595965	0.1908908677733842	98.05407205875012
0.09210159992108352	0.01	0.01	0.01	0.007	0.01	0.2616838075570462	0.056865432426930616	0.04348733677798051	0.0393714983264677	0.0643362338056927	0.45019490249747657	0.5550962344569709	0.9051565928694119	1.3956970436882739	0.21103230535131612	97.91526574445848
0.09858393175567084	0.01	0.01	0.01	0.007	0.01	0.2769430422290643	0.05945987182222195	0.04440564935464286	0.03987343498496895	0.0636604331052922	0.5111108386959856	0.6252321513825143	1.0026457959997945	1.5350326531625516	0.2318930356017793	97.77018492044024
0.10541958851798182	0.01	0.01	0.01	0.007	0.01	0.2926405144736184	0.06204856663547571	0.04524610801287096	0.04030995247190057	0.06286678247589163	0.5788771357447537	0.7023233010533988	1.1073280678085966	1.683400247453552	0.2536010216060885	97.61742919887473
0.11263810699914009	0.01	0.01	0.01	0.007	0.01	0.3087897247885613	0.06462732247358433	0.04601041140140325	0.04068611378734404	0.06202008804238393	0.6542518244657375	0.7870070932690323	1.2196525260567277	1.8413307168444317	0.2761877118819847	97.45637678862592
0.1202555722536592	0.01	0.01	0.01	0.007	0.01	0.32536788486703266	0.06718605531837618	0.04669922928221252	0.04100641677149682	0.061165276501838846	0.7379016866359162	0.879780507323727	1.3398480727386939	2.009051454196309	0.2996547757068052	97.28671160850645
0.12828536601526674	0.01	0.01	0.01	0.007	0.01	0.3423424228132979	0.06971365785314691	0.04731403259175973	0.041275709399024224	0.06033234076980625	0.8304915679672347	0.9811038114705403	1.4680805074214922	2.186716371537037	0.32400630852686113	97.10818234246828
0.136747577811134	0.01	0.01	0.01	0.007	0.01	0.3596909771537456	0.07220111525102944	0.047857742861893246	0.04149933684407027	0.0595400643725577	0.9327910119994072	1.0915154580321988	1.604603837319095	2.3746168947370028	0.3492749120567001	96.92039351573614
0.1456675914983638	0.01	0.01	0.01	0.007	0.01	0.37739663944839047	0.07464061213223841	0.04833419168793619	0.04168274396589893	0.05879977660116208	1.0456722731791304	1.211622703028595	1.7497434736613662	2.573155164168607	0.3755142770202768	96.72283853200743
0.1550763560229951	0.01	0.01	0.01	0.007	0.01	0.39544685934096346	0.07702526174886425	0.04874783387083015	0.041831254907206905	0.05811780428182708	1.1701264188657499	1.3421112186286948	1.9039042331496079	2.782852114699713	0.40279767521997206	96.51489535976677
0.16500944981584145	0.01	0.01	0.01	0.007	0.01	0.4138300119127346	0.0793485775173889	0.049103480097171824	0.04194990751814274	0.057497181421154314	1.3072632006722547	1.4837366191707724	2.0675572507179347	3.004327029964251	0.431213497798977	96.29584908172426
0.17550728368870824	0.01	0.01	0.01	0.007	0.01	0.4325343232773331	0.08160433731306857	0.04940615732264796	0.04204336994765218	0.05693868389403365	1.4583239645658161	1.6373292844986291	2.24124424272823	3.2383011572400635	0.46086459764292786	96.06488937465356
0.18661499580863125	0.01	0.01	0.01	0.007	0.01	0.451546209933492	0.0837864188411641	0.04966098965193535	0.04211588689752071	0.05644151988933814	1.6246898718199976	1.8037935202244413	2.4255759949999005	3.4855935065106145	0.4918669958935401	95.82111504044643
0.19838266100181587	0.01	0.01	0.01	0.007	0.01	0.4708492037925909	0.08588875546313116	0.04987311197196618	0.04217125448999896	0.05600376771883688	1.807893764812838	1.9841098179926917	2.62123544084772	3.7471228256350115	0.5243496442152309	95.56353189989187
0.21086531997195324	0.01	0.01	0.01	0.007	0.01	0.4904225755867853	0.08790530030308995	0.050047588872890354	0.042212811533749076	0.055622676947188546	2.009628526701121	2.1793330666534914	2.8289772620602784	4.0239048024281265	0.5584537601990511	95.29105498720945
0.2241230289623619	0.01	0.01	0.01	0.007	0.01	0.5102400705651229	0.08983004978868052	0.05018933755735042	0.04224344524102192	0.05529487525643486	2.2317542498469938	2.3905894640717427	3.0496273472460707	4.317049008562013	0.5943322588891808	95.00251065354477
0.23822076264240755	0.01	0.01	0.01	0.007	0.01	0.5302685522704976	0.09165710282013668	0.05030304623533482	0.04226560756372081	0.05501652271091504	2.4763009398297835	2.6190694413703457	3.2840793164396325	4.627751912220035	0.6321487836755842	94.69664225124104
0.2532280524198412	0.01	0.01	0.01	0.007	0.01	0.5504665200548161	0.09338075415792566	0.05039308932233427	0.0422813402483238	0.054783436280533455	2.745463556269812	2.866014456641678	3.533286114786428	4.957283453548504	0.6720760100057395	94.37212190943545
0.2692178580042538	0.01	0.01	0.01	0.007	0.01	0.5707820695027817	0.09499559029557603	0.05046344835325479	0.04229230685086673	0.054591202485565135	3.0415784132128105	3.1326890376132046	3.7982383680107548	5.306956396930711	0.7142919061752053	94.02757908811749
0.28626413750675916	0.01	0.01	0.01	0.007	0.01	0.5911501344360329	0.0964965929383291	0.05051765661763512	0.04229983053403588	0.054435283121564475	3.3670671172222852	3.420328444652631	4.079920941328931	5.678067426061624	0.75897262766631	93.66165692150189
0.30443845832432365	0.01	0.01	0.01	0.007	0.01	0.6114901144289349	0.0978793411477859	0.050558783455214154	0.042304936218373924	0.0543111093238512	3.724349671344124	3.7300673647962497	4.379254050364478	6.071818534423434	0.8062830684368301	93.27308815210715
0.3238076348984694	0.01	0.01	0.01	0.007	0.01	0.6317064011106558	0.09914043218998463	0.05058945774507206	0.04230839489560745	0.05421416396248955	4.1157643880079045	4.06288488595374	4.697052330353115	6.489262566176822	0.8563702866889157	92.86074757704233
0.34443419019328275	0.01	0.01	0.01	0.007	0.01	0.6516928763949983	0.10027805106792483	0.050611910960225305	0.04231076761048773	0.05414006974904273	4.543537736679513	4.419600112143842	5.034031171583603	6.931310968852756	0.909364306378407	92.42364332506916
0.3663791859762382	0.01	0.01	0.01	0.007	0.01	0.6713394119717223	0.10129243522842386	0.05062801881682882	0.04231244746715465	0.05408469558643941	5.009806213175636	4.800913647357635	5.390851655331161	7.398791913206663	0.9653848798293275	91.96085829642372
0.38970534911594024	0.01	0.01	0.01	0.007	0.01	0.690537441012426	0.10218604244505704	0.05063933416504195	0.0423136985627915	0.05404426812435522	5.516653522812886	5.207459272859793	5.768169064992357	7.892512732051555	1.0245487796934827	91.47148699799224
0.4144792462127217	0.01	0.01	0.01	0.007	0.01	0.7091835489257904	0.10296343671522994	0.050647115240446614	0.04231469053768821	0.05401546137295374	6.066135467222214	5.639842227734606	6.166664334978415	8.41329984713506	1.0869744956931118	90.95459430416355
0.44077266731224946	0.01	0.01	0.01	0.007	0.01	0.7271816903847401	0.10363100630745499	0.05065235504291667	0.04231552740163844	0.05399544667540415	6.660292183613541	6.09866490209915	6.587061256566037	8.962020092625671	1.1527848427206149	90.40919238747576
0.46866359261674506	0.01	0.01	0.01	0.007	0.01	0.7444446669461646	0.10419660026555215	0.050655814384881925	0.04231626996201051	0.05398190107087016	7.301153250017745	6.5845451517189675	7.030135711843969	9.53959169662755	1.2221084647579268	89.83422770825824
0.49823694633464183	0.01	0.01	0.01	0.007	0.01	0.7608951926865234	0.1046691335580737	0.05065805812003154	0.042316952105522394	0.053972981128684816	7.990738737825166	7.098129940666414	7.496720358946073	10.146989335316702	1.2950807387426362	89.22857370302094
0.5295848025886328	0.01	0.01	0.01	0.007	0.01	0.776466503129567	0.10505818740068117	0.05065949230270819	0.04231759184989736	0.05396727270470175	8.731047312410997	7.64009793551573	7.987699653936718	10.785236519954058	1.3718432362299318	88.59103590880812
0.5628057013079374	0.01	0.01	0.01	0.007	0.01	0.7911025880107118	0.10537363069560501	0.05066039961812019	0.042318198371789066	0.05396372705719097	9.52402192533899	8.211145059728917	8.503990337942474	11.455378990441258	1.452540942136373	87.92037595709766
0.5980026346144979	0.01	0.01	0.01	0.007	0.01	0.8047581739877412	0.10562528198825756	0.0506609708508543	0.04231877619280652	0.053961592501272686	10.371481503818725	8.811946091703012	9.046501453966048	12.15843154861447	1.5373162723093825	87.21536226109299
0.6352796385992657	0.01	0.01	0.01	0.007	0.01	0.8173987656715908	0.1058226261905871	0.05066133106786585	0.042319327515207554	0.05396034863934117	11.27501689728978	9.443092707442002	9.616074281007386	12.89529913225103	1.6262999316369053	86.47484701492051
0.6747372901917865	0.01	0.01	0.01	0.007	0.01	0.8290010227757661	0.10597459012305084	0.0506615601385548	0.04231985344464685	0.05395964783298072	12.235860045540573	10.10501514610123	10.213408394107859	13.666680553913633	1.719599574678676	85.69786155011651
0.7164681281472498	0.01	0.01	0.01	0.007	0.01	0.8395536695748804	0.10608937422243532	0.0506617079631133	0.04232035460047135	0.053959266318616084	13.254754879932335	10.797906640697972	10.838990712617125	14.47297704724414	1.8172889026674524	84.88370820495146
0.7605535861952016	0.01	0.01	0.01	0.007	0.01	0.8490588529220522	0.1061743336035759	0.05066180522149004	0.04232083142159318	0.05395906556892952	14.3318735721354	11.521677774143654	11.493051748000061	15.314236943074361	1.9194009804562149	84.03201720686093
0.8070641212915494	0.01	0.01	0.01	0.007	0.01	0.8575335173787199	0.10623590243823969	0.05066187061845238	0.042321284336035936	0.053958963263710275	15.466822960573396	12.275966728570896	12.175572580405118	16.19016638444364	2.025929446948485	83.14273780630315
0.8560632134485965	0.01	0.01	0.01	0.007	0.01	0.8650100869112549	0.10627955928699806	0.050661915564902994	0.04232171386667255	0.053958912530360024	16.658757495479293	13.06021188225824	12.886348958255592	17.10021338527469	2.136838611463496	82.21605505876043
0.907614351271863	0.01	0.01	0.01	0.007	0.01	0.8715358396977144	0.10630983474377488	0.05066194709167919	0.042322120692698514	0.053958887825971	17.90657185260765	13.873766545961006	13.625095051820312	18.043701673584984	2.252079700882131	81.25225468077878
0.9617890773885848	0.01	0.01	0.01	0.007	0.01	0.8771708328314521	0.10633036192907949	0.05066196960881047	0.042322505669164255	0.05395887582914321	19.209117895660828	14.716020343889873	14.391555332554734	19.01997303662126	2.37160833173528	80.25157681426522
1.0186743311915336	0.01	0.01	0.01	0.007	0.01	0.8819847622034214	0.10634396454779112	0.050661985946060556	0.042322869810684824	0.05395886988043268	20.565395096630613	15.586497492628018	15.185597720308818	20.028503475593343	2.495399017336085	79.2140936145867
1.078378284837948	0.01	0.01	0.01	0.007	0.01	0.886053399207024	0.10635277055518863	0.050661997963486714	0.04232321425265098	0.05395886677682132	21.97468966071738	16.484920094162998	16.0072768676914	21.06897909513316	2.6234549794054636	78.13962520834106
1.141034818614209	0.01	0.01	0.01	0.007	0.01	0.8894551803767328	0.10635833636328366	0.050662006911766456	0.042323540204729816	0.05395886502565915	23.43666352232745	17.411240440560846	16.856870705165047	22.141336027890627	2.7558137583621347	77.02769001887464
1.2068071275817132	0.01	0.01	0.01	0.007	0.01	0.8922682938745922	0.10636176795557227	0.050662013648647496	0.042323848906813545	0.05395886394462813	24.951404419396205	18.365651281883068	17.734897973357103	23.245774482381034	2.892549832214793	75.87747942839384
1.2758911105783954	0.01	0.01	0.01	0.007	0.01	0.8945683988039281	0.10636382947493629	0.050662018772330196	0.04232414159296648	0.053958863221394704	26.519452368740637	19.348584324393542	18.642125902842494	24.382758615393044	3.033775673877537	74.68784481440842
1.348519043654217	0.01	0.01	0.01	0.007	0.01	0.8964269674483417	0.1063650344478198	0.050662022705971865	0.04232441946464868	0.05395886270826308	28.141813688773563	20.360703696727043	19.579574233367413	25.553009930360624	3.17964221024007	73.45728881112935
1.424963912812548	0.01	0.01	0.01	0.007	0.01	0.8979101727094752	0.10636571850821196	0.050662025752627154	0.04232468367231993	0.053958862330331876	29.819969641406736	21.402898096844392	20.54851920984101	26.757498464553674	3.3303392449610048	72.18395592714363
1.5055446966326071	0.01	0.01	0.01	0.007	0.01	0.8990782220643615	0.10636609487288741	0.050662028131753835	0.04232493530366135	0.05395886204568431	31.5558834911123	22.476273080873987	21.5504992992878	27.997433454207723	3.486096109131167	70.86562007200541
1.5906327000871376	0.01	0.01	0.01	0.007	0.01	0.8999850407708895	0.1063662950490395	0.05066203000389991	0.04232517537604874	0.053958861828358795	33.35200426697862	23.582141475402807	22.58732128160022	29.274251151695307	3.647182320452175	69.49967055159621
1.6806589039482074	0.01	0.01	0.01	0.007	0.01	0.9006782215993331	0.1063663976602771	0.05066203148764007	0.04232540483086314	0.05395886166093171	35.211261602157904	24.7220075267278	23.66106322603377	30.589594729939073	3.8139076971663433	68.0831008743617
1.776121240207583	0.01	0.01	0.01	0.007	0.01	0.9011991697595607	0.1063664481744988	0.05066203267132735	0.04232562452499803	0.05395886153108586	37.13702434567116	25.897527274651008	24.774058429921006	31.94526606803262	3.9866194429131205	66.61252113080432
1.8775881911891557	0.01	0.01	0.01	0.007	0.01	0.9015833878783339	0.10636647195677355	0.05066203362132056	0.042325835210557446	0.053958861429848536	39.13295052681614	27.110400823888234	25.92881824169035	33.343098388281426	4.1656896741114595	65.08424954831052
1.9856848872811874	0.01	0.01	0.01	0.007	0.01	0.9018608519511473	0.10636648261227463	0.0506620343877548	0.04232603747591796	0.05395886135057741	41.20247866456882	28.36204675498947	27.127748263142472	34.78457763082378	4.351470880439583	63.49467688165588
2.1010082173841877	0.01	0.01	0.01	0.007	0.01	0.9020564303114524	0.10636648712903886	0.05066203500848651	0.04232623156091423	0.05395886128832843	43.34704846111112	29.65251843741681	28.37212574323667	36.26959254263954	4.544137131273397	61.841614930388815
2.2237511458647794	0.01	0.01	0.01	0.007	0.01	0.902190281279114	0.10636648892741968	0.05066203551136296	0.04232641675362521	0.05395886123947807	45.5594513045134	30.976545742276734	29.658232325770864	37.79188718097114	4.743086217373595	60.12945206816482
2.352348118680683	0.01	0.01	0.01	0.007	0.01	0.9022782415123184	0.1063664895940726	0.050662035914612484	0.04232658984182456	0.05395886120156785	47.80178153170526	32.31059294893136	30.96445257634073	39.32422799101622	4.944950110193967	58.38645612130621
2.48167870656282	0.01	0.01	0.01	0.007	0.01	0.9023330123693268	0.10636648982415361	0.05066203622922397	0.04232674518694323	0.053958861172968116	49.98103927927631	33.59907647398923	32.23679883533423	40.80271180738999	5.1413764619788624	56.68447204503645
2.6070081982225037	0.01	0.01	0.01	0.007	0.01	0.9023660517378458	0.10636648990146161	0.050662036470452025	0.042326882200155125	0.05395886115173269	52.02234512221554	34.798372118007	33.431385804864576	42.17740022459422	5.325604479463118	55.08249132956563
2.728090659724983	0.01	0.01	0.01	0.007	0.01	0.9023862280767869	0.10636648992825212	0.05066203665843053	0.04232700546096884	0.05395886113564494	53.93039471190672	35.912296049182714	34.55061562421776	43.45286904936723	5.498029915717776	53.57780948862784
2.8468364822257892	0.01	0.01	0.01	0.007	0.01	0.9023988928882842	0.10636648993794853	0.05066203680963341	0.04232711825883845	0.05395886112303082	55.74213953859951	36.963271414957454	35.6158750784451	44.654958028280895	5.661968051997529	52.14209299203158
2.9651198123864972	0.01	0.01	0.01	0.007	0.01	0.9024070117560437	0.106366489941559	0.050662036934787304	0.04232722228542518	0.05395886111284145	57.489856471349775	37.97051238335789	36.64597839542512	45.80574051909186	5.820325825226888	50.75021788220269
3.084035253621469	0.01	0.01	0.01	0.007	0.01	0.9024122638127676	0.10636648994291587	0.05066203704035784	0.04232731871151036	0.053958861104448	59.19114683752733	38.944390564665945	37.65123021770858	46.917112227717965	5.974692240998606	49.388355660513184
3.203892953983131	0.01	0.01	0.01	0.007	0.01	0.9024156602521749	0.10636648994342382	0.05066203713032812	0.04232740836972444	0.053958861097458205	60.850875070669886	39.88779844645945	38.63447815141186	47.99239707063378	6.125506408001639	48.052680259741805
3.324491227616266	0.01	0.01	0.01	0.007	0.01	0.9024178459765286	0.10636648994361234	0.05066203720739983	0.0423274918346627	0.053958861091603035	62.46661388433311	40.79945723890419	39.59425877642595	49.03015955370137	6.27254553024247	46.74520791772609
3.4454525768936084	0.01	0.01	0.01	0.007	0.01	0.9024192451891146	0.10636648994368181	0.050662037273652774	0.04232756958505725	0.05395886108667736	64.03406782141577	41.67709586612645	40.52797418847008	50.027847105573755	6.415414631580403	45.46953431094241
3.566458967700215	0.01	0.01	0.01	0.007	0.01	0.9024201378356622	0.10636648994370725	0.050662037330825124	0.042327642097188284	0.053958861082513944	65.55032217452803	42.519295415898746	41.43381761121031	50.98389179669275	6.553841872446968	44.22821806643222
3.6873475514394345	0.01	0.01	0.01	0.007	0.01	0.9024207066094772	0.10636648994371654	0.050662037380403244	0.04232770984260819	0.053958861078974164	67.01481820134173	43.32599927635431	42.31136817457252	51.89828296771971	6.687768638968054	43.02194902642522
3.8080964568043605	0.01	0.01	0.01	0.007	0.01	0.9024210691254728	0.10636648994371992	0.05066203742364055	0.042327773253642675	0.05395886107594497	68.42884378334129	44.09818502603993	43.16130420173653	52.77218559429557	6.817304556033505	41.849916567810766
3.9287612727581633	0.01	0.01	0.01	0.007	0.01	0.902421300384297	0.1063664899437212	0.05066203746156971	0.042327832705929	0.05395886107333524	69.79453639759916	44.837283736851255	43.98481814451628	53.60727565631485	6.9426373729784014	40.71059645421692
4.0494125641282706	0.01	0.01	0.01	0.007	0.01	0.9024214480250918	0.10636648994372165	0.05066203749502701	0.04232788852264535	0.05395886107107253	71.11406482373285	45.54472110446527	44.78312954562362	54.40521836837615	7.06395841540071	39.602415653213754
4.170098962828703	0.01	0.01	0.01	0.007	0.01	0.9024215423171176	0.1063664899437218	0.05066203752468571	0.042327940986686935	0.053958861069099515	72.38922578935927	46.221701600888615	45.55724095877408	55.16742481026222	7.1814254960317605	38.5240912050763
4.290837595930235	0.01	0.01	0.01	0.007	0.01	0.9024216025364092	0.10636648994372187	0.05066203755109127	0.0423279903512544	0.053958861067370516	73.62139531083146	46.869191038055504	46.30790516661041	55.895034062511726	7.295158155968104	37.474680426246564
4.411622003855585	0.01	0.01	0.01	0.007	0.01	0.9024216409861568	0.10636648994372187	0.050662037574690656	0.04232803684633504	0.0539588610658483	74.81166556480247	47.48799755358063	47.035705011561646	56.589006131661094	7.405249995611282	36.45347429645773
4.532435667269046	0.01	0.01	0.01	0.007	0.01	0.9024216655293084	0.10636648994372187	0.05066203759585617	0.04232808068176924	0.0539588610645025	75.96101342741044	48.07886503481431	47.741154154823995	57.25022795951533	7.51178406820612	35.45985930926386
4.653263049450733	0.01	0.01	0.01	0.007	0.01	0.9024216811923343	0.10636648994372187	0.050662037614900936	0.04232812204843435	0.05395886106330806	77.07041667532832	48.6425347239839	48.424767655534055	57.87958276385793	7.61484358771779	34.49321911468812
4.774094884154541	0.01	0.01	0.01	0.007	0.01	0.9024216911870966	0.10636648994372187	0.050662037632091164	0.04232816111904938	0.05395886106224383	78.14089769362263	49.17976657878064	49.08708924577412	58.477973702771074	7.714516018460855	33.55289547929836
4.894928378573972	0.01	0.01	0.01	0.007	0.01	0.9024216975646504	0.10636648994372187	0.05066203764765306	0.04232819804947872	0.05395886106129239	79.17351489367252	49.69133313128866	49.72868676600949	59.04631663141395	7.810892339428889	32.63819372417151
5.015764765161111	0.01	0.01	0.01	0.007	0.01	0.9024217016341088	0.10636648994372187	0.05066203766178074	0.04232823298061977	0.05395886106043875	80.16933317708437	50.1780033153043	50.35013444715874	59.58552179352853	7.904064341388065	31.7484070934734
5.136606468961256	0.01	0.01	0.01	0.007	0.01	0.9024217042308061	0.10636648994372187	0.05066203767463987	0.042328266040503285	0.05395886105967049	81.12939652754775	50.64052835810284	50.95199610949977	60.09647803220701	7.994122088065398	30.882840377950203
5.257455243051584	0.01	0.01	0.01	0.007	0.01	0.9024217058877295	0.10636648994372187	0.050662037686373326	0.04232829734617613	0.05395886105897671	82.05471318769581	51.07963469466037	51.53481586149486	60.580044977679115	8.081152524779931	30.0408232927854
5.378311488068826	0.01	0.01	0.01	0.007	0.01	0.9024217069449688	0.10636648994372187	0.05066203769710382	0.042328327005172556	0.05395886105834866	82.9462526111405	51.49602300848122	52.0991159939015	61.037052106440534	8.165239175828082	29.22171376848197
5.49917453206005	0.01	0.01	0.01	0.007	0.01	0.9024217076195437	0.10636648994372187	0.05066203770693799	0.04232835511654422	0.0539588610577785	83.80495009592975	51.89037097476072	52.64539968672433	61.46830189044951	8.246462562218184	28.424894325446353
5.620043190628483	0.01	0.01	0.01	0.007	0.01	0.9024217080499441	0.10636648994372187	0.05066203771596876	0.0423283817716281	0.053958861057259354	84.63171268179487	52.26333642143247	53.17415458537364	61.87457336431198	8.324900744486685	27.649767092067265
5.740916303240082	0.01	0.01	0.01	0.007	0.01	0.9024217083245458	0.10636648994372187	0.050662037724276986	0.042328407054666464	0.05395886105678567	85.42742390335587	52.61555975434628	53.685855735028575	62.25662483752411	8.40062976458612	26.89574964051369
5.8617930214607465	0.01	0.01	0.01	0.007	0.01	0.9024217084997413	0.10636648994372187	0.05066203773193368	0.04232843104338866	0.05395886105635261	86.19294613930613	52.94766514230712	54.18096704175521	62.615195218174314	8.47372386512483	26.162272893616333
5.982672873056123	0.01	0.01	0.01	0.007	0.01	0.9024217086115144	0.10636648994372187	0.05066203773900137	0.04232845380958229	0.05395886105595568	86.92912119797019	53.26026085697299	54.65994162637599	62.95100440411702	8.544255543027283	25.448780626102693
6.103555601916897	0.01	0.01	0.01	0.007	0.01	0.9024217086828232	0.10636648994372187	0.050662037745535245	0.04232847541968287	0.0539588610555913	87.63676954504322	53.553939038783	55.12322129395671	63.264753058271296	8.61229547302001	24.754730284305
6.224441072007533	0.01	0.01	0.01	0.007	0.01	0.9024217087283165	0.10636648994372187	0.05066203775158378	0.042328495935287855	0.053958861055255734	88.31669012414808	53.8292757634885	55.571236368486154	63.55712271936749	8.677912486184193	24.079593289896067
6.34532913927712	0.01	0.01	0.01	0.007	0.01	0.9024217087573398	0.10636648994372187	0.05066203775719037	0.04232851541363663	0.053958861054946516	88.96966013990799	54.0868311297543	56.004405487422105	63.828775944755	8.741173543592382	23.422855425141908
6.466219611627098	0.01	0.01	0.01	0.007	0.01	0.9024217087758553	0.10636648994372187	0.05066203776239343	0.04232853390801384	0.053958861054660905	89.5964354479343	54.3271496200097	56.42313578424226	64.08035675066256	8.802143767518556	22.784016649872697
6.587112280934641	0.01	0.01	0.01	0.007	0.01	0.9024217087876673	0.10636648994372187	0.05066203776722732	0.04232855146808345	0.053958861054396706	90.1977513292863	54.55076061029641	56.82782332682219	64.3124912088163	8.860886509966752	22.16259052982435
6.708006915045934	0.01	0.01	0.01	0.007	0.01	0.9024217087952027	0.10636648994372187	0.05066203777172247	0.04232856814020145	0.053958861054152055	90.77432301983383	54.758178774447764	57.21885339669954	64.5257879290716	8.917463397751622	21.558103901774953
6.828903297809817	0.01	0.01	0.01	0.007	0.01	0.9024217088000098	0.10636648994372187	0.050662037775906485	0.04232858396767763	0.05395886105392491	91.32684644789089	54.94990455572264	57.596600912450064	64.72083860910313	8.971934398260965	20.97009631235313
6.949801245093563	0.01	0.01	0.01	0.007	0.01	0.9024217088030765	0.10636648994372187	0.050662037779803985	0.04232859899101732	0.053958861053713884	91.8559988070072	55.12642456316449	57.96143074781444	64.89821850183507	9.024357869596535	20.398119611041675
7.0707006047853325	0.01	0.01	0.01	0.007	0.01	0.902421708805033	0.10636648994372187	0.050662037783437225	0.04232861324814634	0.05395886105351759	92.36243903287969	55.288211926703816	58.31369798743252	65.05848683836031	9.07479060153114	19.841737636320133
7.191601256796217	0.01	0.01	0.01	0.007	0.01	0.902421708806281	0.10636648994372187	0.05066203778682596	0.04232862677461362	0.05395886105333477	92.84680826931817	55.43572664411005	58.65374817670127	65.20218724115793	9.123287855525057	19.30052590902406
7.312503089040664	0.01	0.01	0.01	0.007	0.01	0.9024217088070771	0.10636648994372187	0.05066203778998857	0.04232863960378625	0.05395886105316415	93.30973023357387	55.569415894719356	58.98191750181708	65.32984810397417	9.16990339474013	18.774071435951452
7.433405997437098	0.01	0.01	0.01	0.007	0.01	0.9024217088075849	0.10636648994372187	0.05066203779294135	0.04232865176701659	0.05395886105300491	93.75181168140138	55.68971438360734	59.29853303951145	65.44198300131985	9.21468952401663	18.261972403206272
7.55430987790125	0.01	0.01	0.01	0.007	0.01	0.902421708807909	0.10636648994372187	0.05066203779569899	0.04232866329379802	0.05395886105285605	94.17364283273837	55.79704467011128	59.60391298042599	65.5390910813634	9.257697126019051	17.763837910062648
7.675214650368227	0.01	0.01	0.01	0.007	0.01	0.9024217088081157	0.10636648994372187	0.050662037798275175	0.04232867421189192	0.05395886105271683	94.57579789726954	55.89181751600161	59.89836692701317	65.62165747410111	9.298975707755085	17.279287578694344
7.796120226764101	0.01	0.01	0.01	0.007	0.01	0.9024217088082475	0.10636648994372187	0.05066203780068202	0.04232868454746784	0.05395886105258636	94.95883539224582	55.97443217493893	60.182196043306924	65.69015364386743	9.338573426107573	16.807951402895853
7.917026535027962	0.01	0.01	0.01	0.007	0.01	0.9024217088083316	0.10636648994372187	0.05066203780293092	0.04232869432520774	0.05395886105246401	95.32329864400876	56.04527672297701	60.45569333988687	65.74503777651292	9.376537132284215	16.349469373710406
8.037933511105033	0.01	0.01	0.01	0.007	0.01	0.9024217088083853	0.10636648994372187	0.05066203780503191	0.042328703568414235	0.05395886105234945	95.66971616689317	56.104728352578384	60.71914387210311	65.78675513127455	9.412912403939202	15.9034912441928
8.158841090939505	0.01	0.01	0.01	0.007	0.01	0.9024217088084195	0.10636648994372187	0.05066203780699439	0.04232871229911076	0.05395886105224188	95.99860203885547	56.15315366341618	60.97282493668324	65.81573838866646	9.447743577028092	15.469676296093219
8.27974922648958	0.01	0.01	0.01	0.007	0.01	0.9024217088084413	0.10636648994372187	0.05066203780882703	0.04232872053812168	0.05395886105214077	96.31045633367746	56.19090895611213	61.217006314066275	65.8324079961376	9.481073783832807	15.04769302607478
8.400657837682832	0.01	0.01	0.01	0.007	0.01	0.9024217088084552	0.10636648994372187	0.05066203781053765	0.04232872830517715	0.053958861052045656	96.6057653774388	56.218340498202394	61.45195037572081	65.83717249565603	9.512944972424371	14.637219062437419
8.521566900498566	0.01	0.01	0.01	0.007	0.01	0.9024217088084641	0.10636648994372187	0.050662037812133506	0.042328735618942494	0.05395886105195646	96.88500233886849	56.23578482068947	61.67791245697438	65.83042885604067	9.543397962154138	14.23794061836544
8.642476366893185	0.01	0.01	0.01	0.007	0.01	0.9024217088084696	0.10636648994372187	0.05066203781362126	0.042328742497127494	0.05395886105187218	97.14862738456378	56.24356896008142	61.895140889655586	65.81256277953636	9.57247245268679	13.849552532697142
8.763386212845326	0.01	0.01	0.01	0.007	0.01	0.9024217088084733	0.10636648994372187	0.05066203781500689	0.04232874895652423	0.05395886105179309	97.39708814232257	56.2420107254211	62.10387728120343	65.78394900848312	9.600207066401753	13.471757878752442
8.884296390310643	0.01	0.01	0.01	0.007	0.01	0.9024217088084756	0.10636648994372187	0.05066203781629599	0.042328755013090226	0.05395886105171848	97.63081993898405	56.231418948069	62.30435661241466	65.74495163317528	9.626639366299656	13.104267892604055
9.00520686725962	0.01	0.01	0.01	0.007	0.01	0.9024217088084772	0.10636648994372187	0.050662037817494066	0.042328760681981034	0.05395886105164827	97.85024621858427	56.21209372878768	62.496807487080275	65.69592437680906	9.651805894074542	12.7468016262478
9.12611760365489	0.01	0.01	0.01	0.007	0.01	0.9024217088084783	0.10636648994372187	0.05066203781860569	0.04232876597761228	0.05395886105158204	98.05577881773456	56.18432667766834	62.68145226499953	65.63721088614187	9.675742192529206	12.399085808363404
9.247028567466476	0.01	0.01	0.01	0.007	0.01	0.9024217088084788	0.10636648994372187	0.05066203781963552	0.0423287709136971	0.05395886105151966	98.24781831024873	56.148401144459974	62.85850725701428	65.56914500197942	9.698482836043866	12.060854588741966
9.367939742679512	0.01	0.01	0.01	0.007	0.01	0.9024217088084792	0.10636648994372187	0.050662037820587424	0.04232877550328437	0.05395886105146079	98.42675432112372	56.10459243928671	63.02818289844857	65.49205102015068	9.720061457972518	11.731849317347644
9.488851121286713	0.01	0.01	0.01	0.007	0.01	0.9024217088084794	0.10636648994372187	0.05066203782146528	0.04232877975880145	0.05395886105140524	98.5929658063881	56.05316805179847	63.19068389440371	65.40624395399213	9.740510774277347	11.411818373953494
9.60976267125774	0.01	0.01	0.01	0.007	0.01	0.9024217088084795	0.10636648994372187	0.05066203782227294	0.04232878369210846	0.053958861051352947	98.74682130102646	55.9943878800936	63.34620933359429	65.3120298131057	9.759862603219288	11.100517060232773
9.730674360562135	0.01	0.01	0.01	0.007	0.01	0.9024217088084796	0.10636648994372187	0.050662037823013414	0.04232878731451928	0.053958861051303715	98.88867924115694	55.92850443297265	63.494952876157924	65.20970583882503	9.778147894302894	10.797707345087238
9.851586181192374	0.01	0.01	0.01	0.007	0.01	0.9024217088084796	0.10636648994372187	0.050662037823689936	0.04232879063681985	0.05395886105125716	99.01888826377845	55.855763017731576	63.63710292901227	65.0995607228878	9.795396755250714	10.503157625463201
9.972498117133222	0.01	0.01	0.01	0.007	0.01	0.9024217088084796	0.10636648994372187	0.05066203782430504	0.04232879366931479	0.05395886105121323	99.13778743320844	55.77640195296719	63.772842748191884	64.9818748669724	9.811638469850935	10.216642632543968
10.093410152369398	0.01	0.01	0.01	0.007	0.01	0.9024217088084796	0.10636648994372187	0.050662037824861915	0.04232879642185046	0.05395886105117197	99.24570651236648	55.69065275723326	63.90235058944069	64.8569206054285	9.826901521691946	9.937943238827522
10.214322278893281	0.01	0.01	0.01	0.007	0.01	0.9024217088084796	0.10636648994372187	0.05066203782536267	0.04232879890383608	0.05395886105113291	99.34296622246009	55.598740329815804	64.02579985244083	64.72496241876439	9.841213616885886	9.666846273084094
10.335234480689532	0.01	0.01	0.01	0.007	0.01	0.9024217088084796	0.10636648994372187	0.05066203782580978	0.04232880112427606	0.053958861051096325	99.42987847545432	55.50088314410398	64.14335919624135	64.58625716664281	9.85460170326659	9.403144394439796
10.456146741742783	0.01	0.01	0.01	0.007	0.01	0.9024217088084796	0.10636648994372187	0.05066203782620504	0.042328803091788075	0.053958861051061784	99.50674662227932	55.39729341953989	64.25519267738635	64.4410542908017	9.867091992132998	9.146635914794645
10.577059046037643	0.01	0.01	0.01	0.007	0.01	0.9024217088084796	0.10636648994372187	0.050662037826551064	0.04232880481462347	0.05395886105102927	99.57386568625846	55.288177293778155	64.36145987533249	64.28959601977621	9.878709978322004	8.89712464479094
10.697971393574129	0.01	0.01	0.01	0.007	0.01	0.9024217088084796	0.10636648994372187	0.05066203782684936	0.04232880630067784	0.053958861050998695	99.63152259720233	55.17373497464494	64.46231602745866	64.13211754678335	9.889480461106276	8.654419712270988
10.818883784352254	0.01	0.01	0.01	0.007	0.01	0.9024217088084796	0.10636648994372187	0.050662037827101825	0.04232880755751832	0.053958861050969906	99.67999640048107	55.054160915863505	64.55791213199136	63.968847241654224	9.899427561387288	8.41833545168433
10.939796202356604	0.01	0.01	0.01	0.007	0.01	0.9024217088084796	0.10636648994372187	0.05066203782731009	0.04232880859240924	0.053958861050942976	99.71955846758941	54.929643992558425	64.64839505199234	63.800006862250854	9.908574739043639	8.188691292062567
11.060708639579468	0.01	0.01	0.01	0.007	0.01	0.9024217088084796	0.10636648994372187	0.05066203782747565	0.04232880941231471	0.053958861050917704	99.75047271644385	54.80036763255541	64.73390764759512	63.62581170634624	9.91694481302865	7.965311571007112
11.181621080005419	0.01	0.01	0.01	0.007	0.01	0.9024217088084796	0.10636648994372187	0.05066203782760005	0.042328810023922595	0.05395886105089389	99.77299580951636	54.666509982819136	64.81458887329113	63.446470812277205	9.92455997764739	7.748025430905299
11.30253353164217	0.01	0.01	0.01	0.007	0.01	0.9024217088084796	0.10636648994372187	0.050662037827684574	0.04232881043364084	0.053958861050871595	99.78737735717812	54.52824401960911	64.89057390533127	63.26218708459258	9.931441821544807	7.536666631160891
11.423445986482008	0.01	0.01	0.01	0.007	0.01	0.9024217088084796	0.10636648994372187	0.05066203782773052	0.042328810647632664	0.05395886105085097	99.79386010148768	54.38573773404655	64.96199421771217	63.07315752142123	9.93761134162444	7.331073494037253
11.544358420501789	0.01	0.01	0.01	0.007	0.01	0.9024217088084796	0.10636648994372187	0.05066203782773918	0.042328810671829406	0.05395886105083169	99.79268010879382	54.23915427303337	65.0289776858739	62.879573381820926	9.943088959632874	7.131088777195172
11.665270841709228	0.01	0.01	0.01	0.007	0.01	0.9024217088084796	0.10636648994372187	0.050662037827711566	0.04232881051191483	0.05395886105081375	99.7840669518965	54.08865201551367	65.09164871146427	62.68162026875671	9.947894540043448	6.936559473675396
11.786183250104328	0.01	0.01	0.01	0.007	0.01	0.9024217088084796	0.10636648994372187	0.05066203782764882	0.04232881017335865	0.05395886105079685	99.7682438839764	53.93438474968647	65.15012829324226	62.479478346327376	9.95204740314929	6.747336763878648
11.90709563767938	0.01	0.01	0.01	0.007	0.01	0.9024217088084796	0.10636648994372187	0.05066203782755181	0.04232880966142721	0.05395886105078141	99.74542801355256	53.776501801420046	65.2045341211888	62.27332249233607	9.955566340119494	6.5632758999303284
12.028008004434387	0.01	0.01	0.01	0.007	0.01	0.9024217088084796	0.10636648994372187	0.05066203782742157	0.04232880898118414	0.05395886105076702	99.71583047015812	53.61514813744468	65.254980674397	62.06332241848675	9.958469627976536	6.38423606990603
12.148920350369352	0.01	0.01	0.01	0.007	0.01	0.9024217088084796	0.10636648994372187	0.050662037827259004	0.04232880813750378	0.05395886105075382	99.67965656791698	53.45046449547433	65.30157930449549	61.849642826342944	9.960775043294545	6.210080303165784
12.269832667476575	0.01	0.01	0.01	0.007	0.01	0.9024217088084796	0.10636648994372187	0.050662037827064854	0.04232880713508453	0.0539588610507418	99.63710596736462	53.28258751241879	65.34443831825386	61.63244356090121	9.962499875759526	6.04067537662976
12.390744963763764	0.01	0.01	0.01	0.007	0.01	0.9024217088084796	0.10636648994372187	0.05066203782683992	0.04232880597844352	0.05395886105073071	99.58837282164352	53.1116498049082	65.3836630692029	61.41187970280069	9.963660941812153	5.8758916790496984
12.511657215207823	0.01	0.01	0.01	0.007	0.01	0.9024217088084796	0.10636648994372187	0.05066203782658505	0.042328804671952144	0.053958861050720515	99.53364594563408	52.937780147640886	65.419356022498	61.188101787247604	9.964274597063346	5.715603177693646
12.632569421808766	0.01	0.01	0.01	0.007	0.01	0.9024217088084796	0.10636648994372187	0.0506620378263008	0.04232880321981064	0.05395886105071141	99.47310894042124	52.76110350221445	65.45161685217106	60.96125583018775	9.964356749484145	5.559687244820317
12.753481599582	0.01	0.01	0.01	0.007	0.01	0.9024217088084796	0.10636648994372187	0.050662037825987834	0.04232880162605975	0.053958861050703376	99.40694033416491	52.581741130946014	65.48054251225344	60.73148346495505	9.963922871141131	5.408024578171868
12.874393740519839	0.01	0.01	0.01	0.007	0.01	0.9024217088084796	0.10636648994372187	0.050662037825646856	0.04232879989461031	0.05395886105069604	99.33531374143875	52.39981075770894	65.50622730098897	60.498922138977065	9.962988010153094	5.260499160593676
12.995305836614603	0.01	0.01	0.01	0.007	0.01	0.9024217088084796	0.10636648994372187	0.050662037825278346	0.042328798029236274	0.05395886105068965	99.25839798734712	52.215426632649	65.52876294048832	60.26370518726826	9.961566802424636	5.116998139054003
13.116217887866311	0.01	0.01	0.01	0.007	0.01	0.9024217088084796	0.10636648994372187	0.050662037824882905	0.042328796033575096	0.05395886105068406	99.17635723266282	52.02869961600965	65.54823864816636	60.02596193102266	9.959673482748268	4.977411729252821
13.237129894274979	0.01	0.01	0.01	0.007	0.01	0.9024217088084796	0.10636648994372187	0.05066203782446101	0.042328793911138474	0.053958861050679215	99.08935110530518	51.83973728362932	65.56474120310752	59.78581780410583	9.957321895761867	4.841633141811481
13.358041855840623	0.01	0.01	0.01	0.007	0.01	0.9024217088084796	0.10636648994372187	0.050662037824013115	0.042328791665317576	0.0539588610506753	98.99753482414788	51.64864401808202	65.5783550125905	59.54339446137248	9.954525506595706	4.709558500570034
13.478953780570938	0.01	0.01	0.01	0.007	0.01	0.9024217088084796	0.10636648994372187	0.05066203782353955	0.042328789299382885	0.053958861050672054	98.90105931290834	51.45552108446744	65.58916217742272	59.298809867747586	9.951297411001233	4.581086754722242
13.59986566045826	0.01	0.01	0.01	0.007	0.01	0.9024217088084796	0.10636648994372187	0.050662037823040906	0.042328786816503816	0.053958861050669514	98.80007133632465	51.26046675494439	65.5972425526551	59.05217844922464	9.94765034605383	4.456119627141406
13.720777495502604	0.01	0.01	0.01	0.007	0.01	0.9024217088084796	0.10636648994372187	0.050662037822517735	0.04232878421973877	0.05395886105066778	98.69471359568651	51.06357635453982	65.60267381141027	58.80361114426414	9.943596699380363	4.334561513075629
13.841689285703989	0.01	0.01	0.01	0.007	0.01	0.9024217088084796	0.10636648994372187	0.050662037821970145	0.04232878151204419	0.053958861050666725	98.58512484559728	50.864942355295064	65.60553150344326	58.55321551669304	9.939148518861659	4.216319415870986
13.962601023054765	0.01	0.01	0.01	0.007	0.01	0.9024217088084796	0.10636648994372187	0.05066203782139854	0.04232877869628335	0.05395886105066633	98.47144000945042	50.66465446890929	65.60588911313125	58.301095866717475	9.934317522236698	4.101302883334063
14.083512715562616	0.01	0.01	0.01	0.007	0.01	0.9024217088084796	0.10636648994372187	0.050662037820803266	0.04232877577521619	0.05395886105066655	98.3537902618338	50.46279968414248	65.60381811596986	58.04735327255038	9.929115105172833	3.989423915576096
14.204424363227561	0.01	0.01	0.01	0.007	0.01	0.9024217088084796	0.10636648994372187	0.050662037820184726	0.04232877275151708	0.053958861050667446	98.23230315246832	50.25946238138679	65.59938803291244	57.79208572939235	9.923552350936632	3.880596921065869
14.32533595804196	0.01	0.01	0.01	0.007	0.01	0.9024217088084796	0.10636648994372187	0.05066203781954309	0.04232876962777836	0.053958861050668855	98.10710270672895	50.05472440615581	65.59266648448245	57.53538823666827	9.917640039048605	3.774738650120082
14.446247508013487	0.01	0.01	0.01	0.007	0.01	0.9024217088084796	0.10636648994372187	0.05066203781887863	0.04232876640649959	0.053958861050670937	97.97830949739758	49.84866509942677	65.58371924136968	57.27735283139699	9.911388652419419	3.6717681100857633
14.56715901314216	0.01	0.01	0.01	0.007	0.01	0.9024217088084796	0.10636648994372187	0.05066203781819163	0.04232876309010508	0.05395886105067358	97.84604076282713	49.64136140713608	65.57261027584501	57.01806872098967	9.904808386542356	3.571606524892771
14.688070473427995	0.01	0.01	0.01	0.007	0.01	0.9024217088084796	0.10636648994372187	0.0506620378174824	0.042328759680941866	0.053958861050676786	97.71041049034703	49.43288793390781	65.5594018106176	56.757622346163764	9.897909156990673	3.474177267476654
14.808981880863367	0.01	0.01	0.01	0.007	0.01	0.9024217088084796	0.10636648994372187	0.05066203781675098	0.04232875618128781	0.05395886105068053	97.5715295143998	49.223317022274124	65.5441543676454	56.49609747587777	9.890700607544709	3.3794058073432276
14.929893235448297	0.01	0.01	0.01	0.007	0.01	0.9024217088084796	0.10636648994372187	0.05066203781599773	0.04232875259334437	0.05395886105068481	97.42950558495893	49.012718788560676	65.52692681280308	56.23357524826448	9.883192116706947	3.287219640655716
15.05080453718281	0.01	0.01	0.01	0.007	0.01	0.9024217088084796	0.10636648994372187	0.05066203781522279	0.04232874891924457	0.053958861050689706	97.284443460229	48.80116119835186	65.50777640171346	55.97013426114354	9.875392805355725	3.197548241488593
15.17171579407456	0.01	0.01	0.01	0.007	0.01	0.9024217088084796	0.10636648994372187	0.0506620378144264	0.042328745161050244	0.053958861050695	97.13644497850974	48.58871011247539	65.48675882222938	55.705850625858574	9.867311543232363	3.110323002171977
15.292627006123563	0.01	0.01	0.01	0.007	0.01	0.9024217088084796	0.10636648994372187	0.050662037813608674	0.04232874132076463	0.053958861050701024	96.98560915696484	48.37542937347541	65.46392823971976	55.44079807159599	9.858956956816046	3.0254771926658384
15.413538181337467	0.01	0.01	0.01	0.007	0.01	0.9024217088084796	0.10636648994372187	0.05066203781276959	0.042328737400324355	0.0539588610507073	96.83203224941721	48.161380834330004	65.43933733587681	55.175047977907845	9.850337434909832	2.942945897926034
15.53444930370103	0.01	0.01	0.01	0.007	0.01	0.9024217088084796	0.10636648994372187	0.05066203781190958	0.04232873340162152	0.053958861050714034	96.6758078624625	47.94662447047895	65.41303735578244	54.9086695108025	9.841461137413072	2.862665989953179
15.655360381221897	0.01	0.01	0.01	0.007	0.01	0.9024217088084796	0.10636648994372187	0.05066203781102862	0.04232872932647656	0.05395886105072134	96.51702696762786	47.731218348519405	65.38507813746342	54.64172958097875	9.832335998190342	2.7845760466981617
15.776271421907703	0.01	0.01	0.01	0.007	0.01	0.9024217088084796	0.10636648994372187	0.050662037810126875	0.04232872517665491	0.05395886105072905	96.35577800231947	47.515218720821814	65.35550815454151	54.37429295854434	9.822969732832926	2.7086163221244575
15.897182409743229	0.01	0.01	0.01	0.007	0.01	0.9024217088084796	0.10636648994372187	0.05066203780920416	0.04232872095388351	0.053958861050737314	96.19214697187617	47.298680119486754	65.32437455981808	54.106422386698185	9.81336984654996	2.634728714941052
16.0	0.01	0.01	0.01	0.007	0.01	0.9024217088084796	0.10636648994372187	0.050662037808403726	0.04232872407815703	0.05395886105074457	96.05119050420527	47.11416025492422	65.29670402547279	53.878340501693984	9.80502816908447	2.573485700987978
