0.0	0.01	0.01	0.01	0.007	0.01	0.0	0.0	0.0	0.0	0.0	0.0	0.0	0.0	0.0	0.0	100.0
0.0034351510459421255	0.01	0.01	0.01	0.007	0.01	0.011224858114192436	0.003395731353770962	0.00394588988654093	0.0041088696304824165	0.004884139784557878	0.0006750232885327494	0.0011437284726725893	0.0023562961948355938	0.003909327221871327	0.0004619048990503168	99.92755664338134
0.005469572984959538	0.01	0.01	0.01	0.007	0.01	0.01780769087826992	0.005361541884894752	0.00615082458529314	0.006343473535427241	0.007640785643586107	0.001706293687836064	0.002881900489763998	0.005887068592442606	0.009700329059639965	0.0011568819030551621	99.88467778759849
0.008552922245109167	0.01	0.01	0.01	0.007	0.01	0.027693413321307224	0.008278217284475206	0.009316443946888384	0.009472185575437626	0.011635782340561264	0.004153742403556454	0.006982110290629683	0.014082936842977456	0.02297057908752721	0.0027776481825404617	99.81972610060507
0.011380538462629562	0.01	0.01	0.01	0.007	0.01	0.036663578911836886	0.01088803145887465	0.012043096813493116	0.012089636562279812	0.01511512833805212	0.007324268526082018	0.01225796134387119	0.024442528615469167	0.039509399969371084	0.004836942973542319	99.76019863497973
0.014669151414683427	0.01	0.01	0.01	0.007	0.01	0.04698235404652867	0.01384713643531774	0.01501534967773146	0.01485835136470441	0.01895290419750358	0.012111351099035245	0.02016785759213845	0.039690772388243895	0.06350647678452585	0.007884430688279206	99.69101083724313
0.018010877548564126	0.01	0.01	0.01	0.007	0.01	0.057343803254513895	0.016772268340837473	0.017830621935065828	0.017396603533672512	0.022637033434746632	0.018170559922102585	0.03010438322530875	0.05847491725434821	0.09262932847223421	0.01166051399370615	99.620754765885
0.021611158377005384	0.01	0.01	0.01	0.007	0.01	0.068368782912933	0.019834069235918086	0.020648610867561694	0.01985200937775697	0.026380095911353377	0.026026464612619822	0.042886295264898885	0.08215607281295213	0.1287934024090816	0.01645031822118557	99.54511827552794
0.025346734014679205	0.01	0.01	0.01	0.007	0.01	0.07965851621463904	0.022915495854293	0.02335377721408561	0.0221255299174667	0.030034726299937965	0.035611134807342994	0.05835289752321651	0.11021961740891734	0.1709969973242422	0.02216382296285719	99.46670014811691
0.02927574208091496	0.01	0.01	0.01	0.007	0.01	0.09137069773470621	0.026054832734608197	0.025977049752378238	0.024248637717842435	0.033647244569671955	0.04724189182673482	0.07696144654071833	0.14327085802801814	0.2199427158212858	0.02893980660367064	99.3842880944552
0.03336293224741944	0.01	0.01	0.01	0.007	0.01	0.10338046096765521	0.02921351046330004	0.02848367146623257	0.026198880887641062	0.03717383207828678	0.06099850633997059	0.09877704161983153	0.18118142374546833	0.2752279551368852	0.036769923009355214	99.29863058624925
0.03762648124196748	0.01	0.01	0.01	0.007	0.01	0.11572216098368203	0.03239604647192265	0.030876987763000633	0.02798602580638821	0.04061866181753582	0.07711815786183131	0.12410719982216464	0.22423250572923797	0.337058270632912	0.045731708741981694	99.20935570113417
0.04205882005464432	0.01	0.01	0.01	0.007	0.01	0.1283538636156725	0.03558709433313784	0.033146003782520216	0.029609409192338496	0.0439556620687608	0.09575626913132965	0.15311980085499408	0.2724424242850255	0.40525931037392776	0.05584889339947527	99.11663160006795
0.046668825702347226	0.01	0.01	0.01	0.007	0.01	0.14128050544542237	0.0387835938691325	0.03529031526275994	0.031076842858799154	0.04715362343402866	0.11713613828993133	0.18607864139766303	0.32597296475500354	0.4798682621713518	0.06717189412163296	99.02028266789716
0.05145983092715259	0.01	0.01	0.01	0.007	0.01	0.15449001815112498	0.04197825701938315	0.037307493725288375	0.03239491546679041	0.050144032944985865	0.14146776317058085	0.22321497676486052	0.3849116645597859	0.5608231114704538	0.07972492467153748	98.92025009718319
0.05642856189519567	0.01	0.01	0.01	0.007	0.01	0.1679517844698956	0.04515967978268596	0.03919393423632684	0.03356981281861672	0.05281199083436604	0.16892928691767833	0.26470061105068715	0.44923851929557534	0.6479263907558162	0.0934859467136509	98.81661349365314
0.06152687137901408	0.01	0.01	0.01	0.007	0.01	0.18151740441626363	0.048290254578490836	0.040933678655859215	0.03460102473229276	0.05499679153578483	0.1994139719474226	0.31027415954894705	0.5182788011716953	0.7401299713925086	0.10825510867700752	98.71038703348366
0.06676607412649807	0.01	0.01	0.01	0.007	0.01	0.19520177565577548	0.051372000564494355	0.0425359721888096	0.03550371590379169	0.05659299515484513	0.23312199855792395	0.3601345365619998	0.5920864027331185	0.8374026135747243	0.12394616036376876	98.60134394218606
0.07224692151582945	0.01	0.01	0.01	0.007	0.01	0.2092446420963425	0.054455356757133255	0.04403217421822841	0.036303406658657465	0.05757572843094062	0.2709088694300088	0.4154239043266286	0.6720551097769405	0.9414549154009862	0.14071855942403394	98.4874004380454
0.07797141586458688	0.01	0.01	0.01	0.007	0.01	0.2236198962921724	0.057529196919320534	0.0454199273487304	0.03700543077300851	0.05797288348140628	0.3130661102405229	0.4764198872475709	0.7582398766826058	1.0522132621589204	0.15842260923717957	98.36853224159569
0.0838970045049021	0.01	0.01	0.01	0.007	0.01	0.23819238243349636	0.060560575558713484	0.046689590454436825	0.03761201841142699	0.05789442746244387	0.3595286397329807	0.5428761073379039	0.8499694809711988	1.1687035492084543	0.1767707362617208	98.245639467446
0.0900398637509583	0.01	0.01	0.01	0.007	0.01	0.2529756546919545	0.06354931896132286	0.04784779641665841	0.03813354764537717	0.05748194350922334	0.41065029245671497	0.6151422340762175	0.9474245936674864	1.291072611333517	0.1956814992296993	98.11840272124488
0.09645120959936808	0.01	0.01	0.01	0.007	0.01	0.26806147000867003	0.06651005969275867	0.04890605717552402	0.038581632393586814	0.0568550994001701	0.4671299372401115	0.6940266758946196	1.0513659489201512	1.4201905380337896	0.21521054257324362	97.98578056516989
0.10318619406285598	0.01	0.01	0.01	0.007	0.01	0.2835394621332047	0.069454838585758	0.049873198766006474	0.03896560335558407	0.05610172182987078	0.529801403312898	0.780478952488128	1.1626648898560734	1.5570418354829438	0.2354458462448608	97.84665682587553
0.1102817037660214	0.01	0.01	0.01	0.007	0.01	0.29944642210663075	0.0723839104300161	0.05075324267256125	0.039292137834266945	0.05528533987568324	0.5994227206886324	0.8752919408364872	1.2819191217683135	1.7022587632575095	0.25643414780438256	97.70029943285395
0.11776188783009656	0.01	0.01	0.01	0.007	0.01	0.3157829962140648	0.07529023487733069	0.05154826029495145	0.03956684600312716	0.05445144822544002	0.6766902211115441	0.9791266379116724	1.4095129858862272	1.8562144013357709	0.27819603051583136	97.54624449005433
0.1256464124170274	0.01	0.01	0.01	0.007	0.01	0.3325345359514637	0.0781641147842693	0.05226039186103975	0.03979514172326422	0.05363169614215162	0.7622973835496418	1.0925949937003379	1.5457413639055988	2.019184500566013	0.30074918585102084	97.38412508351321
0.1339575297895556	0.01	0.01	0.01	0.007	0.01	0.34968681840950966	0.0809962509988327	0.05289273408276318	0.039982482765131076	0.05284709810758593	0.8570042741041766	1.216350545844357	1.6909280105779945	2.191493055438662	0.3241269174824662	97.21352588547597
0.1427215322274143	0.01	0.01	0.01	0.007	0.01	0.36722817804498803	0.08377808780049319	0.05344924674125979	0.040134229348393224	0.05211101872171772	0.9616606307014353	1.3511122291251247	1.8454534252925299	2.3735442192870733	0.348379842941922	97.0339542049795
0.15196915265793984	0.01	0.01	0.01	0.007	0.01	0.38514906903862595	0.08650168966602347	0.053934540326929216	0.0402554955679518	0.05143144489635589	1.0772201412928808	1.497674544091332	2.0097646190868743	2.5658316617478647	0.3735749132341773	96.84483299411791
0.16173525497015573	0.01	0.01	0.01	0.007	0.01	0.40344014377848114	0.08915942145787135	0.05435366269217068	0.040351037634063745	0.050812626161570104	1.2047464131805088	1.6569058709683653	2.1843715113776425	2.768932118835382	0.39979291620378016	96.6455085806353
0.1720587911106465	0.01	0.01	0.01	0.007	0.01	0.4220909167481785	0.09174378344798402	0.05471195434716794	0.040425190482822	0.0502561727828952	1.3454212574434807	1.8297490770974183	2.369847121824302	2.9835035824136322	0.42712712081379367	96.43525306302075
0.18298271721777992	0.01	0.01	0.01	0.007	0.01	0.4410883875776418	0.09424729547007966	0.05501493419996338	0.04048183367416998	0.049761801382115195	1.5005516579659854	2.017219842584823	2.566826406115074	3.2102819284939557	0.4556820792321818	96.21326770602595
0.19455401018082014	0.01	0.01	0.01	0.007	0.01	0.4604158960097691	0.09666246638331735	0.05526820950286016	0.04052437967373908	0.04932783876585851	1.6715771487672	2.2204050423758055	2.7760064322363083	3.4500790315003105	0.48557286893758467	95.97868447749069
0.20682364542224704	0.01	0.01	0.01	0.007	0.01	0.48005196742100986	0.09898181021944978	0.05547739393108621	0.04055577770917181	0.048951575796509765	1.8600755582600497	2.440458917913908	2.998145519177168	3.7037795320548774	0.5169243277014547	95.7305685912122
0.21984658130386558	0.01	0.01	0.01	0.007	0.01	0.4999692635227459	0.10119792085015353	0.05564802645196756	0.04057853004289287	0.04862952462903092	2.0677674023691544	2.6785977814217534	3.23406220382169	3.9723372374838513	0.5498703489550647	95.46792115003981
0.23368177118097808	0.01	0.01	0.01	0.007	0.01	0.5201336967233117	0.10330360387469169	0.05578548169419534	0.040594717998129325	0.04835761744203373	2.2965189806474244	2.936093731359921	3.4846344098573176	4.256771600765484	0.5845532468451949	95.18968149205703
0.24839226929044025	0.01	0.01	0.01	0.007	0.01	0.5405038181911078	0.10529206477968868	0.05589486571668882	0.040606035696230475	0.04813137167281637	2.548345093379456	3.214268822378665	3.750799920815379	4.558165622331672	0.6211233215309333	94.89472795043471
0.26404531375644336	0.01	0.01	0.01	0.007	0.01	0.5610303192578106	0.10715712156965207	0.05598089909636967	0.04061382957263117	0.04794604026503073	2.825409301733818	3.5144877809476065	4.033555855004717	4.877662741384757	0.6597383088975651	94.58187942545536
0.28071161073419315	0.01	0.01	0.01	0.007	0.01	0.5816547634196318	0.10889335930152938	0.0560478045152933	0.04061914181409216	0.047796759388820394	3.1300068675092705	3.838134258647166	4.333942966144504	5.216446975857787	0.7005608191805032	94.24991322145642
0.29846286220601986	0.01	0.01	0.01	0.007	0.01	0.6023069224478106	0.11049620813065303	0.0560992324446553	0.04062275605821592	0.047678689771145304	3.4645085580534265	4.186550912735268	4.652997761097425	5.575687490484549	0.7437515336291919	93.89761773444658
0.31736808505205316	0.01	0.01	0.01	0.007	0.01	0.6229022355620758	0.11196209995422442	0.05613825420804415	0.04062524336286118	0.04758713598352275	3.8312692152180725	4.560953066838029	4.991683174215064	5.956459917856503	0.7894596594731044	93.52386817496921
0.3374917633173515	0.01	0.01	0.01	0.007	0.01	0.6433429889791471	0.11328890258738926	0.05616741977130309	0.04062700600281228	0.04751763907101201	4.232558728535785	4.962377836245078	5.35085316115145	6.359706464186952	0.8378180464659699	93.12766462621094
0.35889580083555156	0.01	0.01	0.01	0.007	0.01	0.663523985544378	0.11447649664902002	0.05618884315522752	0.04062831691431102	0.047466061377905364	4.670564559439263	5.391712414818819	5.731285832099655	6.786272978902588	0.8889474897636407	92.70809471140745
0.38164335285780177	0.01	0.01	0.01	0.007	0.01	0.6833390763059483	0.11552712635699518	0.05620427786971533	0.040629353687242804	0.04742867347085167	5.147439875543853	5.849765925654548	6.13374927327696	7.236982172696281	0.9429653577298629	92.26426052857381
0.40580169260674437	0.01	0.01	0.01	0.007	0.01	0.702685408757367	0.11644537327940556	0.05621516972136065	0.0406302267268643	0.047402225951959004	5.665341829900873	6.337326414169839	6.559048585534257	7.712685284554446	0.9999917189096986	91.79522640600193
0.4314435075509221	0.01	0.01	0.01	0.007	0.01	0.7214654830645718	0.1172378774272054	0.056222693096776404	0.04063100144668258	0.04738398575133731	6.226442241544906	6.8551879831444165	7.008043634591024	8.214280774240539	1.0601516513086204	91.2999988423637
0.4586475104406264	0.01	0.01	0.01	0.007	0.01	0.739588371967709	0.11791295983067435	0.05622778049911815	0.04063171471767554	0.04737173245830086	6.832924783622238	7.404164131448796	7.481653591929591	8.742718279293062	1.1235759149465925	90.77752080871451
0.48749907174998064	0.01	0.01	0.01	0.007	0.01	0.7569708430751695	0.11848021751183477	0.05623115179703506	0.040632386291531875	0.04736372244508305	7.486982445534804	7.985100729396013	7.980860809899351	9.299001886232064	1.1904016439741008	90.22666657866668
0.5180908668998766	0.01	0.01	0.01	0.007	0.01	0.7735383755152438	0.11895011064428385	0.05623334549862393	0.04063302623331669	0.04735863196679768	8.190814957293993	8.598887888763638	8.506713847930673	9.884192423634405	1.260772993840536	89.64623733066787
0.5505231036189145	0.01	0.01	0.01	0.007	0.01	0.7892258701530758	0.11933355608903308	0.05623475139476653	0.040633639450927815	0.047355489624129804	8.946615803028875	9.246461495453808	9.060322199702032	10.499400395842759	1.3348407076847992	89.03496580975904
0.5849026575561878	0.01	0.01	0.01	0.007	0.01	0.8039779386888019	0.11964154631057228	0.05623564248151835	0.040634228271203	0.04735360671105171	9.756532028910819	9.92878098394512	9.642831705023431	11.145757327333051	1.4127590967343293	88.39154229818813
0.621340677177186	0.01	0.01	0.01	0.007	0.01	0.817748958811666	0.11988481552306189	0.05623620396609686	0.04063479380012731	0.04735251177718669	10.62258515716934	10.646775637643158	10.255374321758646	11.824358681597342	1.4946795676402682	87.71466899067185
0.659948456054225	0.01	0.01	0.01	0.007	0.01	0.8305031966322226	0.12007356623575596	0.05623655782237644	0.04063533658383495	0.04735189348633384	11.546548176931385	11.401257548881809	10.89899056900133	12.536176826541181	1.5807404605862458	87.00314476644525
0.7008320730349203	0.01	0.01	0.01	0.007	0.01	0.8422153813070014	0.12021726033108934	0.056236782281171814	0.04063585690707809	0.04735155371669428	12.529792430091602	12.192813950671813	11.574535059922127	13.281956021843147	1.6710545905606278	86.25596897094829
0.7440870423554465	0.01	0.01	0.01	0.007	0.01	0.8528719438029396	0.1203244696377137	0.0562369264249178	0.040636354930837545	0.047351371138750306	13.573138585090462	13.021705643412165	12.282587373299581	14.062114384018352	1.7656974714200018	85.4724396960093
0.7897950276760168	0.01	0.01	0.01	0.007	0.01	0.862472830243861	0.12040277772444455	0.05623702055691977	0.040636830779831115	0.04735127434334766	14.676766900577956	13.887811704877839	13.023402253423578	14.876690375061067	1.8647007720639845	84.65220895343177
0.8380245442164903	0.01	0.01	0.01	0.007	0.01	0.8710333249533456	0.12045872583118111	0.056237083225415846	0.0406372846252977	0.04735122297411397	15.840237540773344	14.790654220849758	13.796928233410606	15.725365339540387	1.9680548948747874	83.79526238272292
0.8888362160124761	0.01	0.01	0.01	0.007	0.01	0.878585014965196	0.12049780100373009	0.05623712578203297	0.0406377167643607	0.04735119512328942	17.062634282306245	15.729507187297672	14.602899152701951	16.60756593913342	2.0757212695204736	82.90181823775232
0.9422911656892179	0.01	0.01	0.01	0.007	0.01	0.8851751862178678	0.12052446827916824	0.05623715523226919	0.0406381276763786	0.047351179335591555	18.34279117852771	16.70355525077899	15.440970325824413	17.52261426255664	2.1876505815232496	81.9721765921478
0.998460007159869	0.01	0.01	0.01	0.007	0.01	0.8908645482626131	0.1205422466724581	0.056237175966269905	0.040638518040531084	0.047351169803116905	19.679531915316698	17.71205009041681	16.31085535391293	18.46987655998524	2.3038010523796286	81.00656729576548
1.0574306059090075	0.01	0.01	0.01	0.007	0.01	0.8957238230885158	0.12055382137186059	0.05623719078983612	0.04063888871694564	0.04735116363517893	21.071869314234977	18.754429488431082	17.212433582383323	19.44887759470949	2.4241527661756	80.00502987296167
1.1193138316965716	0.01	0.01	0.01	0.007	0.01	0.8998299403348728	0.12056117737019056	0.05623720153428686	0.040639240704310825	0.04735115939121616	22.51914133953438	19.830386756717417	18.145817061082205	20.459368717974353	2.5487165600909805	78.9673377843385
1.184247824857087	0.01	0.01	0.01	0.007	0.01	0.9032624748470595	0.1205657378426423	0.05623720941920867	0.040639575090793134	0.04735115633265507	24.021094089970273	20.939902413939468	19.111386594510257	21.50136050494761	2.6775387649962896	77.89295650487637
1.2524012849430037	0.01	0.01	0.01	0.007	0.01	0.9061006521586615	0.12056849348939448	0.05623721527158463	0.04063989300778976	0.047351154058321916	25.57792364413614	22.08324894723995	20.109805739577137	22.575129868457676	2.8107029827035115	76.78102564879319
1.3239766273994948	0.01	0.01	0.01	0.007	0.01	0.9084210422986547	0.12057011442533329	0.05623721966109778	0.04064019559257667	0.04735115233259555	27.19029674679038	23.26098390612549	21.142025748639018	23.68121582494567	2.9483306359709136	75.63035070767191
1.399213321233239	0.01	0.01	0.01	0.007	0.01	0.9102959002591757	0.12057104121697063	0.056237222985645256	0.04064048395988198	0.04735115100557175	28.859357270648403	24.473935907874356	22.20928549361861	24.820408168654378	3.0905808286132093	74.43939987195391
1.4783917896396719	0.01	0.01	0.01	0.007	0.01	0.911792065825973	0.1205715553420374	0.05623722552659319	0.04064075918161188	0.04735114997545347	30.586726100757147	25.723188231672196	23.313110707865235	25.99373347054266	3.237650091137335	73.2063010238324
1.5618377173653082	0.01	0.01	0.01	0.007	0.01	0.9129703104283088	0.12057183143734795	0.056237227485157554	0.04064102227157079	0.04735114916993028	32.37448925750952	27.010055200942894	24.455308692692842	27.202433953200092	3.3897714941766193	71.92884309082919
1.649926237037746	0.01	0.01	0.01	0.007	0.01	0.9138850325334903	0.12057197459178835	0.05623722900674302	0.0406412741715568	0.04735114853616615	34.22516139406123	28.33604122066597	25.63794982332003	28.447929795093252	3.5472119719495794	70.60449135229707
1.7430837070489498	0.01	0.01	0.01	0.007	0.01	0.91458421266372	0.12057204603372632	0.056237230197437135	0.04064151573131711	0.04735114803488034	36.14157748727392	29.702748290560297	26.86330528017711	29.731732824140067	3.7102637865275603	69.23045095214187
1.841779700606159	0.01	0.01	0.01	0.007	0.01	0.9151095537509648	0.1205720802249707	0.05623723113529389	0.04064174766492916	0.04735114763655626	38.1265728342804	31.111633531760877	28.13365085379284	31.055219149762166	3.8792181584584853	67.8038802330185
1.9464836366000253	0.01	0.01	0.01	0.007	0.01	0.9154967367171998	0.12057209584984388	0.05623723187806134	0.04064197043304645	0.047351147318901776	40.18198931037653	32.56329562010401	29.45063897189624	32.418959063104346	4.054281546707765	66.32259076347373
2.057492088969448	0.01	0.01	0.01	0.007	0.01	0.915775708194487	0.12057210263258834	0.05623723246829827	0.040642183893708723	0.04735114706518586	42.30536617671843	34.05515771709589	30.813178854656645	33.820540148574445	4.235294045143775	64.7874358997842
2.1743104975069105	0.01	0.01	0.01	0.007	0.01	0.9159709255801738	0.12057210541151131	0.056237232936248396	0.04064238633292823	0.0473511468633717	44.47901586683418	35.57392385724562	32.21039255284356	35.24747887722545	4.420795364356088	63.21029080652519
2.294218167763694	0.01	0.01	0.01	0.007	0.01	0.9161020207354128	0.12057210648008558	0.05623723330165694	0.04064257319631048	0.04735114670558431	46.64661513333076	37.0796785396499	33.60642610383451	36.662277175757346	4.606014777479854	61.63135892712189
2.4126068555907074	0.01	0.01	0.01	0.007	0.01	0.9161864135164278	0.1205721068716087	0.056237233580821416	0.04064274046930715	0.04735114658511138	48.72505314733184	38.514901491419444	34.9478166933494	38.01088541363972	4.7838600625583645	60.1111268757108
2.5273099076389247	0.01	0.01	0.01	0.007	0.01	0.9162402113825278	0.1205721070152525	0.056237233794417994	0.040642890326517536	0.04735114649303374	50.68168242098683	39.85795706836753	36.213284178413375	39.27296304988615	4.951521464475879	58.67399730373644
2.6391697170428268	0.01	0.01	0.01	0.007	0.01	0.9162751411469213	0.12057210706978398	0.0562372339620857	0.04064302693553454	0.047351146420841685	52.53695087508529	41.12386498326465	37.41577925026322	40.4626131397491	5.110728064432923	57.3055894265742
2.749854559439611	0.01	0.01	0.01	0.007	0.01	0.9162983236685047	0.12057210709116402	0.05623723409770922	0.04064315294936545	0.04735114636255009	54.32254750106448	42.334922062437634	38.57564863148995	41.60078138214415	5.26418273317626	55.982971015009845
2.8606435572536504	0.01	0.01	0.01	0.007	0.01	0.916313919927269	0.12057210709968777	0.056237234209976956	0.04064327001434139	0.04735114631441446	56.0609923316528	43.50675639304012	39.70742595973469	42.70215030243325	5.413812788490083	54.689677044548084
2.9721341601281464	0.01	0.01	0.01	0.007	0.01	0.9163244544875458	0.12057210710309423	0.05623723430425307	0.040643379254317435	0.04735114627411304	57.76227404697036	44.64626104248673	40.81758039514276	43.773195251734386	5.560475174184482	53.418352933216596
3.0843610660223764	0.01	0.01	0.01	0.007	0.01	0.9163315537173696	0.12057210710444781	0.05623723438405109	0.04064348140331682	0.04735114624011643	59.42713277482437	45.754027883836734	41.9065796159113	44.81446988409189	5.704232434749964	52.168478034960074
3.1970693524371487	0.01	0.01	0.01	0.007	0.01	0.9163363163203525	0.12057210710498172	0.056237234451923086	0.04064357698847402	0.04735114621130678	61.05214852172562	46.82790012456648	42.97216058858212	45.823944029469686	5.844786956299331	50.94267381525842
3.3099590639263186	0.01	0.01	0.01	0.007	0.01	0.9163394989430168	0.12057210710519113	0.05623723450989959	0.04064366649032826	0.04735114618679278	62.63370595957543	47.86566330967444	44.0119047165554	46.79953277176369	5.981821704384139	49.743768407399926
3.422825001016823	0.01	0.01	0.01	0.007	0.01	0.9163416212214566	0.12057210710527298	0.05623723455966778	0.04064375039796151	0.04735114616583329	64.16993561351782	48.866315365775016	45.02451561477181	47.74029047520075	6.115168582970354	48.57332214429926
3.5355888677079115	0.01	0.01	0.01	0.007	0.01	0.916343035751119	0.12057210710530503	0.05623723460263465	0.0406438291901537	0.0473511461478116	65.66092237969654	49.830163051359605	46.009970963379125	48.64650180098028	6.2448278433194195	47.43143724550628
3.6482647353308635	0.01	0.01	0.01	0.007	0.01	0.9163439789960173	0.12057210710531766	0.05623723463995662	0.040643903305144655	0.047351146132221404	67.10801136654067	50.758332030905294	46.96907885012009	49.51922140442743	6.37090908841125	46.317256181715464
3.760905298279759	0.01	0.01	0.01	0.007	0.01	0.9163446084132745	0.12057210710532251	0.05623723467256954	0.040643973128489996	0.047351146118654076	68.51297179799818	51.65220507573424	47.90293312377199	50.35974588479193	6.493559285413391	45.22958449184504
3.873560092019957	0.01	0.01	0.01	0.007	0.01	0.9163450286198073	0.12057210710532443	0.056237234701224846	0.04064403899671932	0.04735114610678182	69.87743144714175	52.51305459721011	48.81254044867524	51.16926829474971	6.612913663488471	44.16732208075254
3.9862561473319453	0.01	0.01	0.01	0.007	0.01	0.9163453091950239	0.12057210710532523	0.05623723472652692	0.040644101206633025	0.047351146096341355	71.20266318437594	53.341912164175874	49.69867660728329	51.9487553971492	6.729076918556842	43.12963253988768
4.098997445524534	0.01	0.01	0.01	0.007	0.01	0.9163454965149188	0.12057210710532552	0.05623723474896617	0.04064416002402212	0.0473511460871194	72.48962178057991	54.13959988457803	50.5619081103696	52.698977111783186	6.842126171564588	42.115921021212195
4.211773999894128	0.01	0.01	0.01	0.007	0.01	0.9163456215456405	0.12057210710532562	0.05623723476894582	0.04064421568973038	0.04735114607894036	73.73908393589838	54.906824304439844	51.402683536085995	53.42059477479815	6.952123038030007	41.12572971831978
4.324572086720164	0.01	0.01	0.01	0.007	0.01	0.916345704981305	0.12057210710532561	0.05623723478680155	0.04064426842313359	0.04735114607165905	74.95177999907384	55.64426093027286	52.22142083282877	54.1142406109966	7.059125105314516	40.15863646977602
4.437381061844576	0.01	0.01	0.01	0.007	0.01	0.9163457606511374	0.12057210710532568	0.05623723480281471	0.04064431842402072	0.047351146065153636	76.1284695530149	56.35260064915288	53.01855819050214	54.78056139352243	7.163192588127523	39.21419485259633
4.550195591215965	0.01	0.01	0.01	0.007	0.01	0.9163457977922124	0.12057210710532568	0.056237234817223494	0.040644365874003205	0.047351146059321274	77.2699582776836	57.03255855848332	53.79456596883741	55.42022675700911	7.26438986539114	38.291919528501275
4.663014756041231	0.01	0.01	0.01	0.007	0.01	0.9163458225708543	0.12057210710532568	0.056237234830229646	0.04064441093808007	0.04735114605407509	78.3770809611614	57.684862190583466	54.549935782218704	56.0339181283554	7.362784031013999	37.39129855392765
4.775839834294097	0.01	0.01	0.01	0.007	0.01	0.9163458391017848	0.12057210710532568	0.0562372348420049	0.040644453766467574	0.04735114604934171	79.45067429390386	58.310234346182696	55.285162380340616	56.62231258091937	7.458442515645847	36.51181451827656
4.888672320882915	0.01	0.01	0.01	0.007	0.01	0.9163458501301858	0.12057210710532568	0.056237234852695904	0.040644494496457385	0.04735114604505806	80.49155612854135	58.90938063886138	56.00072960001727	57.1860711151717	7.551431252561184	35.65296118230306
5.001512911341507	0.01	0.01	0.01	0.007	0.01	0.9163458574874851	0.12057210710532568	0.05623723486242813	0.0406445332540452	0.04735114604117068	81.50051676891441	59.482984678432956	56.6971043138249	57.72583412304546	7.641813893785562	34.81425080263104
5.114361322232627	0.01	0.01	0.01	0.007	0.01	0.9163458623955553	0.12057210710532568	0.05623723487130968	0.04064457015524162	0.04735114603763351	82.47831906996188	60.03170856680602	57.37473634206207	58.24222184990776	7.7296518049688006	33.995214397430225
5.2272166272442115	0.01	0.01	0.01	0.007	0.01	0.9163458656696261	0.12057210710532568	0.056237234879433745	0.04064460530708401	0.04735114603440717	83.4257029921844	60.55619588303167	58.03406145396255	58.73583719938302	7.815004460619346	33.19539827662499
5.340077735454373	0.01	0.01	0.01	0.007	0.01	0.9163458678536188	0.12057210710532568	0.05623723488688155	0.040644638808437286	0.04735114603145711	84.34339066244192	61.057074775492836	58.67550478668938	59.20726864015218	7.897929890794171	32.41435999773005
5.4529436903357675	0.01	0.01	0.01	0.007	0.01	0.9163458693104268	0.12057210710532568	0.056237234893723294	0.04064467075070179	0.04735114602875369	85.23208924768666	61.53495967540014	59.299482806577	59.657091816190935	7.978484936484357	31.651666023103598
5.5658138267846144	0.01	0.01	0.01	0.007	0.01	0.9163458702821529	0.12057210710532568	0.056237234900020694	0.04064470121845346	0.04735114602627096	86.09249229741569	61.9904520806185	59.90640423638445	60.085870282514826	8.0567253698641	30.9068905982522
5.678687733796712	0.01	0.01	0.01	0.007	0.01	0.9163458709303057	0.12057210710532568	0.05623723490582809	0.04064473029006494	0.047351146023986226	86.92527945368603	62.424140436448	60.49666984631167	60.49415539104932	8.132705867450033	30.179616008427242
5.791565149844126	0.01	0.01	0.01	0.007	0.01	0.9163458713626249	0.12057210710532568	0.05623723491119279	0.04064475803828624	0.04735114602187966	87.7311157606853	62.836599834646414	61.070671950813335	60.88248600528142	8.206479945798126	29.469433208244485
5.90444585823118	0.01	0.01	0.01	0.007	0.01	0.9163458716509784	0.12057210710532568	0.05623723491615669	0.04064478453077448	0.047351146019933656	88.51065113348312	63.228391838289745	61.62879400134189	61.25138833322043	8.278099910218668	28.775942350529913
6.017329649719852	0.01	0.01	0.01	0.007	0.01	0.9163458718433055	0.12057210710532568	0.056237234920756815	0.04064480983055107	0.047351146018132964	89.26452041450924	63.60006463664556	62.17141058607579	61.6013760709891	8.347616856261011	28.09875282369162
6.130216277673475	0.01	0.01	0.01	0.007	0.01	0.9163458719715827	0.12057210710532568	0.05623723492502613	0.040644833996418564	0.04735114601646374	89.9933434275202	63.95215321186704	62.69888742244829	61.93295055754891	8.415080670488868	27.437483303697125
6.243105502913856	0.01	0.01	0.01	0.007	0.01	0.9163458720571394	0.12057210710532568	0.056237234928994066	0.04064485708330127	0.04735114601491408	90.69772563215018	64.28517980127924	63.211581781924615	62.246601207833976	8.480540086636173	26.791761266755625
6.355997078770126	0.01	0.01	0.01	0.007	0.01	0.9163458721142023	0.12057210710532568	0.056237234932686245	0.04064487914257294	0.0473511460134731	91.37825835735985	64.59965414488329	63.709842614309345	62.542805743719065	8.544042703167054	26.161222874397676
6.468890788463721	0.01	0.01	0.01	0.007	0.01	0.9163458721522607	0.12057210710532568	0.0562372349361263	0.04064490022233043	0.04735114601213123	92.0355193457067	64.89607387419481	64.19401090033523	62.82203055817176	8.60563502990426	25.5455125690531
6.5817864451118435	0.01	0.01	0.01	0.007	0.01	0.9163458721776435	0.12057210710532568	0.05623723493933501	0.040644920367654096	0.04735114601087997	92.67007303879463	65.17492477020005	64.66441981910067	63.08473095621536	8.665362510893512	24.944282899600175
6.694683869299354	0.01	0.01	0.01	0.007	0.01	0.9163458721945723	0.12057210710532568	0.056237234942331134	0.04064493962085254	0.04735114600971167	93.28247073828811	65.436680966504	65.12139482313106	63.33135134430244	8.72326953554538	24.357194465197324
6.807582926465653	0.01	0.01	0.01	0.007	0.01	0.9163458722058626	0.12057210710532568	0.05623723494513137	0.04064495802166017	0.047351146008619345	93.87325109486889	65.68180529314768	65.5652539577643	63.56232555226517	8.779399480753872	23.783915545706186
6.920483482044464	0.01	0.01	0.01	0.007	0.01	0.9163458722133926	0.12057210710532568	0.056237234947751055	0.0406449756074502	0.047351146007596955	94.44294014193416	65.91074942198935	65.99630784219552	63.778076968358924	8.833794710090253	23.224122165499416
7.033385408941602	0.01	0.01	0.01	0.007	0.01	0.9163458722184146	0.12057210710532568	0.05623723495020383	0.040644992413407854	0.047351146006638804	94.99205162387898	66.12395414090415	66.4148598689609	63.97901879570794	8.886496600731544	22.67749787812619
7.146288609967857	0.01	0.01	0.01	0.007	0.01	0.916345872221764	0.12057210710532568	0.056237234952502144	0.040645008472680856	0.04735114600573999	95.52108737854368	66.3218496412059	66.82120644770126	64.16555432128055	8.937545575854356	22.143733490291076
7.2591929804533715	0.01	0.01	0.01	0.007	0.01	0.9163458722239975	0.12057210710532568	0.05623723495465707	0.0406450238165425	0.047351146004895886	96.03053742569797	66.504855689029	67.21563702543689	64.33807707554476	8.986981108868266	21.62252707723434
7.372098423202636	0.01	0.01	0.01	0.007	0.01	0.9163458722254872	0.12057210710532568	0.05623723495667921	0.040645038474519224	0.04735114600410236	96.52088031143047	66.67338189578187	67.59843430181375	64.49697108553809	9.034841752204184	21.11358374367917
7.4850048484950165	0.01	0.01	0.01	0.007	0.01	0.9163458722264806	0.12057210710532568	0.05623723495857755	0.04064505247451253	0.047351146003355646	96.99258336983553	66.82782795197139	67.969874382966	64.64261109346786	9.081165158313459	20.61661546340768
7.597912181562841	0.01	0.01	0.01	0.007	0.01	0.916345872227143	0.12057210710532568	0.056237234960360705	0.040645065842907606	0.04735114600265244	97.44610300840424	66.96858386476903	68.33022695550645	64.77536277889037	9.125988103125922	20.131340890600384
7.710820347636684	0.01	0.01	0.01	0.007	0.01	0.9163458722275849	0.12057210710532568	0.056237234962036364	0.04064507860468299	0.04735114600198963	97.8818848959829	67.0960301613079	68.6797553845729	64.8955829486192	9.169346500010251	19.657485272139184
7.8237292719455125	0.01	0.01	0.01	0.007	0.01	0.9163458722278797	0.12057210710532568	0.05623723496361148	0.040645090783505596	0.04735114600136434	98.30036421353587	67.21053811188008	69.01871686139377	65.00361974543877	9.211275419909665	19.194780293707154
7.9366389021501025	0.01	0.01	0.01	0.007	0.01	0.9163458722280761	0.12057210710532568	0.05623723496509289	0.04064510240180538	0.04735114600077396	98.70196597722592	67.31246996696622	69.34736261171395	65.09981286992355	9.251809118926875	18.742963840759558
8.04954917095468	0.01	0.01	0.01	0.007	0.01	0.9163458722282072	0.12057210710532568	0.05623723496648634	0.04064511348087467	0.047351146000216233	99.0871051366571	67.40217913047405	69.66593792284826	65.1844937421139	9.290981043449206	18.301780006488542
8.162460048451523	0.01	0.01	0.01	0.007	0.01	0.9163458722282946	0.12057210710532568	0.05623723496779705	0.040645124040914964	0.0473511459996889	99.45618698730539	67.48001040952234	69.97468242899266	65.25798573547199	9.328823867087632	17.870978743767783
8.275371474820961	0.01	0.01	0.01	0.007	0.01	0.916345872228353	0.12057210710532568	0.05623723496903014	0.040645134101139214	0.04735114599919025	99.80960716734351	67.54630016280048	70.27383005449799	65.3206043151477	9.365369485500432	17.45031598926466
8.388283397720382	0.01	0.01	0.01	0.007	0.01	0.9163458722283919	0.12057210710532568	0.05623723497019033	0.040645143679815636	0.047351145998717974	100.14775201155456	67.60137653128966	70.56360925264491	65.37265725402767	9.400649047549134	17.039553378321674
8.501195772284424	0.01	0.01	0.01	0.007	0.01	0.9163458722284179	0.12057210710532568	0.056237234971281955	0.040645152794325734	0.047351145998270686	100.4709987646658	67.64555962885177	70.84424313106042	65.41444481095651	9.434692972415931	16.638458114198993
8.614108553647206	0.01	0.01	0.01	0.007	0.01	0.9163458722284352	0.12057210710532568	0.05623723497230895	0.040645161461221935	0.0473511459978468	100.77971576998777	67.67916172670978	71.11594955665299	65.44625990322623	9.467530964206544	16.24680286584464
8.727021734332224	0.01	0.01	0.01	0.007	0.01	0.9163458722284469	0.12057210710532568	0.05623723497327459	0.04064516969625737	0.047351145997445054	101.07426277326354	67.70248744507948	71.3789413640488	65.46838828589748	9.499192038994831	15.86436551471729
8.839935269472923	0.01	0.01	0.01	0.007	0.01	0.9163458722284546	0.12057210710532568	0.056237234974182586	0.04064517751447152	0.04735114599706381	101.3549909224031	67.71583391252146	71.63342629581095	65.4811087005862	9.529704519471542	15.490929288847633
8.952849136636374	0.01	0.01	0.01	0.007	0.01	0.9163458722284596	0.12057210710532568	0.056237234975036035	0.04064518493020204	0.04735114599670206	101.62224312771161	67.71949095910449	71.8796072620554	65.48469305632415	9.559096068127008	15.126282434731388
9.065763305911426	0.01	0.01	0.01	0.007	0.01	0.916345872228463	0.12057210710532568	0.05623723497583745	0.04064519195714019	0.04735114599635868	101.87635417770619	67.71374128276334	72.11768238483312	65.4794065850725	9.58739369442712	14.770218199701802
9.178677747386697	0.01	0.01	0.01	0.007	0.01	0.9163458722284653	0.12057210710532568	0.05623723497658984	0.04064519860836409	0.04735114599603244	102.1176509492841	67.69886062030895	72.3478451277623	65.46550800170033	9.614623772221671	14.422534689565119
9.291592446106717	0.01	0.01	0.01	0.007	0.01	0.9163458722284669	0.12057210710532568	0.0562372349772956	0.04064520489636489	0.04735114599572252	102.34645262295668	67.67511790886608	72.57028443429584	65.44324965497741	9.640812058060446	14.083034710165409
9.404507379637838	0.01	0.01	0.01	0.007	0.01	0.9163458722284678	0.12057210710532568	0.05623723497795716	0.040645210833091555	0.0473511459954281	102.56307081442556	67.64277544880626	72.7851847875763	65.41287767996393	9.665983700192214	13.751525726367383
9.517422525546278	0.01	0.01	0.01	0.007	0.01	0.9163458722284684	0.12057210710532568	0.05623723497857641	0.04064521642997688	0.04735114599514819	102.7678097691808	67.60208906133084	72.99272633083201	65.37463214542267	9.690163254715205	13.42781972935001
9.630337853920034	0.01	0.01	0.01	0.007	0.01	0.916345872228469	0.12057210710532568	0.056237234979155656	0.04064522169796952	0.04735114599488208	102.9609665232649	67.5533082459129	73.19308495625762	65.32874720111178	9.713374697977954	13.111733151000777
9.743253342325072	0.01	0.01	0.01	0.007	0.01	0.9163458722284693	0.12057210710532568	0.05623723497969642	0.04064522664755221	0.04735114599462895	103.14283109943644	67.49667632517532	73.38643243198656	65.27545121328336	9.735641443356554	12.80308671728578
9.856168975805385	0.01	0.01	0.01	0.007	0.01	0.9163458722284694	0.12057210710532568	0.056237234980200765	0.040645231288765696	0.04735114599438835	103.31368666853751	67.43243058904625	73.57293649693455	65.21496689951056	9.756986354200167	12.501705349376952
9.969084754361159	0.01	0.01	0.01	0.007	0.01	0.9163458722284695	0.12057210710532568	0.05623723498067003	0.04064523563122787	0.04735114599415929	103.47380971752332	67.36080243071369	73.75276096522138	65.14751145581367	9.777431757812883	12.207418047724467
10.082000670514445	0.01	0.01	0.01	0.007	0.01	0.9163458722284696	0.12057210710532568	0.05623723498110597	0.04064523968416773	0.047351145993941544	103.62347017158518	67.28201749842913	73.92606578090412	65.07329669873447	9.796999453739435	11.920057856228176
10.194916701830982	0.01	0.01	0.01	0.007	0.01	0.9163458722284697	0.12057210710532568	0.05623723498150984	0.04064524345644995	0.04735114599373445	103.76293154290052	67.19629584077893	74.09300710002978	64.99252920129757	9.81571072522646	11.63946178366801
10.307832825876448	0.01	0.01	0.01	0.007	0.01	0.9163458722284697	0.12057210710532568	0.056237234981883086	0.04064524695658555	0.04735114599353726	103.89245110416087	67.10385203211676	74.25373740416642	64.90541041030548	9.833586354169615	11.365470671134858
10.420749042650918	0.01	0.01	0.01	0.007	0.01	0.9163458722284697	0.12057210710532568	0.05623723498222691	0.04064525019273626	0.0473511459933497	104.01228005808554	67.00489528257275	74.40840561684587	64.81213674910789	9.850646636199977	11.097929049494827
10.533665344676312	0.01	0.01	0.01	0.007	0.01	0.9163458722284697	0.12057210710532568	0.0562372349825425	0.04064525317274877	0.04735114599317145	104.1226636433588	66.89962958782715	74.55715714340371	64.7128997578665	9.866911387198687	10.836685126056857
10.646581716996371	0.01	0.01	0.01	0.007	0.01	0.9163458722284697	0.12057210710532568	0.05623723498283087	0.04064525590416984	0.0473511459930018	104.22384127796235	66.78825385573494	74.70013395545142	64.60788621203744	9.882399954819356	10.581590696431775
10.759498152132974	0.01	0.01	0.01	0.007	0.01	0.9163458722284697	0.12057210710532568	0.05623723498309303	0.04064525839425347	0.04735114599284047	104.31604671060441	66.67096201389732	74.83747469109304	64.49727822290967	9.897131231628599	10.332501025958809
10.872414650086156	0.01	0.01	0.01	0.007	0.01	0.9163458722284697	0.12057210710532568	0.05623723498333014	0.04064526064997376	0.04735114599268718	104.39950815136139	66.54794312636814	74.96931473169222	64.3812533467711	9.911123665584878	10.089274769684668
10.98533120337778	0.01	0.01	0.01	0.007	0.01	0.9163458722284697	0.12057210710532568	0.056237234983543015	0.04064526267804714	0.04735114599254133	104.47444839003143	66.41938152513444	75.09578626052215	64.25998470803422	9.924395268572331	9.851773925216264
11.098247789573353	0.01	0.01	0.01	0.007	0.01	0.9163458722284697	0.12057210710532568	0.0562372349837324	0.040645264484949165	0.04735114599240283	104.54108492228991	66.2854569341876	75.2170183317079	64.13364111540567	9.93696362606695	9.619863767757497
11.211164408672882	0.01	0.01	0.01	0.007	0.01	0.9163458722284697	0.12057210710532568	0.05623723498389919	0.04064526607690404	0.04735114599227123	104.59963009749075	66.14634453648726	75.33313698442707	64.00238712420101	9.948845911401522	9.393412696058798
11.324081038241854	0.01	0.01	0.01	0.007	0.01	0.9163458722284697	0.12057210710532568	0.05623723498404417	0.040645267459922016	0.04735114599214633	104.65029121358883	66.00221513496712	75.44426526618336	63.86638318739692	9.960058890520433	9.172292250055596
11.436997700714796	0.01	0.01	0.01	0.007	0.01	0.9163458722284697	0.12057210710532568	0.05623723498416792	0.04064526863976983	0.04735114599202777	104.6932706668377	65.85323517251149	75.55052336940886	63.725785673640004	9.970618938263272	8.956376905672109
11.549914373657185	0.01	0.01	0.01	0.007	0.01	0.9163458722284697	0.12057210710532568	0.056237234984271245	0.040645269622033964	0.04735114599191539	104.72876602743966	65.69956694938581	75.65202861136461	63.58074707159698	9.980542038761874	8.74554417940587
11.662831064547197	0.01	0.01	0.01	0.007	0.01	0.9163458722284697	0.12057210710532568	0.05623723498435469	0.04064527041208532	0.04735114599180885	104.7569701838079	65.54136862669091	75.74889557277912	63.43141599240701	9.989843801745133	8.5396744140934
11.775747773384836	0.01	0.01	0.01	0.007	0.01	0.9163458722284697	0.12057210710532568	0.0562372349844189	0.040645271015110125	0.04735114599170783	104.7780714376833	65.37879437305752	75.84123612696025	63.27793730732695	9.998539467817581	8.338650783370062
11.888664485213749	0.01	0.01	0.01	0.007	0.01	0.9163458722284697	0.12057210710532568	0.056237234984464375	0.040645271436123065	0.047351145991612296	104.79225361381044	65.21199447314108	75.92915949919968	63.1204522493598	10.006643916818756	8.142359236596368
12.001581200033932	0.01	0.01	0.01	0.007	0.01	0.9163458722284697	0.12057210710532568	0.056237234984491714	0.04064527167995669	0.04735114599152203	104.79969617090019	65.04111537805079	76.01277235325003	62.959098460079396	10.014171678588795	7.950688380927053
12.114497902889031	0.01	0.01	0.01	0.007	0.01	0.9163458722284697	0.12057210710532568	0.056237234984501304	0.04064527175128735	0.04735114599143667	104.80057430071193	64.86629984078016	76.09217882855732	62.794010116725175	10.021136939080057	7.763529470187905
12.227414593779047	0.01	0.01	0.01	0.007	0.01	0.9163458722284697	0.12057210710532568	0.056237234984493636	0.0406452716546241	0.047351145991356036	104.79505903050033	64.68768696007255	76.16748062154412	62.62531797285996	10.027553550420071	7.580776292428227
12.340331280182156	0.01	0.01	0.01	0.007	0.01	0.9163458722284697	0.12057210710532568	0.05623723498446928	0.04064527139431918	0.0473511459912802	104.7833173179017	64.50541227714697	76.23877703605922	62.45314944895238	10.03343503805741	7.402325124277413
12.453247954620183	0.01	0.01	0.01	0.007	0.01	0.9163458722284697	0.12057210710532568	0.05623723498442858	0.04064527097458887	0.04735114599120868	104.76551214896938	64.31960789684788	76.30616502552651	62.27762874605822	10.03879460727759	7.228074707672175
12.566164617093131	0.01	0.01	0.01	0.007	0.01	0.9163458722284697	0.12057210710532568	0.05623723498437195	0.040645270399505544	0.0473511459911416	104.74180263047914	64.1304025350467	76.3697392628656	62.098876889864705	10.04364515197757	7.057926156231587
12.679081260122826	0.01	0.01	0.01	0.007	0.01	0.9163458722284697	0.12057210710532568	0.05623723498429971	0.04064526967301246	0.0473511459910786	104.7123440836481	63.93792162426421	76.4295921853356	61.91701182974561	10.04799926129275	6.8917829222591624
12.791997883709275	0.01	0.01	0.01	0.007	0.01	0.9163458722284697	0.12057210710532568	0.056237234984212216	0.04064526879892011	0.04735114599101956	104.67728813022904	63.74228736772568	76.48581405547478	61.73214848911856	10.051869227405668	6.729550719432094
12.904914487852478	0.01	0.01	0.01	0.007	0.01	0.9163458722284697	0.12057210710532568	0.05623723498410991	0.04064526778091565	0.047351145990964405	104.6367827806641	63.543618828827505	76.53849300781539	61.54439884927323	10.05526705217465	6.571137480970342
13.01783107255244	0.01	0.01	0.01	0.007	0.01	0.9163458722284697	0.12057210710532568	0.05623723498399283	0.040645266622568475	0.04735114599091313	104.59097251920595	63.34203200658591	76.5877150989821	61.353872019975185	10.058204453969745	6.4164533073872185
13.130747630330996	0.01	0.01	0.01	0.007	0.01	0.9163458722284697	0.12057210710532568	0.056237234983861614	0.04064526532733892	0.047351145990865255	104.5399983905786	63.13763992292731	76.63356435368438	61.16067432128116	10.060692874197557	6.265410425354474
13.243664168666317	0.01	0.01	0.01	0.007	0.01	0.9163458722284697	0.12057210710532568	0.056237234983716355	0.04064526389856907	0.047351145990820964	104.48399807116292	62.930552654078355	76.6761228216943	60.96490931253302	10.062743484326916	6.117923107765045
13.356580672602082	0.01	0.01	0.01	0.007	0.01	0.9163458722284697	0.12057210710532568	0.05623723498355736	0.04064526233950996	0.04735114599078012	104.42310596592093	62.720877468883465	76.71547060983029	60.76667792244249	10.06436719149884	5.973907674537328
13.4694971421383	0.01	0.01	0.01	0.007	0.01	0.9163458722284697	0.12057210710532568	0.05623723498338481	0.04064526065330301	0.04735114599074249	104.35745326801829	62.508718829194535	76.75168594211	60.56607844881218	10.06557464548865	5.833282395718309
13.58241358475314	0.01	0.01	0.01	0.007	0.01	0.9163458722284697	0.12057210710532568	0.05623723498319907	0.04064525884298771	0.047351145990707944	104.2871680359973	62.29417846941297	76.78484520002765	60.36320663308556	10.066376244455398	5.6959674563582325
13.69533000044661	0.01	0.01	0.01	0.007	0.01	0.9163458722284697	0.12057210710532568	0.05623723498300021	0.04064525691151492	0.0473511459906766	104.21237527629076	62.07735548996934	76.81502296120404	60.158155748102295	10.066782140710261	5.561884929824604
13.808246389218715	0.01	0.01	0.01	0.007	0.01	0.9163458722284697	0.12057210710532568	0.05623723498278851	0.040645254861746104	0.047351145990648234	104.13319701139689	61.858346407326124	76.84229204450254	59.951016644763165	10.066802246624208	5.430958723925012
13.921162743591307	0.01	0.01	0.01	0.007	0.01	0.9163458722284697	0.12057210710532568	0.0562372349825642	0.04064525269646106	0.04735114599062262	104.04975235589508	61.63724523098164	76.86672354990993	59.74187782424485	10.066446240313716	5.303114546089216
14.034079063564398	0.01	0.01	0.01	0.007	0.01	0.9163458722284697	0.12057210710532568	0.0562372349823275	0.04064525041835106	0.047351145990599974	103.96215757462342	61.41414349525706	76.8883869025624	59.53082546746179	10.065723571157946	5.1782798438779905
14.146995349137999	0.01	0.01	0.01	0.007	0.01	0.9163458722284697	0.12057210710532568	0.056237234982078485	0.040645248030027975	0.047351145990579976	103.87052615456284	61.18913033296158	76.90734989012996	59.31794350414942	10.064643465146025	5.056383772793129
14.25991160031212	0.01	0.01	0.01	0.007	0.01	0.9163458722284697	0.12057210710532568	0.056237234981817215	0.040645245534026146	0.04735114599056255	103.77496887033658	60.962292533366295	76.92367870136798	59.1033136671232	10.063214930137393	4.937357156070686
14.372827817086772	0.01	0.01	0.01	0.007	0.01	0.9163458722284697	0.12057210710532568	0.05623723498154424	0.04064524293280528	0.047351145990547794	103.67559384816725	60.73371459880473	76.93743796376101	58.88701554525317	10.061446760998296	4.821132445420725
14.485743999461965	0.01	0.01	0.01	0.007	0.01	0.9163458722284697	0.12057210710532568	0.05623723498125927	0.0406452402287536	0.04735114599053557	103.57250662832814	60.503478799932715	76.94869078028061	58.66912663518427	10.059347544617369	4.707643682691322
14.598660154915848	0.01	0.01	0.01	0.007	0.01	0.9163458722284697	0.12057210710532568	0.05623723498096269	0.04064523742418521	0.04735114599052571	103.46581021894048	60.27166521427604	76.95749876578138	58.44972237725304	10.05692566463224	4.596826455182971
14.711576275970291	0.01	0.01	0.01	0.007	0.01	0.9163458722284697	0.12057210710532568	0.056237234980654464	0.04064523452135668	0.04735114599051828	103.35560517661068	60.03835182491793	76.96392208022533	58.22887624833873	10.054189306683309	4.4886178811939255
14.824492362625305	0.01	0.01	0.01	0.007	0.01	0.9163458722284697	0.12057210710532568	0.05623723498033499	0.040645231522455624	0.04735114599051299	103.24198964395843	59.803614526116434	76.9680194650508	58.006659766644894	10.051146462654485	4.382956551877287
14.937408414880899	0.01	0.01	0.01	0.007	0.01	0.9163458722284697	0.12057210710532568	0.05623723498000405	0.04064522842960744	0.04735114599051017	103.12505941309595	59.567527188703714	76.96984827576165	57.78314255307017	10.047804935361045	4.279782503995375
15.050324425258955	0.01	0.01	0.01	0.007	0.01	0.9163458722284697	0.12057210710532568	0.05623723497966196	0.040645225244882004	0.04735114599050947	103.00490798912706	59.330161724862265	76.96946451465476	57.55839239201155	10.04417234325203	4.17903719248154
15.163240393759487	0.01	0.01	0.01	0.007	0.01	0.9163458722284697	0.12057210710532568	0.05623723497930879	0.04064522197028663	0.047351145990510775	102.881626628768	59.09158810468982	76.96692286291038	57.3324752465342	10.0402561243133	4.0806634435586995
15.276156320382512	0.01	0.01	0.01	0.007	0.01	0.9163458722284697	0.12057210710532568	0.056237234978944506	0.0406452186077723	0.0473511459905144	102.75530440061861	58.85187441841917	76.96227671135706	57.105455316775924	10.036063540504307	3.984605429372085
15.389072212606166	0.01	0.01	0.01	0.007	0.01	0.9163458722284697	0.12057210710532568	0.05623723497856931	0.040645215159231245	0.04735114599051987	102.62602822811876	58.611086906049586	76.95557819034144	56.87739506750612	10.031601681599176	3.8908086301663167
15.50198807790858	0.01	0.01	0.01	0.007	0.01	0.9163458722284697	0.12057210710532568	0.056237234978183316	0.04064521162650309	0.047351145990527505	102.49388294785551	58.3692900175992	76.94687819938012	56.648355284695185	10.026877469470145	3.7992198100627976
15.614903908811643	0.01	0.01	0.01	0.007	0.01	0.9163458722284697	0.12057210710532568	0.05623723497778645	0.04064520801138631	0.04735114599053699	102.3589513768825	58.126546488832865	76.93622643769687	56.41839514676684	10.021897662720693	3.709786998520519
15.727819705315364	0.01	0.01	0.01	0.007	0.01	0.9163458722284697	0.12057210710532568	0.05623723497737888	0.040645204315625946	0.04735114599054829	102.22131433498048	57.88291733582188	76.92367143110258	56.18757221897631	10.016668859648755	3.622459442282102
15.840735467419753	0.01	0.01	0.01	0.007	0.01	0.9163458722284697	0.12057210710532568	0.05623723497696071	0.04064520054091923	0.047351145990561505	102.08105070004243	57.63846191229093	76.90926055998965	55.95594250726867	10.01119750230184	3.5371875828559713
15.953651187646711	0.01	0.01	0.01	0.007	0.01	0.9163458722284697	0.12057210710532568	0.05623723497653187	0.04064519668892283	0.047351145990576556	101.93823746343001	57.39323796633469	76.89304008743308	55.72356051156119	10.005489880542477	3.4539230338393834
16.0	0.01	0.01	0.01	0.007	0.01	0.9163458722284697	0.12057210710532568	0.056237234976352815	0.04064520339759821	0.04735114599058323	101.87889600169261	57.29237086394794	76.8858687249147	55.62796863967188	10.003080096820163	3.4203152542818516
