0.0	0.01	0.01	0.01	0.007	0.01	0.0	0.0	0.0	0.0	0.0	0.0	0.0	0.0	0.0	0.0	100.0
0.003463760995864295	0.01	0.01	0.01	0.007	0.01	0.011378778893661644	0.0034458035137860275	0.0039283050347560244	0.004078093492715215	0.005036815309627408	0.0007039775753728162	0.0011595359821909253	0.0023206930165331477	0.0037725827319133203	0.0004887118466554504	99.92846589309133
0.005517769900110084	0.01	0.01	0.01	0.007	0.01	0.01805769336933282	0.0054422485846339005	0.006124768266203598	0.0062973687576178185	0.0078803348046103	0.001780997562882838	0.002924191236144621	0.005802715251728655	0.009368647403949864	0.0012248752208990589	99.88607036768704
0.008629765737524442	0.01	0.01	0.01	0.007	0.01	0.028080396813752156	0.008402072785178597	0.00927510617970265	0.009401556879319381	0.011995810618018467	0.004336386020280329	0.00708577424074638	0.013882587323835606	0.02218825297538647	0.0029407809788768724	99.82187185656097
0.011484853915840443	0.01	0.01	0.01	0.007	0.01	0.03717452429708611	0.011050245216447731	0.011987663128615227	0.011997600404959875	0.015577572623584935	0.007647940954554583	0.012442443393648982	0.024098114001323983	0.03817018093005256	0.005121077589001666	99.76300948167831
0.014805501321486777	0.01	0.01	0.01	0.007	0.01	0.047631185332301	0.014051299746754665	0.01494224579404399	0.014741516121147975	0.0195239113488215	0.012647629336584023	0.02047283115290098	0.039131572856491395	0.061356100852738724	0.008346421776614269	99.69459249115393
0.018180300057664876	0.01	0.01	0.01	0.007	0.01	0.058127283045339526	0.01701661574199766	0.01773875066311347	0.01725518581126387	0.02330829098035199	0.018976021383782724	0.030560653762027896	0.0576491361278096	0.089492921030011	0.01234167321568969	99.62510786699566
0.02181642070099034	0.01	0.01	0.01	0.007	0.01	0.0692901147395087	0.020118739147506098	0.020535515708654008	0.01968466269776566	0.027148776911575568	0.027179989435451787	0.04353545346553733	0.08098874773775062	0.12442622245394297	0.017407337681283767	99.55029701522614
0.025589403610879264	0.01	0.01	0.01	0.007	0.01	0.08071511614341914	0.02323888590540143	0.023217817742091314	0.02193205379982976	0.030894201357190496	0.037187872424006084	0.05923289271577786	0.1086402874271495	0.16518511184439533	0.02344721744562224	99.47272969825066
0.029557859325829564	0.01	0.01	0.01	0.007	0.01	0.09256081974835347	0.026415575538575233	0.025816298003933525	0.024028610123568724	0.0345922316859613	0.04932973320798571	0.0781150115702218	0.1411960252888101	0.2124432920725059	0.030606798156330533	99.3912089461887
0.03368612654543388	0.01	0.01	0.01	0.007	0.01	0.10469998817946363	0.029609575778648742	0.02829656715580764	0.025952362053897088	0.038198505951295904	0.06368739244349411	0.10024558652972788	0.17852519934864525	0.26580730710267675	0.03887605573936168	99.30647621421106
0.03799250896811827	0.01	0.01	0.01	0.007	0.01	0.11716645934500483	0.03282528458331646	0.03066204258716286	0.02771320222483535	0.0417183930297349	0.08050666846082044	0.12593394868450083	0.22090012896218522	0.3254708110385609	0.048335778277035654	99.21816464303639
0.04246931529833387	0.01	0.01	0.01	0.007	0.01	0.12991699567091797	0.03604704194791919	0.03290200103467767	0.02931076080259372	0.04512750904433763	0.09994773897654238	0.15534739844177137	0.26833411320189315	0.39126090970840227	0.05901025280708066	99.12644142201727
0.04712539258882249	0.01	0.01	0.01	0.007	0.01	0.14295550772407936	0.039271573326591064	0.03501619326506895	0.030753009566688135	0.04839828921611877	0.12224086928631517	0.18874952916140061	0.32098061904080666	0.46320782506752656	0.0709525379506746	99.0311351555738
0.05196423470756959	0.01	0.01	0.01	0.007	0.01	0.15626941618322604	0.04249152007889072	0.03700250722158329	0.03204678875846837	0.05146818939644006	0.14760326242523072	0.22637229989322663	0.37892274637832163	0.5412501464161796	0.08419032645469562	98.93218493381345
0.0569879757859241	0.01	0.01	0.01	0.007	0.01	0.1698416598492429	0.04569870434614327	0.03885953882886164	0.03319964363509389	0.05423176918837244	0.17625036432571417	0.26843348727213057	0.44220679150902675	0.6252869887609053	0.09872106026137818	98.82955829210904
0.06215629936230497	0.01	0.01	0.01	0.007	0.01	0.18354318889957882	0.04885977045809555	0.04057390461443748	0.03421240280008836	0.05653113741419832	0.2081291625844585	0.31475137789755653	0.5102868084548833	0.7144593895345468	0.11436892739591112	98.7240891692485
0.06745361960180797	0.01	0.01	0.01	0.007	0.01	0.19731687635462605	0.051960240285396836	0.042146104781015756	0.03509504287668909	0.05823983816987097	0.24327931339040626	0.36528202893261463	0.5828559679612116	0.8082682204590216	0.13096839610358063	98.61610443552154
0.07297586110075897	0.01	0.01	0.01	0.007	0.01	0.2113902877872116	0.05504860847085351	0.04360707008753385	0.035873181815259	0.05931916762226426	0.28252711028565575	0.42109397601652326	0.6611746320742454	0.9082350565677562	0.14867068887613266	98.50366047146088
0.07876478879630296	0.01	0.01	0.01	0.007	0.01	0.22583724774858585	0.058135753792073794	0.04496516752578355	0.036557824680627696	0.05978206262580277	0.3264554992852492	0.4828660272994208	0.7458571096925024	1.015007120358339	0.16744493609534267	98.38592388435104
0.08476174327241166	0.01	0.01	0.01	0.007	0.01	0.24047994653320728	0.06117921128742997	0.04620646514743495	0.03714874262637504	0.05972081455308792	0.37489214414195726	0.5501981504960464	0.8360280157982716	1.1273680800787107	0.18692967360888796	98.26410479811761
0.09096066980720327	0.01	0.01	0.01	0.007	0.01	0.2552774625780737	0.06416790710766648	0.04733361500675369	0.03765444890129377	0.05928084949196211	0.4280107130309685	0.623177038807369	0.9315172723267021	1.245033625391618	0.20695500469914516	98.13834149081235
0.09741403693806996	0.01	0.01	0.01	0.007	0.01	0.2703252759326391	0.06711808170048891	0.04835943509669189	0.03808727483052774	0.05859333676586525	0.48651369345417056	0.7025952894099506	1.0330618991921885	1.3688437986989137	0.22757278204366965	98.00758711456562
0.10418350505937875	0.01	0.01	0.01	0.007	0.01	0.28572798707067376	0.07004540851629733	0.04929448299197378	0.038457296710807644	0.05775659956184269	0.5512943275591344	0.7894573254924082	1.1415953235423557	1.4998539629323318	0.24888747388353064	97.8706152986864
0.11131653879424223	0.01	0.01	0.01	0.007	0.01	0.3015450387359574	0.07295482599851454	0.050144483326804344	0.038771757421730356	0.05684229504308305	0.6232207506880373	0.884678681824184	1.2578611237355282	1.6388694376946424	0.2709735713582447	97.72649430125799
0.11884345182958167	0.01	0.01	0.01	0.007	0.01	0.31778807301276335	0.07584139072042698	0.05091209071712217	0.03903629470536608	0.055902880117271195	0.703069853633079	0.9890013555943008	1.3823333647199831	1.786367585052862	0.29386436325855103	97.57464520379801
0.12678559029570932	0.01	0.01	0.01	0.007	0.01	0.3344427222921479	0.07869541446500122	0.051599336700283674	0.03925608616000846	0.05497592052016603	0.7915762230105221	1.1030639622066651	1.5153285665660503	1.9426463407939796	0.31757718144218705	97.41467510634455
0.13516403003467467	0.01	0.01	0.01	0.007	0.01	0.35148876564338827	0.08150656872940121	0.05220897759577624	0.03943630597786786	0.054087051650477586	0.8895110327696755	1.227505222585452	1.6571428119671416	2.107992628853858	0.34213860861840484	97.24620131736299
0.14400349022123615	0.01	0.01	0.01	0.007	0.01	0.3689078920555925	0.08426530929323471	0.052744716881993725	0.03958209290046324	0.053252828459530104	0.9977283447887182	1.3630188037114725	1.8081185842012655	2.282760841097392	0.3675937931474707	97.06877316902457
0.15333317789948683	0.01	0.01	0.01	0.007	0.01	0.38668423136519353	0.08696292264769406	0.053211008950631127	0.03969839419964606	0.05248323686903203	1.1171839131435917	1.5103695630913816	1.968662089330163	2.467390892504191	0.39400645826436437	96.88185617370547
0.16318664611087794	0.01	0.01	0.01	0.007	0.01	0.4048027576754404	0.08959124534568551	0.053612823531832256	0.03978983649064468	0.05178361270946922	1.2489431456917397	1.67039475033515	2.139243206597992	2.6624057722933943	0.4214564510563853	96.68483621404
0.17360155783534612	0.01	0.01	0.01	0.007	0.01	0.4232475813894556	0.09214242939726003	0.053955462870376704	0.03986064548783301	0.05115599497230434	1.3941868596115108	1.8440018871617383	2.3203928461043146	2.8684062649498716	0.45003749898673684	96.4770257387138
0.18461950908225458	0.01	0.01	0.01	0.007	0.01	0.4420004542286592	0.09460880295755408	0.054244425375175334	0.03991460332227811	0.05060005676871191	1.5542164822632725	2.0321656495217435	2.5127005735878454	3.086066088987024	0.4798554950797565	96.25766889634045
0.19628592246737167	0.01	0.01	0.01	0.007	0.01	0.46103950339651456	0.09698281948953047	0.05448529865505424	0.03995503212821486	0.05011374724681999	1.7304588524239604	2.235924135488515	2.71681293815279	3.3161278286031286	0.5110272162819411	96.02594540964286
0.20864998064238793	0.01	0.01	0.01	0.007	0.01	0.48033814111890494	0.09925707838129538	0.05468366677842188	0.039984796202170055	0.0496937451793828	1.9244701499669783	2.4563741980877567	2.933432127341844	3.559399137690646	0.543679289651563	95.78097383122139
0.22176460099100018	0.01	0.01	0.01	0.007	0.01	0.4998641606855204	0.1014244086579907	0.05484502017805557	0.04000631797423805	0.0493357928578808	2.137938857481353	2.6946660384399244	3.1633150460585595	3.8167492862714014	0.577947335431889	95.52181418196022
0.23568652388546205	0.01	0.01	0.01	0.007	0.01	0.5195791284731054	0.10347801551619026	0.054974659078033256	0.04002160460306882	0.04903495550632964	2.3726888665219774	2.9519986073408244	3.4072740721513544	4.089107474304037	0.6139754185939297	95.24746858242689
0.2504765477978439	0.01	0.01	0.01	0.007	0.01	0.5394380889273799	0.10541167363797406	0.05507758479793587	0.040032282623500344	0.048785838045680235	2.630683475312737	3.2296168111388814	3.6661799540045097	4.37746352037229	0.6519158465924603	94.95687929135136
0.2661997095010788	0.01	0.01	0.01	0.007	0.01	0.5593892899332746	0.10721992253138646	0.05515838350504279	0.04003963844559595	0.048582780835136126	2.9140268576908164	3.5288070469111847	3.9409631080850263	4.682866932985882	0.6919287698114475	94.6489281902473
0.28292464580388416	0.01	0.01	0.01	0.007	0.01	0.5793731052675813	0.10889819151749448	0.05522112251426515	0.04004466267829859	0.04842004545821986	3.224948036122942	3.8508762955850333	4.232599827381288	5.0064096363533	0.7341796722254477	94.32245260902754
0.30072142539279234	0.01	0.01	0.01	0.007	0.01	0.5993198403380113	0.11044286185966806	0.05526929124398366	0.04004809636238439	0.04829198369989324	3.565750034220599	4.197099992063351	4.542071251262315	5.349179169391719	0.7788330742833023	93.97629093565621
0.3196587203109835	0.01	0.01	0.01	0.007	0.01	0.6191481135428616	0.11185142154003926	0.055305809086913536	0.04005047688357249	0.04819317434851771	3.9387357260680544	4.568654925465448	4.870310979346171	5.712200073359741	0.8260447698165203	93.60934035030517
0.33980279283778086	0.01	0.01	0.01	0.007	0.01	0.6387664569886873	0.11312283609126159	0.05533309011967505	0.040052181077765946	0.0481185287569622	4.346159376407575	4.966587467718737	5.218184830398586	6.096411303356661	0.8759587708287151	93.22057844530958
0.3612192488403265	0.01	0.01	0.01	0.007	0.01	0.6580779684681428	0.11425797627913248	0.05535312819001983	0.040053463585356844	0.04806338398344377	4.790231680438759	5.391839368854535	5.586518690008923	6.502696693236901	0.9287111293379736	92.80903129505343
0.383975744722607	0.01	0.01	0.01	0.007	0.01	0.6769851160770535	0.11525983399600459	0.05536757065788227	0.04005448956045102	0.048023588236441074	5.273149825042103	5.84529685664956	5.976142103208559	6.931932384329335	0.9844359860973079	92.37372418787707
0.4081437139120252	0.01	0.01	0.01	0.007	0.01	0.6953928069148135	0.11613345536747195	0.05537777107032019	0.040055361456777246	0.04799556202817275	5.7971130736803245	6.327823380147794	6.387913884880808	7.385014090281683	1.0432690994795717	91.91365253910382
0.4337990246135825	0.01	0.01	0.01	0.007	0.01	0.7132101580303161	0.11688569896820375	0.0553848261367837	0.040056139899739426	0.04797632013900831	6.364318057887353	6.840272369052742	6.822728473130628	7.862863062768095	1.1053487408184592	91.42777424772984
0.46102227083802316	0.01	0.01	0.01	0.007	0.01	0.7303518988889114	0.11752491903242018	0.05538960546037281	0.040056859028369744	0.047963454106087405	6.976946158740832	7.3834929679778005	7.281515293305382	8.366424428603452	1.170815718904119	90.91500971896225
0.4898993176907063	0.01	0.01	0.01	0.007	0.01	0.7467398871637444	0.11806061823106521	0.055392780039345384	0.040057537105960515	0.04795508401423544	7.637156317617276	7.958340601128618	7.765241677204028	8.896669491183752	1.2398140118285887	90.37423776142289
0.5205218880005481	0.01	0.01	0.01	0.007	0.01	0.7623045023408371	0.11850307746116123	0.055394851927790194	0.0400581834148339	0.0479497907757762	8.347079038668978	8.565687554766912	8.274915592290409	9.454597795142789	1.3124914332429005	89.80429156902908
0.5529877338095028	0.01	0.01	0.01	0.007	0.01	0.7769856893103784	0.11886297848043703	0.0553961847759156	0.04005880246017654	0.047946539037925374	9.108800888578061	9.206423985088703	8.811580594309579	10.041230576947067	1.3889992145299697	89.20396332102096
0.5873996848218931	0.01	0.01	0.01	0.007	0.01	0.7907335187811069	0.11915104129892172	0.05539703353327867	0.04005939636295017	0.04794459924058412	9.924321974323862	9.88143533747422	9.376291744793395	10.657583321853235	1.4694888675292128	88.57203006972831
0.6238631880670388	0.01	0.01	0.01	0.007	0.01	0.8035084621207106	0.119377701907886	0.055397571400469	0.040059966124517975	0.04794347525640923	10.79547615032188	10.591549565888016	9.970067253336433	11.304611898841651	1.5541055602175955	87.90730688317302
0.6624823479080886	0.01	0.01	0.01	0.007	0.01	0.8152817052466955	0.11955284669766734	0.05539791265025167	0.04006051224387229	0.04794284177231501	11.723814278758853	11.33745628991132	10.59381757108329	11.983134480429008	1.642978241017405	87.20872542678494
0.7033551624090754	0.01	0.01	0.01	0.007	0.01	0.8260358279129059	0.11968560895640551	0.055398130751930404	0.040061035000910926	0.047942493322989305	12.71046942466291	12.119613802426093	11.24826489027591	12.693743719679182	1.736208356422285	86.4754235850499
0.7465694313001338	0.01	0.01	0.01	0.007	0.01	0.8357659825074187	0.11978422398628628	0.05539827195175983	0.040061534593799866	0.04794230504884308	13.756043741464104	12.938173978804496	11.933877785325796	13.436736301627967	1.8338606899665462	85.70681846918795
0.7922011514269902	0.01	0.01	0.01	0.007	0.01	0.8444813295824013	0.11985593565587177	0.055398364926309715	0.04006201122838408	0.04794220401237341	14.860565581101714	13.792959133682551	12.650849387126929	14.212090549771196	1.9359603710886613	84.90263094361259
0.8403167937977388	0.01	0.01	0.01	0.007	0.01	0.8522061413516625	0.11990694944302793	0.05539842732557576	0.04006246519660987	0.04794214926402028	16.023552879017654	14.68351341645233	13.39913845497583	15.019512447718729	2.0424988125107584	84.0628397781003
0.8909792966082914	0.01	0.01	0.01	0.007	0.01	0.858979849733066	0.11994243093628078	0.055398470023524694	0.0400628969414211	0.0479421186754517	17.24417645736931	15.60921944129715	14.178566443862515	15.858541623777308	2.153447589855469	83.18757288617623
0.9442560851142955	0.01	0.01	0.01	0.007	0.01	0.8648556361464074	0.1199665503468956	0.055398499781052934	0.04006330709277228	0.047942100687456295	18.52147559232683	16.56944277869535	14.988940088909935	16.728683441620582	2.268775920102903	82.27696957922984
1.000227086856449	0.01	0.01	0.01	0.007	0.01	0.8698977308666612	0.1199825694646837	0.055398520868175524	0.040063696467825795	0.047942089411685075	19.854568454354258	17.563663575024005	15.830165685885248	17.629530206654223	2.388466923595301	81.33105164491504
1.0589913666527853	0.01	0.01	0.01	0.007	0.01	0.8741779886043237	0.11999296021424782	0.05539853603494173	0.04006406604143747	0.04794208187905456	21.242817633747272	18.591570067086046	16.702333647825476	18.56084840063286	2.51252962440111	80.34962728170538
1.1206722036127847	0.01	0.01	0.01	0.007	0.01	0.8777723862266334	0.1199995391041173	0.05539854708937304	0.040064416901472666	0.04794207657452321	22.68594280011697	19.653112464554184	17.60577152988105	19.522630251598336	2.641006437430927	79.33222997525729
1.1854209851631794	0.01	0.01	0.01	0.007	0.01	0.8807578919058279	0.12000360184947602	0.05539855524367395	0.04006475020149968	0.04794207269397586	24.184088126680983	20.748525711571762	18.54107218396653	20.51511705653027	2.773977095109919	78.27808489098679
1.2534205728861059	0.01	0.01	0.01	0.007	0.01	0.8832099274575556	0.12000604637901933	0.055398561324969495	0.040065067119053444	0.04794206978211246	25.737859762063298	21.878333616462115	19.50910728822695	21.538805364060305	2.9115604737541814	77.18609128893975
1.3248886977345145	0.01	0.01	0.01	0.007	0.01	0.8852004651438468	0.12000747756856643	0.05539856590637162	0.04006536882263389	0.047942067560487224	27.34834617410512	23.043343760485364	20.511034175913547	22.594444438862556	3.0539154467679834	76.05481202170697
1.4000817229453355	0.01	0.01	0.01	0.007	0.01	0.8867967020273972	0.12000829152345346	0.055398569390381326	0.040065656447224436	0.047942065846165394	29.01712838203745	24.24463764603754	21.548299920212727	23.6830290288084	3.201241325069784	74.88246559545378
1.4792990463376126	0.01	0.01	0.01	0.007	0.01	0.8880602205876221	0.12000874029414982	0.05539857206311289	0.040065931076961735	0.047942064512201316	30.746284630023084	25.483558437207655	22.62264502138274	24.80578960134228	3.3537782142670163	73.66691804638168
1.562887958234819	0.01	0.01	0.01	0.007	0.01	0.8890465338252509	0.12000897957996788	0.05539857413019968	0.04006619373182052	0.0479420634672259	32.538383185503235	26.761690752849542	23.736102338131055	25.96417509051802	3.5118066645856865	72.4056794339331
1.651248167544745	0.01	0.01	0.01	0.007	0.01	0.8898049260323242	0.12000910261575565	0.05539857574094095	0.04006644535408471	0.04794206264395387	34.396444451812	28.08081828634282	24.89097922587383	27.159815328565394	3.6756449008736327	71.0959184781462
1.7448331497274752	0.01	0.01	0.01	0.007	0.01	0.8903785124680522	0.12000916341534008	0.0553985770047456	0.040066686786081725	0.04794206199212037	36.32381398517846	29.442817606242812	26.089786207513935	28.39442546719651	3.845638432128609	69.73453697898212
1.8441387565123015	0.01	0.01	0.01	0.007	0.01	0.8908044520757769	0.12000919217602803	0.05539857800242242	0.04006691871753317	0.04794206147383899	38.323765004319135	30.849361856805032	27.334998548953852	29.66953792294024	4.022125957040053	68.31843372740484
1.9496453499361255	0.01	0.01	0.01	0.007	0.01	0.891114250229388	0.12000920513849961	0.05539857879390708	0.040067141537949456	0.04794206106046139	40.39821872509407	32.301013396496785	28.62826715948984	30.985680073790224	4.205327329667655	66.84539716878052
2.0615892237378244	0.01	0.01	0.01	0.007	0.01	0.8913340776313883	0.12000921067326449	0.055398579423285965	0.040067354894803266	0.047942060730562244	42.5434052107218	33.79421814290649	29.967710656694486	32.33964862590522	4.394960291963151	65.31719730223614
2.1791748942917257	0.01	0.01	0.01	0.007	0.01	0.8914850743633717	0.12000921289658534	0.0553985799214336	0.04006755653401745	0.047942060468979524	44.73598122117158	35.311820539813695	31.339199652376692	33.71590556378603	4.58900898102597	63.74958681820874
2.2990994451058673	0.01	0.01	0.01	0.007	0.01	0.8915842590704425	0.12000921373351547	0.05539858030847062	0.040067741380833556	0.04794206026579091	46.909454402699886	36.80730374894206	32.70143848244103	35.07227535792358	4.781621202507885	62.18954156735485
2.416890896056746	0.01	0.01	0.01	0.007	0.01	0.8916469413904441	0.12000921403578052	0.05539858060334302	0.040067906362020185	0.04794206011126744	48.98401694959046	38.226100251951664	34.00440676033917	36.35925831823399	4.965727511967248	60.6944143396251
2.5310884478666518	0.01	0.01	0.01	0.007	0.01	0.8916864518795654	0.12000921414604712	0.055398580829652044	0.04006805451135844	0.047942059992910756	50.93959844216206	39.55543873464301	35.235264560008204	37.565249363844046	5.139526176524095	59.279229633614435
2.6427979707028504	0.01	0.01	0.01	0.007	0.01	0.8917118694323166	0.12000921418771285	0.055398581008178106	0.040068189807086894	0.04794205989974167	52.800752191160115	40.81294192489107	36.40920808098085	38.70621621459299	5.305175542273063	57.92680977696125
2.7536169226220455	0.01	0.01	0.01	0.007	0.01	0.891728559405855	0.12000921420392331	0.05539858115312447	0.04006831469704813	0.047942059824299124	54.59758526731578	42.019559501535056	37.5450585100264	39.801153584813314	5.465339483280613	56.61566019839539
2.8646724410130116	0.01	0.01	0.01	0.007	0.01	0.8917396452421033	0.12000921421031643	0.05539858127333677	0.040068430745929945	0.04794205976193405	56.34993768257255	43.18892560293357	38.65527742940399	40.862425875130576	5.621779038374381	55.33148364104813
2.9764397664178492	0.01	0.01	0.01	0.007	0.01	0.8917470275587708	0.12000921421283907	0.05539858137434242	0.040068539018210815	0.04794205970972847	58.06580629969628	44.326520502942614	39.74490226395834	41.89500212031847	5.775205459852476	54.06848355140519
3.0888884523957247	0.01	0.01	0.01	0.007	0.01	0.891751929393357	0.12000921421382843	0.05539858145983347	0.04006864021691373	0.04794205966572228	59.74494425121063	45.43227929131089	40.81375943918372	42.89881957923438	5.925595101069838	52.82687603607819
3.2017540329399456	0.01	0.01	0.01	0.007	0.01	0.8917551697550711	0.12000921421421369	0.05539858153254207	0.04006873487220432	0.04794205962845728	61.38381709048693	46.5040041026647	41.85956974783932	43.871878609975305	6.072628552463211	51.609335084486005
3.3147579423847575	0.01	0.01	0.01	0.007	0.01	0.8917573042278574	0.120009214214363	0.05539858159465848	0.04006882348030861	0.047942059596763106	62.97912809740639	47.53972437005349	42.880179531934616	44.81238465472524	6.216005158868947	50.418414835981984
3.4277231087170605	0.01	0.01	0.01	0.007	0.01	0.891758707742014	0.12000921421442065	0.05539858164800058	0.04006890654084285	0.04794205956966943	64.52938639315897	48.53870312825365	43.874568112731936	45.719662297068645	6.355584376702029	49.255370121914325
3.5405912903774945	0.01	0.01	0.01	0.007	0.01	0.8917596303663164	0.12000921421444297	0.055398581694076465	0.040068984534281385	0.047942059546373574	66.03491645794622	49.50140284955004	44.842867981283376	46.59412500261495	6.491388005285975	48.120118508621836
3.6533844911807956	0.01	0.01	0.01	0.007	0.01	0.8917602371823825	0.12000921421445161	0.055398581734119975	0.0400690578958004	0.04794205952622015	67.49712871921763	50.428980810763036	45.78590911799583	47.43681744380702	6.62353569978275	47.01176073297147
3.766154161916453	0.01	0.01	0.01	0.007	0.01	0.8917606365468621	0.12000921421445498	0.05539858176912755	0.04006912700716481	0.047942059508681766	68.91773891858936	51.32277199456122	46.704723344967014	48.24894611350745	6.7521751811310065	45.92915519560693
3.878944512073361	0.01	0.01	0.01	0.007	0.01	0.8917608994869518	0.12000921421445629	0.055398581799898546	0.04006919220202316	0.04794205949333559	70.29827605111294	52.183974325179896	47.60022803688962	49.03159340186101	6.877437870849018	44.871288626638794
3.9917773470832834	0.01	0.01	0.01	0.007	0.01	0.8917610726193993	0.12000921421445677	0.05539858182707694	0.040069253775306145	0.04794205947984181	71.63992206648345	53.013553751843084	48.473120456233985	49.785631236466116	6.999424184922553	43.83740267524192
4.104653572868259	0.01	0.01	0.01	0.007	0.01	0.8917611866009262	0.120009214214457	0.05539858185118626	0.04006931199152676	0.0479420594679243	72.94357083615581	53.81228882312538	49.3239133101094	50.511761446632235	7.118208625014435	42.82695472504795
4.21756244910524	0.01	0.01	0.01	0.007	0.01	0.8917612616226919	0.12000921421445711	0.055398581872657955	0.040069367090403464	0.04794205945735666	74.20996698609848	54.58086212697577	50.153023120231836	51.210598775185005	7.233852213376705	41.83951527713261
4.330490983044045	0.01	0.01	0.01	0.007	0.01	0.8917613109908872	0.12000921421445714	0.05539858189185116	0.04006941929008352	0.047942059447950165	75.43982589801122	55.31993607870796	50.96084774455295	51.882739736330116	7.346413350896139	40.87467672127228
4.443429669837601	0.01	0.01	0.01	0.007	0.01	0.8917613434731391	0.12000921421445711	0.05539858190906753	0.040069468788999044	0.04794205943954716	76.63389662802642	56.030190804300446	51.74780768554784	52.528797065990425	7.455953574130175	39.93200402956834
4.55637411175456	0.01	0.01	0.01	0.007	0.01	0.8917613648436568	0.12000921421445714	0.05539858192456222	0.04006951576736032	0.047942059432014524	77.792972377974	56.712328968891	52.5143535023103	53.14940413712921	7.562538565359074	39.0110253539887
4.669323792916927	0.01	0.01	0.01	0.007	0.01	0.8917613789032609	0.12000921421445711	0.055398581938551655	0.04006956038884145	0.047942059425239894	78.9178705657329	57.367062484305436	53.26095320497983	53.74520289168088	7.6662363753657266	38.11124657746174
4.782279985361546	0.01	0.01	0.01	0.007	0.01	0.8917613881529394	0.12000921421445714	0.055398581951219626	0.040069602802452635	0.04794205941912811	80.00940734157194	57.99509669430204	53.988075709263754	54.31682946404307	7.767115109689528	37.232170870916285
4.895243968841367	0.01	0.01	0.01	0.007	0.01	0.8917613942381227	0.12000921421445711	0.05539858196272322	0.040069643144392736	0.04794205941359775	81.06837899522948	58.59711940901768	54.6961785604994	54.864904202503574	7.865241220794882	36.37331341742928
5.008216200318417	0.01	0.01	0.01	0.007	0.01	0.8917613982413438	0.12000921421445714	0.055398581973197275	0.04006968153964234	0.04794205940857957	82.09555501678915	59.17379720101013	55.385703216782034	55.39002829055467	7.96067885762317	35.53420720836272
5.121196223936944	0.01	0.01	0.01	0.007	0.01	0.8917614008748281	0.12000921421445711	0.05539858198275744	0.04006971810324512	0.047942059404014255	83.09167892978634	59.72577630479008	56.05707545960506	55.89278455626416	8.053489928647448	34.71440269270316
5.234183074883597	0.01	0.01	0.01	0.007	0.01	0.8917614026071812	0.12000921421445714	0.055398581991504076	0.04006975294128797	0.04794205939985029	84.05747333185214	60.253685805340844	56.710708654338255	56.37374036754597	8.143734558307958	33.91346393275577
5.347175683408	0.01	0.01	0.01	0.007	0.01	0.8917614037467164	0.12000921421445711	0.055398581999523834	0.04006978615171117	0.047942059396043485	84.99364421160409	60.758140246500226	57.34700658816874	56.83345000230376	8.231471482286896	33.130965208921175
5.4601731367668975	0.01	0.01	0.01	0.007	0.01	0.8917614044962776	0.12000921421445714	0.055398582006892634	0.04006981782502154	0.04794205939255521	85.90088347430682	61.23974111627162	57.96636514885822	57.27245599797327	8.316758280506024	32.366488990347406
5.573174813985544	0.01	0.01	0.01	0.007	0.01	0.8917614049893113	0.12000921421445711	0.05539858201367641	0.040069848044938045	0.047942059389352094	86.77987008983017	61.69907750808788	58.56917309757025	57.69128975155724	8.399651483928045	31.619624988243068
5.686180326036194	0.01	0.01	0.01	0.007	0.01	0.8917614053136048	0.12000921421445714	0.05539858201993351	0.04006987688901835	0.04794205938640463	87.6312696110155	62.13672590051003	59.15581173553036	58.09047131636597	8.480206528768221	30.88997056785833
5.799189418574272	0.01	0.01	0.01	0.007	0.01	0.8917614055269057	0.12000921421445711	0.05539858202571489	0.04006990442923748	0.04794205938368711	88.45573352706258	62.5532498849458	59.72665444476529	58.47050915079188	8.558477693919702	30.177131329420334
5.912201867170547	0.01	0.01	0.01	0.007	0.01	0.8917614056672003	0.12000921421445714	0.05539858203106546	0.04006993073251702	0.047942059381177134	89.2538987119727	62.94919998353595	60.282066278700576	58.83189994865147	8.634518045873312	29.480721642991
6.025217432406368	0.01	0.01	0.01	0.007	0.01	0.8917614057594748	0.12000921421445711	0.05539858203602515	0.040069955861183996	0.04794205937885447	90.02638742068	63.32511377415698	60.82240392027245	59.17512874926851	8.708379434513391	28.800364736359782
6.138235859873567	0.01	0.01	0.01	0.007	0.01	0.891761405820165	0.12000921421445714	0.0553985820406292	0.04006997987336906	0.04794205937670177	90.77380763146566	63.68151619469098	61.34801587793648	59.50066921110922	8.780112521611656	28.135692487862357
6.251256902630476	0.01	0.01	0.01	0.007	0.01	0.8917614058600812	0.12000921421445711	0.055398582044909155	0.04007000282335375	0.047942059374703236	91.49675352125666	64.01891990502693	61.85924277705749	59.80898393831154	8.849766822261264	27.486345096738518
6.3642803286896275	0.01	0.01	0.01	0.007	0.01	0.891761405886334	0.12000921421445714	0.05539858204889314	0.04007002476188756	0.047942059372844736	92.19580581359668	64.33782557900824	62.35641756514289	60.100524743446854	8.917390734416072	26.851970859110658
6.477305921020414	0.01	0.01	0.01	0.007	0.01	0.8917614059036002	0.12000921421445711	0.055398582052605866	0.04007004573647488	0.047942059371114266	92.87153206720508	64.63872216435017	62.839865676534686	60.37573288114081	8.98303156284789	26.232225994058638
6.59033348503711	0.01	0.01	0.01	0.007	0.01	0.891761405914956	0.12000921421445714	0.055398582056070095	0.04007006579163151	0.0479420593695006	93.52448700143786	64.92208715570042	63.30990522459401	60.6350392938241	9.046735546794205	25.62677443344406
6.703362848601413	0.01	0.01	0.01	0.007	0.01	0.8917614059224244	0.12000921421445711	0.055398582059305805	0.04007008496911892	0.04794205936799395	94.15521276645852	65.18838683895164	63.766847155754874	60.87886483131053	9.108547882372706	25.035287659267162
6.816393862024626	0.01	0.01	0.01	0.007	0.01	0.8917614059273361	0.12000921421445714	0.055398582062331114	0.04007010330815627	0.04794205936658531	94.76423920849972	65.43807653110163	64.21099540077428	61.10762046638768	9.168512744588044	24.45744454398594
6.929426405555488	0.01	0.01	0.01	0.007	0.01	0.8917614059305665	0.12000921421445711	0.05539858206516239	0.04007012084560969	0.0479420593652667	95.35208416851407	65.67160083065306	64.64264705139131	61.32170752016666	9.226673312728627	23.89293115681103
7.042460351951969	0.01	0.01	0.01	0.007	0.01	0.8917614059326909	0.12000921421445714	0.05539858206781441	0.040070137616184276	0.04794205936403102	95.91925354658052	65.8893937740239	65.06209236516791	61.52151780132612	9.28307177260693	23.341440794605205
7.155495581453554	0.01	0.01	0.01	0.007	0.01	0.8917614059340879	0.12000921421445711	0.05539858207030039	0.040070153652576934	0.04794205936287163	96.4662416506531	66.09187910846589	65.46961497752113	61.707433852141186	9.337749346781557	22.802673743491972
7.268532011726697	0.01	0.01	0.01	0.007	0.01	0.891761405935007	0.12000921421445714	0.05539858207263244	0.04007016898560822	0.04794205936178286	96.99353159181122	66.27947057130716	65.86549215251603	61.87982920058651	9.390746329821521	22.276336985305733
7.381569537976527	0.01	0.01	0.01	0.007	0.01	0.8917614059356113	0.12000921421445711	0.055398582074821824	0.04007018364438293	0.047942059360759084	97.50159524755908	66.45257200962023	66.2499947115186	62.03906846595652	9.442102080363124	21.762144330338426
7.494608062891532	0.01	0.01	0.01	0.007	0.01	0.8917614059360086	0.12000921421445714	0.0553985820768783	0.04007019765639763	0.04794205935979573	97.99089366200228	66.6115776616552	66.62338728711333	62.18550761305468	9.491855056818348	21.25981612038769
7.607647504130439	0.01	0.01	0.01	0.007	0.01	0.8917614059362698	0.12000921421445711	0.05539858207881122	0.04007021104764869	0.047942059358888345	98.46187731836585	66.75687238293985	66.98592848493519	62.31949415578077	9.540042840611966	20.769079050683565
7.720687794322864	0.01	0.01	0.01	0.007	0.01	0.8917614059364417	0.12000921421445714	0.055398582080628596	0.04007022384273372	0.04794205935803294	98.91498636988763	66.88883185419309	67.33787101541509	62.44136734411285	9.586702155347508	20.28966603077296
7.8337288660969495	0.01	0.01	0.01	0.007	0.01	0.8917614059365547	0.12000921421445711	0.055398582082338124	0.04007023606495246	0.04794205935722587	99.35065080948549	67.00782277011763	67.67946177829494	62.55145833349997	9.631868879701106	19.82131610952845
7.946770659565987	0.01	0.01	0.01	0.007	0.01	0.8917614059366293	0.12000921421445714	0.05539858208394712	0.04007024773638934	0.047942059356463805	99.76929072972453	67.11420305384888	68.01094201733893	62.6500903780043	9.675578069621405	19.363774304581373
8.059813122328704	0.01	0.01	0.01	0.007	0.01	0.8917614059366783	0.12000921421445711	0.055398582085461584	0.04007025887799306	0.04794205935574358	100.17131654487153	67.20832205601677	68.33254744715582	62.737579009377505	9.717863976775318	18.916791468366178
8.172856201982922	0.01	0.01	0.01	0.007	0.01	0.8917614059367103	0.12000921421445714	0.05539858208688747	0.04007026950965261	0.04794205935506246	100.55712918313283	67.29052074444498	68.64450835693587	62.81423220754412	9.75876006393229	18.480124185641852
8.285899846125629	0.01	0.01	0.01	0.007	0.01	0.8917614059367314	0.12000921421445711	0.05539858208823013	0.040070279650265536	0.047942059354418004	100.92712030439412	67.36113189847016	68.9470497349326	62.88035057545764	9.798299023065493	18.053534641967488
8.39894400235305	0.01	0.01	0.01	0.007	0.01	0.8917614059367452	0.12000921421445714	0.05539858208949464	0.0400702893177997	0.0479420593538078	101.28167251298231	67.42048029880779	69.24039139009861	62.93622750995347	9.836512793039208	17.636790495184673
8.511988633234086	0.01	0.01	0.01	0.007	0.01	0.8917614059367547	0.12000921421445711	0.055398582090685634	0.04007029852934337	0.04794205935322969	101.62115960954793	67.46888291876607	69.52474810801911	62.9821493741254	9.873432581697665	17.229664696539565
8.62503369385047	0.01	0.01	0.01	0.007	0.01	0.8917614059367606	0.12000921421445714	0.055398582091807376	0.04007030730116987	0.04794205935268162	101.94594672149894	67.50664909209665	69.80032970741063	63.01839564786758	9.909088874965223	16.831935452229015
8.738079154256901	0.01	0.01	0.01	0.007	0.01	0.8917614059367645	0.12000921421445711	0.05539858209286331	0.04007031564877523	0.0479420593521618	102.25639056693497	67.53408069831103	70.0673412088876	63.045239095098594	9.94351146050918	16.44338602391052
8.851124991994524	0.01	0.01	0.01	0.007	0.01	0.8917614059367671	0.12000921421445714	0.0553985820938576	0.040070323586927956	0.04794205935166851	102.55283962049006	67.5514723285287	70.32598292363885	63.06294591281625	9.976729440933125	16.063804642127664
8.964171162143938	0.01	0.01	0.01	0.007	0.01	0.8917614059367689	0.12000921421445711	0.0553985820947934	0.04007033112972749	0.04794205935120011	102.83563422590447	67.55911145116336	70.57645049419182	63.07177587967273	10.00877124086711	15.692984491392785
9.077217642245735	0.01	0.01	0.01	0.007	0.01	0.89176140593677	0.12000921421445714	0.05539858209567377	0.04007033829061967	0.047942059350755226	103.10510689959733	67.55727858452563	70.81893510339725	63.0719825121317	10.03966463561147	15.330723447135863
9.190264417327139	0.01	0.01	0.01	0.007	0.01	0.8917614059367707	0.12000921421445711	0.05539858209650152	0.04007034508244146	0.04794205935033254	103.3615824659007	67.54624745141987	71.0536235397408	63.06381320328224	10.069436761222175	14.976824020844544
9.303311464928433	0.01	0.01	0.01	0.007	0.01	0.8917614059367711	0.12000921421445714	0.05539858209727954	0.04007035151746316	0.047942059349930816	103.60537819903277	67.52628513780996	71.28069826680002	63.04750936539697	10.098114125189113	14.631093300724999
9.416358747616053	0.01	0.01	0.01	0.007	0.01	0.8917614059367716	0.12000921421445711	0.05539858209801017	0.04007035760742495	0.04794205934954889	103.83680398592622	67.49765225270063	71.5003375106858	63.02330657376366	10.125722619433345	14.293342866267064
9.52940623544307	0.01	0.01	0.01	0.007	0.01	0.8917614059367718	0.12000921421445714	0.05539858209869573	0.040070363363554046	0.04794205934918563	104.05616254603495	67.46060307658058	71.71271540319259	62.99143470063875	10.15228754025814	13.96338861595195
9.64245392092299	0.01	0.01	0.01	0.007	0.01	0.8917614059367719	0.12000921421445711	0.055398582099338296	0.040070368796584085	0.04794205934883988	104.26374961943894	67.4153856995612	71.9180021006684	62.95211803972801	10.177833605068763	13.641050627740524
9.755501781595525	0.01	0.01	0.01	0.007	0.01	0.891761405936772	0.12000921421445714	0.05539858209994008	0.04007037391680163	0.04794205934851093	104.45985405413556	67.3622421765961	72.11636380506383	62.905575445394696	10.20238495686493	13.326153171808741
9.86854981746095	0.01	0.01	0.01	0.007	0.01	0.891761405936772	0.12000921421445711	0.055398582100502754	0.04007037873404997	0.047942059348197924	104.64475803123698	67.30140865234007	72.3079629213018	62.85202044549017	10.225965185700677	13.018524509380482
9.981597998571948	0.01	0.01	0.01	0.007	0.01	0.891761405936772	0.12000921421445714	0.055398582101028326	0.04007038325778092	0.04794205934789989	104.81873713054041	67.23311552487276	72.4929580548436	62.791661388141414	10.248597330318477	12.717996944100857
10.094646324928705	0.01	0.01	0.01	0.007	0.01	0.891761405936772	0.12000921421445711	0.055398582101518073	0.04007038749704238	0.04794205934761611	104.98206057965268	67.15758754817324	72.67150419962395	62.72470153463106	10.270303903209298	12.424406567736568
10.207694789044494	0.01	0.01	0.01	0.007	0.01	0.891761405936772	0.12000921421445714	0.05539858210197383	0.0400703914605193	0.04794205934734588	105.1349913386939	67.07504398267483	72.84375275798048	62.6513391945072	10.291106894930016	12.137593273971131
10.320743360971802	0.01	0.01	0.01	0.007	0.01	0.891761405936772	0.12000921421445711	0.05539858210239693	0.040070395156561425	0.047942059347088666	105.2777862298953	66.9856987385263	73.00985160370395	62.57176785446531	10.31102778382733	11.857400705605677
10.433792018249962	0.01	0.01	0.01	0.007	0.01	0.891761405936772	0.12000921421445714	0.055398582102788814	0.04007039859318357	0.04794205934684365	105.41069612225505	66.88976048141856	73.16994521019667	62.48617627388986	10.330087553545203	11.583676091341056
10.546840760879038	0.01	0.01	0.01	0.007	0.01	0.891761405936772	0.12000921421445711	0.055398582103150504	0.0400704017780733	0.04794205934661034	105.53396608139025	66.78743273887656	73.32417474709987	62.39474858059508	10.34830670652312	11.316270129897324
10.659889573885227	0.01	0.01	0.01	0.007	0.01	0.891761405936772	0.12000921421445714	0.055398582103483404	0.04007040471862786	0.04794205934638819	105.64783545844648	66.67891405079627	73.47267810321792	62.29766440607074	10.36570526872882	11.05503700044076
10.77293846475551	0.01	0.01	0.01	0.007	0.01	0.891761405936772	0.12000921421445711	0.055398582103788396	0.04007040742194716	0.047942059346176666	105.75253806094801	66.56439805173092	73.61559001187533	62.19509895977452	10.382302806495346	10.799834195566955
10.885987426003	0.01	0.01	0.01	0.007	0.01	0.891761405936772	0.12000921421445714	0.05539858210406675	0.040070409894869215	0.04794205934597531	105.84830224211257	66.4440736203037	73.7530420743072	62.087223163425236	10.398118431313543	10.550522531153852
10.999036450140796	0.01	0.01	0.01	0.007	0.01	0.891761405936772	0.12000921421445711	0.0553985821043194	0.04007041214397467	0.0479420593457837	105.93535104333408	66.3181249778499	73.88516285223915	61.974203739904226	10.41317081273612	10.306966034700492
11.112085514708086	0.01	0.01	0.01	0.007	0.01	0.891761405936772	0.12000921421445714	0.05539858210454723	0.040070414175607416	0.04794205934560126	106.01390230695958	66.18673181536339	74.01207792152772	61.85620332750909	10.42747818672614	10.069031902397223
11.225134619704887	0.01	0.01	0.01	0.007	0.01	0.891761405936772	0.12000921421445711	0.05539858210475112	0.040070415995863966	0.04794205934542776	106.08416882342638	66.05006935748402	74.13390998349696	61.73338053767045	10.441058370471241	9.836590347084856
11.338183750157313	0.01	0.01	0.01	0.007	0.01	0.891761405936772	0.12000921421445714	0.05539858210493173	0.040070417610626775	0.047942059345262765	106.14635842082785	65.90830850925363	74.25077888893493	61.60589008696641	10.453928767248383	9.60951460730524
11.45123291355232	0.01	0.01	0.01	0.007	0.01	0.891761405936772	0.12000921421445711	0.055398582105090036	0.04007041902555196	0.047942059345105904	106.20067410124521	65.76161591184912	74.36280174302387	61.47388284735943	10.466106380314395	9.387680802109863
11.56428209491601	0.01	0.01	0.01	0.007	0.01	0.891761405936772	0.12000921421445714	0.055398582105226635	0.040070420246105874	0.04794205934495671	106.24731412776221	65.61015409835605	74.47009292278024	61.337505986388166	10.477607817080544	9.170967953797687
11.677331294248386	0.01	0.01	0.01	0.007	0.01	0.891761405936772	0.12000921421445711	0.05539858210534231	0.04007042127755132	0.047942059344815005	106.28647215293924	65.45408154317775	74.57276417737845	61.19690301168795	10.488449302337195	8.959257847631186
11.79038051154945	0.01	0.01	0.01	0.007	0.01	0.891761405936772	0.12000921421445714	0.05539858210543768	0.04007042212496593	0.047942059344680585	106.31833731678671	65.29355277545643	74.67092467337487	61.052213873086785	10.498646685376848	8.752434997782988
11.903429739332251	0.01	0.01	0.01	0.007	0.01	0.891761405936772	0.12000921421445711	0.055398582105513336	0.04007042279325435	0.047942059344552854	106.34309434963362	65.12871848290455	74.76468104826327	60.90357505611039	10.508215448050477	8.550386597566677
12.01647897759679	0.01	0.01	0.01	0.007	0.01	0.891761405936772	0.12000921421445714	0.05539858210556969	0.0400704232871472	0.047942059344431964	106.3609236781721	64.9597255811287	74.85413748169518	60.751119644381035	10.517170714583827	8.353002430529372
12.129528211369156	0.01	0.01	0.01	0.007	0.01	0.891761405936772	0.12000921421445711	0.05539858210560746	0.0400704236112216	0.04794205934431733	106.37200152111097	64.78671733551467	74.93939573441116	60.594977429419195	10.525527258044038	8.160174849759343
12.242577455623259	0.01	0.01	0.01	0.007	0.01	0.891761405936772	0.12000921421445714	0.0553985821056272	0.04007042376988115	0.047942059344208816	106.37649999120241	64.60983337918015	75.02055523795973	60.43527492666944	10.53329951177925	7.971798642255274
12.355626680411282	0.01	0.01	0.01	0.007	0.01	0.891761405936772	0.12000921421445711	0.055398582105629215	0.040070423767408256	0.04794205934410618	106.37458718497084	64.42920991322781	75.09771309384266	60.27213555607646	10.540501571966653	7.7877710978347885
12.468675893220178	0.01	0.01	0.01	0.007	0.01	0.891761405936772	0.12000921421445714	0.0553985821056141	0.04007042360791981	0.04794205934400914	106.3664272797888	64.24497966097063	75.17096418632603	60.10567960056737	10.54714721107921	7.6079918151582655
12.58172509404995	0.01	0.01	0.01	0.007	0.01	0.891761405936772	0.12000921421445711	0.055398582105582087	0.04007042329540047	0.047942059343917695	106.35218062100272	64.05727201779422	75.24040120093895	59.93602434114777	10.553249882179735	7.432362722994629
12.694774290387551	0.01	0.01	0.01	0.007	0.01	0.891761405936772	0.12000921421445714	0.05539858210553387	0.040070422833699604	0.04794205934383138	106.33200380947531	63.866213105534335	75.30611468484844	59.76328410579369	10.558822727169439	7.260788002868948
12.80782347474603	0.01	0.01	0.01	0.007	0.01	0.891761405936772	0.12000921421445711	0.05539858210546958	0.04007042222654983	0.04794205934375017	106.30604979193099	63.67192588724162	75.3681930831574	59.5875703729322	10.563878582857685	7.093174071008603
12.920872647125387	0.01	0.01	0.01	0.007	0.01	0.891761405936772	0.12000921421445714	0.055398582105389775	0.04007042147755872	0.04794205934367403	106.27446794242364	63.4745302048744	75.42672280088878	59.40899180525814	10.568429989181958	6.92942949253787
13.033921800038675	0.01	0.01	0.01	0.007	0.01	0.891761405936772	0.12000921421445711	0.05539858210529476	0.04007042059022271	0.047942059343602475	106.23740414827755	63.27414287835515	75.48178824193602	59.2276543390364	10.572489195397642	6.769464953837103
13.146970925998952	0.01	0.01	0.01	0.007	0.01	0.891761405936772	0.12000921421445714	0.05539858210518473	0.040070419567927125	0.047942059343535515	106.1950008895083	63.07087776461825	75.53347185960035	59.04366123723319	10.576068167162575	6.613193202377106
13.260020025006222	0.01	0.01	0.01	0.007	0.01	0.891761405936772	0.12000921421445711	0.055398582105060046	0.04007041841394596	0.04794205934347306	106.14739731420548	62.864845813807186	75.58185420468863	58.85711314005563	10.579178593271408	6.460528989178946
13.373069104547437	0.01	0.01	0.01	0.007	0.01	0.891761405936772	0.12000921421445714	0.055398582104921	0.04007041713144576	0.047942059343414806	106.09472931376747	62.65615513672135	75.62701396842223	58.66810812567129	10.581831891898842	6.311389023516488
13.486118164622598	0.01	0.01	0.01	0.007	0.01	0.891761405936772	0.12000921421445711	0.055398582104767786	0.04007041572349904	0.047942059343360606	106.03712960444341	62.44491109892667	75.66902801904803	58.476741795095286	10.584039216443083	6.165691947683927
13.59916719025783	0.01	0.01	0.01	0.007	0.01	0.891761405936772	0.12000921421445714	0.05539858210460092	0.040070414193093117	0.04794205934331048	105.97472780674275	62.231216401091714	75.70797144242016	58.28310734464194	10.585811461680352	6.023358300775512
13.712216181453144	0.01	0.01	0.01	0.007	0.01	0.891761405936772	0.12000921421445711	0.05539858210442032	0.04007041254311457	0.04794205934326439	105.9076505018813	62.01517108670249	75.74391759412934	58.087295572576735	10.587159270311368	5.884310436769815
13.82526515318242	0.01	0.01	0.01	0.007	0.01	0.891761405936772	0.12000921421445714	0.05539858210422644	0.04007041077635288	0.047942059343222	105.83602129875656	61.79687260271984	75.7769381375838	57.889394933706264	10.588093038506255	5.748472484372759
13.938314105445661	0.01	0.01	0.01	0.007	0.01	0.891761405936772	0.12000921421445711	0.055398582104019434	0.04007040889552201	0.047942059343183165	105.75996092027431	61.57641591766229	75.80710307368774	57.68949164605581	10.58862292124771	5.615770342433527
14.051363023269007	0.01	0.01	0.01	0.007	0.01	0.891761405936772	0.12000921421445714	0.05539858210379949	0.04007040690326434	0.047942059343147915	105.67958727323592	61.35389358245469	75.83448078101593	57.4876697457128	10.588758838165266	5.486131637418089
14.164411906652466	0.01	0.01	0.01	0.007	0.01	0.891761405936772	0.12000921421445711	0.05539858210356678	0.04007040480213433	0.04794205934311611	105.59501549349731	61.12939572998828	75.85913806114708	57.28401108607476	10.588510479105635	5.359485648799805
14.277460755596051	0.01	0.01	0.01	0.007	0.01	0.891761405936772	0.12000921421445714	0.055398582103321534	0.04007040259461101	0.04794205934308765	105.50635801901817	60.903010160549776	75.88114017061316	57.07859541496072	10.587887309291524	5.235763288681247
14.39050957009977	0.01	0.01	0.01	0.007	0.01	0.891761405936772	0.12000921421445711	0.055398582103063844	0.04007040028310049	0.04794205934306234	105.41372465224782	60.67482239716586	75.90055085657171	56.87150042446084	10.586898574508734	5.114897064103419
14.503558350163635	0.01	0.01	0.01	0.007	0.01	0.891761405936772	0.12000921421445714	0.05539858210279396	0.04007039786993868	0.04794205934304037	105.31722262107057	60.44491573966114	75.91743239165449	56.662801799628184	10.585553306173509	4.996821040225103
14.616607103274577	0.01	0.01	0.01	0.007	0.01	0.891761405936772	0.12000921421445711	0.055398582102512056	0.04007039535738906	0.04794205934302126	105.21695663158098	60.21337130207222	75.93184560888581	56.45257325206735	10.58386032615946	4.881470796801792
14.729655821945682	0.01	0.01	0.01	0.007	0.01	0.891761405936772	0.12000921421445714	0.05539858210221823	0.04007039274765928	0.0479420593430052	105.11302894605707	59.98026811018092	75.94384993200322	56.24088660811752	10.581828251959614	4.768783416045556
14.842704506176963	0.01	0.01	0.01	0.007	0.01	0.891761405936772	0.12000921421445711	0.055398582101912515	0.04007039004288954	0.04794205934299208	105.00553942046862	59.74568310614494	75.95350341121205	56.027811812703376	10.579465501130867	4.658697424935412
14.955753170942259	0.01	0.01	0.01	0.007	0.01	0.891761405936772	0.12000921421445714	0.05539858210159505	0.04007038724514944	0.047942059342981916	104.89458555132805	59.50969118152219	75.96086275455002	55.81341695894406	10.576780295610062	4.5511527555133515
15.068801801267746	0.01	0.01	0.01	0.007	0.01	0.891761405936772	0.12000921421445711	0.05539858210126609	0.04007038435646876	0.04794205934297425	104.78026257380154	59.27236531902947	75.96598335583303	55.59776841656754	10.57378066727054	4.446090755009499
15.181850397153434	0.01	0.01	0.01	0.007	0.01	0.891761405936772	0.12000921421445714	0.05539858210092578	0.040070381378811325	0.04794205934296936	104.66266347171542	59.03377654615341	75.96891932861577	55.380930789422	10.57047446136443	4.343454110276423
15.294898951112428	0.01	0.01	0.01	0.007	0.01	0.891761405936772	0.12000921421445711	0.05539858210057413	0.04007037831409086	0.04794205934296712	104.54187905141384	58.793994027891976	75.96972353436719	55.16296699938164	10.566869341365397	4.2431868378377295
15.407947463144742	0.01	0.01	0.01	0.007	0.01	0.891761405936772	0.12000921421445714	0.05539858210021127	0.04007037516416331	0.0479420593429674	104.4179979767161	58.55308507991614	75.96844761175566	54.943938297952116	10.562972792732513	4.145234239762029
15.520995940737293	0.01	0.01	0.01	0.007	0.01	0.891761405936772	0.12000921421445711	0.055398582099837015	0.04007037193082883	0.04794205934297018	104.29110681726607	58.31111521192509	75.96514200419391	54.72390430531243	10.55879212691921	4.0495428745980355
15.634044391376994	0.01	0.01	0.01	0.007	0.01	0.891761405936772	0.12000921421445714	0.05539858209945187	0.040070368615838035	0.04794205934297545	104.16129010451938	58.06814818617085	75.95985598719642	54.50292306316439	10.5543344855989	3.9560605350647546
15.74709281506385	0.01	0.01	0.01	0.007	0.01	0.891761405936772	0.12000921421445711	0.05539858209905565	0.04007036522089839	0.04794205934298306	104.02863038781096	57.8242460754085	75.95263769590557	54.281051087085245	10.549606844910736	3.864736225517071
15.860141196824074	0.01	0.01	0.01	0.007	0.01	0.891761405936772	0.12000921421445714	0.05539858209864857	0.04007036174768091	0.04794205934299293	103.89320829041354	57.579469320208496	75.94353415273395	54.05834341832512	10.544616019717921	3.7755201392423685
15.973189536657683	0.01	0.01	0.01	0.007	0.01	0.891761405936772	0.12000921421445711	0.055398582098230544	0.04007035819780207	0.04794205934300498	103.75510251933638	57.33387670411937	75.93259129115106	53.83485360086677	10.539368666092187	3.6883636071148165
16.0	0.01	0.01	0.01	0.007	0.01	0.891761405936772	0.12000921421445711	0.05539858209812985	0.040070363513048005	0.047942059343008235	103.72196419146384	57.275518723267815	75.92973118833443	53.78174188745458	10.538087288388903	3.667990537705479
