0.0	0.01	0.01	0.01	0.007	0.01	0.0	0.0	0.0	0.0	0.0	0.0	0.0	0.0	0.0	0.0	100.0
0.003373837436100626	0.01	0.01	0.01	0.007	0.01	0.011111714276214884	0.002634897407402311	0.003204850606261706	0.003837759045485015	0.005585963858753357	0.0006676280290603074	0.0009067862197450271	0.001910365807759763	0.0044804598836726385	0.0004976708466753488	99.91987274931988
0.005269686946069643	0.01	0.01	0.01	0.007	0.01	0.017291309465721983	0.004085266860892599	0.0049154867200922	0.005806460263365586	0.00859728817197568	0.0016238782024389621	0.0022002920802586317	0.004602358178767847	0.010690598853178352	0.0012017591855429397	99.8748752824
0.008188745160576553	0.01	0.01	0.01	0.007	0.01	0.026716496171967433	0.0062767583326297696	0.007428971995099518	0.00859717462348647	0.013062124788415404	0.003903166433445032	0.00526921081212909	0.010902096482764627	0.024960130198080053	0.0028568253036880117	99.80563185521936
0.010821001809640683	0.01	0.01	0.01	0.007	0.01	0.0351233985862225	0.008210456618474632	0.009576228517817038	0.01088409223219466	0.01691692854107691	0.006787604580757627	0.009132974441733426	0.018713853749384397	0.04230511086553519	0.004919296593887734	99.7432328560826
0.013888761523451471	0.01	0.01	0.01	0.007	0.01	0.0448120622841878	0.010414382893705654	0.01194377485158232	0.013300492574886753	0.02121421934469516	0.011127939748559482	0.014915945346329562	0.030224458774763166	0.06735281124769872	0.007973882029856313	99.67055925875648
0.01698723271146902	0.01	0.01	0.01	0.007	0.01	0.05447982841489163	0.01258730183665941	0.014195728839190017	0.015495240881367249	0.025351840587447817	0.016566219586569245	0.02212046027955603	0.04432848763934047	0.09740527944995185	0.011737133019173155	99.59721187106118
0.02032368710714684	0.01	0.01	0.01	0.007	0.01	0.06475930492354537	0.014868938167661137	0.016473475936341422	0.017610832568842646	0.029592171249937148	0.02358942747105869	0.03136947774341642	0.062128038273058614	0.134535177639536	0.016513422572288765	99.51829126874532
0.023777484753104542	0.01	0.01	0.01	0.007	0.01	0.07525923215479373	0.01716888911685349	0.01868055735055724	0.01955924219901929	0.03376071442053162	0.03211479684720143	0.04252701899968682	0.08322317160447265	0.17760061705372618	0.02220790338476175	99.43666089900366
0.027408229773009815	0.01	0.01	0.01	0.007	0.01	0.0861444630623491	0.0195205691494366	0.02084615341577862	0.021372356901005644	0.03791614704443233	0.04243101410866937	0.05594146562618768	0.10812840941761345	0.2273562771098521	0.028972951847738074	99.35092057534327
0.03118243186911345	0.01	0.01	0.01	0.007	0.01	0.09729628869124954	0.02189535072783777	0.022940802819666692	0.02303156620437923	0.042006207607176924	0.054600941601936	0.07166077231921941	0.13677370603216288	0.28335713005018154	0.036805052747256414	99.26187087077956
0.03511969597713453	0.01	0.01	0.01	0.007	0.01	0.10875491821080913	0.02429909562604471	0.024967975865496546	0.024547323506143744	0.046040850104027996	0.06883966192330214	0.08992549870947436	0.16942988858080502	0.34583675051219337	0.045795340166510864	99.1690588927159
0.03921410338871602	0.01	0.01	0.01	0.007	0.01	0.1204842466778172	0.026721440573308088	0.026917568384312435	0.025920073980811188	0.05000139385549573	0.08528686455711079	0.11087303174798659	0.2061626613817881	0.41462678117532764	0.05598089239587943	99.07263466596055
0.04347586547104744	0.01	0.01	0.01	0.007	0.01	0.13249411601654854	0.029161688134158203	0.028788369883296097	0.02715753755291741	0.0538816692143692	0.10414821263832438	0.13471902271146097	0.24716010980434902	0.4897943816631808	0.06743399522587629	98.97236877920146
0.04790867344028429	0.01	0.01	0.01	0.007	0.01	0.1447743355241603	0.03161497494674455	0.030576393449005604	0.028265786480609262	0.057659103259328416	0.12561383733363202	0.1616523075491858	0.2925449780943058	0.57128665860175	0.08020875886462954	98.86818638227254
0.05252180193095733	0.01	0.01	0.01	0.007	0.01	0.15732888068693549	0.03407926979877131	0.03228036113962479	0.02925285242966958	0.06129658515320706	0.14991094044108327	0.1919007805291458	0.342488035851028	0.6591423144673128	0.09436898715385672	98.75988243635597
0.05732381664899737	0.01	0.01	0.01	0.007	0.01	0.1701578568963793	0.03655168264931714	0.03389881774367403	0.03012664914245295	0.06472399687251804	0.17727840526723732	0.22569823211444556	0.39714962566404	0.7533851666054772	0.10996473428371656	98.64726997035255
0.06231775979083879	0.01	0.01	0.01	0.007	0.01	0.1832451589508231	0.03902622209863266	0.035428931943882754	0.030894405827081157	0.06782605116011278	0.2079346312070468	0.2632444077589643	0.45661748461551843	0.8539239341545175	0.1270027431984047	98.53029278110377
0.06747505828405338	0.01	0.01	0.01	0.007	0.01	0.19649355991555895	0.04148218763405768	0.036860466498530725	0.03156019499462705	0.07044121782764756	0.24188740113084686	0.3044760767782112	0.5205625452764704	0.9599997634675667	0.14533349512106525	98.40963477815457
0.07279135326060718	0.01	0.01	0.01	0.007	0.01	0.20987213155140028	0.04391221090956006	0.038193145005372874	0.03213332240795259	0.07243920948816061	0.27926718436346926	0.3494776782048295	0.5888997645498119	1.0713146997864287	0.1648334961040441	98.28541161602358
0.07834741597256098	0.01	0.01	0.01	0.007	0.01	0.22355846608513869	0.04634605742365277	0.039446116209918974	0.03263012032734253	0.07377234799048636	0.3208501034703329	0.399096317002376	0.6626695956450429	1.189390564641419	0.1856580031396995	98.1557534953307
0.08417179012532172	0.01	0.01	0.01	0.007	0.01	0.23758837996530627	0.048786322378056274	0.040621923860540476	0.033058322311619474	0.07444822963691572	0.36713082097623523	0.45381543907045613	0.7422983205056188	1.3147047423713898	0.20775324014302826	98.02001760055163
0.09023096450519084	0.01	0.01	0.01	0.007	0.01	0.25184692965321137	0.05120962402937934	0.0417115692814816	0.033421433444458276	0.0745564649858515	0.418118998395646	0.5135322834808278	0.8273450553230455	1.446391733547784	0.23082184286396767	97.87900893599016
0.09652964197679513	0.01	0.01	0.01	0.007	0.01	0.2663134001099827	0.053609803898602884	0.04271595935269505	0.033726622510627594	0.07424001509740577	0.47410673698743994	0.5784710551321869	0.9178529039627463	1.5843930074799986	0.25472731560792844	97.73264160540401
0.10310733465023592	0.01	0.01	0.01	0.007	0.01	0.281043159005752	0.05599315397346685	0.04364134120614658	0.033982031291199206	0.07363476976331781	0.5357249518621208	0.6492315924483318	1.014366347813766	1.7294226656289688	0.2794936293078119	97.58002420813345
0.11002774021563513	0.01	0.01	0.01	0.007	0.01	0.29613464453000793	0.058371692166714145	0.044495135413693696	0.03419510354716049	0.0728454135337794	0.6039199141621254	0.7267430105833198	1.1178177625345596	1.8827496489270175	0.305258508821762	97.41971236076633
0.11734365874252922	0.01	0.01	0.01	0.007	0.01	0.31164842960090433	0.06074994609161451	0.04528100888754547	0.03437147267473967	0.07194894811679464	0.6796426502866822	0.8118966673151649	1.2290107518282192	2.0454168772343406	0.3321327921909879	97.25052479022794
0.12509539139700074	0.01	0.01	0.01	0.007	0.01	0.3276067340080363	0.06312562135520827	0.046000192027796816	0.03451573325948826	0.07100192255808083	0.7638064148717515	0.9054975786572431	1.3485704434960115	2.2181917162266602	0.3601913840669757	97.0715791949821
0.1333131020234627	0.01	0.01	0.01	0.007	0.01	0.3440016148506831	0.06549157582455478	0.04665294169788453	0.03463198963958029	0.07004585380131942	0.8572831874065917	1.0082619522807559	1.4769592483991996	2.401610894486377	0.3894813743609863	96.88223622770268
0.14202577444827225	0.01	0.01	0.01	0.007	0.01	0.360815117849107	0.06783927280055702	0.04723996251136606	0.03472416917615777	0.06911032536848731	0.9609852406236493	1.1209073885679846	1.6146050953016875	2.5961779290090665	0.4200538097206512	96.6818922682474
0.15126433847466655	0.01	0.01	0.01	0.007	0.01	0.378025460525824	0.07015985212880695	0.047762738783710325	0.03479601274822097	0.0682158636890063	1.0758993563296215	1.2441865623717523	1.7619482904349626	2.802432928962845	0.451973230163956	96.46990820875413
0.1610631383775186	0.01	0.01	0.01	0.007	0.01	0.3956091217607376	0.07244451196977762	0.04822355581947228	0.03485100454986811	0.0673762599401293	1.2031082898415577	1.378904900613232	1.9194650835671332	3.0209852594092004	0.48532106195222025	96.2455771265909
0.17145938909087635	0.01	0.01	0.01	0.007	0.01	0.41353897139985607	0.07468434740508029	0.04862536614338488	0.03489230158620654	0.06660041602444836	1.3437885330162893	1.525912014720317	2.0876595933561832	3.252500567897392	0.5201922373495707	96.00813847858684
0.18249281084871868	0.01	0.01	0.01	0.007	0.01	0.4317829726407687	0.07687031512096724	0.04897168874457047	0.034922694742334864	0.06589360309193514	1.4992079793206976	1.6860934185244578	2.26705814582723	3.497691172861114	0.556692842360027	95.75678824395376
0.19420517238200444	0.01	0.01	0.01	0.007	0.01	0.4503029857783086	0.07899325319519752	0.04926651229071962	0.03494459236273665	0.06525832334717661	1.6707199012280238	1.860359049396395	2.4582019654787994	3.757303935584817	0.5949377284549126	95.49069119720104
0.20664028207929805	0.01	0.01	0.01	0.007	0.01	0.4690545444590992	0.08104404600587341	0.0495142059182296	0.03496002283622475	0.06469488272066205	1.8597610164824931	2.0496368419958895	2.661647186179321	4.032117661922	0.635049731616655	95.20898305387101
0.21984428522592034	0.01	0.01	0.01	0.007	0.01	0.48798720148003427	0.08301385659437269	0.04971941600943391	0.03497065120482589	0.0642018047636697	2.067852943915113	2.254870389665357	2.8779700278093183	4.322946771979789	0.6771598444427528	94.91076588677275
0.23386632773616278	0.01	0.01	0.01	0.007	0.01	0.5070453814315921	0.08489439653086722	0.049886946689551216	0.0349778072416498	0.06377616082629634	2.2966090946214126	2.477022433997701	3.107778029216035	4.630652409317516	0.721408420443775	94.59509562498499
0.24875933602451486	0.01	0.01	0.01	0.007	0.01	0.5261692492692895	0.08667816634228911	0.05002162569261976	0.03498252221058048	0.06341386964022733	2.5477439509328965	2.71708082833236	3.3517229779987336	4.9561552962508815	0.7679465516373991	94.26096748318308
0.264580701230548	0.01	0.01	0.01	0.007	0.01	0.5452953008025379	0.08835863751432753	0.05012816746360513	0.034985571350900406	0.06310998464960661	2.8230811863490093	2.976063521039441	3.610511738958353	5.300445621736754	0.8169369701968708	93.90730419106676
0.2813925625037991	0.01	0.01	0.01	0.007	0.01	0.5643564125354503	0.0899303628700085	0.050211047076660575	0.034987518657163034	0.06285897066578126	3.124554390470407	3.255017080905215	3.884909737409218	5.664583385296927	0.8685535898133289	93.53295384500782
0.29926153102147807	0.01	0.01	0.01	0.007	0.01	0.583281426733222	0.09138903901650042	0.05027439763556577	0.034988760608165435	0.06265496006604851	3.4541956329308214	3.5550053844544247	4.175734458149571	6.0496860534391255	0.9229792967741411	93.13670071987191
0.31825782037212275	0.01	0.01	0.01	0.007	0.01	0.6019945551589585	0.09273155533012745	0.05032193819626274	0.03498956607112359	0.06249197984024348	3.8141090036071765	3.8770873305808626	4.483838567841251	6.456903233906026	0.9804019821473853	92.71728947157428
0.338453990169091	0.01	0.01	0.01	0.007	0.01	0.6204150967949799	0.09395606452029062	0.05035693334749003	0.034990110571214254	0.062364145136549316	4.206431229273234	4.222287034719571	4.810086341632015	6.887383318449585	1.0410095195135316	92.27345775720137
0.3599236225208544	0.01	0.01	0.01	0.007	0.01	0.6384579003893195	0.0950620845068997	0.050382180681074105	0.03499050413631312	0.062265820724021564	4.633285003946174	4.5915625670594995	5.155328891190345	7.342239314871903	1.1049846924501792	91.8039699175637
0.3827403117861356	0.01	0.01	0.01	0.007	0.01	0.6560348238344503	0.09605061462670855	0.05040002043982089	0.034990812782236126	0.06219175333495188	5.096733534329598	4.985780819169893	5.520384513275538	7.822522092013	1.172501216096404	91.30764326387873
0.4069772589105665	0.01	0.01	0.01	0.007	0.01	0.6730571380226738	0.09692422711502562	0.05041236179066006	0.03499107427869221	0.06213717624985234	5.59874449903977	5.405704613957234	5.906028789846292	8.329206985192084	1.2437216901446573	90.78336077660676
0.43270757617395655	0.01	0.01	0.01	0.007	0.01	0.6894385444639637	0.09768708992644394	0.05042072126884986	0.03499130914310273	0.062097884467736224	6.1411685237233895	5.851994561775095	6.312995865282171	8.863195460099684	1.3187977401409592	90.23006834493707
0.46000522007493455	0.01	0.01	0.01	0.007	0.01	0.7050983411210884	0.09834489075955608	0.050426269762169545	0.03499152790713497	0.06207027717299382	6.725733086315299	6.325224219328617	6.74198920248348	9.425329409847528	1.3978720329882799	89.64675890393956
0.4889462773323344	0.01	0.01	0.01	0.007	0.01	0.7199642665595294	0.09890465488885143	0.05042988454334104	0.03499173565262495	0.06205136554762446	7.354047664602646	6.825903098371779	7.19369709252559	10.016411689837057	1.4810812889961371	89.03244994730576
0.5196101267298386	0.01	0.01	0.01	0.007	0.01	0.7339746518263568	0.09937447224451998	0.05043220270766569	0.03499193467381968	0.06203874756959297	8.0276101526524	7.354498201119996	7.66880523142496	10.637222662455457	1.5685588555431755	88.38616493887437
0.5520800717100898	0.01	0.01	0.01	0.007	0.01	0.7470797859951269	0.09976316875273775	0.05043367247127482	0.03499212593976591	0.06203055548620542	8.747804852383386	7.911446122216779	8.168000187252687	11.288524597899421	1.660435674506087	87.70692711263058
0.5864430799423158	0.01	0.01	0.01	0.007	0.01	0.7592425769822397	0.10007996049147516	0.05043459935214416	0.03499230984139149	0.06202538479000113	9.515882754863712	8.497148999359354	8.691958629458231	11.971047268026716	1.756838663194102	86.993772732781
0.6227885480698916	0.01	0.01	0.01	0.007	0.01	0.7704387573422359	0.10033412502419943	0.050435185292969684	0.03499248654367976	0.06202221447120553	10.33292138210623	9.111953164458082	9.241321898169161	12.685454333298066	1.8578863975188513	86.24578447801669
0.6612062563716797	0.01	0.01	0.01	0.007	0.01	0.7806568862077397	0.10053471223960314	0.05043555995841193	0.03499265613715836	0.06202032733931999	11.199767994252324	9.756114130395906	9.816659398325093	13.432295282611616	1.9636827133575174	85.46214027709736
0.7017840873890826	0.01	0.01	0.01	0.007	0.01	0.7898983423157608	0.10069030592036729	0.050435804463813655	0.03499281869749194	0.06201923693582306	12.1169803388728	10.42975859367147	10.418430316329703	14.211955488792784	2.074309958156518	84.64216470325027
0.7446063251899182	0.01	0.01	0.01	0.007	0.01	0.7981773293378568	0.10080883811800538	0.05043596848019617	0.03499297430864584	0.06201862494018557	13.08478528460464	11.1328575764016	11.046956137201624	15.024620663726648	2.189824180511398	83.78536592371474
0.7897534561684192	0.01	0.01	0.01	0.007	0.01	0.8055207505528588	0.10089745456646143	0.050436081990423695	0.03499312307486278	0.062018290617544214	14.103077566544565	11.86522524861437	11.70241693520193	15.870272379635631	2.3102546400433264	82.89144045977979
0.8373040987962396	0.01	0.01	0.01	0.007	0.01	0.8119676920197676	0.10096242888979723	0.05043616301138688	0.034993265130248634	0.06201811210604005	15.171472438937212	12.62655148923116	12.384878870826372	16.748723846696418	2.4356090014657648	81.96023549383058
0.8873389886257267	0.01	0.01	0.01	0.007	0.01	0.8175682628116886	0.1010091242951567	0.05043622245424389	0.03499340064648718	0.06201801823677215	16.289407671527513	13.416463654030146	13.09434927738152	17.65969065721266	2.565883545269185	80.99167348277449
0.9399463473729902	0.01	0.01	0.01	0.007	0.01	0.8223817201023598	0.10104200137283965	0.05043626706647763	0.03499352983673508	0.06201796902605794	17.456274873129114	14.234603401770933	13.830847111764498	18.60288011845806	2.7010761468329934	79.98565558694094
0.9952276743624755	0.01	0.01	0.01	0.007	0.01	0.826474029599213	0.1010646676941935	0.050436301155380635	0.03499365295429433	0.062017942840881676	18.671553141461793	15.08070093583655	14.59447318730003	19.57807868940282	2.841199162447302	78.94196505710086
1.0533033074653813	0.01	0.01	0.01	0.007	0.01	0.8299151759768193	0.10107996059824548	0.050436327575072014	0.034993770286697194	0.06201792837877902	19.93492594837317	15.95463540269854	15.385470033153329	20.585224282122837	2.9862903608311124	77.86018438092934
1.114317326210015	0.01	0.01	0.01	0.007	0.01	0.8327765422097531	0.1010900510977943	0.0504363482871881	0.034993882146649564	0.06201791990793121	21.246368876916645	16.856474869385718	16.204265204578196	21.624455506085187	3.1364207715912773	76.73963460741551
1.1784421101058393	0.01	0.01	0.01	0.007	0.01	0.8351286182842661	0.10109655626638159	0.05043636468281918	0.034993988862291985	0.06201791458144392	22.60621342930022	17.786500934541007	17.051502316364733	22.69614333914611	3.2917002387666994	75.57933100404807
1.2458826706068016	0.01	0.01	0.01	0.007	0.01	0.837039154269467	0.10110064918428592	0.050436377772782114	0.034994090767869995	0.06201791099395619	24.015188383855534	18.745219629909773	17.928061109892834	23.800906858930343	3.4522809214560346	74.37795323526387
1.316881315194899	0.01	0.01	0.01	0.007	0.01	0.8385717952350864	0.10110315887902628	0.050436388305039166	0.034994188195932044	0.06201790844055082	25.47444944351344	19.733365987908645	18.83507324065039	24.939621356495685	3.618359965739812	73.13382086114474
1.3917229088933234	0.01	0.01	0.01	0.007	0.01	0.8397851578926961	0.10110465604331989	0.05043639684062837	0.0349942814710049	0.06201790655165392	26.985600726112978	20.751904215800053	19.773935767893878	26.113420986234075	3.7901817049624484	71.84487134754525
1.4707411621597863	0.01	0.01	0.01	0.007	0.01	0.8407322867678431	0.10110552314625099	0.0504364038048972	0.03499437090452521	0.06201790511922809	28.550713850871823	21.80202662976923	20.746325657050168	27.32369957844216	3.9680399845219716	70.50863590714899
1.554326021772787	0.01	0.01	0.01	0.007	0.01	0.8414604141004668	0.10110600948490024	0.0504364095232045	0.03499445678984892	0.0620179040158755	30.172341771118017	22.885148515267932	21.75421330567361	28.572106390769942	4.152280232709408	69.122215709513
1.6429319259529906	0.01	0.01	0.01	0.007	0.01	0.8420109552476897	0.10110627286481672	0.050436414246372206	0.03499453939489519	0.06201790315729154	31.853517595465867	24.00289146753865	22.799868896027174	29.8605282830838	4.343300127903513	67.68226675968006
1.7370844831395167	0.01	0.01	0.01	0.007	0.01	0.8424196761875503	0.10110641010044545	0.05043641816905153	0.03499461894477538	0.06201790248436776	33.597688418101484	25.157021342651266	23.885830374546977	31.191019342414634	4.54154315069112	66.18503624701435
1.8373732683296724	0.01	0.01	0.01	0.007	0.01	0.8427169738240841	0.10110647860942946	0.05043642144287716	0.03499469556691969	0.06201790195413454	35.408367110557414	26.349198457233747	25.014697352598606	32.5655138613689	4.747460285013521	64.6266379225173
1.9443626274950747	0.01	0.01	0.01	0.007	0.01	0.8429281865615817	0.10110651120075678	0.05043642418483014	0.034994769082015716	0.06201790153489689	37.287369353196226	27.579806051137275	26.188040929263998	33.98447618712516	4.961310688051446	63.00455085677938
2.0579837019725646	0.01	0.01	0.01	0.007	0.01	0.8430737050192794	0.10110652585375325	0.050436426476422255	0.03499483813504663	0.062017901204179944	39.224608087867345	28.841332860070352	27.40001505098718	35.43926891448634	5.181999009670719	61.32647274314908
2.1744406078591227	0.01	0.01	0.01	0.007	0.01	0.8431686334577289	0.10110653196893182	0.05043642833830614	0.03499489821883177	0.06201790095038637	41.149443961299404	30.087207818883776	28.60675050033297	36.87620026841296	5.401516983297782	59.65288319644441
2.284994154951778	0.01	0.01	0.01	0.007	0.01	0.8432262622614208	0.10110653434951447	0.050436429765540185	0.03499494805163482	0.06201790076599748	42.921237003845434	31.227019197875222	29.71996169377176	38.19097704504238	5.6038192886462	58.10640771070359
2.3877385621502194	0.01	0.01	0.01	0.007	0.01	0.8432614406303677	0.10110653530591386	0.050436430862632255	0.03499499578492575	0.062017900630789	44.52065020834758	32.24987266418076	30.727017707354257	39.37099238411047	5.786653225556355	56.70513608879824
2.4861350504672908	0.01	0.01	0.01	0.007	0.01	0.8432841155569416	0.10110653572192892	0.05043643174941371	0.03499504277395229	0.0620179005259943	46.010754290809494	33.19737885136495	31.667210135569878	40.46421715656486	5.957188104237988	55.394851808139556
2.5837068511123693	0.01	0.01	0.01	0.007	0.01	0.843299410706685	0.10110653591346652	0.05043643250118847	0.034995086397479815	0.06201790044055867	47.449089114389196	34.106736845143836	32.57664591581096	41.5135547443291	6.121989951698156	54.1254484532884
2.6824909922654006	0.01	0.01	0.01	0.007	0.01	0.8433099390553305	0.10110653600345594	0.050436433156640134	0.03499512626022848	0.062017900368808575	48.86636802113065	34.99750269185222	33.47471154009221	42.54156651012313	6.2845749607266725	52.869903262289434
2.7830589042611127	0.01	0.01	0.01	0.007	0.01	0.8433171842686523	0.10110653604548757	0.05043643373400933	0.03499516295279637	0.062017900307863735	50.26994332017315	35.87422248389103	34.366108104890394	43.55349910019797	6.445791070205923	51.62160060077712
2.88501283794392	0.01	0.01	0.01	0.007	0.01	0.8433221181378815	0.10110653606479258	0.050436434242620946	0.0349951969484371	0.06201790025604062	51.65335317066592	36.73277315358841	35.24677698175414	44.544593846576895	6.604900750626428	50.38617618735453
2.987590562903629	0.01	0.01	0.01	0.007	0.01	0.8433254391483466	0.10110653607352012	0.05043643468938182	0.03499522859189255	0.062017900212046354	53.006049086181186	37.56662060201255	36.110010288882386	45.507305726627976	6.760691552101297	49.173030000872544
3.0901455782983427	0.01	0.01	0.01	0.007	0.01	0.8433276576392251	0.10110653607743039	0.05043643508139803	0.03499525822475937	0.06201790017468504	54.320115303598705	38.37101701745773	36.95071794161505	46.43614813911375	6.912247887379854	47.98935162249994
3.192359758236063	0.01	0.01	0.01	0.007	0.01	0.8433291360245588	0.10110653607917908	0.050436435426181425	0.034995286151886046	0.06201790014283484	55.59260743836506	39.14437172457162	37.76694644555389	47.32927740281462	7.059223059440477	46.8379591531481
3.294214254296082	0.01	0.01	0.01	0.007	0.01	0.8433301223709337	0.10110653607996306	0.05043643573095135	0.034995312568060225	0.0620179001155062	56.82457076639007	39.88755734596417	38.55928587697225	48.18769382918225	7.201729591111165	45.71809845419159
3.3958489656739905	0.01	0.01	0.01	0.007	0.01	0.8433307821016691	0.10110653608031588	0.05043643600200894	0.03499533756533153	0.06201790009188095	58.0188745628809	40.60252944933342	39.329505250051696	49.01364909670035	7.3400915701910225	44.627343119089005
3.497426478252021	0.01	0.01	0.01	0.007	0.01	0.8433312243266968	0.10110653608047511	0.050436436244500005	0.03499536119447104	0.062017900071311444	59.178418275282006	41.29122162043775	40.07940773317037	49.80937051333964	7.474638054360109	43.56320335018989
3.5990547285820575	0.01	0.01	0.01	0.007	0.01	0.8433315210781853	0.10110653608054698	0.05043643646249788	0.03499538351226769	0.0620179000532944	60.305262899371755	41.95503256512262	40.81026795322867	50.5764683103356	7.605602189297703	42.52392539039145
3.700770082504938	0.01	0.01	0.01	0.007	0.01	0.8433317202289958	0.10110653608057951	0.05043643665923275	0.034995404595186186	0.062017900037435104	61.40055135706119	42.59479797325008	41.52277327983738	51.31590267331272	7.733111243986418	41.508582230503514
3.8025574409242218	0.01	0.01	0.01	0.007	0.01	0.8433318538177309	0.10110653608059415	0.050436436837330755	0.03499542453326119	0.06201790002341734	62.464834633433576	43.211000226597235	42.21722863565829	52.02822566991299	7.857223840121929	40.51678925273536
3.9043812507906384	0.01	0.01	0.01	0.007	0.01	0.8433319433771292	0.10110653608060075	0.050436436998996234	0.034995443418613624	0.06201790001098133	63.49846242472089	43.80400636252769	42.893806846124434	52.713856063624576	7.97797505147328	39.54835135218658
4.006209757064093	0.01	0.01	0.01	0.007	0.01	0.8433320033949332	0.10110653608060374	0.05043643714612664	0.034995461335823146	0.06201789999990951	64.50184782371633	44.374223209807916	43.552720609304586	53.37325860997446	8.095407197203052	38.60301811406498
4.1080259195688	0.01	0.01	0.01	0.007	0.01	0.8433320436093631	0.10110653608060508	0.050436437280374204	0.03499547835706156	0.0620178999900176	65.47556250767514	44.922149112314365	44.19428592274844	54.0070039271212	8.209581075266655	37.68039189910035
4.209827083765361	0.01	0.01	0.01	0.007	0.01	0.8433320705554427	0.10110653608060567	0.05043643740318119	0.034995494542082714	0.062017899981149385	66.4203112993302	45.448355350936275	44.81890699448275	54.615747104945825	8.320573147832263	36.77994785103707
4.311618934032818	0.01	0.01	0.01	0.007	0.01	0.8433320886128164	0.10110653608060594	0.05043643751580191	0.03499550994128648	0.06201789997317247	67.33685816518398	45.95344146579449	45.42702868865316	55.2001760956568	8.428466985073268	35.901101057872566
4.413409027519707	0.01	0.01	0.01	0.007	0.01	0.843332100714776	0.10110653608060609	0.050436437619324447	0.034995524599390905	0.06201789996597442	68.22595974798983	46.43799703212726	46.0190930698189	55.760967517996185	8.533345505373852	35.043268695328344
4.515202723680287	0.01	0.01	0.01	0.007	0.01	0.8433321088258507	0.10110653608060614	0.050436437714692604	0.03499553855807576	0.0620178999594599	69.08832977017711	46.902582304925055	46.59551569559235	56.29876425256355	8.635286775933857	34.20590437393088
4.617001991346281	0.01	0.01	0.01	0.007	0.01	0.8433321142621305	0.10110653608060616	0.05043643780272719	0.0349955518571438	0.06201789995354744	69.92463305089457	47.34772590325829	47.15668126809566	56.81417273833261	8.734363270435102	33.388504804678355
4.718806190276139	0.01	0.01	0.01	0.007	0.01	0.8433321179055857	0.10110653608060616	0.05043643788414557	0.03499556453456765	0.0620178999481674	70.73549654000163	47.77393170567444	47.70295063811982	57.30777093165114	8.830643136164138	32.59059999666824
4.820613547362475	0.01	0.01	0.01	0.007	0.01	0.8433321203473884	0.10110653608060616	0.050436437959578265	0.034995576626066664	0.06201789994325973	71.52152417010065	48.18168736132614	48.23467053483167	57.780118145857955	8.924191929855859	31.81173932090344
4.922422377017879	0.01	0.01	0.01	0.007	0.01	0.8433321219838145	0.10110653608060616	0.05043643802958191	0.034995588164732194	0.06201789993877215	72.2833074959563	48.57147010471081	48.75218064990583	58.23176177908043	9.015073872585074	31.051481244946416
5.02423167460718	0.01	0.01	0.01	0.007	0.01	0.843332123080485	0.10110653608060616	0.05043643809464972	0.03499559918093246	0.06201789993465963	73.0214300750335	48.94374900506017	49.255816616237404	58.66323991893618	9.103352372586137	30.30938895175464
5.126041150200465	0.01	0.01	0.01	0.007	0.01	0.8433321238154291	0.10110653608060616	0.05043643815522023	0.03499560970249231	0.06201789993088297	73.73646718618645	49.298984723822194	49.745909863415896	59.07508106208354	9.189089996257593	29.58503050240742
5.227850958878052	0.01	0.01	0.01	0.007	0.01	0.843332124307959	0.10110653608060616	0.05043643821168386	0.03499561975502434	0.06201789992740724	74.4289835253281	49.63762829617758	50.2227860753795	59.46780270152613	9.272348195459914	28.877981075576763
5.3296614040607935	0.01	0.01	0.01	0.007	0.01	0.843332124638033	0.10110653608060616	0.05043643826438912	0.03499562936226538	0.06201789992420232	75.09953112311527	49.96012012381357	50.68676375929457	59.841910156569654	9.353187057345377	28.187825083324363
5.431472701520284	0.01	0.01	0.01	0.007	0.01	0.8433321248592353	0.10110653608060616	0.05043643831364793	0.03499563854636783	0.062017899921241605	75.74864804105566	50.26688943909341	51.138153313211305	60.19789594747507	9.431665144062116	27.51415758452341
5.5332848849777125	0.01	0.01	0.01	0.007	0.01	0.8433321250074757	0.10110653608060616	0.05043643835973972	0.03499564732809652	0.062017899918501616	76.37685821744299	50.55835437653037	51.57725686668792	60.53623987348878	9.507839468827044	26.856584571164117
5.635097887012116	0.01	0.01	0.01	0.007	0.01	0.8433321251068199	0.10110653608060616	0.0504364384029158	0.03499565572691038	0.06201789991596165	76.98467243992279	50.834922577688985	52.0043689041002	60.85740970994234	9.581765608137255	26.214722087485665
5.736911579514812	0.01	0.01	0.01	0.007	0.01	0.8433321251733954	0.10110653608060616	0.050436438443402454	0.03499566376105257	0.06201789991360336	77.57258897357056	51.09699160961839	52.41977665790329	61.161861689557966	9.653497773282261	25.588195683136696
5.838725834374673	0.01	0.01	0.01	0.007	0.01	0.8433321252180112	0.10110653608060616	0.05043643848140413	0.03499567144761664	0.0620178999114101	78.14109423993796	51.3449493863629	52.823760545850085	61.45004098783479	9.723088888867286	24.976639792357886
5.9405405639363185	0.01	0.01	0.01	0.007	0.01	0.8433321252479102	0.10110653608060616	0.050436438517105726	0.03499567880261379	0.062017899909367596	78.69066331086435	51.5791744879033	53.21659448551499	61.722382089771834	9.790590649551046	24.379697290240117
6.042355707515126	0.01	0.01	0.01	0.007	0.01	0.8433321252679471	0.10110653608060616	0.05043643855067487	0.034995685841063204	0.062017899907462676	79.22176007569921	51.80003632878718	53.598545979904564	61.97930898211308	9.856053537121085	23.797019392471363
6.144171238140765	0.01	0.01	0.01	0.007	0.01	0.8433321252813747	0.10110653608060616	0.05043643858226376	0.03499569257706231	0.06201789990568372	79.73483751914694	52.00789537388534	53.96987628201994	62.22123540042341	9.919526851146099	23.22826543528191
6.2459871355856285	0.01	0.01	0.01	0.007	0.01	0.8433321252903729	0.10110653608060616	0.050436438612011046	0.0349956990238713	0.06201789990402019	80.2303378264273	52.203103282818766	54.330840434882475	62.44856499321318	9.981058718310752	22.673102845771563
6.347803386364941	0.01	0.01	0.01	0.007	0.01	0.8433321252964032	0.10110653608060616	0.05043643864004308	0.034995705193974644	0.062017899902462856	80.70869263574247	52.386003117123785	54.681687416716585	62.66169155905097	10.040696119832138	22.13120695264734
6.449619963507653	0.01	0.01	0.01	0.007	0.01	0.8433321253004442	0.10110653608060616	0.050436438666475104	0.0349957110991505	0.062017899901002975	81.170323194938	52.556929509926505	55.02266021606039	62.860999240051974	10.098484906953708	21.602260905079564
6.551436840042465	0.01	0.01	0.01	0.007	0.01	0.8433321253031525	0.10110653608060616	0.050436438691412684	0.03499571675051368	0.06201789989963323	81.61564067657496	52.71620889556267	55.353996023152	63.046862785276005	10.154469836199995	21.085955411961734
6.653253995740945	0.01	0.01	0.01	0.007	0.01	0.8433321253049673	0.10110653608060616	0.05043643871495229	0.03499572215855857	0.0620178998983464	82.04504644593106	52.864159715451926	55.67592638908299	63.21964778663417	10.20869459899183	20.581988528831964
6.755071410374501	0.01	0.01	0.01	0.007	0.01	0.8433321253061833	0.10110653608060616	0.050436438737182704	0.034995727333206286	0.06201789989713615	82.45893226339247	53.00109259755653	55.98867733723633	63.37971088408517	10.261201843124274	20.09006551817816
6.856889043484995	0.01	0.01	0.01	0.007	0.01	0.8433321253069982	0.10110653608060616	0.0504364387581853	0.03499573228385707	0.062017899895997194	82.85768043575739	53.127310519748406	56.29246943559594	63.52739995204038	10.312033187714082	19.60989877186085
6.958706881586609	0.01	0.01	0.01	0.007	0.01	0.8433321253075444	0.10110653608060616	0.050436438778035	0.03499573701939673	0.06201789989492391	83.24166422896306	53.243109054260856	56.58751806876998	63.66305438073422	10.361229271528954	19.141207417448282
7.060524911193447	0.01	0.01	0.01	0.007	0.01	0.8433321253079105	0.10110653608060616	0.0504364387968009	0.03499574154824655	0.06201789989391186	83.6112479707759	53.34877650578731	56.87403347721488	63.78700523341418	10.408829762132353	18.683717289402374
7.1623431255627015	0.01	0.01	0.01	0.007	0.01	0.8433321253081558	0.10110653608060616	0.050436438814546736	0.03499574587838973	0.06201789989295675	83.96678728720562	53.44459409201881	57.152220898132796	63.89957545322228	10.454873382056991	18.237160739827193
7.264161497722001	0.01	0.01	0.01	0.007	0.01	0.8433321253083201	0.10110653608060616	0.05043643883133126	0.034995750017416775	0.0620178998920545	84.30862921749254	53.530836089262095	57.42228061214969	64.00108002916026	10.499397919333319	17.801276599820913
7.365980014185222	0.01	0.01	0.01	0.007	0.01	0.8433321253084304	0.10110653608060616	0.050436438847208984	0.03499575397252985	0.062017899891201704	84.63711253730786	53.607770031973786	57.684408153698556	64.0918262255054	10.542440265062693	17.375809877399465
7.467798668209377	0.01	0.01	0.01	0.007	0.01	0.843332125308504	0.10110653608060616	0.05043643886223031	0.03499575775057119	0.062017899890394926	84.952567927757	53.67565686461592	57.9387944032812	64.17211375544036	10.58403643127261	16.96051164279327
7.56961744630825	0.01	0.01	0.01	0.007	0.01	0.8433321253085535	0.10110653608060616	0.05043643887644206	0.03499576135805338	0.06201789988963107	85.25531812565566	53.734751089968846	58.18562566425071	64.24223495051052	10.624221566267714	16.555138939426897
7.671436328252374	0.01	0.01	0.01	0.007	0.01	0.8433321253085867	0.10110653608060616	0.05043643888988754	0.03499576480118046	0.0620178998889075	85.54567811687322	53.78530092673872	58.42508377414072	64.30247494111028	10.663029975644172	16.15945463874448
7.773255314041854	0.01	0.01	0.01	0.007	0.01	0.843332125308609	0.10110653608060616	0.0504364389026071	0.03499576808584916	0.06201789988822148	85.82395539700083	53.82754847333961	58.65734627381172	64.35311184462755	10.70049515253023	15.773227197568906
7.875074403676797	0.01	0.01	0.01	0.007	0.01	0.8433321253086239	0.10110653608060616	0.05043643891463823	0.03499577121767985	0.06201789988757111	86.09045008797185	53.86172984119071	58.88258646005091	64.39441691754917	10.736649788796946	15.396230606146675
7.976893583670859	0.01	0.01	0.01	0.007	0.01	0.8433321253086339	0.10110653608060616	0.05043643892601592	0.034995774202041	0.062017899886953706	86.34545508129739	53.888075295876455	59.10097345851411	64.42665471682096	10.771525789670843	15.028244304069899
8.07871284728089	0.01	0.01	0.01	0.007	0.01	0.8433321253086405	0.10110653608060616	0.050436438936772715	0.03499577704405159	0.0620178998863675	86.58925626478961	53.90680940578551	59.31267236850674	64.45008327048689	10.805154299800714	14.669052974943895
8.18053217427726	0.01	0.01	0.01	0.007	0.01	0.843332125308645	0.10110653608060616	0.050436438946938944	0.034995779748608326	0.0620178998858107	86.82213264136357	53.91815117520187	59.51784431714431	64.46495422968434	10.83756571474375	14.318446492302623
8.28235156466001	0.01	0.01	0.01	0.007	0.01	0.8433321253086479	0.10110653608060616	0.05043643895654319	0.03499578232037703	0.06201789988528153	87.04435657161335	53.92231418310611	59.71664662253843	64.47151302821496	10.868789709678495	13.976219679317085
8.384171018429177	0.01	0.01	0.01	0.007	0.01	0.8433321253086499	0.10110653608060616	0.050436438965611896	0.034995784763817754	0.06201789988477824	87.2561938820508	53.9195067080184	59.90923284181613	64.46999902507476	10.898855249735504	13.642172262737368
8.485990528841558	0.01	0.01	0.01	0.007	0.01	0.8433321253086512	0.10110653608060616	0.05043643897416981	0.03499578708320042	0.06201789988429958	87.45790400828731	53.90993185656803	60.09575284884841	64.46064565157002	10.927790605088234	13.316108777037762
8.587810089153939	0.01	0.01	0.01	0.007	0.01	0.8433321253086522	0.10110653608060616	0.05043643898224024	0.03499578928261171	0.06201789988384407	87.64974016312316	53.89378768901207	60.276352935690106	64.44368055517212	10.955623369685865	12.99783842665446
8.689629685879844	0.01	0.01	0.01	0.007	0.01	0.8433321253086529	0.10110653608060616	0.050436438989845046	0.03499579136596844	0.06201789988341041	87.83194947346543	53.87126734248094	60.45117588673544	64.41932574055105	10.982380475667624	12.687174994779182
8.79144933250579	0.01	0.01	0.01	0.007	0.01	0.8433321253086532	0.10110653608060616	0.050436438997004646	0.034995793337005636	0.06201789988299745	88.00477318421986	53.84255914112644	60.62036111917065	64.38779769616441	11.008088217813647	12.383936632855843
8.893269015545291	0.01	0.01	0.01	0.007	0.01	0.8433321253086535	0.10110653608060616	0.05043643900373827	0.03499579519931996	0.06201789988260394	88.16844670349414	53.80784672392109	60.784044671907445	64.34930753984108	11.03277225476703	12.087945918841818
8.995088734998363	0.01	0.01	0.01	0.007	0.01	0.8433321253086536	0.10110653608060616	0.05043643901006393	0.03499579695635193	0.062017899882229145	88.32319981274568	53.767309148401914	60.94235935429379	64.30406113814327	11.056457634628435	11.79902963045112
9.096908484121759	0.01	0.01	0.01	0.007	0.01	0.8433321253086539	0.10110653608060616	0.050436439015998584	0.03499579861140614	0.062017899881871986	88.46925676774683	53.72112100692088	61.09543479036062	64.2522592392226	11.079168804548353	11.51701870388618
9.19872824942897	0.01	0.01	0.01	0.007	0.01	0.843332125308654	0.10110653608060616	0.0504364390215583	0.03499580016765873	0.06201789988153152	88.60683643324873	53.66945253623024	61.243397496385505	64.1940975983378	11.100929625366476	11.241748132686741
9.30054803092	0.01	0.01	0.01	0.007	0.01	0.843332125308654	0.10110653608060616	0.050436439026758054	0.034995801628151024	0.06201789988120685	88.73615243916912	53.61246971248482	61.386370984440006	64.12976708684843	11.121763389934488	10.97305681636054
9.402367835338111	0.01	0.01	0.01	0.007	0.01	0.843332125308654	0.10110653608060616	0.0504364390316119	0.03499580299579988	0.06201789988089723	88.85741329295057	53.55033435465236	61.52447582236813	64.05945381052746	11.141692834856608	10.710787487675605
9.504187655940047	0.01	0.01	0.01	0.007	0.01	0.843332125308654	0.10110653608060616	0.050436439036133394	0.03499580427341702	0.06201789988060199	88.97082247789763	53.48320423695377	61.65782967678619	63.98333923815437	11.160740149829575	10.454786672933746
9.60600749272581	0.01	0.01	0.01	0.007	0.01	0.843332125308654	0.10110653608060616	0.050436439040335075	0.03499580546370129	0.062017899880320373	89.0765785983126	53.411233175193225	61.78654741020936	63.901600300559544	11.178926994757095	10.204904548992262
9.707827345695403	0.01	0.01	0.01	0.007	0.01	0.843332125308654	0.10110653608060616	0.05043643904422886	0.034995806569248326	0.06201789988005191	89.17487548753563	53.33457112585801	61.910741138670005	63.81440950404828	11.19627451103686	9.96099487359386
9.809647214848829	0.01	0.01	0.01	0.007	0.01	0.843332125308654	0.10110653608060616	0.05043643904782599	0.03499580759255551	0.06201789987979576	89.265902322027	53.253364279330974	62.030520297361356	63.72193503714783	11.212803333954318	9.722914899781362
9.91146708669956	0.01	0.01	0.01	0.007	0.01	0.843332125308654	0.10110653608060616	0.0504364390511371	0.03499580853603561	0.06201789987955129	89.34984372206539	53.16775516249472	62.14599168969812	63.624340888056906	11.22853360274868	9.490525322768232
10.01328696799086	0.01	0.01	0.01	0.007	0.01	0.843332125308654	0.10110653608060616	0.050436439054172305	0.03499580940199891	0.06201789987931823	89.42687988934199	53.07788269985888	62.257259588769934	63.52178691481084	11.243484977754889	9.263690120552603
10.115106858722731	0.01	0.01	0.01	0.007	0.01	0.843332125308654	0.10110653608060616	0.05043643905694108	0.034995810192674455	0.062017899879095985	89.49718668847851	52.98388232145747	62.36442576637687	63.41442896870467	11.25767664749882	9.04227653776577
10.216926752151908	0.01	0.01	0.01	0.007	0.01	0.843332125308654	0.10110653608060616	0.05043643905945249	0.03499581091021522	0.06201789987888395	89.56093575284855	52.885886048837186	62.46758955399615	63.302418992796326	11.271127340203149	8.826155006160096
10.318746634791863	0.01	0.01	0.01	0.007	0.01	0.843332125308654	0.10110653608060616	0.0504364390617151	0.034995811556700764	0.06201789987868173	89.61829458775395	52.78402257888806	62.56684790222632	63.18590511793893	11.283855335005766	8.615199067082118
10.420566533615654	0.01	0.01	0.01	0.007	0.01	0.843332125308654	0.10110653608060616	0.05043643906373695	0.03499581213410985	0.06201789987848898	89.66942669331027	52.678417315766545	62.662295482128	63.065031699381976	11.29587847831136	8.409285201569459
10.522386421650221	0.01	0.01	0.01	0.007	0.01	0.843332125308654	0.10110653608060616	0.05043643906552572	0.034995812644386316	0.0620178998783053	89.71449160963584	52.56919254523927	62.75402464987248	62.939939516330675	11.307214182686636	8.208292952023587
10.62420630563883	0.01	0.01	0.01	0.007	0.01	0.843332125308654	0.10110653608060616	0.05043643906708883	0.03499581308938386	0.062017899878130237	89.75364505794319	52.45646742236994	62.842125584885494	62.81076575794543	11.317879447771336	8.012104671920623
10.726026199068011	0.01	0.01	0.01	0.007	0.01	0.843332125308654	0.10110653608060616	0.05043643906843312	0.03499581347088719	0.06201789987796344	89.78703901439371	52.34035807183774	62.926686314688	62.6776441381633	11.327890866567737	7.8206055150602465
10.827846088451233	0.01	0.01	0.01	0.007	0.01	0.843332125308654	0.10110653608060616	0.05043643906956512	0.03499581379063671	0.06201789987780455	89.81482178965143	52.220977700153156	63.00779273907182	62.54070502427902	11.33726463197425	7.633683430938407
10.929665973788495	0.01	0.01	0.01	0.007	0.01	0.843332125308654	0.10110653608060616	0.0504364390704911	0.0349958140503049	0.06201789987765333	89.83713813145299	52.098436622000705	63.085528715160585	62.40007546708462	11.346016550474518	7.451229021535894
11.031485855079799	0.01	0.01	0.01	0.007	0.01	0.843332125308654	0.10110653608060616	0.05043643907121721	0.03499581425150744	0.06201789987750941	89.8541293043777	51.97284234462042	63.15997609461027	62.25587929751867	11.354162049952523	7.273135503593295
11.133305732325145	0.01	0.01	0.01	0.007	0.01	0.843332125308654	0.10110653608060616	0.05043643907174893	0.034995814395805507	0.062017899877372655	89.86593317315166	51.84429963581726	63.231214771543705	62.108237204560915	11.361716188742786	7.099298646114622
11.23512559878127	0.01	0.01	0.01	0.007	0.01	0.843332125308654	0.10110653608060616	0.050436439072091624	0.03499581448471282	0.06201789987724252	89.87268428367811	51.71291059913379	63.29932272493072	61.95726682136648	11.368693664020928	6.929616720466898
11.336945461191437	0.01	0.01	0.01	0.007	0.01	0.843332125308654	0.10110653608060616	0.05043643907225046	0.03499581451968393	0.06201789987711904	89.87451394389815	51.57877471261448	63.36437607788419	61.803082769572256	11.375108821829919	6.763990406998232
11.438765319555646	0.01	0.01	0.01	0.007	0.01	0.843332125308654	0.10110653608060616	0.05043643907223043	0.03499581450213024	0.062017899877001764	89.8715502991031	51.44198891768719	63.42644912819916	61.645796761184656	11.380975664016912	6.602322771303537
11.540585173873898	0.01	0.01	0.01	0.007	0.01	0.843332125308654	0.10110653608060616	0.05043643907203608	0.03499581443341676	0.06201789987689045	89.86391840850688	51.30264767246487	63.485614396689556	61.48551765960665	11.38630785696842	6.444519195839774
11.64240501740293	0.01	0.01	0.01	0.007	0.01	0.843332125308654	0.10110653608060616	0.05043643907167184	0.034995814314869395	0.06201789987678511	89.85174032001322	51.16084302145491	63.541942666023466	61.32235155953506	11.391118739327776	6.2904873346280015
11.744224856886007	0.01	0.01	0.01	0.007	0.01	0.843332125308654	0.10110653608060616	0.05043643907114193	0.03499581414776218	0.06201789987668516	89.83513513997957	51.01666462624883	63.595503033457625	61.156401821968565	11.395421330793969	6.140137028484275
11.846044685579866	0.01	0.01	0.01	0.007	0.01	0.843332125308654	0.10110653608060616	0.05043643907045038	0.034995813933337575	0.06201789987659074	89.814219106752	50.870199860458584	63.646362936372654	60.98776918314682	11.399228338485624	5.993380293076692
11.947864503484508	0.01	0.01	0.01	0.007	0.01	0.843332125308654	0.10110653608060616	0.050436439069601186	0.034995813672794585	0.062017899876501574	89.78910565673027	50.72153383746113	63.694588202864665	60.816551786182266	11.402552165336203	5.850131236954968
12.049684310599936	0.01	0.01	0.01	0.007	0.01	0.843332125308654	0.10110653608060616	0.0504364390685978	0.03499581336729438	0.06201789987641735	89.75990549203136	50.570749474375155	63.740243086478586	60.64284525438984	11.40540491703794	5.710306021605386
12.151504106926149	0.01	0.01	0.01	0.007	0.01	0.843332125308654	0.10110653608060616	0.050436439067443925	0.03499581301796189	0.06201789987633799	89.72672664589409	50.41792754541581	63.78339030384354	60.46674275240379	11.40779840914752	5.573822812382273
12.253323899206407	0.01	0.01	0.01	0.007	0.01	0.843332125308654	0.10110653608060616	0.05043643906614279	0.034995812625882826	0.06201789987626334	89.68967454394044	50.26314672365567	63.82409107402448	60.28833503393941	11.409744174136202	5.440601721895707
12.35514368744071	0.01	0.01	0.01	0.007	0.01	0.843332125308654	0.10110653608060616	0.050436439064697504	0.03499581219211384	0.06201789987619329	89.64885207091135	50.106483652111706	63.86240514867999	60.10771052336219	11.411253467845675	5.310564781318806
12.456963464885803	0.01	0.01	0.01	0.007	0.01	0.843332125308654	0.10110653608060616	0.05043643906311129	0.03499581171768409	0.062017899876127595	89.6043596327569	49.94801299398676	63.89839084786266	59.92495537326087	11.41233727624259	5.183635893687665
12.558783231541684	0.01	0.01	0.01	0.007	0.01	0.843332125308654	0.10110653608060616	0.05043643906138706	0.03499581120358706	0.062017899876066	89.55629521057458	49.78780746031535	63.93210509924285	59.740153495962865	11.413006322065886	5.059740772154485
12.660602994151612	0.01	0.01	0.01	0.007	0.01	0.843332125308654	0.10110653608060616	0.05043643905952745	0.03499581065078153	0.06201789987600871	89.50475441736207	49.62593785663107	63.96360347069429	59.5533866169745	11.413271070983717	4.938806897526819
12.762422739229075	0.01	0.01	0.01	0.007	0.01	0.843332125308654	0.10110653608060616	0.050436439057535344	0.03499581006021155	0.06201789987595533	89.44983056846931	49.462473172078774	63.99294019464768	59.364734377422536	11.413141737695817	4.820763507668341
12.864242466774078	0.01	0.01	0.01	0.007	0.01	0.843332125308654	0.10110653608060616	0.05043643905541312	0.034995809432783916	0.062017899875905794	89.3916147202863	49.297480571076484	64.02016821063955	59.17427432407069	11.412628292082937	4.70554151556542
12.966062183529875	0.01	0.01	0.01	0.007	0.01	0.843332125308654	0.10110653608060616	0.05043643905316324	0.03499580876937421	0.062017899875859955	89.3301957261	49.13102544728576	64.04533919331142	58.982081971211144	11.411740464875514	4.59307347814262
13.06788189623972	0.01	0.01	0.01	0.007	0.01	0.843332125308654	0.10110653608060616	0.05043643905078811	0.0349958080708324	0.06201789987581777	89.26566029206015	48.96317147720041	64.06850358055738	58.788230862142996	11.410487753344785	4.483293564855887
13.169701604903615	0.01	0.01	0.01	0.007	0.01	0.843332125308654	0.10110653608060616	0.05043643904828998	0.03499580733798778	0.06201789987577914	89.19809303315873	48.79398067328586	64.08971060176466	58.592792630159025	11.408879427005887	4.376137526135996
13.271521302778305	0.01	0.01	0.01	0.007	0.01	0.843332125308654	0.10110653608060616	0.05043643904567082	0.03499580657165023	0.062017899875743826	89.12757652436913	48.6235134252765	64.10900830731151	58.395837045876526	11.406924533182496	4.271542654905805
13.373340983120544	0.01	0.01	0.01	0.007	0.01	0.843332125308654	0.10110653608060616	0.05043643904293289	0.03499580577260674	0.06201789987571186	89.05419134555214	48.45182852902357	64.12644359842209	58.19743205019002	11.40463190226955	4.169447742378317
13.475160645930332	0.01	0.01	0.01	0.007	0.01	0.843332125308654	0.10110653608060616	0.050436439040077975	0.034995804941617074	0.06201789987568311	88.97801612402199	48.27898321387987	64.1420622555908	57.99764378552653	11.40201015273137	4.069793035748629
13.576980304694171	0.01	0.01	0.01	0.007	0.01	0.843332125308654	0.10110653608060616	0.05043643903710801	0.03499580407941007	0.06201789987565751	88.89912757491034	48.105033168724134	64.15590896565587	57.79653662552203	11.399067695850247	3.972520197675398
13.67879995941206	0.01	0.01	0.01	0.007	0.01	0.843332125308654	0.10110653608060616	0.05043643903402491	0.034995803186703006	0.062017899875635	88.81760056688336	47.93003262483904	64.16802734386623	57.59417327044171	11.39581274136844	3.8775722985151813
13.780619610084	0.01	0.01	0.01	0.007	0.01	0.843332125308654	0.10110653608060616	0.05043643903083013	0.034995802264193	0.06201789987561534	88.7335081570196	47.75403436942038	64.1784599618686	57.390614762436286	11.392253302031571	3.7848937693165388
13.882439243223496	0.01	0.01	0.01	0.007	0.01	0.843332125308654	0.10110653608060616	0.05043643902752553	0.03499580131256696	0.06201789987559859	88.64692164578908	47.57708980437623	64.187248371595	57.185920553174284	11.388397198828281	3.694430381135642
13.98425885883055	0.01	0.01	0.01	0.007	0.01	0.843332125308654	0.10110653608060616	0.05043643902411271	0.034995800332483444	0.06201789987558463	88.55791059705344	47.39924893413182	64.19443313235436	56.98014848936424	11.384252064640458	3.606129188766517
14.08607846364841	0.01	0.01	0.01	0.007	0.01	0.843332125308654	0.10110653608060616	0.050436439020592985	0.034995799324578435	0.062017899875573296	88.4665428838667	47.22056041050747	64.20005383320273	56.77335486427919	11.379825348838912	3.5199385068427143
14.187898064420324	0.01	0.01	0.01	0.007	0.01	0.843332125308654	0.10110653608060616	0.05043643901696784	0.03499579828947004	0.06201789987556474	88.3728847343203	47.041071577193705	64.2041491154225	56.56559446884096	11.375124321894095	3.435807885768609
14.28971766114629	0.01	0.01	0.01	0.007	0.01	0.843332125308654	0.10110653608060616	0.05043643901323877	0.034995797227764	0.0620178998755588	88.27700077735962	46.860828513773676	64.20675669506781	56.35692064220635	11.370156079993905	3.353688087535944
14.391537247083063	0.01	0.01	0.01	0.007	0.01	0.843332125308654	0.10110653608060616	0.0504364390094071	0.034995796140054054	0.0620178998755552	88.17895408194121	46.67987606724082	64.20791338556633	56.14738530789791	11.3649275493064	3.273531056232424
14.493356822230647	0.01	0.01	0.01	0.007	0.01	0.843332125308654	0.10110653608060616	0.050436439005474044	0.034995795026913655	0.06201789987555421	88.07880618180793	46.49825785862257	64.20765511962976	55.93703898111036	11.359445489393288	3.195289879048089
14.5951763798458	0.01	0.01	0.01	0.007	0.01	0.843332125308654	0.10110653608060616	0.05043643900144076	0.03499579388890521	0.0620178998755555	87.97661712504623	46.316016336706845	64.20601697014524	55.72593083056407	11.35371649787573	3.118918769454921
14.696995926671764	0.01	0.01	0.01	0.007	0.01	0.843332125308654	0.10110653608060616	0.05043643899730845	0.03499579272656684	0.062017899875559085	87.87244548956389	46.13319277090966	64.20303317044687	55.514108669881296	11.347747013184405	3.044373025176728
14.798815462708543	0.01	0.01	0.01	0.007	0.01	0.843332125308654	0.10110653608060616	0.05043643899307822	0.034995791540426806	0.062017899875565025	87.76634843793022	45.94982731574772	64.19873713448197	55.301619031910825	11.341543319445964	2.9716090175063203
14.900634994699377	0.01	0.01	0.01	0.007	0.01	0.843332125308654	0.10110653608060616	0.050436438988751185	0.034995790330994765	0.062017899875573185	87.6583817376349	45.765959014319016	64.19316147601447	55.088507172410004	11.335111549392595	2.9005841558791277
15.002454515901027	0.01	0.01	0.01	0.007	0.01	0.843332125308654	0.10110653608060616	0.05043643898432839	0.03499578909877599	0.062017899875583475	87.54859981570418	45.58162586183699	64.18633802881125	54.87481714332926	11.328457689242406	2.831256877112413
15.104274026313492	0.01	0.01	0.01	0.007	0.01	0.843332125308654	0.10110653608060616	0.05043643897981067	0.034995787844257886	0.06201789987559591	87.4370557699778	45.39686479554207	64.17829786440188	54.66059178078146	11.321587580981511	2.763586606683078
15.206093532680015	0.01	0.01	0.01	0.007	0.01	0.843332125308654	0.10110653608060616	0.050436438975199026	0.034995786567910345	0.062017899875610405	87.32380140016701	45.21171172028438	64.16907130988419	54.44587273434508	11.31450692573023	2.697533735536263
15.307913035000594	0.01	0.01	0.01	0.007	0.01	0.843332125308654	0.10110653608060616	0.050436438970494324	0.03499578527019558	0.062017899875626864	87.20888725353595	45.02620155811686	64.15868796677525	54.230700524228745	11.307221288011084	2.633059605859363
15.409732526531991	0.01	0.01	0.01	0.007	0.01	0.843332125308654	0.10110653608060616	0.05043643896569757	0.034995783951568674	0.062017899875645405	87.0923626556147	44.84036827292675	64.14717672875275	54.01511456951495	11.299736099093925	2.5701264879277415
15.511552007274208	0.01	0.01	0.01	0.007	0.01	0.843332125308654	0.10110653608060616	0.05043643896080929	0.03499578261246793	0.062017899875665757	86.97427572440023	44.654244869773116	64.13456579721093	53.799153187061364	11.29205665922758	2.5086975494900194
15.613371483970482	0.01	0.01	0.01	0.007	0.01	0.843332125308654	0.10110653608060616	0.050436438955830526	0.03499578125331603	0.062017899875687954	86.85467339856172	44.467863418127685	64.12088269742551	53.582853618123046	11.284188140696237	2.44873683471568
15.715190949877577	0.01	0.01	0.01	0.007	0.01	0.843332125308654	0.10110653608060616	0.05043643895076188	0.034995779874533776	0.062017899875712094	86.73360148920356	44.28125511168196	64.1061542973792	53.36625209743079	11.276135592424213	2.390209255110625
15.81701039825226	0.01	0.01	0.01	0.007	0.01	0.843332125308654	0.10110653608060616	0.05043643894560407	0.034995778476531306	0.06201789987573805	86.61110469187985	44.09445026596505	64.09040682204599	53.14938385011998	11.267903941968397	2.3330805605650173
15.918829829094532	0.01	0.01	0.01	0.007	0.01	0.843332125308654	0.10110653608060616	0.05043643894035782	0.03499577705970409	0.062017899875765746	86.48722660503557	43.90747832763378	64.07366586760953	52.93228310219189	11.259497997855767	2.2773173156793787
16.0	0.01	0.01	0.01	0.007	0.01	0.843332125308654	0.10110653608060617	0.05043643893611266	0.03499578378371006	0.06201789987578911	86.38751026363462	43.75832422798569	64.05962504094548	52.7590666482621	11.252675082497817	2.2338193317845207
