0.0	0.01	0.01	0.01	0.007	0.01	0.0	0.0	0.0	0.0	0.0	0.0	0.0	0.0	0.0	0.0	100.0
0.0034359710479724436	0.01	0.01	0.01	0.007	0.01	0.011507880168941099	0.0029866664256653283	0.0036075246871491522	0.004040096837990533	0.005140139849902661	0.0007251941399376839	0.0010088377366695178	0.002251740106297288	0.00400236765945933	0.00046838783266894206	99.92179640624909
0.005534016199082624	0.01	0.01	0.01	0.007	0.01	0.018462671098506397	0.004769066934792136	0.005683602820225762	0.006317964901035195	0.008136461187293215	0.0018752502284948036	0.0026006160243977955	0.0057531182336251025	0.010170364348168953	0.0012005396117017602	99.87407442977384
0.008682510992306849	0.01	0.01	0.01	0.007	0.01	0.028798167301070727	0.00738651999491563	0.008629658847689946	0.009488807457872214	0.012440467071029453	0.004594169270470311	0.006341759327304483	0.013845496897130775	0.024281927828262825	0.0029028830078131826	99.80250176714134
0.01159871669968999	0.01	0.01	0.01	0.007	0.01	0.03826364031952694	0.009750815601872794	0.011187143998522156	0.012180602078841281	0.016230661578512596	0.008162642779799344	0.011219677770680087	0.024202337787558884	0.04214280785740382	0.005096177474045807	99.73625533484947
0.014985139712623883	0.01	0.01	0.01	0.007	0.01	0.04912714356908782	0.012425734873438942	0.013963822341412649	0.015036212142023457	0.02040867388679286	0.013555804999695404	0.018541201159255265	0.0394503386704838	0.0681425087120147	0.008347833708350861	99.65938231716723
0.01843855071311194	0.01	0.01	0.01	0.007	0.01	0.06006535918680515	0.015077504662395054	0.016595965430135886	0.017675899923038068	0.024437351109827816	0.020417963719283963	0.02778830676053675	0.05831789079198442	0.09993553803803251	0.012401511443068426	99.58104966838202
0.022159898987293876	0.01	0.01	0.01	0.007	0.01	0.07169583815841385	0.017851503798945074	0.019223188352624605	0.02024206695830153	0.028534510093521467	0.029327978494405646	0.039702649950087265	0.08211904000085704	0.1395644131702473	0.017555327272267864	99.49670840078284
0.026026605572644544	0.01	0.01	0.01	0.007	0.01	0.0836110888104044	0.020644835411218452	0.021740571665881947	0.02263327378125223	0.03254360881638348	0.04022374382066218	0.054154845518243816	0.1103648410520064	0.1860250096078701	0.023722440192661128	99.40914838059975
0.030094991041813273	0.01	0.01	0.01	0.007	0.01	0.0959639697464369	0.023489008853816114	0.024174098306670798	0.024878362201245993	0.03651092575750982	0.05345821161799291	0.07156231148682472	0.143632654124391	0.24008307163114115	0.031049682892862144	99.31710461044216
0.03432959400050415	0.01	0.01	0.01	0.007	0.01	0.10862431422742902	0.026349485907944874	0.02649215611406141	0.02695262146704081	0.04038954941411977	0.06912633078935254	0.0919921287463642	0.18179246623198667	0.30133917575782554	0.03953217774027048	99.22139082753127
0.038747503141957164	0.01	0.01	0.01	0.007	0.01	0.12162163097545368	0.029228918698322018	0.02869714455856295	0.02886393044221281	0.044183280549532154	0.08749142431344938	0.11572426246509517	0.2251001747270682	0.37002268894341295	0.049252473943272604	99.12163213160794
0.04334008446221502	0.01	0.01	0.01	0.007	0.01	0.1349080643937309	0.03211274147880512	0.030779063253868675	0.030609768305815074	0.0478638856907012	0.10872458064398074	0.1429094888403945	0.27355110470647537	0.445948539540568	0.06023609766377137	99.01803557087096
0.04811415791394164	0.01	0.01	0.01	0.007	0.01	0.1484807983566567	0.03499665968124542	0.03273728710709532	0.03219631200109176	0.05139446237009325	0.13306361100932576	0.1737754985953381	0.32726369731156185	0.5291333558194304	0.0725328054377442	98.91045979948588
0.05307241150094543	0.01	0.01	0.01	0.007	0.01	0.16232404638196735	0.03787371472541266	0.03457033108769732	0.03362926265773316	0.054691580536721816	0.16073521907873559	0.20852553761832676	0.3862951329044775	0.6195043661524238	0.0861658292536864	98.79885755805572
0.05819776234772493	0.01	0.01	0.01	0.007	0.01	0.17636769081759165	0.0407262938405733	0.03627173868474773	0.03491093414253318	0.05760155358422963	0.19184585968047757	0.2472040626117522	0.45042828922207556	0.7165848981934955	0.10106533306702226	98.68362658644538
0.06337280776944236	0.01	0.01	0.01	0.007	0.01	0.19027815949578364	0.04348644060954759	0.03781068791250449	0.03602716056214954	0.05989986019361655	0.2257842049319459	0.2889727673243049	0.5180466922460725	0.8178412253240317	0.11678780755721992	98.5674147104076
0.06866499186275694	0.01	0.01	0.01	0.007	0.01	0.2042289620139877	0.046189516015016585	0.0392180391623273	0.03700943490571399	0.06150635682351998	0.2630544731021878	0.33437777755636633	0.5898421073249303	0.9242534416150218	0.13337877281546498	98.44871387834075
0.07422951559329828	0.01	0.01	0.01	0.007	0.01	0.2186041788903801	0.048906951039628846	0.04053587327657358	0.03789330470439985	0.062425418003864475	0.30497145416339266	0.3849140563432759	0.6678892442569966	1.0387872863682983	0.15116082027978486	98.3240587822533
0.07998646884118621	0.01	0.01	0.01	0.007	0.01	0.23316632106396468	0.051589800237671915	0.041744044549000776	0.03867064775894166	0.0627166476974867	0.3512086442033087	0.44006395686196037	0.7510671864480947	1.1596804968664594	0.16970721184389384	98.19525904407816
0.08595195783571782	0.01	0.01	0.01	0.007	0.01	0.24793020500341859	0.05423831441250653	0.04284870158628395	0.039351476794519565	0.06254308585396494	0.4021208661220489	0.5001281466854833	0.8395443037559204	1.2870949084620176	0.18891118522033518	98.06197175327532
0.0921504068769883	0.01	0.01	0.01	0.007	0.01	0.2629271475766447	0.05685528990843083	0.0438567138791271	0.039945646657770444	0.06206621415201698	0.45816908864117967	0.5655143491223013	0.9336236585076897	1.4213880775585488	0.2087282202680803	97.9236710741637
0.09865304595131374	0.01	0.01	0.01	0.007	0.01	0.278292424389056	0.05946026357185029	0.04478011740004607	0.04046520288889916	0.061406642890383153	0.5203194777614488	0.6371878751772281	1.0343541621814214	1.5639680264213693	0.22929371223437897	97.77879290284687
0.10551105458855815	0.01	0.01	0.01	0.007	0.01	0.2940993250579201	0.062059977049839087	0.04562455646697889	0.04091765743679195	0.060647622564697266	0.5894756118119296	0.715993709883103	1.1425246417856278	1.7158469122291231	0.2506974004900365	97.6262293643219
0.11275033201003176	0.01	0.01	0.01	0.007	0.01	0.31035280632991924	0.0646488719564103	0.046391431695844816	0.041307910396347694	0.059847176938372146	0.6663721513246966	0.8025407108115791	1.2585375971612867	1.8774857307075756	0.272963117548609	97.4654423600743
0.12038275100902317	0.01	0.01	0.01	0.007	0.01	0.32702104840216273	0.06721561917985379	0.04708130155486698	0.041640414506619844	0.059045280780200625	0.7516362665466128	0.8972807602616688	1.382556036279623	2.0490204111520534	0.29608344608443155	97.29621030137496
0.12842319038819588	0.01	0.01	0.01	0.007	0.01	0.3440754358799458	0.06974995629011332	0.04769613364558701	0.04192028211817542	0.05826785043547806	0.8459519360582607	1.0006956268715819	1.5147697965340565	2.230639508942222	0.3200702223189341	97.11824910586809
0.13689205562580084	0.01	0.01	0.01	0.007	0.01	0.36149487416524895	0.07224324365110836	0.048239150852525364	0.04215303019607709	0.05753098237329042	0.9500977183506422	1.1133338385328728	1.6554419578022292	2.422646330487311	0.34495891193333644	96.9311574157387
0.1458156869427135	0.01	0.01	0.01	0.007	0.01	0.3792649465422307	0.07468817295649482	0.048714460609867054	0.042344266613769325	0.05684418329255992	1.064965437141698	1.2358239704101532	1.8049209446374095	2.625472311184899	0.3708069818800756	96.7344091231951
0.15522528440599195	0.01	0.01	0.01	0.007	0.01	0.39737404641756674	0.07707810329679175	0.04912669228550306	0.04249944060117495	0.05621266556935815	1.1915599715537082	1.368866501900434	1.9636261818733183	2.8396545879780573	0.3976886189806776	96.52737879826095
0.1651568445303088	0.01	0.01	0.01	0.007	0.01	0.41581175034005424	0.07940679869320436	0.04948079895977671	0.042623708071760934	0.055638773100004216	1.3310096030790337	1.5132365896349205	2.1320488699665505	3.0658347549734706	0.42569303890140986	96.30934484611501
0.17565104202356668	0.01	0.01	0.01	0.007	0.01	0.43456711416420774	0.08166820986229748	0.049781909242484934	0.0427218457030534	0.055122904831535716	1.4845748560854641	1.6697844778371158	2.310750836219117	3.3047551841607894	0.4549230063275848	96.07949406079072
0.18675344231080376	0.01	0.01	0.01	0.007	0.01	0.45362758955132476	0.08385638355824852	0.05003522514439875	0.042798203266611955	0.0546640961758194	1.6536613392333335	1.839439272080288	2.5003682441648016	3.557261918780691	0.4854945219500347	95.8369191611427
0.19851463507841968	0.01	0.01	0.01	0.007	0.01	0.4729777606889812	0.08596539092033674	0.050245934832597386	0.04285667763959389	0.05426040526745135	1.839831084744492	2.023210336066394	2.7016133936196565	3.824304924418398	0.5175364090879991	95.58061838250723
0.2109904169699496	0.01	0.01	0.01	0.007	0.01	0.49259816173366117	0.08798930880447606	0.050419136350754186	0.04290070469598019	0.05390917045434699	2.0448138862017937	2.2221880496844753	2.9152768339682407	4.106938663036942	0.5511901012308339	95.30949435461044
0.22424185651285222	0.01	0.01	0.01	0.007	0.01	0.5124639361272152	0.0899222281923241	0.050559761337717536	0.04293326413553156	0.053607192498215855	2.270515579541956	2.437541200064432	3.1422269495075246	4.406319225493778	0.5866091288806954	95.02235594438606
0.2383352439881019	0.01	0.01	0.01	0.007	0.01	0.5325434392141754	0.09175830420236981	0.050672495954702516	0.042956895078129484	0.05335086923781633	2.519022393527439	2.670510752478844	3.3834070302242494	4.723698131016655	0.6239582924975862	94.71792300126114
0.2533416745371752	0.01	0.01	0.01	0.007	0.01	0.5527965588834112	0.09349182934916171	0.05076169956148176	0.042973720145392046	0.053136305511860174	2.7925957493088562	2.9223955813076703	3.639825488182067	5.060407211564793	0.6634118432861282	94.39483940344033
0.2693357414970933	0.01	0.01	0.01	0.007	0.01	0.5731723531119134	0.09511730711671695	0.05083133126529136	0.042985476552610286	0.05295941224137346	3.0936454995730562	3.1945208121021813	3.9125303512175336	5.417823149897439	0.7051493301668578	94.05170544457924
0.2863928093408046	0.01	0.01	0.01	0.007	0.01	0.5936059179066937	0.09662954139337865	0.05088490157968456	0.04299355312637723	0.052815998097512216	3.4246671150754104	3.488178868136448	4.202559368902273	5.797300577311345	0.749347825503394	93.68714036528786
0.304585376450052	0.01	0.01	0.01	0.007	0.01	0.614015843669036	0.09802385158835646	0.05092546295226256	0.04299903188650655	0.05270184901296229	3.7881474121046432	3.804551628166325	4.510875194665757	6.2000862941826345	0.7961719803845221	93.29986321074509
0.3239805561252454	0.01	0.01	0.01	0.007	0.01	0.6343047976799657	0.09929652721632642	0.05095563578287405	0.043002731947736725	0.052612798362006795	4.186478223606814	4.144650640069541	4.838320747513787	6.627260362669246	0.8457671686472865	92.88874822630743
0.3446404822291709	0.01	0.01	0.01	0.007	0.01	0.6543642615724922	0.10044544042877183	0.05097764990340598	0.043005253355592875	0.05254480540999606	4.621922510114097	4.509310895398867	5.1856250360722	7.079743138527892	0.8982601902518703	92.45281709813175
0.3666251333280063	0.01	0.01	0.01	0.007	0.01	0.6740813369141562	0.10147054884341143	0.05099338238553384	0.04300701938373509	0.052494053577654486	5.096634422338322	4.899232605328363	5.553449611834788	7.558354962247213	0.9537660019115505	91.99118043938111
0.3899955682286296	0.01	0.01	0.01	0.007	0.01	0.6933446945801116	0.10237409282390805	0.051004386785247345	0.04300831630249655	0.05245705505535408	5.612697781591008	5.315035824422392	5.942440662759129	8.063882831580369	1.0123952649994932	91.50297221569942
0.4148163468836766	0.01	0.01	0.01	0.007	0.01	0.7120485606687458	0.10316049728965031	0.05101191926237069	0.04300932920838074	0.05243073563263298	6.172155880119738	5.757304226451213	6.3532657901360094	8.59712698400217	1.0742596611934914	90.98730316810405
0.44115719218365024	0.01	0.01	0.01	0.007	0.01	0.7300952117659884	0.1038360885485525	0.051016967491937536	0.043010172333256116	0.052412482599847716	6.777030201786054	6.2266168562141715	6.7866365388101695	9.158928984047561	1.1394752004804871	90.44323179091417
0.46909422893621777	0.01	0.01	0.01	0.007	0.01	0.7473965878439256	0.10440871762811442	0.051020284454341897	0.04301091291018366	0.052400153254527966	7.429332713568384	6.723572306053922	7.243322476933251	9.750188893384577	1.2081643971949896	89.86974561790477
0.4987108499048778	0.01	0.01	0.01	0.007	0.01	0.7638752889368127	0.10488734473733485	0.05102242593214164	0.0430115886732968	0.052392050530086984	8.131070932785468	7.248805166920147	7.724157832223283	10.371872773247432	1.2804574347421296	89.26575164204712
0.5300979681614794	0.01	0.01	0.01	0.007	0.01	0.7794650417914097	0.1052816209249222	0.05102378893168413	0.043012219841847624	0.05238687564199816	8.884238415086806	7.802989852260927	8.230037043462143	11.025005744619916	1.3564917300575423	88.63008055179162
0.5633532673873293	0.01	0.01	0.01	0.007	0.01	0.7941107365672481	0.10560149493347842	0.05102464803047337	0.04301281680122765	0.05238366792581874	9.690779670351363	8.38682486835388	8.761893521200008	11.71064325550969	1.4364090012880437	87.96151206806294
0.5985791285422669	0.01	0.01	0.01	0.007	0.01	0.8077682511495559	0.10585686668953216	0.05102518733090788	0.04301338471501234	0.0523817407059518	10.552520390026784	9.00099261041891	9.320657465117929	12.42981536119976	1.520349185105025	87.25882671941066
0.6358791958392841	0.01	0.01	0.01	0.007	0.01	0.8204043770520668	0.1060572999598526	0.05102552675435545	0.04301392612067598	0.052380619895474434	11.471061950770052	9.64609561083631	9.907193568878235	13.183445392888608	1.608441310524669	86.52088312958416
0.6753538824558624	0.01	0.01	0.01	0.007	0.01	0.8319971117360012	0.10621179640171503	0.05102574242568015	0.043014442301274554	0.052379989648270876	12.447649375083884	10.32257657626526	10.522224974196495	13.972251584880617	1.7007922777231574	85.74671292545798
0.7170958426963873	0.01	0.01	0.01	0.007	0.01	0.8425365042163164	0.10632862710138796	0.05102588164634037	0.04301493397582909	0.052379647198738596	13.483041911131105	11.030641869708568	11.166260900922886	14.79665437891475	1.7974761594183144	84.9356114130744
0.7611869581141437	0.01	0.01	0.01	0.007	0.01	0.852025952442939	0.10641521381943118	0.05102597336204408	0.04301540164492965	0.05237946733754347	14.57742948614448	11.770215458881369	11.839552200358684	15.65672055343186	1.898527668042322	84.08719348987445
0.8076984473751063	0.01	0.01	0.01	0.007	0.01	0.860483512851805	0.10647805342774656	0.05102603515536969	0.04301584577754632	0.052379375840054	15.730438680988792	12.540948661278296	12.542097944601863	16.5521733411689	2.003943257987333	83.20138554604341
0.8566947775429611	0.01	0.01	0.01	0.007	0.01	0.8679425304774375	0.10652268308837878	0.05102607772681662	0.04301626692308783	0.05237933054160756	16.94124484912633	13.342292430029367	13.273709747619577	17.482476166605295	2.1136908622727457	82.27834464764645
0.9082404918552559	0.01	0.01	0.01	0.007	0.01	0.8744509871390191	0.10655368744383699	0.05102610766298507	0.043016665774735	0.052379308515831724	18.20876325167488	14.173611700888454	14.034115966016373	18.44696610596906	2.2277255765466744	81.31832718394627
0.9624081386395532	0.01	0.01	0.01	0.007	0.01	0.8800694377537697	0.10657474847567558	0.051026129096839484	0.04301704319039342	0.05237929783127519	19.53186593686162	15.034307431956456	14.823075048149015	19.444997069251976	2.3460066742155696	80.32154548608389
1.0192855515125516	0.01	0.01	0.01	0.007	0.01	0.8848679033490188	0.1065887328814679	0.05102614468428718	0.04301740017828824	0.05237929253550358	20.909573113379018	15.923916097871151	15.640470539296516	20.47605742212959	2.4685118291858306	79.28804700015807
1.0789816823489888	0.01	0.01	0.01	0.007	0.01	0.8889223479118512	0.10659780526424976	0.05102615617490275	0.043017737860486446	0.05237928977118129	22.341194046199902	16.842174490152328	16.486376299212093	21.539847659176804	2.5952468353317126	78.21763048217825
1.1416311080854684	0.01	0.01	0.01	0.007	0.01	0.8923113039828857	0.10660355223135302	0.051026164747987754	0.04301805742866185	0.05237928820922774	23.826418012662604	17.789053417504064	17.361094713865157	22.636321959617923	2.7262512463257473	77.1097957716399
1.207397692959151	0.01	0.01	0.01	0.007	0.01	0.8951129874869556	0.10660710380308334	0.051026171214356875	0.04301836010200861	0.05237928724308908	25.365366386058124	18.764769225367832	18.265175655546827	23.76570367485747	2.8616011030087556	75.96371739990771
1.2764780326952778	0.01	0.01	0.01	0.007	0.01	0.8974030371287658	0.10660924261616081	0.05102617614081665	0.043018647092668304	0.052379286595435594	26.95862076083616	19.76978321580495	19.199425245652428	24.92848623110088	3.0014101068514716	74.77823059006344
1.3491051847745141	0.01	0.01	0.01	0.007	0.01	0.8992528708780457	0.10661049595861131	0.051026179929193956	0.04301891958001812	0.05237928613516435	28.607238447283994	20.804795875317218	20.16491081338263	26.125427340752843	3.145830195589189	73.5518215050091
1.425553084776806	0.01	0.01	0.01	0.007	0.01	0.9007285840547725	0.10661120937248386	0.05102618286784633	0.04301917869308529	0.05237928579573174	30.312763034472496	21.870740042452415	21.162966109960287	27.357541263989738	3.295052124167963	72.28261649159033
1.5061419017324182	0.01	0.01	0.01	0.007	0.01	0.9018902904865982	0.10661160297630247	0.05102618516597535	0.04301942549925324	0.05237928553982847	32.07723295272558	22.968773935585087	22.195198042652034	28.626090177005278	3.4493062327353057	70.96836855472273
1.591244565180491	0.01	0.01	0.01	0.007	0.01	0.9027918124131245	0.10661181292649637	0.05102618697689156	0.043019660997372686	0.05237928534429379	33.90318907665096	24.100273713746503	23.26349518013653	29.932574266213546	3.6088634291502464	69.60644052538724
1.6812944069746143	0.01	0.01	0.01	0.007	0.01	0.903480634782778	0.106611920871792	0.051026188414008904	0.043019886112724476	0.052379285193552574	35.793674774228734	25.266820503271802	24.370033935341304	31.278714682085074	3.774035761789546	68.19378986959397
1.776793135857913	0.01	0.01	0.01	0.007	0.01	0.9039980545973423	0.10661197417821511	0.05102618956196754	0.04302010168996881	0.05237928507657635	37.75220643363128	26.470167488169913	25.517269432314134	32.666412717397584	3.9451746303313198	66.72697145043644
1.8783162060922052	0.01	0.01	0.01	0.007	0.01	0.9043794700325063	0.10661199935665272	0.05102619048443799	0.04302030847632663	0.05237928498532068	39.78265228249732	27.71214851843131	26.70787446696704	34.09764081362897	4.122661172275864	65.20220492791658
1.98650420553759	0.01	0.01	0.01	0.007	0.01	0.9046547616387954	0.10661201067572919	0.05102619122961353	0.043020507072565314	0.052379284913822835	41.88880778572996	28.994400291906764	27.94450174072774	35.57411836293836	4.30687025657349	63.615667421790015
2.101995706816789	0.01	0.01	0.01	0.007	0.01	0.9048487200008358	0.10661201549055496	0.05102619183399464	0.04302069777845698	0.05237928485763496	44.0728912707653	30.317434689940068	29.228910327127366	37.096240632846786	4.498039928349631	61.964604920306044
2.2251156350862438	0.01	0.01	0.01	0.007	0.01	0.9049814607446528	0.10661201741462777	0.051026192324647106	0.04302088008033747	0.05237928481347862	46.32985444602015	31.67722197231002	30.558615526758288	38.65915335596933	4.695773339464987	60.25164983252577
2.354664927366537	0.01	0.01	0.01	0.007	0.01	0.9050688006174926	0.106612018130463	0.05102619271963975	0.0430210512048186	0.052379284779098916	48.62718694051696	33.05323824898163	31.914919428731697	40.239058682244625	4.8972639779430045	58.500345729646355
2.485784330688549	0.01	0.01	0.01	0.007	0.01	0.9051232226457685	0.10661201837756447	0.051026193029304785	0.04302120545612135	0.05237928475305883	50.87368826820339	34.39046696817966	33.244219274311135	41.77269665134883	5.0945363455904165	56.77964347634939
2.613081646595633	0.01	0.01	0.01	0.007	0.01	0.9051558611000304	0.10661201845984704	0.05102619326679585	0.043021341229248965	0.05237928473374621	52.98114322807846	35.63697164769293	34.49417682846101	43.20061732184295	5.27983536920043	55.1575335360957
2.7358024795128393	0.01	0.01	0.01	0.007	0.01	0.9051756027181022	0.10661201848799698	0.051026193451190735	0.04302146299038052	0.05237928471918468	54.946167483153836	36.79185800639604	35.6624185424506	44.52202837272559	5.452835222691512	53.63762760529892
2.8558285215047765	0.01	0.01	0.01	0.007	0.01	0.9051878854672852	0.10661201849807662	0.051026193598926795	0.0430215742852463	0.05237928470781937	56.806495152503366	37.87824428443872	36.7710537040524	45.763581830953385	5.616832330394311	52.19161776891176
2.975178635087944	0.01	0.01	0.01	0.007	0.01	0.905195706191395	0.10661201850180214	0.05102619372091011	0.043021676845502115	0.052379284698665325	58.59764375915614	38.917428848586816	37.84105840358754	46.949738508491116	5.774942581451277	50.79240723887899
3.0950972406646735	0.01	0.01	0.01	0.007	0.01	0.9052007397598776	0.10661201850319525	0.05102619382370945	0.04302177184315954	0.05237928469113509	60.33997095186453	39.92148287710957	38.88451165009907	48.09433466553521	5.928956424284403	49.42431034998732
3.2159933714270874	0.01	0.01	0.01	0.007	0.01	0.9052039812287531	0.10661201850371474	0.05102619391131778	0.0430218601331906	0.052379284684866904	62.03989573531439	40.894221195662766	39.90522805001499	49.20174645443815	6.079438866191447	48.082360152982254
3.337699636846297	0.01	0.01	0.01	0.007	0.01	0.905206058662987	0.10661201850390672	0.05102619398638888	0.04302194230159366	0.05237928467961708	63.695384478417296	41.8345772044365	40.901962595436046	50.27078332919997	6.226207873268298	46.768218377718235
3.459828071533629	0.01	0.01	0.01	0.007	0.01	0.9052073826882152	0.10661201850397709	0.0510261940509359	0.04302201882229593	0.05237928467520162	65.30187095146724	42.740105273403294	41.871921366660054	51.298700176103516	6.368854870031633	45.4856209987746
3.5820314525840584	0.01	0.01	0.01	0.007	0.01	0.9052082233179192	0.10661201850400275	0.051026194106635746	0.043022090162981634	0.052379284671470995	66.8559815705521	43.60911751694772	42.81299637922555	52.28363089202427	6.507074368926058	44.237443373366915
3.7041201747401207	0.01	0.01	0.01	0.007	0.01	0.905208756235003	0.10661201850401211	0.05102619415492733	0.0430221567904468	0.052379284668301204	68.3568178086478	44.441371875241344	43.724553392161745	53.22536171073877	6.640778957904685	43.024640398133045
3.8260577570662435	0.01	0.01	0.01	0.007	0.01	0.9052090941418242	0.1066120185040155	0.05102619419703021	0.043022219135256445	0.052379284665590414	69.80554242019254	45.23779189300669	44.60720050763752	54.125002733421645	6.770064070010025	41.8465273852529
3.947897125504034	0.01	0.01	0.01	0.007	0.01	0.9052093085923676	0.10661201850401676	0.05102619423395374	0.04302227757137932	0.052379284663256385	71.204337023042	45.99985265299592	45.462169302816	54.98428504635082	6.895116283663285	40.7015839781924
4.0697132545185735	0.01	0.01	0.01	0.007	0.01	0.9052094448080805	0.10661201850401719	0.05102619426651668	0.0430223324193854	0.052379284661234	72.55549380152631	46.72906634783522	46.290767530358096	55.804976238208646	7.016132762967233	39.58817631332165
4.1915609310335755	0.01	0.01	0.01	0.007	0.01	0.9052095313684659	0.10661201850401737	0.05102619429537813	0.04302238395905919	0.052379284659471094	73.86093700737815	47.42672290095926	47.09408624242767	56.5885882369899	7.13327844738069	38.50494976231898
4.313461804933682	0.01	0.01	0.01	0.007	0.01	0.9052095863758588	0.10661201850401744	0.05102619432107131	0.04302243244060394	0.052379284657926885	75.12213698012258	48.09385251462503	47.87294357389026	57.33633720540315	7.24667806777685	37.45090923247539
4.4354112938889925	0.01	0.01	0.01	0.007	0.01	0.9052096213239886	0.10661201850401744	0.05102619434403259	0.04302247809143636	0.052379284656567646	76.34024283583696	48.73130579920976	48.627962747187574	58.049235659991076	7.356427757765494	36.42531897040859
4.557392680025246	0.01	0.01	0.01	0.007	0.01	0.905209643521338	0.10661201850401744	0.05102619436462418	0.043022521119293486	0.0523792846553666	77.51626390150685	49.339855437706056	49.35968184667505	58.728207737046525	7.462611183373427	35.42755711718658
4.679389234638375	0.01	0.01	0.01	0.007	0.01	0.9052096576168106	0.10661201850401744	0.0510261943831515	0.043022561713303466	0.05237928465430074	78.6512010788274	49.92026659657673	50.06863457356959	59.37416832364944	7.565311324908497	34.457006937799925
4.801390462620584	0.01	0.01	0.01	0.007	0.01	0.9052096665664209	0.10661201850401744	0.05102619439987336	0.043022600044618865	0.05237928465335152	79.74610113080197	50.473324014724746	50.755384431217834	59.988053044200136	7.664615411777281	33.51300965545033
4.923392857340257	0.01	0.01	0.01	0.007	0.01	0.905209672248551	0.10661201850401744	0.05102619441501025	0.04302263626756562	0.05237928465250297	80.8020525782689	50.99982799691884	51.42052294374867	60.570813348157756	7.760614614483345	32.594865823061404
5.045397461144407	0.01	0.01	0.01	0.007	0.01	0.9052096758561583	0.10661201850401744	0.05102619442875094	0.043022670521487685	0.052379284651741936	81.82015492529798	51.500577329281285	52.06465099276225	61.12339717873729	7.853401305078972	31.701860100212162
5.167406875997435	0.01	0.01	0.01	0.007	0.01	0.9052096781466626	0.10661201850401744	0.051026194441257146	0.043022702932859105	0.052379284651057026	82.80148882478836	51.97635373395261	52.68836031311869	61.64673160712786	7.943066367987896	30.833286393879973
5.289423130454164	0.01	0.01	0.01	0.007	0.01	0.9052096796009187	0.10661201850401744	0.05102619445266763	0.043022733617225785	0.05237928465043875	83.74709850567812	52.427913328514656	53.29222234759205	62.14171343678792	8.02969759608083	29.98846333658154
5.411446855275677	0.01	0.01	0.01	0.007	0.01	0.9052096805242155	0.10661201850401744	0.051026194463102366	0.043022762680714366	0.052379284649879086	84.65798754465382	52.85598509922229	53.876785357411606	62.60920765806396	8.113379287860914	29.166738573829242
5.533477468996406	0.01	0.01	0.01	0.007	0.01	0.9052096811103916	0.10661201850401744	0.05102619447266489	0.04302279022109036	0.052379284649371055	85.53512300981438	53.26127347238323	54.442576835491806	63.050050419917405	8.194192608150233	28.367485693690707
5.655513791945288	0.01	0.01	0.01	0.007	0.01	0.9052096814825266	0.10661201850401744	0.051026194481445686	0.043022816328508656	0.05237928464890875	86.37944202620264	53.64446185551714	54.99010754202703	63.46505301718962	8.272216176780612	27.590098785381723
5.7775546281315755	0.01	0.01	0.01	0.007	0.01	0.9052096817187704	0.10661201850401744	0.051026194489523315	0.04302284108611474	0.05237928464848702	87.19185702280186	54.006215333045006	55.51987478704013	63.85500489653752	8.347526543661068	26.833987931248416
5.899599064345152	0.01	0.01	0.01	0.007	0.01	0.9052096818687423	0.10661201850401744	0.051026194496967096	0.04302286457061923	0.052379284648101376	87.97325824670844	54.34718194970321	56.032364012379404	64.22067508729315	8.420198417069921	26.098577017178723
6.021646583372134	0.01	0.01	0.01	0.007	0.01	0.9052096819639458	0.10661201850401744	0.05102619450383761	0.04302288685284808	0.05237928464774805	88.72451470232492	54.667993216513594	56.52804937872846	64.56281277382782	8.490304748519016	25.383302920041075
6.143696926625465	0.01	0.01	0.01	0.007	0.01	0.9052096820243809	0.10661201850401744	0.05102619451018874	0.04302290799831713	0.05237928464742346	89.44647349211353	54.96926392143978	57.00739330347758	64.88214712287686	8.557916668892995	24.68761620144891
6.265749964835452	0.01	0.01	0.01	0.007	0.01	0.9052096820627447	0.10661201850401744	0.051026194516067526	0.04302292806775402	0.05237928464712489	90.13995941678579	55.25159210180838	57.47084614820088	65.17938729766756	8.623103447066594	24.01098161427076
6.38780555255679	0.01	0.01	0.01	0.007	0.01	0.9052096820870975	0.10661201850401744	0.051026194521516466	0.04302294711758199	0.05237928464684969	90.80577467181111	55.51555910429217	57.918845949774926	65.45522257837021	8.685932455915927	23.352878572846993
6.509863520084013	0.01	0.01	0.01	0.007	0.01	0.9052096821025561	0.10661201850401744	0.05102619452657257	0.043022965200306275	0.052379284646595574	91.44469943386285	55.76173003420397	58.35181873440872	65.71032290025545	8.746469221039233	22.712800788033448
6.6319236572826155	0.01	0.01	0.01	0.007	0.01	0.9052096821123689	0.10661201850401744	0.05102619453126943	0.04302298236486419	0.05237928464636068	92.05749239984429	55.99065418363851	58.77017880040381	65.94533936895333	8.804777465058962	22.09025594763584
6.75398574592326	0.01	0.01	0.01	0.007	0.01	0.9052096821185976	0.10661201850401744	0.05102619453563673	0.04302299865691964	0.052379284646142915	92.6448915561615	56.202865540340554	59.17432916000842	66.16090485681296	8.860919173989494	21.484765157926304
6.876049583934702	0.01	0.01	0.01	0.007	0.01	0.9052096821225515	0.10661201850401744	0.051026194539701086	0.043023014119127	0.05237928464594104	93.20761485390952	56.39888324475887	59.56466192388103	66.35763454068682	8.914954655204033	20.8958624619034
6.998114977321513	0.01	0.01	0.01	0.007	0.01	0.9052096821250611	0.10661201850401744	0.05102619454348671	0.043023028791382624	0.052379284645753345	93.7463607006939	56.579211971381895	59.94155856317278	66.53612635960786	8.966942578182307	20.323094536244703
7.120181764418175	0.01	0.01	0.01	0.007	0.01	0.9052096821266541	0.10661201850401744	0.05102619454701484	0.04302304271103608	0.05237928464557877	94.26180858194918	56.744342347984436	60.30539026425454	66.6969615079877	9.016940027922361	19.76602024508134
7.242249823975494	0.01	0.01	0.01	0.007	0.01	0.9052096821276653	0.10661201850401744	0.051026194550305354	0.04302305591308765	0.05237928464541618	94.75461957835216	56.894751328582394	60.65651821547573	66.84070487884559	9.065002548706197	19.22421029122842
7.364319042825008	0.01	0.01	0.01	0.007	0.01	0.905209682128307	0.10661201850401744	0.05102619455337551	0.04302306843038448	0.05237928464526455	95.22543671100964	57.03090250959486	60.99529377277118	66.96790545104525	9.111184171196838	18.697247052611043
7.48638932396406	0.01	0.01	0.01	0.007	0.01	0.9052096821287144	0.10661201850401744	0.051026194556241376	0.04302308029378279	0.05237928464512302	95.67488545502353	57.15324649802788	61.32205874465474	67.07909672640857	9.155537455914576	18.184724235445813
7.608460578472064	0.01	0.01	0.01	0.007	0.01	0.9052096821289731	0.10661201850401744	0.05102619455891725	0.043023091532300606	0.05237928464499076	96.10357417681166	57.262221251421806	61.63714562475655	67.17479713783716	9.1981135294303	17.68624660624413
7.730532725510949	0.01	0.01	0.01	0.007	0.01	0.9052096821291372	0.10661201850401744	0.05102619456141654	0.04302310217325507	0.05237928464486699	96.51209459394563	57.35825242001162	61.94087784214124	67.25551045766123	9.238962122897462	17.20142969441954
7.852605651902427	0.01	0.01	0.01	0.007	0.01	0.9052096821292414	0.10661201850401744	0.0510261945637509	0.04302311224240625	0.05237928464475126	96.90102209730937	57.44175365427747	62.23356990992479	67.32172617568217	9.278131596874529	16.729899656688662
7.974679301058782	0.01	0.01	0.01	0.007	0.01	0.9052096821293075	0.10661201850401744	0.051026194565931306	0.04302312176402759	0.052379284644642594	97.27091648082484	57.513126996780315	62.51552788170536	67.37391994219588	9.315669007285745	16.27129264452641
8.096753592137208	0.01	0.01	0.01	0.007	0.01	0.9052096821293496	0.10661201850401744	0.051026194567967885	0.04302313076104902	0.05237928464454061	97.62232210127365	57.57276313812064	62.7870493848048	67.41255389576784	9.351620114442857	15.825254846720497
8.218828476632625	0.01	0.01	0.01	0.007	0.01	0.9052096821293765	0.10661201850401744	0.05102619456986953	0.04302313925512371	0.052379284644445176	97.9557684659822	57.621041759367	63.04842397760189	67.43807705653855	9.38602943532833	15.391442007504116
8.340903897954492	0.01	0.01	0.01	0.007	0.01	0.9052096821293931	0.10661201850401744	0.05102619457164466	0.04302314726673485	0.05237928464435541	98.27177051541192	57.65833180948228	63.29993327672444	67.45092566816848	9.418940265113683	14.969519316359506
8.462979807596348	0.01	0.01	0.01	0.007	0.01	0.9052096821294038	0.10661201850401744	0.0510261945733009	0.04302315481526735	0.05237928464427104	98.57082906462041	57.68499180665453	63.54185120805211	67.45152355306409	9.450394715019435	14.55916109343364
8.585056165135995	0.01	0.01	0.01	0.007	0.01	0.9052096821294107	0.10661201850401744	0.05102619457484524	0.043023161919081745	0.05237928464419176	98.85343118416306	57.70137012169694	63.77444421405052	67.4402824506015	9.480433744231325	14.160050543222038
8.707132922065956	0.01	0.01	0.01	0.007	0.01	0.905209682129415	0.10661201850401744	0.05102619457628416	0.04302316859558849	0.05237928464411696	99.120050536663	57.7078052537516	63.997971426612445	67.41760235015636	9.50909718726666	13.771879565461994
8.829210037963165	0.01	0.01	0.01	0.007	0.01	0.9052096821294177	0.10661201850401744	0.051026194577623606	0.043023174861302936	0.05237928464404685	99.37114778024075	57.704626104121395	64.21268489720393	67.38387181368759	9.536423788632131	13.394348465398295
8.951287472404212	0.01	0.01	0.01	0.007	0.01	0.9052096821294194	0.10661201850401744	0.05102619457886906	0.043023180731906266	0.05237928464398057	99.60717090428633	57.69215223848327	64.41882977449424	67.33946829061526	9.562451230545152	13.027165750852786
9.073365193050295	0.01	0.01	0.01	0.007	0.01	0.9052096821294205	0.10661201850401744	0.05102619458002572	0.04302318622229395	0.0523792846439184	99.82855559006303	57.67069414228092	64.6166445058603	67.28475842056399	9.587216163570771	12.670047884701834
9.195443167562388	0.01	0.01	0.01	0.007	0.01	0.9052096821294212	0.10661201850401744	0.05102619458109819	0.04302319134662901	0.05237928464385963	100.03572552977568	57.640553470254545	64.80636100596797	67.22009833304607	9.610754232947723	12.322719092675998
9.317521379771144	0.01	0.01	0.01	0.007	0.01	0.9052096821294217	0.10661201850401744	0.05102619458209061	0.04302319611837821	0.05237928464380439	100.22909277932642	57.60202328422994	64.98820485901281	67.14583392738959	9.63310010896827	11.984911106928392
9.439599805422175	0.01	0.01	0.01	0.007	0.01	0.905209682129422	0.10661201850401744	0.05102619458300725	0.043023200550366986	0.05237928464375226	100.40905803419923	57.555388294671936	65.16239545364694	67.06230116664395	9.654287508871768	11.656363029948157
9.561678412176011	0.01	0.01	0.01	0.007	0.01	0.9052096821294221	0.10661201850401744	0.05102619458385174	0.04302320465481794	0.052379284643703165	100.57601094458002	57.50092509389147	65.3291461547272	66.96982635562274	9.674349223270955	11.336821130419827
9.68375719194795	0.01	0.01	0.01	0.007	0.01	0.9052096821294221	0.10661201850401744	0.051026194584627683	0.04302320844336967	0.05237928464365676	100.73033046084038	57.43890236525937	65.48866451154566	66.8687263831949	9.693317146716725	11.026038563638506
9.805836112398325	0.01	0.01	0.01	0.007	0.01	0.9052096821294221	0.10661201850401744	0.0510261945853381	0.043023211927136325	0.05237928464361309	100.87238506109654	57.369581122898865	65.64115235164243	66.75930901912022	9.711222294362274	10.723775308271351
9.927915157357324	0.01	0.01	0.01	0.007	0.01	0.9052096821294221	0.10661201850401744	0.05102619458598585	0.04302321511671682	0.05237928464357193	101.00253309033052	57.293214904522614	65.78680599055792	66.64187313501472	9.728094832392985	10.429797876941107
10.049994318740083	0.01	0.01	0.01	0.007	0.01	0.9052096821294221	0.10661201850401744	0.05102619458657404	0.043023218022227555	0.05237928464353323	101.12112302315023	57.21004997881713	65.92581636979827	66.51670895367093	9.7439640996378	10.143879160383499
10.172073572291723	0.01	0.01	0.01	0.007	0.01	0.9052096821294221	0.10661201850401744	0.051026194587105056	0.04302322065334326	0.052379284643496594	101.22849371052394	57.120325562523995	66.05836917642401	66.384098313149	9.758858627072692	9.865798309334933
10.29415290992731	0.01	0.01	0.01	0.007	0.01	0.9052096821294221	0.10661201850401744	0.05102619458758143	0.04302322301930373	0.05237928464346218	101.32497467447403	57.02427399369103	66.18464502327215	66.24431486653391	9.772806164093875	9.595340488393258
10.416232315476895	0.01	0.01	0.01	0.007	0.01	0.9052096821294221	0.10661201850401744	0.051026194588005405	0.04302322512895109	0.052379284643429856	101.41088634095186	56.922120938334814	66.30481956101957	66.09762433356693	9.785833696861815	9.332296766836821
10.538311780855505	0.01	0.01	0.01	0.007	0.01	0.9052096821294221	0.10661201850401744	0.05102619458837895	0.043023226990742416	0.05237928464339929	101.48654030176144	56.814085562493254	66.41906363060832	65.94428470250413	9.797967471033267	9.07646392155105
10.66039128989315	0.01	0.01	0.01	0.007	0.01	0.9052096821294221	0.10661201850401744	0.05102619458870413	0.043023228612779026	0.05237928464337064	101.5522395454553	56.70038072542825	66.5275433792862	65.78454646383	9.809233010344533	8.827644315065706
10.782470842589845	0.01	0.01	0.01	0.007	0.01	0.9052096821294221	0.10661201850401744	0.051026194588982755	0.043023230002812454	0.05237928464334364	101.60827870644196	56.58121313202272	66.63042041074145	65.61865278720074	9.819655138638247	8.585645693321426
10.904550422775579	0.01	0.01	0.01	0.007	0.01	0.9052096821294221	0.10661201850401744	0.05102619458921659	0.0430232311682799	0.052379284643318307	101.65494427684432	56.456783532900495	66.7278518812369	65.44683976649826	9.829257996097143	8.35028110320128
11.026630038535371	0.01	0.01	0.01	0.007	0.01	0.9052096821294221	0.10661201850401744	0.05102619458940711	0.04302323211629881	0.05237928464329462	101.69251484660947	56.32728684951176	66.81999065429316	65.26933656118531	9.83806506126162	8.121368669095572
11.148709657529169	0.01	0.01	0.01	0.007	0.01	0.9052096821294221	0.10661201850401744	0.0510261945895561	0.043023232853718375	0.05237928464327232	101.72126129867401	56.192912402530794	66.90698536894655	65.08636568097283	9.846099164385494	7.898731575097942
11.270789287841987	0.01	0.01	0.01	0.007	0.01	0.9052096821294221	0.10661201850401744	0.0510261945896647	0.04302323338708937	0.052379284643251464	101.7414470448376	56.0538439825118	66.98898061569085	64.89814305479331	9.853382510955333	7.682197776843804
11.39286892138881	0.01	0.01	0.01	0.007	0.01	0.9052096821294221	0.10661201850401744	0.05102619458973427	0.04302323372270911	0.05237928464323199	101.75332821328806	55.9102600619	67.06611700537762	64.70487829433057	9.859936694786079	7.47159997500677
11.51494855816964	0.01	0.01	0.01	0.007	0.01	0.9052096821294221	0.10661201850401744	0.051026194589766205	0.043023233866621644	0.052379284643213744	101.75715385374035	55.76233391620827	67.13853129511253	64.50677483400918	9.865782716333584	7.266775442007638
11.637028182014449	0.01	0.01	0.01	0.007	0.01	0.9052096821294221	0.10661201850401744	0.05102619458976155	0.04302323382464286	0.052379284643196876	101.75316613054892	55.61023379715786	67.20635647945392	64.30403014177563	9.87094099778372	7.067565937248078
11.759107784838223	0.01	0.01	0.01	0.007	0.01	0.9052096821294221	0.10661201850401744	0.0510261945897215	0.043023233602358726	0.05237928464318105	101.74160051355847	55.45412304390492	67.26972190839292	64.09683584735308	9.875431400154014	6.873817543290958
11.881187374725979	0.01	0.01	0.01	0.007	0.01	0.9052096821294221	0.10661201850401744	0.05102619458964699	0.043023233205131496	0.05237928464316643	101.72268595768153	55.29416020704441	67.32875338963557	63.885377888847344	9.87927323869464	6.685380536544605
12.003266951677718	0.01	0.01	0.01	0.007	0.01	0.9052096821294221	0.10661201850401744	0.05102619458953901	0.04302323263812358	0.052379284643152876	101.69664508270748	55.1304992114256	67.38357327264508	63.669836711112886	9.882485296871202	6.5021093109572
12.125346499523424	0.01	0.01	0.01	0.007	0.01	0.9052096821294221	0.10661201850401744	0.051026194589398464	0.043023231906311465	0.05237928464314037	101.66369435194098	54.963289497391706	67.43430054151521	63.45038743536113	9.885085840996261	6.323862275410389
12.24742602634811	0.01	0.01	0.01	0.007	0.01	0.9052096821294221	0.10661201850401744	0.051026194589226304	0.043023231014472224	0.052379284643128896	101.62404423142227	54.792676091201734	67.48105092448964	63.227199936414316	9.887092635357547	6.15050168448827
12.369505515981773	0.01	0.01	0.01	0.007	0.01	0.9052096821294221	0.10661201850401744	0.051026194589023126	0.04302322996721942	0.05237928464311837	101.57789936734041	54.61879979321116	67.52393696330657	63.00043907504522	9.888522954959152	5.981893602952406
12.491584968424423	0.01	0.01	0.01	0.007	0.01	0.9052096821294221	0.10661201850401744	0.05102619458878987	0.043023228768988425	0.05237928464310883	101.5254587338662	54.44179724035612	67.56306811640752	62.770264765865505	9.889393599684567	5.817907744062987
12.613664383676072	0.01	0.01	0.01	0.007	0.01	0.9052096821294221	0.10661201850401744	0.051026194588527245	0.04302322742405281	0.05237928464310008	101.46691579261433	54.26180104328499	67.59855083667611	62.536832143490805	9.889720906951691	5.658417392838638
12.735743769821728	0.01	0.01	0.01	0.007	0.01	0.9052096821294221	0.10661201850401744	0.05102619458823581	0.0430232259365273	0.052379284643092314	101.40245863946825	54.07893988620296	67.63048865584169	62.300291680347094	9.88952076436454	5.5032992980061115
12.857823118776404	0.01	0.01	0.01	0.007	0.01	0.9052096821294221	0.10661201850401744	0.05102619458791628	0.04302322431038826	0.05237928464308527	101.33227016435237	53.89333867209001	67.65898225817408	62.060789363476765	9.888808622071958	5.352433607713699
12.97990243054011	0.01	0.01	0.01	0.007	0.01	0.9052096821294221	0.10661201850401744	0.0510261945875692	0.04302322254946643	0.05237928464307903	101.25652818248292	53.70511859279496	67.68412956534941	61.81846677435338	9.887599504809282	5.20570374538064
13.101981705112857	0.01	0.01	0.01	0.007	0.01	0.9052096821294221	0.10661201850401744	0.05102619458719508	0.04302322065745757	0.05237928464307369	101.17540557722496	53.51439724391175	67.70602580979089	61.57346122707306	9.885908023526218	5.062996330322492
13.224060934409673	0.01	0.01	0.01	0.007	0.01	0.9052096821294221	0.10661201850401744	0.05102619458679453	0.04302321863793303	0.052379284643069	101.08907044134274	53.32128873786345	67.72476360726242	61.325905904285605	9.883748386892535	4.924201099200975
13.346140118430574	0.01	0.01	0.01	0.007	0.01	0.9052096821294221	0.10661201850401744	0.05102619458636805	0.0430232164943357	0.05237928464306509	100.99768619786576	53.1259037760736	67.74043303145677	61.07592994087409	9.881134412106933	4.7892108019356305
13.468219257175576	0.01	0.01	0.01	0.007	0.01	0.9052096821294221	0.10661201850401744	0.05102619458591605	0.04302321422999013	0.05237928464306183	100.90141173296854	52.92834975612797	67.75312168196676	60.82365855287801	9.878079535694894	4.657921128678157
13.590298342559722	0.01	0.01	0.01	0.007	0.01	0.9052096821294221	0.10661201850401744	0.05102619458543892	0.043023211848112156	0.052379284643059215	100.80040152734846	52.728730877234696	67.7629147515648	60.56921316426803	9.874596824192993	4.530230637545302
13.712377390752977	0.01	0.01	0.01	0.007	0.01	0.9052096821294221	0.10661201850401744	0.0510261945849374	0.04302320935179434	0.052379284643057376	100.69480575027211	52.5271481768429	67.76989509457904	60.312711446223055	9.870698983351401	4.4060406426349275
13.834456385585415	0.01	0.01	0.01	0.007	0.01	0.9052096821294221	0.10661201850401744	0.05102619458441138	0.043023206744044154	0.05237928464305613	100.58477042495842	52.32369971067804	67.77414328698333	60.054267539310445	9.866398369692126	4.285255196396904
13.956535343226992	0.01	0.01	0.01	0.007	0.01	0.9052096821294221	0.10661201850401744	0.05102619458386148	0.043023204027749715	0.05237928464305539	100.47043748724624	52.11848053074108	67.77573769252695	59.79399201864186	9.861706998052137	4.167780949648057
14.07861424750779	0.01	0.01	0.01	0.007	0.01	0.9052096821294221	0.10661201850401744	0.05102619458328808	0.04302320120572222	0.05237928464305531	100.35194495527702	51.91158287550773	67.77475452115527	59.53199212900296	9.856636553199326	4.053527143471274
14.200693106512794	0.01	0.01	0.01	0.007	0.01	0.9052096821294221	0.10661201850401744	0.051026194582691524	0.04302319828066633	0.05237928464305581	100.22942698557863	51.70309615525467	67.77126788922196	59.26837176002526	9.851198396807666	3.942405484058034
14.322771912157064	0.01	0.01	0.01	0.007	0.01	0.9052096821294221	0.10661201850401744	0.0510261945820719	0.04302319525520748	0.05237928464305689	100.10301401697859	51.49310709823026	67.76534987678092	59.00323162552388	9.845403577906339	3.8343301128754144
14.444850680610529	0.01	0.01	0.01	0.007	0.01	0.9052096821294221	0.10661201850401744	0.05102619458142961	0.04302319213187185	0.05237928464305852	99.97283283193659	51.281699757207534	67.75707058188873	58.736669266311864	9.839262839616728	3.729217503996492
14.566929395703298	0.01	0.01	0.01	0.007	0.01	0.9052096821294221	0.10661201850401744	0.05102619458076484	0.04302318891312295	0.05237928464306066	99.83900671547018	51.06895568079388	67.74649817804622	58.46877926119139	9.832786630254029	3.6269864491799204
14.689008065520342	0.01	0.01	0.01	0.007	0.01	0.9052096821294221	0.10661201850401744	0.05102619458007804	0.04302318560133123	0.05237928464306346	99.70165549239739	50.854953887358306	67.73369896357246	58.19965318903371	9.825985108666952	3.5275579458829798
14.81108669006168	0.01	0.01	0.01	0.007	0.01	0.9052096821294221	0.10661201850401744	0.05102619457936924	0.04302318219879606	0.05237928464306661	99.56089565589063	50.63977099067004	67.71873741501838	57.92937978236887	9.81886815374846	3.430855164252468
14.933165261242385	0.01	0.01	0.01	0.007	0.01	0.9052096821294221	0.10661201850401744	0.05102619457863874	0.04302317870774903	0.0523792846430703	99.41684046034726	50.423481268104844	67.70167623785699	57.658045008551184	9.811445372231264	3.3368033868380893
15.055243779062481	0.01	0.01	0.01	0.007	0.01	0.9052096821294221	0.10661201850401744	0.05102619457788677	0.04302317513034693	0.052379284643074515	99.26959999192428	50.20615669805916	67.68257641307954	57.385732112480675	9.803726105221319	3.245329938058966
15.17732224352199	0.01	0.01	0.01	0.007	0.01	0.9052096821294221	0.10661201850401744	0.05102619457711342	0.043023171468679025	0.05237928464307914	99.11928126428201	49.987867038201266	67.66149724523241	57.112521710762216	9.795719435911272	3.15636413471914
15.29940066270587	0.01	0.01	0.01	0.007	0.01	0.9052096821294221	0.10661201850401744	0.0510261945763188	0.04302316772476479	0.05237928464308421	98.96598829271922	49.76867987327937	67.63849640679776	56.838491847799354	9.787434196096953	3.0698372257347724
15.421479044699062	0.01	0.01	0.01	0.007	0.01	0.9052096821294221	0.10661201850401744	0.05102619457550339	0.043023163900561226	0.05237928464308974	98.80982218574336	49.548660690088504	67.61362998399854	56.56371808599808	9.778878973545007	2.98568234528086
15.543557381416653	0.01	0.01	0.01	0.007	0.01	0.9052096821294221	0.10661201850401744	0.051026194574666846	0.04302315999797455	0.052379284643095735	98.65088124618606	49.3278729657678	67.58695252396586	56.28827361256319	9.7700621198748	2.9038344717722167
15.665635664773736	0.01	0.01	0.01	0.007	0.01	0.9052096821294221	0.10661201850401744	0.051026194573809705	0.04302315601885302	0.05237928464310222	98.48926102905712	49.10637819624359	67.55851707432764	56.01222927160146	9.760991756019168	2.824230365708623
15.787713910940177	0.01	0.01	0.01	0.007	0.01	0.9052096821294221	0.10661201850401744	0.05102619457293188	0.04302315196497443	0.052379284643109	98.32505438410647	48.88423590774954	67.52837521814729	55.73565357547354	9.751675776673927	2.7468085056741645
15.909792111831067	0.01	0.01	0.01	0.007	0.01	0.9052096821294221	0.10661201850401744	0.05102619457203368	0.04302314783807698	0.05237928464311618	98.15835159348542	48.661503799066004	67.49657712522878	55.45861287905378	9.742121860058973	2.6715090724303514
16.0	0.01	0.01	0.01	0.007	0.01	0.9052096821294222	0.10661201850401747	0.05102619457135682	0.0430231534549858	0.0523792846431218	98.0336168197145	48.496573024587356	67.47204495473468	55.25363664442291	9.734913648677157	2.617197074740188
