0.0	0.01	0.01	0.01	0.007	0.01	0.0	0.0	0.0	0.0	0.0	0.0	0.0	0.0	0.0	0.0	100.0
0.003456975400127341	0.01	0.01	0.01	0.007	0.01	0.011487853129982883	0.0032756749984730227	0.00400716044904787	0.004145924302851543	0.005082479632597871	0.0006781713116923384	0.0010731521724919421	0.002361010604455191	0.0038173690154335344	0.00048658107600265467	99.92834460510316
0.005545481020727278	0.01	0.01	0.01	0.007	0.01	0.01835924253934201	0.005209547780885103	0.006288226888452885	0.0064525079616758185	0.008008331754262962	0.0017398505085446064	0.002744291395373107	0.005984312450462971	0.009618293748795182	0.001236741712606573	99.88507942093143
0.008690947018146428	0.01	0.01	0.01	0.007	0.01	0.028611196461780477	0.00805953727117389	0.009536898304341812	0.009667943992598694	0.012219784192735086	0.004253961711591823	0.006677442146238555	0.014370471460649294	0.022896290781251778	0.002982135632580401	99.8199537451036
0.011594137396219988	0.01	0.01	0.01	0.007	0.01	0.037971110680817	0.010624739135988066	0.012347311464905445	0.012381263810240118	0.015909067515728025	0.007539079718871664	0.01178170093969741	0.025053593079648197	0.03960680488395705	0.0052186166530254555	99.75988197673658
0.014967541910030833	0.01	0.01	0.01	0.007	0.01	0.04872492305194382	0.013528738960300648	0.015400925212604225	0.015254486118881194	0.01997159022329221	0.012503598661787928	0.019440221172819083	0.04077759806566535	0.06389960840827591	0.008530530524357885	99.69012611383465
0.018403269051470647	0.01	0.01	0.01	0.007	0.01	0.05954408924829381	0.01640392024007609	0.018292398649037707	0.017900123082194866	0.02387716146913805	0.018809755579286276	0.029093888790881064	0.060197582519981294	0.09351710411358942	0.012647870687328693	99.61913166818572
0.022105320227782832	0.01	0.01	0.01	0.007	0.01	0.0710532129708194	0.01941149496495895	0.02117897148204895	0.020465052376578773	0.027842242669979693	0.026995175575380385	0.041524275390396055	0.08468292197627528	0.13037447720289863	0.017875167843548076	99.54269060106691
0.025949839918177738	0.01	0.01	0.01	0.007	0.01	0.08284411741149766	0.02243844421714	0.02394409699729671	0.022847126503628842	0.031713640851240135	0.03699809870941578	0.05658754958202365	0.11371542220833751	0.17350008530932187	0.02411906096352013	99.4633698857076
0.029994157290844592	0.01	0.01	0.01	0.007	0.01	0.09507304016996909	0.02552007480602689	0.026617497077327103	0.02507682752730657	0.03553812695355302	0.0491455722960603	0.07472148409139491	0.14789614848972799	0.22360195541945965	0.03152784912672233	99.37999513262031
0.03420249826635051	0.01	0.01	0.01	0.007	0.01	0.10761044307078713	0.02861864997535509	0.029164226114142468	0.027130157593997912	0.039270751244954175	0.0635234895138603	0.09599195006229924	0.1870863816258237	0.28028796182348586	0.04009345496153954	99.29331318313427
0.03859238771624713	0.01	0.01	0.01	0.007	0.01	0.12048801654702884	0.0317375208349824	0.03158734099118033	0.029016109717236956	0.042916792841597357	0.08037599334146915	0.12069178381160442	0.23155385982634802	0.34376381559545555	0.049898405874994584	99.20297232928385
0.04315540360450159	0.01	0.01	0.01	0.007	0.01	0.13365963571480924	0.03486107266563521	0.03387595416109092	0.030733146264131816	0.04645120866293159	0.09986210351653685	0.1489781962392	0.28129655290927486	0.4138490490888395	0.06096742286376967	99.10915577527392
0.04789895387759332	0.01	0.01	0.01	0.007	0.01	0.14712509556240533	0.03798510419934104	0.03602963421497796	0.032288438866430964	0.049843166544839564	0.12220503857998577	0.18109229490784662	0.3364453227494337	0.4905593225742932	0.07335185293929344	99.01172145312582
0.05282592593042262	0.01	0.01	0.01	0.007	0.01	0.16087007176376875	0.041102204579958265	0.03804671905487326	0.03368845871645603	0.05302096231741708	0.14761712973816934	0.21724816424301868	0.397064828005638	0.5738235977963773	0.0870773706188882	98.91062099198248
0.05793291222260283	0.01	0.01	0.01	0.007	0.01	0.17486242963176574	0.044201326444457595	0.039924678389010454	0.03493938563804163	0.05585635578477221	0.17627903047222218	0.2576045218234485	0.46311523063624305	0.6634390550095816	0.10211981760587233	98.80593563386476
0.06313480642850451	0.01	0.01	0.01	0.007	0.01	0.1888529895091161	0.047225744478658786	0.04163775093699096	0.03603325632439087	0.05814842067684987	0.20784968990619648	0.30158807358584727	0.5333965582732041	0.757672728696211	0.11814570449775533	98.69941871380486
0.06843162004672763	0.01	0.01	0.01	0.007	0.01	0.20283235169014688	0.05017395813834134	0.043196727364111745	0.03698680302626194	0.059778118632197966	0.24240521014747063	0.34921968068087533	0.607730865813211	0.856223870456866	0.13500533477214696	98.5910761613022
0.07397834644817962	0.01	0.01	0.01	0.007	0.01	0.21718855264704093	0.05312533797704249	0.044650457206615674	0.03783736133543072	0.06073564333465833	0.2811363710693477	0.40202959224111207	0.6882279357367729	0.961794588896274	0.15302444402671045	98.47774929553896
0.07976837388454147	0.01	0.01	0.01	0.007	0.01	0.23187200772634195	0.056064499796567316	0.04599463819620151	0.03858816598512833	0.061056643627789564	0.3242778240580259	0.46019653604934546	0.7748113494382295	1.0741596334704475	0.17200556678087414	98.35959043082863
0.08574404120681903	0.01	0.01	0.01	0.007	0.01	0.24670892572551176	0.05895324589689675	0.04721783244570308	0.03923927889199432	0.06087683818778238	0.37163447834565644	0.5233175365843765	0.8665700238754012	1.1920470804803645	0.19158725459314255	98.23779181864845
0.09193393794411016	0.01	0.01	0.01	0.007	0.01	0.2617451250618534	0.061798137368409244	0.04833025444417319	0.0398026919963485	0.06036023999595647	0.42364388903373285	0.5918331475743557	0.9638575128140477	1.3158465578322467	0.21172355358158979	98.11178571901017
0.09840168217159331	0.01	0.01	0.01	0.007	0.01	0.27710263187765305	0.06461851990515724	0.04934542061627648	0.04029093848085009	0.05963665775651997	0.4811144169725161	0.6666397201878553	1.0676197727079175	1.4466876197276206	0.23251614008276886	97.9802962163802
0.10521335684302892	0.01	0.01	0.01	0.007	0.01	0.29289508243266066	0.06742952558600197	0.05027301075332781	0.040713535347395684	0.058796773541504636	0.5449989638363677	0.7487705277086911	1.1789001618515542	1.5857944131662371	0.25409516562288315	97.8420051171089
0.11240497122289284	0.01	0.01	0.01	0.007	0.01	0.30915373266403995	0.07022968080777196	0.051116132388525665	0.041076341964809984	0.057905305799683546	0.616075399756258	0.8389798889704279	1.298281811834899	1.7337979418221179	0.2765085610063056	97.69621227022127
0.11999552233468612	0.01	0.01	0.01	0.007	0.01	0.32586408406848355	0.07300921944683401	0.05187591078427378	0.04138419482821593	0.057008069389541505	0.69501203617311	0.9378381352790761	1.4260603574757404	1.8909754360337605	0.29976369751184156	97.54256757956863
0.12799909908002255	0.01	0.01	0.01	0.007	0.01	0.34299641370292827	0.07575624877247845	0.05255399643577733	0.04164207676317145	0.05613622305557234	0.7824586083192435	1.0458523765624683	1.5624294619119286	2.0574917152142076	0.32386452559063356	97.3808243065536
0.13643493964085343	0.01	0.01	0.01	0.007	0.01	0.3605279734755966	0.07846060215317051	0.05315351685826206	0.04185537406975622	0.05530955090974856	0.8791494210512438	1.1635932879680932	1.7076508129236316	2.2336096460947488	0.34883982798142765	97.21063577851942
0.14532762722956924	0.01	0.01	0.01	0.007	0.01	0.3784418991817508	0.08111350451501002	0.05367866180181719	0.04202955946404013	0.05453996211161012	0.9859174326560521	1.2917051778062199	1.8620630590071552	2.4196981248116534	0.3747406085426291	97.03155262731954
0.15470719294612528	0.01	0.01	0.01	0.007	0.01	0.3967258074986915	0.08370722440433488	0.0541343412169495	0.042169962131372495	0.0538340012100671	1.1037079356649868	1.430914098398254	2.0260877455238697	2.616236336535977	0.4016378446919814	96.84302209011904
0.16460830535370924	0.01	0.01	0.01	0.007	0.01	0.4153686185912747	0.08623453676524266	0.05452588708916505	0.04228160371316747	0.05319462332978913	1.2335803043241185	1.5820207628845475	2.200217804380483	2.823797331020289	0.42961822980645575	96.64440581026638
0.17507025408224322	0.01	0.01	0.01	0.007	0.01	0.4343590970268718	0.08868851912531914	0.05485888182697201	0.04236911201267984	0.0526223150487714	1.3767178176159025	1.7459025979152285	2.385018547184808	3.0430470270073933	0.4587827464843701	96.4349817464162
0.18613681678572333	0.01	0.01	0.01	0.007	0.01	0.45368420603517545	0.09106238021491547	0.05513902493957168	0.04243667059058623	0.05211584299521587	1.5344351794310076	1.9235123965935406	2.581125821801124	3.274739910501162	0.4892452184833937	96.21394859604679
0.19785634714805547	0.01	0.01	0.01	0.007	0.01	0.4733279091820588	0.0933494025061874	0.05537203558106084	0.04248799688726337	0.05167274288295917	1.7081881191354464	2.1158788000152122	2.789247470458951	3.51971865073598	0.5211316813497707	95.98042599464742
0.21028176738095367	0.01	0.01	0.01	0.007	0.01	0.49326984045942884	0.09554291717578	0.055563565938325725	0.042526338102341577	0.051289658483732674	1.8995807099294661	2.3241037702907157	3.01016264403705	3.778911082077836	0.5545795953418684	95.73345687033162
0.22347056728750847	0.01	0.01	0.01	0.007	0.01	0.5134840722360715	0.09763633977992783	0.05571911870183704	0.04255448140596933	0.05096258170175212	2.1103713642254522	2.5493585541536365	3.244720821177803	4.053326741741965	0.5897371322321147	95.47200992798498
0.23748477446367688	0.01	0.01	0.01	0.007	0.01	0.5339379620922501	0.09962325869653979	0.05584395766803165	0.0425747749379844	0.05068703412060533	2.3424765793018816	2.7928775686200478	3.493839897548354	4.344052250546912	0.6267623937161215	95.19498299219595
0.25239090701391126	0.01	0.01	0.01	0.007	0.01	0.5545911478298888	0.10149757577704774	0.0559430069571182	0.0425891573073432	0.050458215086284036	2.5979721276601864	3.0559504522387124	3.758503463565332	4.652245789414627	0.6658225600316842	94.90120700194939
0.26825959874582445	0.01	0.01	0.01	0.007	0.01	0.5753943475864189	0.1032536601923058	0.056020744317922845	0.04259919357615331	0.050271135942465094	2.8790856368133637	3.3399068457027705	4.03975163933078	4.979124304021657	0.7070921430482646	94.58945675803103
0.28516405968968705	0.01	0.01	0.01	0.007	0.01	0.5962871784447524	0.10488645885597142	0.05608111008846172	0.04260611617149496	0.05012075058700059	3.188163318963648	3.6460784446914714	4.3386506462175065	5.3259264933630215	0.7507482156827489	94.25848465467365
0.3031768226900841	0.01	0.01	0.01	0.007	0.01	0.6171950343470728	0.10639159991457096	0.056127463555618845	0.042610869387370263	0.05000207634658516	3.5275955118304383	3.975727326828014	4.6562319016912594	5.693841192900374	0.7969613370204873	93.90708749356145
0.3223662771993077	0.01	0.01	0.01	0.007	0.01	0.6380275272396213	0.10776567283211436	0.056162605582753475	0.04261415555214778	0.04991029299171343	3.8997241602344848	4.329967955635659	4.993428057959342	6.083933000633358	0.8458861624859375	93.53417621969074
0.34279600145446465	0.01	0.01	0.01	0.007	0.01	0.6586815092788425	0.10900677341215749	0.05618885235802688	0.042616480186963894	0.04984082666038182	4.306793336863142	4.7097413089412505	5.351059360177667	6.4971265049155456	0.8976593677947555	93.13878999255256
0.364527680213237	0.01	0.01	0.01	0.007	0.01	0.6790478362960971	0.11011507168064485	0.05620812178110632	0.042618193933638096	0.04978943902559998	4.750970955950706	5.1158601029397754	5.729883130128717	6.9342632031347184	0.9524066159104114	92.72004078745378
0.3876250096762442	0.01	0.01	0.01	0.007	0.01	0.6990177879174053	0.11109307468766866	0.05622200311409668	0.04261953011629842	0.04975232110540865	5.234400151323627	5.549078254674686	6.130659399618942	7.396176447817565	1.0102517854142288	92.27704043811707
0.4121562605339659	0.01	0.01	0.01	0.007	0.01	0.7184868707710353	0.11194553110935711	0.05623180432340008	0.04262063717637268	0.04972616687225848	5.759232650663217	6.010139027654208	6.554191508093324	7.883737048522235	1.071322627481686	91.8088554054131
0.4381953902806719	0.01	0.01	0.01	0.007	0.01	0.7373566437189311	0.1126791265326064	0.05623858497237818	0.04262160521595437	0.04970820695576605	6.327636186023062	6.4997972202322085	7.00134012311599	8.397868112738662	1.1357527174122084	91.31449078874358
0.46582256373690445	0.01	0.01	0.01	0.007	0.01	0.7555358437598513	0.11330210221855694	0.05624318369261395	0.04262248634216768	0.049696200764301354	6.941789966194588	7.0188300604031175	7.473025976434311	8.939546955105481	1.2036819201357518	90.79288661254367
0.49512470029761807	0.01	0.01	0.01	0.007	0.01	0.7729414500530037	0.113823855665787	0.0562462457439394	0.04262330924489141	0.049688396220471845	7.603880302771283	7.568047748324544	7.9702320844524746	9.509806479586889	1.2752568909929547	90.24291449358685
0.5261959018226495	0.01	0.01	0.01	0.007	0.01	0.7894996003395931	0.11425453844378851	0.056248252363828265	0.042624088974825156	0.04968346892865153	8.31609294125906	8.1483004067017	8.494002936943154	10.10973306546598	1.3506312066933357	89.66337751631919
0.5591373233319776	0.01	0.01	0.01	0.007	0.01	0.805146207542416	0.11460466645416616	0.05624955107364838	0.04262483308912933	0.049680451407007914	9.080591524459123	8.760472930129358	9.04543341415948	10.740452603749553	1.429964044963449	89.05302139318695
0.5940558430533461	0.01	0.01	0.01	0.007	0.01	0.8198272116219323	0.1148847603934143	0.05625038496148269	0.042625545263213035	0.04967866101983141	9.899466170865795	9.405455986008585	9.625637245753731	11.40309308078209	1.5134159164885344	88.41056827315768
0.6310611350876262	0.01	0.01	0.01	0.007	0.01	0.8334986769096147	0.11510503509163954	0.05625091899443154	0.04262622726941554	0.0496776329130425	10.774641838674563	10.084086999884597	10.235689650656928	12.09871780554195	1.6011406588251056	87.73477924726322
0.6702611632508858	0.01	0.01	0.01	0.007	0.01	0.8461270784828138	0.11527514849815163	0.056251262079331885	0.04262687998551416	0.04967706190240926	11.707747244220283	10.797063588477258	10.876546223487077	12.828232004287043	1.693273981628149	87.02454339098433
0.7117567851995152	0.01	0.01	0.01	0.007	0.01	0.8576901074584908	0.11540401162808468	0.056251484428242446	0.042627503880100726	0.04967675509572084	12.699963301921159	11.544844576348495	11.548951250722896	13.592278219862093	1.7899204601639631	86.27897885542468
0.755637033859488	0.01	0.01	0.01	0.007	0.01	0.8681781405374603	0.11549965402968852	0.05625163047417134	0.042628099252645074	0.04967659531968626	13.751893314777943	12.327568805932216	12.253362155923044	14.391151160077705	1.891142820817513	85.49751647693749
0.8019771614630832	0.01	0.01	0.01	0.007	0.01	0.8775961212014721	0.11556913694454969	0.05625172799942824	0.042628666380763555	0.0496765142938766	14.863510302663572	13.145028678516885	12.989923147640916	15.224769419415393	1.9969582753303103	84.6799291750121
0.8508409773779171	0.01	0.01	0.01	0.007	0.01	0.8859651465898786	0.115618508994521	0.05625179429882693	0.042629205636859985	0.04967647391058316	16.03422119338111	13.996721783080078	13.758509522754306	16.09272768461875	2.1073449826475694	83.82628312765107
0.9022873708340495	0.01	0.01	0.01	0.007	0.01	0.8933228956894439	0.11565280428697654	0.05625184017731437	0.04262971757955441	0.04967645381611829	17.263043062349887	14.881972197601376	14.55883597247464	16.99442074987763	2.2222576724536296	82.93681778303704
0.9563789730464347	0.01	0.01	0.01	0.007	0.01	0.8997223566724336	0.11567608468951335	0.05625187245817145	0.04263020300230543	0.049676443597665425	18.548835092979548	15.800079422206936	15.39059191486543	17.92919646365278	2.3416471091322855	82.011795457366
1.0131907479019517	0.01	0.01	0.01	0.007	0.01	0.9052290319989491	0.11569152407932985	0.05625189551930497	0.04263066293363939	0.04967643813468439	19.890524239569466	16.75045328428119	16.253566667021023	18.896495067230465	2.4654780521866666	81.05136165887514
1.072816877099355	0.01	0.01	0.01	0.007	0.01	0.9099172526142877	0.11570152428409965	0.05625191222189435	0.042631098597698966	0.04967643498866915	21.287278361356	17.732706837670037	17.147738950370513	19.895946199803944	2.5937420549076218	80.055444474917
1.1353758848700573	0.01	0.01	0.01	0.007	0.01	0.9138663628496253	0.11570784715217547	0.056251924471107356	0.042631511356120894	0.04967643301989262	22.738621659754827	18.746708331346053	18.07333112634424	20.927424351557303	2.7264651660744166	79.0236926587251
1.2010143910608533	0.01	0.01	0.01	0.007	0.01	0.91715728778771	0.11571174689002166	0.0562519335578119	0.04263190264729948	0.049676431694045835	24.244500400579554	19.79260087060139	19.030835403282868	21.991071243643272	2.8637115808540616	77.9554444445614
1.2699102779218538	0.01	0.01	0.01	0.007	0.01	0.9198697426462822	0.1157140908296164	0.056251940370392516	0.04263227393383488	0.04967643075195363	25.80531736341359	20.870803967515766	20.02102454743443	23.087299369381945	3.0055850429334545	76.84971318313907
1.3422758577926324	0.01	0.01	0.01	0.007	0.01	0.9220801302315896	0.1157154620028445	0.056251945528754954	0.042632626661731204	0.049676430058923735	27.421948642095412	21.982006480140335	21.044955656993736	24.21678624774006	3.1522292256112134	75.70518024915667
1.4183613909926978	0.01	0.01	0.01	0.007	0.01	0.9238600642358776	0.11571624143584461	0.056251949470858105	0.04263296223078961	0.049676429538133095	29.09575022437504	23.12715544598292	22.103971240357843	25.380463939517877	3.3038276971324034	74.52019043257499
1.498459275069712	0.01	0.01	0.01	0.007	0.01	0.9252754196866737	0.11571667113081131	0.056251952509643544	0.04263328197450757	0.04967642914148824	30.828560144880583	24.30744388209054	23.1997007178574	26.579506966306454	3.4606039118975365	73.29274622906287
1.5829087892188767	0.01	0.01	0.01	0.007	0.01	0.9263857995880118	0.11571690033615746	0.05625195487108821	0.042633587145851824	0.04967642883660389	32.622691462806664	25.524293335927556	24.334058852324358	27.81531438687198	3.6228207202980887	72.02050480895856
1.6721009287228885	0.01	0.01	0.01	0.007	0.01	0.9272443227708793	0.11571701830696063	0.056251956719987825	0.042633878905008436	0.04967642860060768	34.48090395411696	26.779322142137946	25.509233065564345	29.0894768936564	3.7907782402303782	70.70078655692821
1.7664813684741307	0.01	0.01	0.01	0.007	0.01	0.9278976502544538	0.11571707670542372	0.05625195817762565	0.04263415830192279	0.04967642841688207	36.406313379136144	28.074271150174802	26.727633275474414	30.40370033333539	3.964806320803603	69.33062475686688
1.8665456946814085	0.01	0.01	0.01	0.007	0.01	0.9283861838735971	0.11571710440390413	0.05625195933398892	0.04263442623893079	0.049676428273153994	38.40212740047004	29.410813048417214	27.991733497498707	31.759610842249895	4.145241514353712	67.90693637780602
1.9728067047686157	0.01	0.01	0.01	0.007	0.01	0.928744375315812	0.11571711693547554	0.05625196025622555	0.042634683371196955	0.04967642816027904	40.47084545911643	30.79000684107658	29.30357382047745	33.15820021934482	4.332355635307225	66.42707644471132
2.085664713571407	0.01	0.01	0.01	0.007	0.01	0.9290010864972735	0.11571712231534806	0.0562519609943609	0.04263492982219011	0.049676428071441625	42.611732548777795	32.21062159242642	30.66316197600597	34.59812659920492	4.526127808046564	64.89064160852386
2.20495076858855	0.01	0.01	0.01	0.007	0.01	0.9291799449457371	0.11571712449328776	0.056251961584718776	0.042635164391284376	0.04967642800166619	44.812756918804425	33.663864449208766	32.063332161632935	36.070378589547346	4.725513435841982	63.30531006971248
2.3287391529807873	0.01	0.01	0.01	0.007	0.01	0.9292998882330845	0.11571712531977038	0.05625196205180122	0.042635383155257896	0.049676427947524554	47.031155758606054	35.120843639525674	33.47727919481135	37.545605202115276	4.926676045273218	61.70108048784549
2.4527879944410675	0.01	0.01	0.01	0.007	0.01	0.9293768552255736	0.11571712561591407	0.05625196241376519	0.04263558092489117	0.04967642790641923	49.1886645433907	36.53005250459505	34.85528478867455	38.9716345732293	5.122536620797309	60.13425621794544
2.573938524526626	0.01	0.01	0.01	0.007	0.01	0.9294251981240365	0.11571712572024898	0.05625196269227392	0.04263575764412561	0.049676427875413806	51.2339573148217	37.85853234266703	36.16444231989125	40.315169737051654	5.308429469516924	58.64245136089127
2.692118294524541	0.01	0.01	0.01	0.007	0.01	0.9294558481269386	0.11571712575786479	0.0562519629102717	0.042635917425419424	0.04967642785158051	53.17168260957187	39.11012331435425	37.40746948027214	41.58018034258702	5.484758890184478	57.22289310709255
2.8086687610306216	0.01	0.01	0.01	0.007	0.01	0.9294756611757975	0.11571712577185125	0.056251963085544705	0.042636063844088794	0.04967642783274162	55.02850095009752	40.30270785111831	38.60124855712357	42.78481144071516	5.653934716697311	55.856565469151775
2.924898472057195	0.01	0.01	0.01	0.007	0.01	0.929488659861087	0.11571712577715693	0.05625196322985395	0.042636199207935016	0.04967642781748623	56.827902904331275	41.451776716117394	39.7607501383821	43.944753986931886	5.818087376185729	54.52648843065851
3.0415783072330194	0.01	0.01	0.01	0.007	0.01	0.9294972433503847	0.11571712577918285	0.05625196335064418	0.04263632505551756	0.04967642780492464	58.58299904500894	42.565914986804984	40.89435885278261	45.06869765523134	5.978408181712177	53.223115908848314
3.1589278452287237	0.01	0.01	0.01	0.007	0.01	0.929502910603305	0.11571712577995442	0.0562519634527694	0.04263644241008992	0.0496764277944742	60.29760576643207	43.6476701486964	42.00450720716346	46.15922634258796	6.1352433143117855	51.943684898361155
3.2768142872871557	0.01	0.01	0.01	0.007	0.01	0.9295066399141644	0.11571712578024641	0.056251963539653345	0.0426365519856665	0.04967642778572307	61.97024493140771	44.696227281750545	43.09020604017504	47.21553201513335	6.288455056553982	50.68936667574837
3.394983087104277	0.01	0.01	0.01	0.007	0.01	0.9295090849610481	0.11571712578035634	0.056251963613928625	0.042636654376641624	0.049676427778356465	63.59801291436344	45.70991813361446	44.149522872510424	48.2359517131164	6.437773619178143	49.46244131328689
3.5132172420601058	0.01	0.01	0.01	0.007	0.01	0.929510684016057	0.11571712578039749	0.05625196367773645	0.04263675015528719	0.049676427772122084	65.17890962822038	46.68769023992297	45.181090306997675	49.219448497638574	6.583010238286639	48.26455935628868
3.6314016436303493	0.01	0.01	0.01	0.007	0.01	0.9295117287318616	0.11571712578041296	0.05625196373285017	0.04263683988197941	0.04967642776681468	66.71256358536507	47.629535091072725	46.18458759532649	50.16603975635492	6.72412447340421	47.09617358142024
3.7495147478663013	0.01	0.01	0.01	0.007	0.01	0.9295124113015721	0.11571712578041875	0.05625196378073212	0.042636924081187876	0.04967642776226773	68.19991428926677	48.53626160678868	47.160545872521766	51.076565875940304	6.861196027741762	45.95675142786178
3.867587748164116	0.01	0.01	0.01	0.007	0.01	0.9295128574703669	0.11571712578042093	0.05625196382257417	0.04263700322325927	0.04967642775834757	69.64253731926335	49.409060242790005	48.10991551170997	51.952249665739515	6.99436336374235	44.84526882062717
3.9856638013384003	0.01	0.01	0.01	0.007	0.01	0.929513149240884	0.11571712578042173	0.05625196385933932	0.0426370777215881	0.04967642775494762	71.0420719651706	50.249145371673166	49.03369428513144	52.79433622205548	7.12377125381463	43.76064016809473
4.103773343991373	0.01	0.01	0.01	0.007	0.01	0.9295133400805644	0.11571712578042205	0.05625196389180504	0.04263714793933119	0.049676427751982694	72.39992427280782	51.057576591787274	49.932731653617275	53.603913754243216	7.2495433483298175	42.701947839792204
4.221927101104214	0.01	0.01	0.01	0.007	0.01	0.9295134648979951	0.1157171257804221	0.05625196392060312	0.04263721419868208	0.049676427749384355	73.71721653458518	51.83523372405125	50.80769329099473	54.38188914382283	7.3717773383039145	41.668486224495645
4.340120602308289	0.01	0.01	0.01	0.007	0.01	0.9295135465185381	0.11571712578042218	0.05625196394625134	0.04263727678888416	0.049676427747097206	74.99487150672948	52.58287229277698	51.659114657252886	55.12904413386026	7.490552584753698	40.65970110410009
4.458342621810556	0.01	0.01	0.01	0.007	0.01	0.9295135998800955	0.11571712578042223	0.05625196396917974	0.042637335971795455	0.04967642774507528	76.23372570361867	53.301193632477116	52.48747491977768	55.846105846792035	7.605940527493641	39.675103842715025
4.576582294852195	0.01	0.01	0.01	0.007	0.01	0.9295136347604521	0.11571712578042222	0.05625196398974867	0.04263739198533556	0.04967642774328084	77.43461144921808	53.99089377810947	53.29325127385449	56.53379574631549	7.718012285278966	38.714207437770995
4.694832629575705	0.01	0.01	0.01	0.007	0.01	0.9295136575578427	0.11571712578042222	0.056251964008262455	0.04263744504576129	0.049676427741682606	78.5983899524774	54.652681997471745	54.076941339369434	57.19284805726828	7.826841758885872	37.77649959212825
4.813090822858449	0.01	0.01	0.01	0.007	0.01	0.9295136724570943	0.11571712578042222	0.05625196402497877	0.04263749534959798	0.04967642774025351	79.72594807747438	55.287277802951046	54.83906148324178	57.82400664630634	7.932505368314301	36.861444169978306
4.9313567968930165	0.01	0.01	0.01	0.007	0.01	0.9295136821942306	0.11571712578042222	0.05625196404011708	0.042637543075613675	0.04967642773897196	80.8181788479981	55.895398963368535	55.58013408583507	58.42801297133996	8.035080260713235	35.96849599082352
5.049631429547236	0.01	0.01	0.01	0.007	0.01	0.9295136885576197	0.11571712578042222	0.0562519640538649	0.04263758838682696	0.04967642773781846	81.87596226278444	56.477750311432594	56.30067475434164	59.00559490011392	8.13464252668708	35.09711597661707
5.167915332523167	0.01	0.01	0.01	0.007	0.01	0.9295136927160936	0.11571712578042222	0.05625196406638302	0.04263763143238244	0.04967642773677736	82.90015405269801	57.03501753260801	57.00118468512534	59.557460547204066	8.231266143625836	34.24678035989445
5.286208342015555	0.01	0.01	0.01	0.007	0.01	0.9295136954335621	0.11571712578042222	0.05625196407780942	0.0426376723491763	0.049676427735834784	83.89158241045254	57.56786565689281	57.682148320809056	60.084296815418746	8.325022658774396	33.41698363985879
5.404509659515731	0.01	0.01	0.01	0.007	0.01	0.9295136972092984	0.11571712578042222	0.05625196408826378	0.04263771126317041	0.04967642773497936	84.85105068191224	58.07694085674998	58.34403505651649	60.586771219369936	8.415981432510328	32.60723665532747
5.522818188593148	0.01	0.01	0.01	0.007	0.01	0.9295136983696143	0.11571712578042222	0.0562519640978494	0.04263774829047178	0.04967642773420081	85.77934125864086	58.562872794735505	58.98730181165316	61.06553424007875	8.504209998391268	31.817063558712345
5.641132879643316	0.01	0.01	0.01	0.007	0.01	0.9295136991277722	0.11571712578042222	0.05625196410665682	0.04263778353823589	0.049676427733490534	86.67721894371434	59.02627656325661	59.61239529357309	61.52122126012805	8.58977437758792	31.045999106116682
5.759452894488835	0.01	0.01	0.01	0.007	0.01	0.9295136996231436	0.11571712578042222	0.05625196411476462	0.042637817105478926	0.04967642773284115	87.54543246825533	59.467753560344306	60.2197530214894	61.95445343778265	8.67273922081029	30.2935874242701
5.877777645617416	0.01	0.01	0.01	0.007	0.01	0.9295136999468059	0.11571712578042222	0.05625196412224221	0.0426378490838168	0.04967642773224596	88.38471489193954	59.88789175281166	60.80980358950901	62.36583797380381	8.753167845132499	29.559381698149704
5.996106725697822	0.01	0.01	0.01	0.007	0.01	0.929513700158274	0.11571712578042222	0.05625196412915017	0.04263787955815372	0.04967642773169936	89.19578322038099	60.28726554680242	61.38296637944373	62.755967993804155	8.831122195793984	28.842944542718033
6.1144398214013105	0.01	0.01	0.01	0.007	0.01	0.9295137002964362	0.11571712578042222	0.05625196413554247	0.04263790860730833	0.04967642773119651	89.97933803164874	60.666435691658165	61.93965126733963	63.12542246726428	8.906662807884254	28.143848396339695
6.232776642880208	0.01	0.01	0.01	0.007	0.01	0.9295137003867028	0.11571712578042222	0.05625196414146647	0.04263793630457447	0.04967642773073284	90.73606332391773	61.02594932012291	62.48025847399726	63.47476626363564	8.979848788325699	27.461675747674487
6.351116908097761	0.01	0.01	0.01	0.007	0.01	0.9295137004456766	0.11571712578042222	0.05625196414696415	0.04263796271821013	0.049676427730304555	91.46662678716746	61.36634020837494	63.00517871007017	63.804550424755426	9.050737838218936	26.796019000026295
6.469460311479907	0.01	0.01	0.01	0.007	0.01	0.9295137004842053	0.11571712578042222	0.05625196415207312	0.042637987911882586	0.04967642772990836	92.17167999608215	61.68812900334174	63.51479326253684	64.1153124061692	9.11938626738845	26.14648041233956
6.5878065552670115	0.01	0.01	0.01	0.007	0.01	0.9295137005093765	0.11571712578042222	0.056251964156826664	0.04263801194504673	0.049676427729541194	92.85185898764202	61.991823627775624	64.00947435800904	64.40757649046046	9.185849046292322	25.512671688809316
6.70615538086925	0.01	0.01	0.01	0.007	0.01	0.9295137005258208	0.11571712578042222	0.05625196416125472	0.04263803487328149	0.04967642772920039	93.50778479011842	62.27791964912736	64.48958549701446	64.6818541634915	9.250179853676428	24.894213599013828
6.824506568871652	0.01	0.01	0.01	0.007	0.01	0.9295137005365638	0.11571712578042222	0.056251964165384125	0.042638056748603624	0.04967642772888367	94.14006374268682	62.54690054608941	64.95548163981078	64.93864439079593	9.312431104066919	24.290735784267117
6.942859899846518	0.01	0.01	0.01	0.007	0.01	0.9295137005435823	0.11571712578042222	0.056251964169238694	0.042638077619766464	0.0496764277285887	94.74928761168825	62.79923788979404	65.40750924164786	65.1784338126844	9.372653955188639	23.70187675984715
7.061215193547071	0.01	0.01	0.01	0.007	0.01	0.9295137005481671	0.11571712578042222	0.056251964172840306	0.04263809753250078	0.04967642772831379	95.33603412691761	63.03539170338723	65.8460065974724	65.40169710958995	9.430898356735574	23.12728351657547
7.179572269717845	0.01	0.01	0.01	0.007	0.01	0.9295137005511622	0.11571712578042222	0.0562519641762081	0.04263811652976355	0.04967642772805724	95.90086709989316	63.255810643261576	66.27130387864202	65.60889719706817	9.487213057989754	22.5666115214325
7.2979310029663695	0.01	0.01	0.01	0.007	0.01	0.9295137005531188	0.11571712578042222	0.05625196417935991	0.04263813465192489	0.049676427727817385	96.44433700240651	63.46093236295863	66.68372351461556	65.80048559304765	9.54164566120976	22.019524265188263
7.416291260056247	0.01	0.01	0.01	0.007	0.01	0.929513700554397	0.11571712578042222	0.056251964182311744	0.042638151936986717	0.04967642772759314	96.96698097103642	63.651183648120586	67.08358014448478	65.9769025689787	9.594242617949327	21.485693375053096
7.534652907746084	0.01	0.01	0.01	0.007	0.01	0.929513700555232	0.11571712578042222	0.056251964185077746	0.0426381684207544	0.049676427727383114	97.46932316483594	63.826980693888295	67.47118083208761	66.13857743569636	9.645049260409463	20.964798382456102
7.65301582846784	0.01	0.01	0.01	0.007	0.01	0.9295137005557774	0.11571712578042222	0.05625196418767132	0.04263818413698949	0.04967642772718607	97.95187513850388	63.98872938043486	67.84682529620943	66.28592882612206	9.694109834602003	20.45652646744129
7.7713799124888165	0.01	0.01	0.01	0.007	0.01	0.9295137005561339	0.11571712578042222	0.05625196419010431	0.042638199117558444	0.049676427727001204	98.41513610289208	64.13682550365054	68.21080605615086	66.41936493564012	9.741467522298354	19.960572314555858
7.889745057912266	0.01	0.01	0.01	0.007	0.01	0.929513700556367	0.11571712578042222	0.05625196419238771	0.04263821339256563	0.04967642772682751	98.85959321547345	64.27165501436292	68.56340860110389	66.53928376992876	9.787164466064489	19.476637936158774
8.008111186356214	0.01	0.01	0.01	0.007	0.01	0.9295137005565189	0.11571712578042222	0.05625196419453139	0.04263822699046805	0.04967642772666421	99.28572191946856	64.3935942674373	68.90491160019353	66.64607340045802	9.831241799460477	19.004432437959814
8.126478219436784	0.01	0.01	0.01	0.007	0.01	0.9295137005566182	0.11571712578042222	0.05625196419654434	0.04263823993819759	0.04967642772651054	99.69398613021986	64.50301022155104	69.2355869925208	66.74011217542585	9.873739661628731	18.543671948182244
8.244846078768356	0.01	0.01	0.01	0.007	0.01	0.9295137005566833	0.11571712578042222	0.05625196419843504	0.04263825226126379	0.049676427726365734	100.08483851258814	64.6002606668943	69.55570014904829	66.82176895559044	9.914697221215201	18.09407944863849
8.363214685963719	0.01	0.01	0.01	0.007	0.01	0.9295137005567253	0.11571712578042222	0.05625196420021106	0.04263826398384872	0.049676427726229405	100.4587207517075	64.68569444741073	69.86551003061018	66.89140334445057	9.954152699717879	17.655384609850096
8.481583978312894	0.01	0.01	0.01	0.007	0.01	0.929513700556753	0.11571712578042222	0.05625196420187937	0.04263827512888588	0.049676427726100716	100.81606386351253	64.75965168675901	70.16526938118861	66.94936591982749	9.992143399212896	17.22732357410961
8.599953908783592	0.01	0.01	0.01	0.007	0.01	0.9295137005567712	0.11571712578042222	0.05625196420344664	0.04263828571814009	0.04967642772597919	101.15728844214287	64.82246399274757	70.4552248720339	66.99599844574807	10.02870572366404	16.809638805191025
8.718324422503368	0.01	0.01	0.01	0.007	0.01	0.9295137005567832	0.11571712578042222	0.056251964204918584	0.04263829577229264	0.04967642772586453	101.48280483883467	64.87445464804871	70.7356171878771	67.03163407371301	10.06387519291772	16.402079021314687
8.836695472438437	0.01	0.01	0.01	0.007	0.01	0.929513700556791	0.11571712578042222	0.05625196420630079	0.0426383053110024	0.04967642772575604	101.79301345378501	64.91593882092343	71.00668120929194	67.05659755851285	10.097686468817528	16.004398989607562
8.955067011554393	0.01	0.01	0.01	0.007	0.01	0.9295137005567959	0.11571712578042222	0.05625196420759813	0.04263831435297212	0.04967642772565363	102.08830495277981	64.94722375755553	71.2686461330658	67.07120545867863	10.130173373409	15.616359408137159
9.07343899281626	0.01	0.01	0.01	0.007	0.01	0.9295137005567992	0.11571712578042222	0.05625196420881558	0.04263832291600735	0.04967642772555666	102.36906050223489	64.96860897489599	71.52173560937081	67.07576633622047	10.161368909208745	15.237726762776045
9.191811384867602	0.01	0.01	0.01	0.007	0.01	0.9295137005568013	0.11571712578042222	0.05625196420995725	0.042638331017062416	0.04967642772546486	102.6356520329697	64.98038644979356	71.76616790744615	67.07058095023133	10.191305282868976	14.868273139173203
9.310184148512114	0.01	0.01	0.01	0.007	0.01	0.9295137005568027	0.11571712578042222	0.056251964211027204	0.04263833867230257	0.04967642772537799	102.88844240617075	64.98284079698918	72.00215599466104	67.05594244477348	10.220013918095864	14.507776163034103
9.428557252392702	0.01	0.01	0.01	0.007	0.01	0.9295137005568037	0.11571712578042222	0.0562519642120292	0.04263834589714259	0.04967642772529569	103.12778566755142	64.9762494501954	72.22990769661371	67.0321365341288	10.247525478487672	14.156018817908354
9.546930665152006	0.01	0.01	0.01	0.007	0.01	0.9295137005568043	0.11571712578042222	0.056251964212966674	0.04263835270629399	0.04967642772521782	103.35402724194232	64.96088283560813	72.4496258047742	66.99944168368494	10.273869883851985	13.812789340456707
9.665304355432433	0.01	0.01	0.01	0.007	0.01	0.9295137005568047	0.11571712578042222	0.05625196421384262	0.04263835911380556	0.04967642772514379	103.56750414179747	64.93700454292217	72.66150819817175	66.95812928706432	10.299076328186812	13.477881093472394
9.783678299715788	0.01	0.01	0.01	0.007	0.01	0.9295137005568049	0.11571712578042222	0.0562519642146603	0.04263836513309654	0.04967642772507373	103.76854518357928	64.9048714898156	72.86574797542349	66.90846383541003	10.323173298787598	13.15109242058828
9.902052474483732	0.01	0.01	0.01	0.007	0.01	0.929513700556805	0.11571712578042222	0.05625196421542232	0.042638370776995865	0.049676427725007244	103.95747117024641	64.86473408510288	73.06253355539297	66.85070308750095	10.346188591528392	12.832226548802957
10.020426864057429	0.01	0.01	0.01	0.007	0.01	0.9295137005568052	0.11571712578042222	0.056251964216131295	0.04263837605777057	0.04967642772494422	104.13459509657858	64.81683638437711	73.25204880271434	66.78509822990357	10.36814932901031	12.521091449994215
10.13880144491831	0.01	0.01	0.01	0.007	0.01	0.9295137005568052	0.11571712578042222	0.05625196421678971	0.04263838098716444	0.04967642772488453	104.30022231352132	64.76141625060103	73.4344731122474	66.71189404544563	10.389081973843986	12.217499767828322
10.257176193547696	0.01	0.01	0.01	0.007	0.01	0.9295137005568052	0.11571712578042222	0.056251964217399794	0.04263838557642245	0.04967642772482782	104.4546507266224	64.69870550370153	73.6099815306581	66.63132906706437	10.409012346211362	11.92126868336004
10.375551086426816	0.01	0.01	0.01	0.007	0.01	0.9295137005568052	0.11571712578042222	0.05625196421796359	0.042638389836317604	0.04967642772477402	104.59817097628284	64.62893006835397	73.77874486161735	66.5436357308709	10.427965639410308	11.632219805259414
10.493926123555843	0.01	0.01	0.01	0.007	0.01	0.9295137005568052	0.11571712578042222	0.056251964218482914	0.04263839377716238	0.04967642772472292	104.73106663901957	64.5523101022985	73.94092980003875	66.44904050604156	10.445966438507101	11.35017900733911
10.612301273576211	0.01	0.01	0.01	0.007	0.01	0.9295137005568052	0.11571712578042222	0.05625196421895983	0.042638397408862654	0.04967642772467449	104.853614334511	64.46906017066907	74.09669895521047	66.34776408249273	10.463038726525316	11.074976456754165
10.730676520808647	0.01	0.01	0.01	0.007	0.01	0.9295137005568052	0.11571712578042222	0.05625196421939595	0.04263840074091315	0.04967642772462866	104.96608394952183	64.37938935519513	74.24621101523582	66.24002147786473	10.47920590636773	10.806446397539283
10.849051873092925	0.01	0.01	0.01	0.007	0.01	0.9295137005568052	0.11571712578042222	0.056251964219793074	0.04263840378241425	0.04967642772458508	105.06873880123338	64.28350137743229	74.38962084762655	66.12602216430722	10.494490815302818	10.544427038298723
10.967427314749736	0.01	0.01	0.01	0.007	0.01	0.9295137005568052	0.11571712578042222	0.05625196422015237	0.042638406542116564	0.04967642772454374	105.16183575240643	64.18159476539871	74.52707953318938	66.00597024697146	10.508915732326415	10.288760561556199
11.085802822260026	0.01	0.01	0.01	0.007	0.01	0.9295137005568052	0.11571712578042222	0.05625196422047546	0.04263840902843074	0.04967642772450457	105.2456253872871	64.07386297268017	74.6587344799981	65.88006458529914	10.522502394207548	10.039292989847503
11.204178395623835	0.01	0.01	0.01	0.007	0.01	0.9295137005568052	0.11571712578042222	0.05625196422076361	0.04263841124942701	0.04967642772446753	105.32035218520116	63.96049447407646	74.78472954660674	65.74849888829694	10.535272012141883	9.79587402746586
11.322554011322062	0.01	0.01	0.01	0.007	0.01	0.9295137005568052	0.11571712578042222	0.056251964221018066	0.04263841321287711	0.049676427724432363	105.38625463562198	63.84167292998008	74.90520507632478	65.61146189047311	10.54724527914777	9.558357069235836
11.440929669354723	0.01	0.01	0.01	0.007	0.01	0.9295137005568052	0.11571712578042222	0.05625196422124017	0.04263841492624294	0.04967642772439905	105.44356541274658	63.71757726003167	75.02029803184263	65.46913742249424	10.558442387635226	9.326599015550672
11.559305369721834	0.01	0.01	0.01	0.007	0.01	0.9295137005568052	0.11571712578042222	0.056251964221430736	0.04263841639670457	0.04967642772436754	105.49251149948401	63.58838177991055	75.13014205111945	65.32170455571618	10.568883038831691	9.100460236337996
11.677681112423409	0.01	0.01	0.01	0.007	0.01	0.9295137005568052	0.11571712578042222	0.05625196422159089	0.04263841763117258	0.04967642772433774	105.53331432557535	63.45425631447316	75.2348675279971	65.16933771935301	10.57858645469378	8.879804486940106
11.796056866100587	0.01	0.01	0.01	0.007	0.01	0.9295137005568052	0.11571712578042222	0.05625196422172179	0.04263841863631912	0.0496764277243096	105.56618989468689	63.3153663455499	75.33460166508925	65.01220685703707	10.587571387243575	8.664498882373126
11.91443263075337	0.01	0.01	0.01	0.007	0.01	0.9295137005568052	0.11571712578042222	0.05625196422182408	0.042638419418554376	0.04967642772428292	105.59134893731894	63.17187304842236	75.42946860589426	64.85047745746195	10.595856135032404	8.454413700459904
12.03280839854204	0.01	0.01	0.01	0.007	0.01	0.9295137005568052	0.11571712578042222	0.05625196422189876	0.04263841998405923	0.04967642772425786	105.60899702414513	63.02393344041533	75.51958947409257	64.684310712752	10.603458550861742	8.249422377727917
12.151184177306314	0.01	0.01	0.01	0.007	0.01	0.9295137005568052	0.11571712578042222	0.05625196422194664	0.04263842033878296	0.04967642772423421	105.61933469495749	62.87170045416754	75.60508246467731	64.51386359175937	10.610396054113	8.049401392266892
12.269559967046195	0.01	0.01	0.01	0.007	0.01	0.9295137005568052	0.11571712578042222	0.05625196422196845	0.04263842048846645	0.049676427724211845	105.62255757612394	62.715323066351615	75.6860628965908	64.33928897596577	10.616685639663656	7.854230230870678
12.387935736402811	0.01	0.01	0.01	0.007	0.01	0.9295137005568052	0.11571712578042222	0.056251964221964844	0.04263842043866556	0.04967642772419091	105.61885650360588	62.55494642893196	75.76264326903578	64.16073579781504	10.62234388732385	7.663791352176417
12.506311501055597	0.01	0.01	0.01	0.007	0.01	0.9295137005568052	0.11571712578042222	0.05625196422193668	0.04263842019471448	0.04967642772417118	105.60841763898354	62.39071185940068	75.8349333814608	63.97834902228665	10.627386975812753	7.477969988214741
12.624687253164836	0.01	0.01	0.01	0.007	0.01	0.9295137005568052	0.11571712578042222	0.056251964221884526	0.04263841976177528	0.04967642772415267	105.59142258168596	62.22275702726705	75.90304035195345	63.79226984753001	10.63183068885784	7.296654191166605
12.74306299273053	0.01	0.01	0.01	0.007	0.01	0.9295137005568052	0.11571712578042222	0.056251964221808975	0.04263841914482746	0.04967642772413547	105.56804847921629	62.051216002487635	75.96706870245794	63.60263575169778	10.635690426286905	7.119734715150449
12.86143871191297	0.01	0.01	0.01	0.007	0.01	0.9295137005568052	0.11571712578042222	0.0562519642217104	0.04263841834868505	0.04967642772411927	105.53846813740611	61.876219366113105	76.02712041279167	63.40958060913233	10.638981212754059	6.947104974459301
12.979814410712153	0.01	0.01	0.01	0.007	0.01	0.9295137005568052	0.11571712578042222	0.05625196422158953	0.04263841737799444	0.049676427724104175	105.5028501227319	61.69789427383702	76.08329499065191	63.21323475457984	10.641717707342185	6.778660955925548
13.09819008128838	0.01	0.01	0.01	0.007	0.01	0.9295137005568052	0.11571712578042222	0.05625196422144689	0.042638416237250266	0.04967642772409019	105.46135886906436	61.516364563326775	76.13568952368097	63.013725095898835	10.64391421199565	6.614301179157099
13.216565715801947	0.01	0.01	0.01	0.007	0.01	0.9295137005568052	0.11571712578042222	0.056251964221283	0.04263841493079767	0.04967642772407728	105.41415477662699	61.33175082505315	76.18439874238074	62.81117518660137	10.645584680445152	6.4539266235901875
13.334941314252866	0.01	0.01	0.01	0.007	0.01	0.9295137005568052	0.11571712578042222	0.056251964221098134	0.04263841346283335	0.04967642772406513	105.3613943061889	61.144170469848895	76.22951508010593	62.60570529506729	10.646742726708254	6.297440658646073
13.453316884480849	0.01	0.01	0.01	0.007	0.01	0.9295137005568052	0.11571712578042222	0.056251964220892806	0.04263841183741204	0.04967642772405398	105.30323007279695	60.953737806112535	76.27112872765746	62.39743248453346	10.64740163316235	6.144748986809576
13.571692418646203	0.01	0.01	0.01	0.007	0.01	0.9295137005568052	0.11571712578042222	0.05625196422066743	0.04263841005846544	0.049676427724044014	105.23981095045322	60.76056415386625	76.30932767935622	62.18647073339984	10.647574358443963	5.995759617265868
13.69006791674894	0.01	0.01	0.01	0.007	0.01	0.9295137005568052	0.11571712578042222	0.0562519642204225	0.042638408129793866	0.049676427724034654	105.17128215245147	60.564757881821414	76.34419779500472	61.97293097137657	10.647273545510505	5.850382779511489
13.808443394468464	0.01	0.01	0.01	0.007	0.01	0.9295137005568052	0.11571712578042222	0.05625196422015809	0.042638406055066205	0.04967642772402621	105.09778531344233	60.3664244659028	76.37582285259641	61.75692113942633	10.646511529075429	5.7085308611943315
13.926818836125385	0.01	0.01	0.01	0.007	0.01	0.9295137005568052	0.11571712578042222	0.05625196421987467	0.04263840383785363	0.04967642772401871	105.01945860500267	60.16566663878092	76.40428458613628	61.538546348830366	10.645300343357533	5.570118411911135
14.045194233880027	0.01	0.01	0.01	0.007	0.01	0.9295137005568052	0.11571712578042222	0.05625196421957258	0.0426384014816097	0.049676427724011867	104.93643679824434	59.96258439453066	76.42966274703348	61.31790888240719	10.64365172934364	5.435062043031304
14.163569587732406	0.01	0.01	0.01	0.007	0.01	0.9295137005568052	0.11571712578042222	0.056251964219252173	0.04263839898967555	0.04967642772400597	104.84885134465311	59.75727505523107	76.4520351511718	61.09510826351318	10.641577141749861	5.30328037862531
14.281944889842853	0.01	0.01	0.01	0.007	0.01	0.9295137005568052	0.11571712578042222	0.056251964218913736	0.04263839636529322	0.049676427724000764	104.75683046753784	59.54983336363547	76.47147772250747	60.870241353360065	10.639087756178746	5.174694024352134
14.400320155890753	0.01	0.01	0.01	0.007	0.01	0.9295137005568052	0.11571712578042222	0.05625196421855722	0.042638393611590324	0.049676427723996185	104.66049921591207	59.34035149228324	76.48806454387643	60.64340235778008	10.636194475207311	5.049225485762275
14.518695370196761	0.01	0.01	0.01	0.007	0.01	0.9295137005568052	0.11571712578042222	0.056251964218183195	0.042638390731617466	0.049676427723992445	104.55997958451411	59.12891920264684	76.50186789319206	60.414682996648565	10.632907936218565	4.926799180709069
14.637070540600575	0.01	0.01	0.01	0.007	0.01	0.9295137005568052	0.11571712578042222	0.05625196421779185	0.04263838772831796	0.04967642772398924	104.45539054465516	58.915623809474134	76.51295829526418	60.184172462321996	10.629238516577832	4.807341335111004
14.755445674941882	0.01	0.01	0.01	0.007	0.01	0.9295137005568052	0.11571712578042222	0.05625196421738351	0.04263838460454648	0.049676427723986845	104.34684813512138	58.70055028147996	76.52140456029122	59.95195752589939	10.625196340387532	4.690779964316069
14.873820757541354	0.01	0.01	0.01	0.007	0.01	0.9295137005568052	0.11571712578042222	0.05625196421695813	0.04263838136308597	0.04967642772398501	104.23446555615831	58.483781342806296	76.52727382455402	59.7181226441141	10.620791285545856	4.577044852004598
14.99219579623868	0.01	0.01	0.01	0.007	0.01	0.9295137005568052	0.11571712578042222	0.056251964216516	0.04263837800662208	0.04967642772398385	104.11835319580777	58.26539744430697	76.530631594321	59.48274992580326	10.616032988132083	4.46606746155962
15.110570791033874	0.01	0.01	0.01	0.007	0.01	0.9295137005568052	0.11571712578042222	0.05625196421605737	0.04263837453776592	0.04967642772398335	103.99861872620271	58.04547687578328	76.53154178301291	59.24591925063558	10.610930849300678	4.357780925838233
15.228945741926955	0.01	0.01	0.01	0.007	0.01	0.9295137005568052	0.11571712578042222	0.05625196421558208	0.04263837095905125	0.04967642772398349	103.87536716265804	57.824095805820036	76.53006675046154	59.00770830970738	10.60549404073123	4.252119999065075
15.347320648917938	0.01	0.01	0.01	0.007	0.01	0.9295137005568052	0.11571712578042222	0.05625196421509083	0.04263836727293804	0.04967642772398418	103.74870092821601	57.60132833449024	76.52626734058599	58.76819266009735	10.599731510195516	4.149021017517475
15.465695504167186	0.01	0.01	0.01	0.007	0.01	0.9295137005568052	0.11571712578042222	0.056251964214583554	0.04263836348181936	0.04967642772398529	103.61871992534198	57.37724655965682	76.52020291863064	58.52744579407293	10.593651987402497	4.048421867744912
15.584070315514372	0.01	0.01	0.01	0.007	0.01	0.9295137005568052	0.11571712578042222	0.056251964214060125	0.04263835958800961	0.049676427723987074	103.48552157164896	57.151920582651336	76.51193140589893	58.28553914321361	10.587263988100148	3.950261929075598
15.702445082959512	0.01	0.01	0.01	0.007	0.01	0.9295137005568052	0.11571712578042222	0.05625196421352095	0.04263835559376143	0.04967642772398943	103.34920088514897	56.92541860152891	76.50150931559256	58.04254217670521	10.580575820403839	3.8544820574856313
15.820819798662978	0.01	0.01	0.01	0.007	0.01	0.9295137005568052	0.11571712578042222	0.05625196421296603	0.04263835150126822	0.049676427723992375	103.20985054381109	56.69780695921739	76.488991787686	57.798522451132314	10.573595589943565	3.761024549162643
15.93919446262479	0.01	0.01	0.01	0.007	0.01	0.9295137005568052	0.11571712578042222	0.05625196421239558	0.04263834731265621	0.04967642772399584	103.06756092457084	56.46915016008293	76.47443262085706	57.55354562648809	10.566331203900097	3.6698330930596206
16.0	0.01	0.01	0.01	0.007	0.01	0.9295137005568052	0.11571712578042222	0.05625196421209643	0.0426383541432282	0.049676427723997774	102.99335707627341	56.35131011989503	76.46617744212413	57.427357061396364	10.56249175489667	3.623853751900698
