0.0	0.01	0.01	0.01	0.007	0.01	0.0	0.0	0.0	0.0	0.0	0.0	0.0	0.0	0.0	0.0	100.0
0.003446833633586641	0.01	0.01	0.01	0.007	0.01	0.01116369268172767	0.0032497520508725556	0.003954700933019782	0.004029544608613992	0.0045504488150463675	0.0006975396687760524	0.001136039300029501	0.0024128178198429802	0.0038179820519517126	0.00044500078390940665	99.93034225788412
0.005508571759553153	0.01	0.01	0.01	0.007	0.01	0.01777607365053172	0.00514818490973561	0.006180422432171958	0.006245841809937248	0.007146190927945926	0.001776317997370643	0.0028831413676485653	0.0060685879311752535	0.009546110145777581	0.001122957542948319	99.8886993789207
0.008623497499241663	0.01	0.01	0.01	0.007	0.01	0.027674556750931233	0.00795346841663331	0.009356815358244324	0.00934189158905574	0.010898011358019388	0.004333822161182117	0.006998331805289948	0.014534225644379182	0.022664592797065067	0.002702783320508258	99.8258171835301
0.011489174513712282	0.01	0.01	0.01	0.007	0.01	0.036684483290788036	0.010468927718786668	0.012092402523596227	0.011942880130801985	0.014178104086637135	0.007661300286276323	0.01231390319601541	0.025265106070005927	0.03909321167789577	0.004719379460565864	99.76800162908259
0.014820385649741844	0.01	0.01	0.01	0.007	0.01	0.04704312751939502	0.013316378769031651	0.015062458867678546	0.014695284662138342	0.017797009452650385	0.012687621557275678	0.020282896295803432	0.04104209180531988	0.06295165997259933	0.007705980356231477	99.70083592384707
0.018209067020820938	0.01	0.01	0.01	0.007	0.01	0.057455101411831425	0.016130686837935098	0.017867924925742205	0.01722371697769654	0.02127838547456511	0.019060866689407426	0.030305855148927932	0.060479438029949345	0.09197022797247004	0.011414572520459403	99.63255786613207
0.021859902745192113	0.01	0.01	0.01	0.007	0.01	0.06853279320540401	0.01907257884033778	0.020664715959600306	0.01967188824900801	0.024820277683497295	0.02732836744700255	0.043198526969860894	0.08495523772156896	0.1280394948234721	0.01612344356021851	99.55905002156786
0.025649229811081038	0.01	0.01	0.01	0.007	0.01	0.07987933722890658	0.022030202393145817	0.023338933862089704	0.021941685946371907	0.02828609294537822	0.037422861445789005	0.05880167251289144	0.11393138740035487	0.17018212939860677	0.02174781910961065	99.4828110773077
0.0296346751745028	0.01	0.01	0.01	0.007	0.01	0.09164900364665458	0.025038921091033263	0.025920480280334605	0.02406337378448483	0.03172012680207059	0.04967596458992245	0.07756855745645211	0.1480067790553789	0.21909204604746732	0.02842465721974663	99.40268934365615
0.03378060336999505	0.01	0.01	0.01	0.007	0.01	0.10371654892014141	0.028061558622986857	0.028375658371019925	0.02601435653028941	0.03508244900642135	0.06417231450615607	0.09956126866006708	0.18703146439665114	0.2743733885632105	0.03614848643797929	99.3194098078064
0.03810472287010482	0.01	0.01	0.01	0.007	0.01	0.11611429573708308	0.031101681569511125	0.03070802295023492	0.027803847118925917	0.03837723500803885	0.08115902753159353	0.12508075184425305	0.23126846296337297	0.33622553506176944	0.04499724999020767	99.23262526462047
0.042599023543144154	0.01	0.01	0.01	0.007	0.01	0.12879915377674345	0.03414421950409249	0.03290755070390703	0.029430893580767923	0.041578207409368274	0.10079756989949995	0.1542875009247118	0.28071208179341	0.40447134836969834	0.054996435358171	99.14250557251239
0.04727209544184756	0.01	0.01	0.01	0.007	0.01	0.1417749627825695	0.037185854714506174	0.034974681318559235	0.03090304190819196	0.04465047910345528	0.12331986689178615	0.18743660075518603	0.3355020932871109	0.47914295660101547	0.06619693987290032	99.04888795140079
0.052126563473566076	0.01	0.01	0.01	0.007	0.01	0.15502763680565862	0.04021909289622423	0.03690789848409179	0.032226569898217136	0.047518377138558596	0.1489411070642438	0.22474597049885792	0.39569679056241513	0.5601663958560341	0.07862073898827902	98.95172995830728
0.05715082750194712	0.01	0.01	0.01	0.007	0.01	0.16850461478917483	0.04322824037276713	0.03870222784369325	0.033405790385079265	0.05005538471952553	0.17779642300772222	0.26630697055738284	0.4611433076904658	0.6471978034266259	0.09221921868502074	98.851274005218
0.062292400061619034	0.01	0.01	0.01	0.007	0.01	0.18204877285494903	0.046176310769826444	0.04034371223684759	0.03444010889512973	0.052101000691776825	0.2097348613734068	0.3117990897629185	0.5310699725334891	0.7391072851289316	0.10677328161378226	98.74857814797038
0.06758982615073734	0.01	0.01	0.01	0.007	0.01	0.19574641169947835	0.0490807985044051	0.04185105505520697	0.035349753849559906	0.05356873805785632	0.24513446745567619	0.36165461627032297	0.6058883372275787	0.8363515723857222	0.12226633246858251	98.6428809191727
0.07313574274552012	0.01	0.01	0.01	0.007	0.01	0.20981227344873724	0.05198341186294559	0.043251284585477244	0.03615771326879638	0.05444195381590471	0.284843999133729	0.41693558440486217	0.68687971579925	0.9404870675482997	0.13882422477217268	98.5323468854885
0.07892174805168203	0.01	0.01	0.01	0.007	0.01	0.22419383632852335	0.05486808164732756	0.04454055275149997	0.036867608732032715	0.05476167768087223	0.32909290808323377	0.4778040795268331	0.7739287200538453	1.0512466838578143	0.15626469162009482	98.41715972978439
0.08491255799744205	0.01	0.01	0.01	0.007	0.01	0.2387753565593523	0.057707800568640034	0.04571289566537687	0.03748246734907775	0.054643266390252604	0.3778680752439847	0.5440820795710442	0.8664561617615605	1.1678041573246702	0.17432840667217803	98.29803723499872
0.09112417247988791	0.01	0.01	0.01	0.007	0.01	0.2535692530482155	0.060502111002946626	0.04677542800121597	0.03801235400580131	0.05422214192384783	0.43153959848583107	0.616107002684475	0.9646286370963912	1.2903024128395573	0.192937220118936	98.17467646835848
0.09761298337694549	0.01	0.01	0.01	0.007	0.01	0.2686776697604472	0.06326643757607404	0.047740352587796846	0.03846900369937146	0.05360845031183108	0.4908856827059202	0.6947324114951765	1.0692761407688196	1.4197070986252678	0.21216251910637918	98.04597599325531
0.10442880268577029	0.01	0.01	0.01	0.007	0.01	0.28417584040538696	0.06600909984445379	0.04861563985971042	0.03886113598473043	0.05288252099585648	0.5567309596494815	0.7808229233813544	1.1811671020433712	1.5568883437310803	0.23207526228071096	97.91097124476978
0.11160539590240363	0.01	0.01	0.01	0.007	0.01	0.30009269777443015	0.0687288109350596	0.049405532405377484	0.0391952089213801	0.05210218581673158	0.6298334239749018	0.8751046076110275	1.3008267931948088	1.7024087454967851	0.25271298314827134	97.76902135599865
0.11916449979232337	0.01	0.01	0.01	0.007	0.01	0.31642363324808576	0.0714181253537874	0.050112801104446096	0.039476759761983636	0.05130872975599526	0.7108878961049573	0.9781748268412555	1.428577696685238	1.8565871584592994	0.27408998651013666	97.61972810951
0.12712612886493682	0.01	0.01	0.01	0.007	0.01	0.33315522577738166	0.07406832722951052	0.05074061418871549	0.03971126194461544	0.05053056472373945	0.8006124217401955	1.0906155538482618	1.5647006476074394	2.019702084650372	0.29622553747096164	97.46273143689727
0.13551316334818458	0.01	0.01	0.01	0.007	0.01	0.350275000030092	0.07667118461258432	0.05129294686305059	0.039904212345531535	0.04978648678918734	0.8997978444847066	1.2130524790635444	1.7095123691026473	2.1920861406096135	0.3191545080333577	97.29761920365287
0.1443529718244905	0.01	0.01	0.01	0.007	0.01	0.3677737715474472	0.0792192790162086	0.051774470016218245	0.04006099773388442	0.04908840279114957	1.009334737212266	1.3461814295309695	1.8633960809982797	2.3741611131363447	0.34292947102188903	97.12389615463519
0.1536773625093275	0.01	0.01	0.01	0.007	0.01	0.38564421615781647	0.0817057284526579	0.052190311345384786	0.04018674383698828	0.04844343171442596	1.1302236055837105	1.4907719712375356	2.0268032311067983	2.56643788572131	0.3676185394949579	96.94098606378586
0.1635225837497874	0.01	0.01	0.01	0.007	0.01	0.40387952195871873	0.08412397437741073	0.052545876564497565	0.04028621773308561	0.04785535613175087	1.2635854434508818	1.6476703816567144	2.2002550781577197	2.7695162895227012	0.3933038190278698	96.7482330558173
0.1739292688626084	0.01	0.01	0.01	0.007	0.01	0.42247193309634173	0.08646760745630357	0.052846712781246294	0.04036376838417638	0.047325610479615775	1.4106711324331527	1.8178002856721014	2.384342489375003	2.98408292953999	0.42008007575805206	96.54490417614214
0.18494251179129784	0.01	0.01	0.01	0.007	0.01	0.44141154345055017	0.08873028008734707	0.053098408853706036	0.04042329657873819	0.04685394090204842	1.5728720355944497	2.0021638614435293	2.5797274126760295	3.210910986769146	0.448054001018686	96.33018957977572
0.1966118839717977	0.01	0.01	0.01	0.007	0.01	0.46068499301955756	0.09090565665664811	0.0533065139848047	0.04046824414268709	0.04643885604994183	1.7517291126387198	2.201840621242699	2.7871428356325945	3.4508581839622092	0.47734348403939514	96.10320408340965
0.20899139786963966	0.01	0.01	0.01	0.007	0.01	0.4802741275158528	0.09298741187012773	0.053476467657073215	0.04050159800555948	0.046077939419522096	1.9489401084618005	2.417983654459971	3.0073914030128734	3.7048630941742893	0.5080768512081364	95.86298998175361
0.22213932721624874	0.01	0.01	0.01	0.007	0.01	0.5001545442701558	0.09496927001352717	0.05361353127079675	0.040525905495281844	0.04576807452039022	2.1663627358250817	2.651811600477686	3.241341147107331	3.9739380048078807	0.5403918046422582	95.60852287388116
0.2361179293918899	0.01	0.01	0.01	0.007	0.01	0.5202941956713195	0.09684510295298517	0.053722713688205886	0.04054329867200744	0.04550561385214741	2.406013655468069	2.904596972033857	3.4899191554591034	4.259159343159393	0.574434145080145	95.33871959307415
0.2509930961638761	0.01	0.01	0.01	0.007	0.01	0.5406521765955256	0.09860909026421316	0.05380868354075781	0.04055552566629081	0.045286515528803	2.6700629061918377	3.1776513632503147	3.754103605158581	4.561656264697044	0.6103563147797209	95.05244771184155
0.2668338069389851	0.01	0.01	0.01	0.007	0.01	0.5611776187831472	0.10025592081950578	0.053875670067653036	0.04056398731909142	0.04510646607499652	2.9608207396698343	3.4723054385120333	4.034911828473729	4.882594921908781	0.6483154386628163	94.74853900788752
0.28371065139511575	0.01	0.01	0.01	0.007	0.01	0.5818079679718183	0.10178097149386538	0.05392737046335954	0.040569777634696665	0.044961003264285884	3.2807015801328143	3.7898700536245777	4.333371379429262	5.223143799942879	0.6884691311037648	94.42582079298916
0.30169266501874303	0.01	0.01	0.01	0.007	0.01	0.6024663201360974	0.10318045814740379	0.05396689752414695	0.04057372686201228	0.04484563748088576	3.63214607280603	4.1315636584765985	4.6504611033732495	5.584405614949516	0.7309673804141156	94.08317901700082
0.3208438188737889	0.01	0.01	0.01	0.007	0.01	0.6230600987075274	0.10445171731846745	0.053996795445503454	0.04057644566018628	0.04475595750753501	4.017522037963955	4.498431476455042	4.987046753271183	5.96734388292679	0.7759438179932641	93.71962674899318
0.3412227878803751	0.01	0.01	0.01	0.007	0.01	0.6434847162152476	0.10559373623877796	0.05401911711446588	0.040578368023851015	0.04468772136901614	4.439080162959403	4.891328741522065	5.343875307403462	6.372776766598812	0.8235148432697366	93.33430916846228
0.36288715759898466	0.01	0.01	0.01	0.007	0.01	0.6636314872993555	0.10660768572333255	0.054035523444152855	0.04057979077620995	0.04463695313441537	4.8990038009260335	5.310994865392754	5.721647117278862	6.801459068628738	0.8737890184250321	92.92642480785607
0.3858986052689756	0.01	0.01	0.01	0.007	0.01	0.6833946264125043	0.10749709028821725	0.05404736777620672	0.04058090844249901	0.04460004743278056	5.399493830911717	5.758152745045773	6.121103466239168	7.254180882903752	0.9268784265903003	92.49513046979142
0.41032599500910893	0.01	0.01	0.01	0.007	0.01	0.7026745706086767	0.1082676062587852	0.05405575380287426	0.040581842820583816	0.044573853741851126	5.942821877011315	6.233570820826131	6.54307565108555	7.73182189688626	0.9829049571264822	92.03948777786539
0.4362463828176678	0.01	0.01	0.01	0.007	0.01	0.7213787392652073	0.10892661151017857	0.05406157307518291	0.04058266666471329	0.044555718035417254	6.5313425985434925	6.738084484877952	6.988496162823237	8.235362457278782	1.042001693254923	91.55845055841351
0.4637451476830481	0.01	0.01	0.01	0.007	0.01	0.7394215581501022	0.10948276674616632	0.05406553207057207	0.04058342140594154	0.04454348078223065	7.167485390439262	7.272599001812713	7.458393700753192	8.765876317191934	1.1043123002280035	91.05086952260753
0.49291597137514964	0.01	0.01	0.01	0.007	0.01	0.756724583350439	0.10994560359961082	0.05406817614182271	0.04058412953278144	0.04453544217240646	7.853739574900266	7.838087646227281	7.953884740026773	9.324519525055514	1.16999006701814	90.51550051790663
0.5238607253960789	0.01	0.01	0.01	0.007	0.01	0.7732168154800034	0.11032514693293642	0.05406991371714108	0.04058480269461143	0.04453030712608195	8.59263410526314	8.435586125648006	8.47616272737951	9.912516627918674	1.2391966999777517	89.95101522514669
0.5566887801447845	0.01	0.01	0.01	0.007	0.01	0.7888349969520985	0.11063157037458057	0.05407104105199549	0.04058544667636359	0.04452712065712285	9.386700031494511	9.066173992910262	9.026476884309508	10.531135120936915	1.3120997670719774	89.35602302671772
0.5915151107228974	0.01	0.01	0.01	0.007	0.01	0.8035238071879302	0.11087489095892483	0.05407176628877312	0.04058606425836784	0.04452520160923591	10.238399834184788	9.730931622505555	9.606090760745644	11.181637147303324	1.3888674582975915	88.72911478405906
0.628456679700406	0.01	0.01	0.01	0.007	0.01	0.8172360793023387	0.11106471126151964	0.05407223127862246	0.04058665674916722	0.04452408047328576	11.150010251569597	10.430864364538749	10.216213177327035	11.865200455367475	1.4696596693676454	88.06893659579823
0.6676270427742965	0.01	0.01	0.01	0.007	0.01	0.8299333510745772	0.1112100145180172	0.054072530046999176	0.040587224750081724	0.04452344488979071	12.123457948544939	11.16679544531211	10.857902593380123	12.582810229604762	1.5546155384635143	87.37429254746446
0.7091299221313284	0.01	0.01	0.01	0.007	0.01	0.8415870931119036	0.11131901212101163	0.054072723447675185	0.0405877685185249	0.044523094590557546	13.160129780562556	11.939244753501026	11.531959278411572	13.3351384127381	1.6438393402748823	86.64426102382768
0.7530537406051767	0.01	0.01	0.01	0.007	0.01	0.8521808162323786	0.11139903840309491	0.05407285013689791	0.040588288156156616	0.0445229060513006	14.260713444791689	12.748332942485641	12.238839152681747	14.1224486968014	1.7373892246901985	85.87828799126414
0.7994696460920059	0.01	0.01	0.01	0.007	0.01	0.861712732079391	0.11145648555399014	0.05407293437301101	0.0405887837410874	0.0445228061048062	15.425138929049245	13.593756827014676	12.978629382076434	14.944571673285365	1.835274107637166	85.07621376451793
0.8484348750665759	0.01	0.01	0.01	0.007	0.01	0.8701980887555048	0.11149677528603089	0.05407299130724677	0.04058925544661534	0.04452275318074522	16.65267121263205	14.474864811457389	13.751111582856035	15.800977948052733	1.9374621312252915	84.23820498875814
0.9000008957147556	0.01	0.01	0.01	0.007	0.01	0.877670055641548	0.11152436891903492	0.05407303042975291	0.0405897036370417	0.044522724620226994	17.942137646551686	15.39081386673849	14.555897822253742	16.69093124878968	2.0438987232981414	83.36460752099292
0.9542235241359336	0.01	0.01	0.01	0.007	0.01	0.8841785159163438	0.1115428190809554	0.054073057741156824	0.04059012891659152	0.04452270854187997	19.292210713188712	16.34075007143761	15.392589842832706	17.61366521123839	2.154527690094093	82.45577364712257
1.0111722408714263	0.01	0.01	0.01	0.007	0.01	0.8897870453322162	0.11155486066221905	0.05407307708951257	0.0405905321258244	0.0445226989126828	20.701665913246856	17.323960022037998	16.26091571058926	18.568532566099595	2.26930928293275	81.51191318429227
1.070937114983838	0.01	0.01	0.01	0.007	0.01	0.8945689050167038	0.11156252966426201	0.05407309098335327	0.040590914298509057	0.044522692730254096	22.169566909976027	18.33996603148647	17.16081968202946	19.555100169336058	2.388232043826223	80.53299478000825
1.1336335412932241	0.01	0.01	0.01	0.007	0.01	0.8986029421118782	0.11156729359966208	0.05407310108570674	0.040591276602002645	0.044522688502013234	23.69537919887867	19.38857177368505	18.092510360538974	20.573196009002487	2.5113191089602713	79.51869201956656
1.1994055679366915	0.01	0.01	0.01	0.007	0.01	0.9019699625426324	0.11157017800392734	0.05407310851681082	0.04059162027813403	0.04452268546695229	25.279030667795155	20.469874463282867	19.056480643222454	21.62292351654797	2.638630761623729	78.46835977211761
1.2684286273687164	0.01	0.01	0.01	0.007	0.01	0.9047498150686759	0.11157187850527636	0.05407311404238588	0.040591946593409575	0.04452268321526828	26.920939381854524	21.584258803397912	20.053512532602532	22.70465778308659	2.770264966176043	77.38102660761939
1.3409124158734802	0.01	0.01	0.01	0.007	0.01	0.9070192150259639	0.11157285340890706	0.05407311819283901	0.040592256801644355	0.04452268150870801	28.622026899474896	22.732385056826526	21.084677714091946	23.8190355951782	2.9063573235618603	76.25539140697423
1.4171041535292959	0.01	0.01	0.01	0.007	0.01	0.9088502180483264	0.1115733960337042	0.05407312134008511	0.040592552117196035	0.04452268019709197	30.383722164713326	23.915173815057315	22.151336372242987	24.96694178803977	3.0470807728108724	75.08982141052107
1.4972925756043547	0.01	0.01	0.01	0.007	0.01	0.9103092354169632	0.11157368866841037	0.05407312374788257	0.0405928336970788	0.04452267917912294	32.207962874734584	25.133791049935173	23.255137809905868	26.149495439617315	3.192645504998214	73.88234771824247
1.581812441017188	0.01	0.01	0.01	0.007	0.01	0.911456471554139	0.1115738412162276	0.05407312560528992	0.04059310262813112	0.04452267838313907	34.09718718555507	26.38962755447334	24.39801801515556	27.368030246642732	3.3432984438123565	72.6306634206998
1.6710490593230258	0.01	0.01	0.01	0.007	0.01	0.9123456869585106	0.11157391786722715	0.054073127049189804	0.040593359915554274	0.044522677756888285	36.05430255462161	27.684263102008373	25.58218577823964	28.624059762462522	3.4993211809449325	71.33213344254376
1.765440546862222	0.01	0.01	0.01	0.007	0.01	0.9130242011724575	0.11157395486929543	0.05407312817961952	0.04059360646527736	0.04452267726155821	38.08258175838863	29.019381881256855	26.810066756049746	29.919195116603266	3.6610223341292225	69.98384964598131
1.8654709741724913	0.01	0.01	0.01	0.007	0.01	0.913533068626867	0.11157397196359627	0.0540731290702959	0.04059384304424549	0.04452267686798925	40.185350159025376	30.3965509989626	28.084122577751863	31.254929747366802	3.828713430784468	68.58282269108355
1.9716302998708195	0.01	0.01	0.01	0.007	0.01	0.9139073617347251	0.11157397948722798	0.05407312977584589	0.040594070171399176	0.04452267655414936	42.36500678443073	31.81656906161287	29.40626593352762	32.632007220083224	4.002631683720838	67.12661967067018
2.0842544013112554	0.01	0.01	0.01	0.007	0.01	0.9141764892657892	0.11157398262505282	0.054073130336634766	0.04059428779549879	0.04452267630347246	44.61979176062004	33.27737676195077	30.775901498134495	34.048395387065185	4.182682423812678	65.61552460937338
2.2029519022640014	0.01	0.01	0.01	0.007	0.01	0.914364481424723	0.11157398385720867	0.05407313078156139	0.04059449439368721	0.0445226761039606	46.933137914616026	34.767281595140844	32.18342922275746	35.49272087482638	4.367586752748679	64.05974429091546
2.325210789443965	0.01	0.01	0.01	0.007	0.01	0.9144905977882309	0.11157398431029764	0.054073131129754023	0.04059468565008602	0.0445226759476793	49.249661573330876	36.24993825533781	33.59551080025931	36.92972315547945	4.552952535213129	62.49584052756794
2.4464141796852346	0.01	0.01	0.01	0.007	0.01	0.91457162018052	0.1115739844684562	0.05407313139641856	0.040594857216559685	0.04452267582815306	51.481321634004566	37.669107639199375	34.95857427686526	38.304893968084365	4.731746780661563	60.98312797042058
2.5640467064427175	0.01	0.01	0.01	0.007	0.01	0.9146229842698023	0.11157398452348792	0.05407313160035753	0.04059501070130574	0.04452267573689365	53.58689624224482	38.999458206766306	36.247262861016154	39.59371297788662	4.900654974715554	59.5500039349386
2.678721877204251	0.01	0.01	0.01	0.007	0.01	0.9146560769137554	0.11157398454327373	0.054073131759956525	0.040595150295830384	0.044522675665556795	55.58363981004423	40.25292316498136	37.47187530087557	40.80777310981671	5.0610412938510665	58.18533544356366
2.792064012746419	0.01	0.01	0.01	0.007	0.01	0.9146778635405858	0.11157398455062738	0.05407313188858313	0.04059527885233775	0.044522675608149695	57.50418420940627	41.450725024161976	38.65223163132882	41.96765307133222	5.215511762387655	56.86726323827577
2.905394487618296	0.01	0.01	0.01	0.007	0.01	0.9146924111300737	0.11157398455341068	0.054073131994731	0.04059539813218207	0.04452267556088161	59.37305853090098	42.60856412730965	39.80330747093219	43.08856861675484	5.366031487732072	55.579180337530175
3.0193742188170805	0.01	0.01	0.01	0.007	0.01	0.914702171332452	0.1115739845544678	0.054073132083667645	0.04059550933246683	0.04452267552139284	61.201911595876766	43.73384511524363	40.932239413206275	44.177693631760015	5.513535773009694	54.31314405542773
3.1340903259684323	0.01	0.01	0.01	0.007	0.01	0.9147087082847155	0.11157398455486728	0.054073132158828544	0.04059561324371578	0.044522675488133434	62.99239556511876	44.82769357904867	42.04003066680227	45.23612034829371	5.6581566196188415	53.06804607445258
3.2493150980804186	0.01	0.01	0.01	0.007	0.01	0.9147130678337355	0.11157398455501712	0.05407313222268292	0.040595710428991225	0.044522675459982126	64.74131342682551	45.88828087938595	43.12467904613569	46.26208282694886	5.799633833440304	51.846159491087974
3.364753066029573	0.01	0.01	0.01	0.007	0.01	0.9147159639449896	0.11157398455507296	0.05407313227717298	0.04059580138808992	0.04452267543605329	66.4448764495891	46.91348903552883	44.18379088008182	47.25353780855905	5.93765725874814	50.650223646235105
3.480190066110279	0.01	0.01	0.01	0.007	0.01	0.9147178835283651	0.11157398455509374	0.05407313232390169	0.04059588662250456	0.04452267541561555	68.10092988567567	47.90225356150327	45.21596387256981	48.20946346307366	6.072047055004614	49.48188414662821
3.595535408643371	0.01	0.01	0.01	0.007	0.01	0.9147191550514711	0.11157398455510147	0.05407313236420224	0.04059596662339844	0.04452267539806116	69.70934324629049	48.85475907845245	46.22104285558434	49.13004713539244	6.202786421305529	48.34139026544469
3.7107937503510944	0.01	0.01	0.01	0.007	0.01	0.9147199976045366	0.11157398455510438	0.05407313239917033	0.04059604184261239	0.04452267538289239	71.2713750643118	49.77202053466921	47.19973713260068	50.016279018823674	6.3299711578459	47.22801395646257
3.8260134227367653	0.01	0.01	0.01	0.007	0.01	0.9147205562702305	0.11157398455510542	0.05407313242969351	0.04059611267910054	0.04452267536970631	72.78881390205666	50.65535073202756	48.153091806829124	50.869436636013745	6.453740521393064	46.14064111256671
3.9412437439816634	0.01	0.01	0.01	0.007	0.01	0.9147209268800214	0.11157398455510582	0.0540731324564856	0.0405961794812968	0.044522675358179865	74.26336045165503	51.505990886203506	49.08210300815615	51.6907276402811	6.574227114678387	45.07820678265541
4.05651363542272	0.01	0.01	0.01	0.007	0.01	0.9147211727771314	0.111573984555106	0.05407313248011994	0.040596242555992486	0.0445226753480534	75.69636863306118	52.32496435458596	49.98755386964359	52.48114870048283	6.691535658215	44.03988376084704
4.1718291841857	0.01	0.01	0.01	0.007	0.01	0.914721335912161	0.11157398455510605	0.05407313250106185	0.040596302177224736	0.044522675339116816	77.0888572144337	53.11309145251391	50.870019192859154	53.24150011166683	6.805743721189224	43.02508014654423
4.287181734090932	0.01	0.01	0.01	0.007	0.01	0.9147214441163244	0.11157398455510606	0.05407313251969317	0.04059635859273261	0.04452267533119785	78.44164542581174	53.87107365274478	51.72994891081256	53.97246731527315	6.916912639808342	42.033346060108514
4.402557951430723	0.01	0.01	0.01	0.007	0.01	0.9147215158697845	0.11157398455510606	0.05407313253633111	0.040596412027824394	0.044522675324153764	79.75549157870755	54.59957534723444	52.56775483134787	54.674699906967014	7.0250987958451905	41.064275103133056
4.517946865032785	0.01	0.01	0.01	0.007	0.01	0.9147215634440077	0.11157398455510606	0.05407313255124138	0.04059646268754424	0.044522675317865225	81.03117715698748	55.299271258381424	53.38386400113634	55.34885736823682	7.130360520076338	40.11744292655756
4.633342575746219	0.01	0.01	0.01	0.007	0.01	0.9147215949841004	0.11157398455510606	0.054073132564648754	0.04059651075821406	0.04452267531223151	82.26953107809196	55.97085856736082	54.17873463951668	55.99562070272108	7.232760128619018	39.192388308406144
4.748743639414054	0.01	0.01	0.01	0.007	0.01	0.9147216158933918	0.11157398455510606	0.05407313257674315	0.0405965564090515	0.044522675307167664	83.47141504800274	56.61504729564116	54.952847326517464	56.615683102735275	7.332362760690143	38.28862277877071
4.864151027007046	0.01	0.01	0.01	0.007	0.01	0.9147216297548953	0.11157398455510606	0.05407313258768608	0.04059659979400696	0.04452267530260177	84.63769647475166	57.232544563277614	55.70668799312191	57.20973474451406	7.429234169952242	37.40565000821307
4.979566130090502	0.01	0.01	0.01	0.007	0.01	0.9147216389440551	0.11157398455510606	0.05407313259761572	0.04059664105364836	0.04452267529847273	85.7692259617376	57.82404220161692	56.440733550559614	57.778450849844575	7.523438869676536	36.54298244684974
5.094989667782967	0.01	0.01	0.01	0.007	0.01	0.9147216450356573	0.11157398455510606	0.054073132606650136	0.04059668031683745	0.04452267529472778	86.86682697744897	58.39021149026948	57.15544515322423	58.32248663029855	7.615039269720667	35.70014927599473
5.210421411341817	0.01	0.01	0.01	0.007	0.01	0.914721649073724	0.11157398455510606	0.05407313261489066	0.04059671770210204	0.04452267529132231	87.93129484423433	58.931703053612985	57.85126740447006	58.8424772048345	7.704095580896019	34.87669748609564
5.325860474441049	0.01	0.01	0.01	0.007	0.01	0.9147216517504262	0.11157398455510606	0.054073132622424955	0.04059675331870401	0.04452267528821783	88.96340108353371	59.44914950776422	58.528631052951525	59.33904015995598	7.790666166579626	34.07218883616435
5.441305748856928	0.01	0.01	0.01	0.007	0.01	0.9147216535246644	0.11157398455510606	0.05407313262932895	0.040596787267495216	0.0445226752853807	89.96389842470028	59.94316827991532	59.187956179864706	59.81277826818504	7.874807954549923	33.286196171452715
5.556756263831257	0.01	0.01	0.01	0.007	0.01	0.9147216547006751	0.11157398455510606	0.054073132635668854	0.04059681964164401	0.04452267528278228	90.93352441934037	60.41436355413482	59.82965453231748	60.26428136047332	7.956576736901044	32.51830068974447
5.672211300818514	0.01	0.01	0.01	0.007	0.01	0.9147216554801467	0.11157398455510606	0.05407313264150233	0.040596850527318366	0.044522675280397	91.87300251223144	60.86332685641088	60.45413021787457	60.69412688896015	8.036027259117523	31.76809112134477
5.7876703782441385	0.01	0.01	0.01	0.007	0.01	0.9147216559967782	0.11157398455510606	0.054073132646880004	0.040596880004323516	0.044522675278203146	92.78304193716002	61.29063704834886	61.061779628802654	61.10287992218954	8.113213210655315	31.03516382280427
5.903133205660926	0.01	0.01	0.01	0.007	0.01	0.9147216563391944	0.11157398455510606	0.05407313265184631	0.04059690814668127	0.04452267527618113	93.6643374219329	61.696860245583046	61.65299123385852	61.49109306903797	8.18818719892025	30.319123035588227
6.0185995537722	0.01	0.01	0.01	0.007	0.01	0.9147216565661398	0.11157398455510606	0.054073132656440266	0.040596935023182935	0.04452267527431427	94.51756836189173	62.08254952192826	62.22814500244759	61.85930619943347	8.261000677119474	29.61958160164169
6.134069177965817	0.01	0.01	0.01	0.007	0.01	0.9147216567165515	0.11157398455510606	0.05407313266069687	0.040596960697875446	0.04452267527258727	95.34339856196496	62.44824491885736	62.78761219436577	62.20804645904184	8.331703919182377	28.936161252994104
6.249541833609329	0.01	0.01	0.01	0.007	0.01	0.9147216568162382	0.11157398455510606	0.054073132664646494	0.040596985230467425	0.044522675270987064	96.14247670580635	62.794473796518254	63.33175563476393	62.53782861070613	8.400346056329717	28.268492316477847
6.365017253108073	0.01	0.01	0.01	0.007	0.01	0.9147216568823054	0.11157398455510606	0.05407313266831679	0.04059700867670857	0.04452267526950189	96.91543654381022	63.12175105709343	63.86092979958548	62.84915525402053	8.466975089651873	27.616213649097098
6.480495191792691	0.01	0.01	0.01	0.007	0.01	0.9147216569260912	0.11157398455510606	0.05407313267173166	0.0405970310887028	0.044522675268121474	97.66289754175143	63.4305795622179	64.37548121647998	63.14251722948617	8.531637942405277	26.97897218450184
6.595975412626432	0.01	0.01	0.01	0.007	0.01	0.9147216569551092	0.11157398455510606	0.054073132674913	0.04059705251521211	0.04452267526683646	98.38546508534587	63.72145035108679	64.87574856565071	63.41839383248965	8.594380474354535	26.356422845272444
6.711457716800106	0.01	0.01	0.01	0.007	0.01	0.9147216569743403	0.11157398455510606	0.054073132677880435	0.04059707300191279	0.0445226752656385	99.0837309712651	63.99484297290222	65.36206297919887	63.67725313569891	8.655247521003664	25.748228208094933
6.826941913142446	0.01	0.01	0.01	0.007	0.01	0.9147216569870851	0.11157398455510606	0.054073132680651184	0.04059709259165079	0.04452267526452029	99.75827350326252	64.25122565577487	65.83474806858598	63.91955215610794	8.714282898663665	25.154058505772895
6.94242785636377	0.01	0.01	0.01	0.007	0.01	0.9147216569955314	0.11157398455510606	0.05407313268324095	0.04059711132464418	0.0445226752634751	100.40965800205232	64.49105563612324	66.29412024064162	64.14573717398268	8.77152944561917	24.573591268058358
7.0579154164650735	0.01	0.01	0.01	0.007	0.01	0.9147216570011288	0.11157398455510606	0.0540731326856638	0.040597129238695615	0.044522675262496994	101.03843689640142	64.71477932255495	66.74048872230313	64.35624389501851	8.827029026824073	24.00651132641122
7.173404463442039	0.01	0.01	0.01	0.007	0.01	0.9147216570048384	0.11157398455510606	0.05407313268793266	0.040597146369380076	0.044522675261580706	101.64514992431427	64.9228325077808	67.1741556599856	64.5514976582887	8.880822548028526	23.452510727654552
7.288894874934191	0.01	0.01	0.01	0.007	0.01	0.9147216570072968	0.11157398455510606	0.05407313269005903	0.04059716275020696	0.04452267526072118	102.23032445970715	65.11564062453543	67.59541630806942	64.73191368557917	8.932949980986828	22.911288534480093
7.404386536225638	0.01	0.01	0.01	0.007	0.01	0.914721657008926	0.11157398455510606	0.05407313269205337	0.04059717841276976	0.04452267525991418	102.79447578764797	65.29361897887952	68.00455918229937	64.89789730918028	8.98345038424347	22.382550669164587
7.5198793478946016	0.01	0.01	0.01	0.007	0.01	0.9147216570100055	0.11157398455510606	0.05407313269392524	0.04059719338688021	0.04452267525915563	103.33810740906719	65.4571729888837	68.40186623584098	65.04984420442909	9.032361926663677	21.866009726806684
7.635373202867494	0.01	0.01	0.01	0.007	0.01	0.914721657010721	0.11157398455510606	0.054073132695683146	0.040597207700704206	0.04452267525844192	103.86171119575923	65.60669837514483	68.78761292690979	65.18814057727941	9.079721897576492	21.36138492863771
7.750868032312834	0.01	0.01	0.01	0.007	0.01	0.9147216570111951	0.11157398455510606	0.05407313269733488	0.04059722138085488	0.04452267525777	104.36576785795208	65.74258143993333	69.16206851670694	65.31316343381334	9.125566745194133	20.868401774121185
7.8663637673974405	0.01	0.01	0.01	0.007	0.01	0.9147216570115093	0.11157398455510606	0.05407313269888766	0.04059723445251537	0.04452267525713676	104.85074701400826	65.86519922512451	69.52549607695966	65.42528073703829	9.169932079267236	20.386792070306004
7.9818603316374634	0.01	0.01	0.01	0.007	0.01	0.9147216570117174	0.11157398455510606	0.054073132700348255	0.04059724693953976	0.0445226752565393	105.31710741418988	65.97491971964189	69.87815260862796	65.52485160994247	9.212852687487104	19.916293818206324
8.097357648547455	0.01	0.01	0.01	0.007	0.01	0.9147216570118555	0.11157398455510606	0.0540731327017225	0.04059725886453787	0.044522675255975246	105.76529722394858	66.07210207897408	70.22028920614544	65.61222654933259	9.254362557410685	19.4566510380344
8.212855664588051	0.01	0.01	0.01	0.007	0.01	0.914721657011947	0.11157398455510606	0.05407313270301596	0.04059727024894603	0.04452267525544252	106.1957543500274	66.15709684525426	70.55215125751505	65.68774763925681	9.294494902610404	19.00761354327523
8.328354326218944	0.01	0.01	0.01	0.007	0.01	0.9147216570120075	0.11157398455510606	0.05407313270423367	0.040597281113112914	0.04452267525493875	106.6089065798775	66.23024612199579	70.87397850358492	65.7517487231519	9.333282171672964	18.568936902393652
8.443853587548201	0.01	0.01	0.01	0.007	0.01	0.9147216570120478	0.11157398455510606	0.05407313270538022	0.040597291476365475	0.044522675254462275	107.00517183957469	66.29188377361082	71.18600518793419	65.80455559818829	9.370756068187214	18.14038227876754
8.559353387384622	0.01	0.01	0.01	0.007	0.01	0.9147216570120744	0.11157398455510606	0.05407313270645988	0.04059730135708489	0.04452267525401115	107.38495834149772	66.34233560414765	71.4884601211637	65.8464861912807	9.406947560407074	17.721716387141523
8.674853687484125	0.01	0.01	0.01	0.007	0.01	0.9147216570120918	0.11157398455510606	0.05407313270747675	0.04059731077274607	0.04452267525358386	107.74866493465493	66.38191956287163	71.78156690638232	65.87785075740915	9.441886910212277	17.312711227242808
8.790354449602148	0.01	0.01	0.01	0.007	0.01	0.9147216570121035	0.11157398455510606	0.05407313270843411	0.04059731973998398	0.044522675253178955	108.09668123807405	66.4109459116322	72.06554399542766	65.8989520445434	9.475603681681806	16.913144048494548
8.905855643143047	0.01	0.01	0.01	0.007	0.01	0.9147216570121114	0.11157398455510606	0.05407313270933567	0.040597328274640875	0.04452267525279501	108.42938787454175	66.42971740463058	72.34060482516709	65.91008546872304	9.508126759245162	16.522797203828596
9.02135722221206	0.01	0.01	0.01	0.007	0.01	0.9147216570121165	0.11157398455510606	0.05407313271018448	0.040597336391825056	0.04452267525243072	108.74715661138211	66.43852945913447	72.60695787824179	65.91153928220542	9.53948435685346	16.14145810964706
9.136859156212807	0.01	0.01	0.01	0.007	0.01	0.9147216570121199	0.11157398455510606	0.05407313271098328	0.0405973441059389	0.04452267525208494	109.05035065123585	66.43767033122089	72.86480686897451	65.90359474318731	9.569704041908803	15.768919027214842
9.25236142219807	0.01	0.01	0.01	0.007	0.01	0.9147216570121222	0.11157398455510606	0.054073132711734806	0.04059735143072309	0.044522675251756766	109.33932480178848	66.42742127724438	73.11435083196477	65.88652627399144	9.598812747586216	15.404976979716826
9.367863989570985	0.01	0.01	0.01	0.007	0.01	0.9147216570121236	0.11157398455510606	0.054073132712441525	0.04059735837930255	0.04452267525144488	109.61442562932969	66.40805671716319	73.35578419600027	65.86060162151317	9.626836783470399	15.049433691473435
9.483366827734455	0.01	0.01	0.01	0.007	0.01	0.9147216570121247	0.11157398455510606	0.05407313271310567	0.04059736496421797	0.04452267525114863	109.87599166947032	66.37984439483053	73.58929690751638	65.82608201328854	9.653801851967337	14.70209545484014
9.59886991374066	0.01	0.01	0.01	0.007	0.01	0.9147216570121254	0.11157398455510606	0.05407313271372934	0.04059737119745395	0.044522675250867	110.12435362799906	66.3430455309885	73.8150745484076	65.78322230645517	9.679733063956354	14.362773002915866
9.714373232291134	0.01	0.01	0.01	0.007	0.01	0.9147216570121258	0.11157398455510606	0.0540731327143148	0.040597377090469865	0.04452267525059924	110.35983455726443	66.29791497267308	74.03329843429938	65.73227113368118	9.704654952107605	14.03128140943787
9.82987676808732	0.01	0.01	0.01	0.007	0.01	0.914721657012126	0.11157398455510606	0.0540731327148636	0.040597382654232315	0.044522675250344576	110.58275001436654	66.24470134314453	74.24414569695776	65.67347105005886	9.728591482356618	13.707440012054093
9.945380498181054	0.01	0.01	0.01	0.007	0.01	0.9147216570121262	0.11157398455510606	0.05407313271537765	0.04059738789924597	0.044522675250102256	110.79340822040056	66.18364719169118	74.44778936743201	65.60705867985766	9.751566065472623	13.391072334795446
10.060884399624062	0.01	0.01	0.01	0.007	0.01	0.9147216570121263	0.11157398455510606	0.054073132715858396	0.040597392835574495	0.0445226752498719	110.9921102459557	66.11498913345959	74.64439848532443	65.53326485262974	9.773601571552517	13.08200596948016
10.17638844946797	0.01	0.01	0.01	0.007	0.01	0.9147216570121264	0.11157398455510606	0.05407313271630725	0.04059739747286379	0.044522675249652505	111.1791501758554	66.03895798816365	74.83413819069092	65.45231473868148	9.79472034247058	12.780072482057678
10.29189265536252	0.01	0.01	0.01	0.007	0.01	0.9147216570121264	0.11157398455510606	0.05407313271672607	0.04059740182034665	0.04452267524944379	111.35481531516392	65.95577889263028	75.01716986144115	65.36442795723737	9.814944209282837	12.485107243875182
10.407396994359242	0.01	0.01	0.01	0.007	0.01	0.9147216570121264	0.11157398455510606	0.05407313271711582	0.04059740588689738	0.04452267524924519	111.51938624762403	65.86567147368378	75.19365110069322	65.26981874883636	9.834294492943272	12.196949502086472
10.522901451159155	0.01	0.01	0.01	0.007	0.01	0.9147216570121264	0.11157398455510606	0.05407313271747753	0.040597409681029574	0.04452267524905605	111.6731370533152	65.76884995363442	75.36373588653466	65.16869607613627	9.852792023071228	11.915442191056815
10.638406002813666	0.01	0.01	0.01	0.007	0.01	0.9147216570121264	0.11157398455510606	0.054073132717812826	0.0405974132109229	0.04452267524887605	111.81633543701003	65.66552328859103	75.52757463241133	65.06126375987517	9.870457146735909	11.64043188516598
10.75391064932285	0.01	0.01	0.01	0.007	0.01	0.9147216570121264	0.11157398455510606	0.05407313271812254	0.04059741648442244	0.04452267524870485	111.94924291221473	65.5558952641974	75.68531431201272	64.94772057065231	9.887309744175356	11.371768642924621
10.869415390686784	0.01	0.01	0.01	0.007	0.01	0.9147216570121264	0.11157398455510606	0.054073132718407566	0.040597419509067555	0.044522675248541914	112.07211491115285	65.44016463380909	75.83709850376992	64.82826036519914	9.90336923573137	11.109305983157377
10.984920203956786	0.01	0.01	0.01	0.007	0.01	0.9147216570121264	0.11157398455510606	0.05407313271866918	0.04059742229212028	0.04452267524838682	112.18520090370895	65.31852526138698	75.98306744077927	64.70307222720568	9.918654589503086	10.852900855500003
11.100425081483309	0.01	0.01	0.01	0.007	0.01	0.9147216570121264	0.11157398455510606	0.054073132718907915	0.040597424840556944	0.04452267524823927	112.28874457673693	65.19116619939977	76.12335813845456	64.57234054127166	9.933184337146667	10.602413474597098
11.215930015616793	0.01	0.01	0.01	0.007	0.01	0.9147216570121264	0.11157398455510606	0.054073132719124804	0.04059742716109094	0.04452267524809888	112.38298394967953	65.05827181555456	76.2581044479314	64.43624511754328	9.946976581709011	10.357707279979419
11.331434991058076	0.01	0.01	0.01	0.007	0.01	0.9147216570121264	0.11157398455510606	0.05407313271932063	0.04059742926018871	0.04452267524796532	112.46815150003597	64.92002191214085	76.38743712065481	64.29496130868891	9.960049006671504	10.118648877341126
11.446940007807171	0.01	0.01	0.01	0.007	0.01	0.9147216570121264	0.11157398455510606	0.05407313271949619	0.04059743114406888	0.044522675247838435	112.54447430835133	64.77659180618393	76.51148390553242	64.14866008694052	9.972418888227017	9.88510791821659
11.562445073513697	0.01	0.01	0.01	0.007	0.01	0.9147216570121264	0.11157398455510606	0.054073132719651994	0.04059743281871752	0.04452267524771778	112.61217417308121	64.62815244104182	76.63036960742119	63.997508153525565	9.984103103504333	9.656957047544251
11.677950172878463	0.01	0.01	0.01	0.007	0.01	0.9147216570121264	0.11157398455510606	0.054073132719788815	0.04059743428991649	0.04452267524760325	112.67146771534895	64.47487052871948	76.74421612410377	63.84166807929726	9.995118136747557	9.434071894318766
11.793455298251876	0.01	0.01	0.01	0.007	0.01	0.9147216570121264	0.11157398455510606	0.05407313271990716	0.04059743556323529	0.04452267524749433	112.72256651889046	64.31690861237004	76.85314254596524	63.68129836413135	10.00548009164352	9.216330941623053
11.90896044198434	0.01	0.01	0.01	0.007	0.01	0.9147216570121264	0.11157398455510606	0.05407313272000776	0.040597436644045096	0.044522675247391084	112.76567724112004	64.15442517347107	76.95726521254701	63.51655354201858	10.015204699277204	9.00361547609275
12.024465596426248	0.01	0.01	0.01	0.007	0.01	0.9147216570121264	0.11157398455510606	0.054073132720091135	0.04059743753752763	0.04452267524729304	112.80100172685752	63.98757472740429	77.0566977759927	63.34758427441799	10.02430732672666	8.795809523258184
12.139970753927997	0.01	0.01	0.01	0.007	0.01	0.9147216570121264	0.11157398455510606	0.05407313272015768	0.040597438248683386	0.04452267524720029	112.82873711943353	63.81650791682037	77.15155126303148	63.17453744144715	10.032802985459798	8.592799784376838
12.255475922139194	0.01	0.01	0.01	0.007	0.01	0.9147216570121264	0.11157398455510606	0.05407313272020794	0.040597438782330506	0.04452267524711241	112.84907597144573	63.64137157937921	77.24193414721273	62.99755620726263	10.04070634054585	8.394475548758475
12.370981101059838	0.01	0.01	0.01	0.007	0.01	0.9147216570121264	0.11157398455510606	0.05407313272024247	0.04059743914312595	0.04452267524702916	112.86220634418258	63.46230887024069	77.32795238854506	62.81678014088948	10.048031716892439	8.200728674518905
12.486486283040325	0.01	0.01	0.01	0.007	0.01	0.9147216570121264	0.11157398455510606	0.0540731327202616	0.04059743933557234	0.044522675246950555	112.86831191375647	63.27945935050048	77.4097094928206	62.63234530258387	10.054793107277746	8.011453528079185
12.601991452781444	0.01	0.01	0.01	0.007	0.01	0.9147216570121264	0.11157398455510606	0.05407313272026591	0.040597439364025274	0.044522675246876205	112.86757207466113	63.092959073465785	77.48730656950161	62.44438432808639	10.0610041801879	7.826546925130317
12.717496610283197	0.01	0.01	0.01	0.007	0.01	0.9147216570121264	0.11157398455510606	0.054073132720255504	0.040597439232685176	0.04452267524680615	112.8601620386947	62.902940630731635	77.56084240241866	62.253026472470836	10.066678288539409	7.645908037554137
12.833001755545583	0.01	0.01	0.01	0.007	0.01	0.9147216570121264	0.11157398455510606	0.05407313272023085	0.04059743894561342	0.04452267524674023	112.84625292945174	62.7095332568325	77.63041349204121	62.0583977131404	10.071828475979524	7.469438364405031
12.948506888568605	0.01	0.01	0.01	0.007	0.01	0.9147216570121264	0.11157398455510606	0.05407313272019246	0.04059743850673747	0.04452267524667806	112.82601187679532	62.51286290854787	77.69611410818332	61.86062082728625	10.076467484026173	7.297041678197173
13.064012009352265	0.01	0.01	0.01	0.007	0.01	0.9147216570121264	0.11157398455510606	0.05407313272014051	0.04059743791985643	0.044522675246619826	112.79960210914837	62.31305234236624	77.7580363414928	61.659815467547254	10.080607759043087	7.128623972431507
13.179517125546163	0.01	0.01	0.01	0.007	0.01	0.9147216570121264	0.11157398455510606	0.05407313272007529	0.04059743718864188	0.04452267524656507	112.76718304131195	62.1102211766196	77.81627015748842	61.456098222327114	10.084261459280057	6.964093399564137
13.2950222218511	0.01	0.01	0.01	0.007	0.01	0.9147216570121264	0.11157398455510606	0.0540731327199971	0.040597436316660816	0.04452267524651393	112.72891037153256	61.90448601932402	77.87090343051818	61.24958274214096	10.087440460594241	6.803360264254971
13.410527290617484	0.01	0.01	0.01	0.007	0.01	0.9147216570121264	0.11157398455510606	0.054073132719906276	0.0405974353073626	0.04452267524646621	112.68493616084646	61.6959604875609	77.92202200835438	61.04037975704645	10.090156364074465	6.646336929631781
13.526032339494915	0.01	0.01	0.01	0.007	0.01	0.9147216570121264	0.11157398455510606	0.05407313271980299	0.040597434164078	0.044522675246421846	112.63540891166767	61.48475526290065	77.96970976090402	60.82859713042641	10.092420502366807	6.492937760754987
13.641537353184209	0.01	0.01	0.01	0.007	0.01	0.9147216570121264	0.11157398455510606	0.054073132719687625	0.04059743289004725	0.04452267524638058	112.58047366535142	61.270978229744586	78.01404860964391	60.61433999593488	10.094243945053693	6.3430791293446305
13.757042331685378	0.01	0.01	0.01	0.007	0.01	0.9147216570121264	0.11157398455510606	0.054073132719560345	0.0405974314884007	0.04452267524634243	112.52027206688606	61.05473447306783	78.05511858870854	60.397710753466065	10.095637505537749	6.196679316800798
13.87254729029761	0.01	0.01	0.01	0.007	0.01	0.9147216570121264	0.11157398455510606	0.05407313271942128	0.040597429962162215	0.04452267524630724	112.4549424397351	60.836126342465825	78.09299788642598	60.1788091317336	10.096611746677137	6.05365847195856
13.988052236670498	0.01	0.01	0.01	0.007	0.01	0.9147216570121264	0.11157398455510606	0.05407313271927073	0.04059742831426769	0.04452267524627493	112.38461987360267	60.61525355897793	78.12776287939637	59.95773229368896	10.09717698623273	5.913938597150442
14.103557163154454	0.01	0.01	0.01	0.007	0.01	0.9147216570121264	0.11157398455510606	0.05407313271910894	0.04059742654757243	0.04452267524624548	112.30943630613318	60.392213293454255	78.15948817331491	59.734574913400834	10.09734330266719	5.777443513455461
14.219062046800728	0.01	0.01	0.01	0.007	0.01	0.9147216570121264	0.11157398455510606	0.05407313271893601	0.04059742466485501	0.04452267524621874	112.22952059915828	60.16710022919529	78.18824664572796	59.50942923721129	10.097120540928522	5.644098817041872
14.334566887609334	0.01	0.01	0.01	0.007	0.01	0.9147216570121264	0.11157398455510606	0.05407313271875202	0.040597422668797324	0.04452267524619457	112.14499858426855	59.940006547466794	78.21410949579867	59.28238506783469	10.096518317825783	5.513831793979336
14.450071700879448	0.01	0.01	0.01	0.007	0.01	0.9147216570121264	0.11157398455510606	0.05407313271855733	0.0405974205619914	0.04452267524617303	112.05599313395473	59.71102199913595	78.2371462788706	59.053529834704044	10.095546026994692	5.386571392009914
14.565576478961498	0.01	0.01	0.01	0.007	0.01	0.9147216570121264	0.11157398455510606	0.054073132718351985	0.040597418346966466	0.04452267524615399	111.96262425851607	59.480234037283935	78.2574249364098	58.82294872522318	10.094212844311254	5.262248224421179
14.681081221855495	0.01	0.01	0.01	0.007	0.01	0.9147216570121264	0.11157398455510606	0.05407313271813611	0.04059741602617284	0.04452267524613723	111.86500915052203	59.24772781290875	78.27501184017639	58.5907246791784	10.092527732787048	5.140794497495488
14.79658593721102	0.01	0.01	0.01	0.007	0.01	0.9147216570121264	0.11157398455510606	0.054073132717910075	0.04059741360198474	0.044522675246123015	111.76326224840646	59.013586228782735	78.28997182759845	58.35693844135241	10.090499447365447	5.022143974501814
14.912090632677653	0.01	0.01	0.01	0.007	0.01	0.9147216570121264	0.11157398455510606	0.05407313271767351	0.04059741107670704	0.04452267524611101	111.6574953058094	58.77789000778466	78.30236823563553	58.12166862860952	10.088136539780477	4.906231948062616
15.02759528530669	0.01	0.01	0.01	0.007	0.01	0.9147216570121264	0.11157398455510606	0.05407313271742688	0.04059740845259696	0.044522675246101234	111.54781748326465	58.540717807906034	78.31226293314529	57.8849918435496	10.085447364007209	4.792995234478032
15.143099902747712	0.01	0.01	0.01	0.007	0.01	0.9147216570121264	0.11157398455510606	0.054073132717170444	0.04059740573182905	0.044522675246093546	111.43433535274352	58.30214614807457	78.3197163612514	57.646982599375555	10.082440079588647	4.682372077867652
15.25860448500073	0.01	0.01	0.01	0.007	0.01	0.9147216570121264	0.11157398455510606	0.05407313271690404	0.04059740291651996	0.04452267524608818	111.31715299123955	58.06224953549633	78.32478756185921	57.40771344595055	10.079122656839274	4.574302155330051
15.374109032065753	0.01	0.01	0.01	0.007	0.01	0.9147216570121264	0.11157398455510606	0.05407313271662794	0.040597400008726796	0.04452267524608471	111.19637203174952	57.82110049849063	78.32753421083999	57.16725500153032	10.075502881072286	4.4687265362804265
15.489613543942793	0.01	0.01	0.01	0.007	0.01	0.9147216570121264	0.11157398455510606	0.05407313271634214	0.04059739701044889	0.044522675246083325	111.07209171979152	57.57876963375713	78.32801264956474	56.92567599892786	10.071588356871382	4.365587650314036
15.605118020631862	0.01	0.01	0.01	0.007	0.01	0.9147216570121264	0.11157398455510606	0.054073132716046655	0.040597393923629585	0.0445226752460839	110.94440896861826	57.335325652542075	78.32627791571039	56.683043330602814	10.067386512263964	4.264829255811412
15.720622469782523	0.01	0.01	0.01	0.007	0.01	0.9147216570121264	0.11157398455510606	0.05407313271574162	0.04059739075015371	0.0445226752460863	110.81341840437307	57.090835409504095	78.32238377302646	56.43942207653487	10.062904602492056	4.166396402825078
15.836126876095678	0.01	0.01	0.01	0.007	0.01	0.9147216570121264	0.11157398455510606	0.05407313271542722	0.04059738749186797	0.04452267524609067	110.67921245370378	56.84536401159247	78.31638274191059	56.1948756118404	10.058149715200987	4.070235429038562
15.951631239571343	0.01	0.01	0.01	0.007	0.01	0.9147216570121264	0.11157398455510606	0.05407313271510345	0.040597384150559405	0.04452267524609675	110.54188135237615	56.59897478025014	78.30832612717818	55.94946556825068	10.053128772889755	3.976293897536529
16.0	0.01	0.01	0.01	0.007	0.01	0.9147216570121264	0.11157398455510606	0.05407313271496509	0.04059739110864112	0.04452267524609991	110.48346519797823	56.495538633669106	78.30435373742516	55.84645518271144	10.050948786207256	3.9376018066825504
