0.0	0.01	0.01	0.01	0.007	0.01	0.0	0.0	0.0	0.0	0.0	0.0	0.0	0.0	0.0	0.0	100.0
0.003325990161655695	0.01	0.01	0.01	0.007	0.01	0.010734013701848465	0.002690904392217059	0.0033236255428285085	0.00394636907275181	0.005488418664513951	0.0006333864215669789	0.0009314197258237276	0.002032494637413592	0.00468621374807024	0.0005118733245277011	99.9217406317838
0.0052411993983133235	0.01	0.01	0.01	0.007	0.01	0.016852473329093107	0.004208675855698631	0.0051406221126585	0.006031900228680048	0.008523055315199868	0.0015681578179326922	0.002300252031051889	0.004982522027553755	0.01139086351565818	0.0012582195391306777	99.87670422855173
0.008166862555246759	0.01	0.01	0.01	0.007	0.01	0.026111712754657415	0.006483390759271599	0.007786772289722674	0.008976468695566675	0.01298892627098026	0.0037901750041931426	0.005538433822510621	0.011863550730664637	0.02678121165516324	0.003008100007947995	99.80794605012487
0.0108260812836061	0.01	0.01	0.01	0.007	0.01	0.03443705221986734	0.008505885684430937	0.010062693849596835	0.011419642226895127	0.016877266963806474	0.006632786205947993	0.00965885895499721	0.020483717236359923	0.04572704460947155	0.005212832754146467	99.74549084576697
0.013921228453523827	0.01	0.01	0.01	0.007	0.01	0.04401967665785272	0.010807113247383471	0.012565333105532676	0.014008814161522184	0.021208161465085498	0.010914998684929646	0.015831457367056066	0.033190815598328545	0.07316432143428772	0.008482196693967084	99.67284651103655
0.017056316613660152	0.01	0.01	0.01	0.007	0.01	0.05360941768193913	0.013081451920785215	0.014948867883292864	0.016377971609132222	0.0253923268163399	0.016305439880677893	0.023555185947261668	0.04882141441785559	0.1062947749391924	0.012529380432355646	99.59931868035903
0.02043259865288487	0.01	0.01	0.01	0.007	0.01	0.06380738062752275	0.015468664430580103	0.017355821103678965	0.018672436462046783	0.029683623842641654	0.023278043291624813	0.033483925183072305	0.06856302637225965	0.14736252504271777	0.017675075795405584	99.52019474252212
0.02393163935331237	0.01	0.01	0.01	0.007	0.01	0.07423618774011786	0.01787648448976937	0.01968641981412745	0.02079811713927555	0.033910714783995995	0.03176182894184087	0.04548600605094702	0.0919945331353823	0.1951870490791165	0.02382555090742109	99.4382602544558
0.027610961265479614	0.01	0.01	0.01	0.007	0.01	0.08505075903298437	0.020337684191575153	0.02196927349553818	0.02278643246821791	0.0381302493687705	0.042040847448983565	0.05992982024340887	0.11966886120094779	0.2506023417716293	0.031143430334853898	99.35217701063168
0.03143746807635617	0.01	0.01	0.01	0.007	0.01	0.09613546304186632	0.02282267271396248	0.024173708918566673	0.024616070724476597	0.04229080395798042	0.054182715499586837	0.07687201879532869	0.15151153789938093	0.3131550532880083	0.03962918844301801	99.26272920803612
0.035429835658105854	0.01	0.01	0.01	0.007	0.01	0.10752664199834311	0.02533663742335192	0.026302668602689153	0.02629651831978903	0.04640098971713987	0.06840046809914285	0.09656756594751593	0.18780932915910015	0.3831125035445704	0.04938142609302034	99.16949011222327
0.03958187667076474	0.01	0.01	0.01	0.007	0.01	0.11918781453549794	0.027868495599147218	0.02834554954509744	0.027826838365403766	0.05043910502972963	0.084834342140374	0.11916334772520583	0.22862696970932372	0.4603050345247758	0.060441781428525534	99.07261485342121
0.04390293045867617	0.01	0.01	0.01	0.007	0.01	0.13112593507760703	0.03041681325910138	0.030300813769256044	0.02921394946204131	0.054390215057075454	0.10368642680235685	0.14488486534673728	0.27415508367989566	0.5448075524826638	0.07288640746964097	98.97189668457638
0.048396078594191476	0.01	0.01	0.01	0.007	0.01	0.1433291854724012	0.03297608568208575	0.03216434673242231	0.03046322809835667	0.05821344355174474	0.12514343093528094	0.17392872666396	0.3245125930783191	0.6365625884417332	0.08676897898890125	98.86727580699669
0.053070189732563874	0.01	0.01	0.01	0.007	0.01	0.15580029426926092	0.03554389063245401	0.03393503146890125	0.03158240144651713	0.061838805869492	0.14942869786067042	0.2065329316637689	0.3798713657225754	0.7356152381546088	0.10214698044074266	98.75855865106094
0.05792410337460331	0.01	0.01	0.01	0.007	0.01	0.16851409974708553	0.038112122821604366	0.03560859314297086	0.032577410122099644	0.06514305902953871	0.17672197555921038	0.24286837744678855	0.44027180716203895	0.841785068362384	0.11901774665192069	98.645785924719
0.06291862049051372	0.01	0.01	0.01	0.007	0.01	0.1813487672516959	0.040654065323500875	0.037170923316869574	0.03344935789275095	0.06794921138811494	0.2069618374924109	0.28278162140746405	0.5052220378676541	0.9540008766231466	0.13718998650337275	98.52988093061998
0.0680483636589373	0.01	0.01	0.01	0.007	0.01	0.19427470541331973	0.043162629801550084	0.038622768622008544	0.03420863898514506	0.07012389796678671	0.24024394297813104	0.32632768818905716	0.5745942908845247	1.0718857923641172	0.1565273873642518	98.41097958342922
0.07340279456927283	0.01	0.01	0.01	0.007	0.01	0.20749534035487113	0.04567500749829307	0.0399890663645477	0.03487667876968102	0.07162993043636343	0.2773295496296345	0.3744176743515423	0.6495886407730858	1.197300759704816	0.1772207722231183	98.28702328833883
0.07900258979868477	0.01	0.01	0.01	0.007	0.01	0.22103126630987607	0.048191414221512435	0.041271385038785025	0.03546109628217174	0.07248205171706737	0.3186138447646509	0.4274597413715198	0.7305408820338106	1.3305937097504634	0.19918860168771402	98.15755377876089
0.08482941114611255	0.01	0.01	0.01	0.007	0.01	0.23480737493841408	0.050694456036391375	0.04246322736914954	0.03596587504987862	0.07277811121671295	0.3642140061014915	0.48549193630329723	0.8172056711354685	1.471173468206249	0.22219147354402502	98.02301638754452
0.09088481370846158	0.01	0.01	0.01	0.007	0.01	0.24879787706596254	0.0531765988148574	0.043564610885674634	0.03639810133500348	0.07266169573296102	0.4143808378028505	0.5487155478366487	0.9095896782216462	1.6189018107234963	0.24608630403983037	97.8833965993859
0.09720505164661943	0.01	0.01	0.01	0.007	0.01	0.26305407812426723	0.055643886853401256	0.04458185113884236	0.036766843749775034	0.0722663470627738	0.46967613484671583	0.6177072302443168	1.008226973266848	1.7744941489416899	0.2708966429721391	97.73788258635166
0.10384882600608752	0.01	0.01	0.01	0.007	0.01	0.2776681142179588	0.05810820663564064	0.045522615281589615	0.03708066715414428	0.07169276435224974	0.5309378871074575	0.6933563924820474	1.1140368630122028	1.9392466114129532	0.2967584838309179	97.58515284169124
0.11085888025811919	0.01	0.01	0.01	0.007	0.01	0.29268503760012826	0.06057208066740766	0.046389993199761656	0.037345770058278854	0.07101344399982941	0.5989537844023182	0.7764497205659027	1.2277187661806974	2.1140809444941153	0.3237611420057088	97.42426166274035
0.1182659310962456	0.01	0.01	0.01	0.007	0.01	0.30811506448232884	0.06303160206446824	0.047184839965795894	0.037567276071010465	0.07028031561110855	0.6744657040293696	0.8676788522763604	1.3497840194838917	2.299621629308065	0.3519590588968112	97.25454703707605
0.12609344024742	0.01	0.01	0.01	0.007	0.01	0.3239464369991168	0.06547918484224921	0.047907461544234024	0.03774994180007189	0.06953033283475235	0.7581926300298715	0.9676700164367138	1.4806145916262645	2.496305729250574	0.38138849928002105	97.07551991239873
0.13436658863710196	0.01	0.01	0.01	0.007	0.01	0.3401649243007274	0.06790697014415696	0.04855893841808354	0.037898504519370046	0.06878904867584562	0.8509141735264645	1.077083310975779	1.6206045903510342	2.7046060906818448	0.4120998660778309	96.88665855570503
0.1431138862067769	0.01	0.01	0.01	0.007	0.01	0.3567563506452768	0.07030726348498026	0.04914118581990822	0.0380175918517059	0.06807383421925846	0.9534924263046387	1.1966336377152453	1.7701879425794478	2.9250729190981866	0.44416143981835465	96.68737281861466
0.15236817807204125	0.01	0.01	0.01	0.007	0.01	0.3737074329022117	0.07267266536020629	0.049656876057556906	0.0381116121676145	0.06739626195030364	1.0668909202426082	1.3271064479073256	1.929857062686453	3.1583596411037966	0.4776610716942512	96.47698267741106
0.1621661025558022	0.01	0.01	0.01	0.007	0.01	0.3910035416738407	0.07499576955546768	0.050109261006037326	0.03818465412255721	0.06676387441821247	1.1921761921401675	1.4693521867493835	2.1001547487620957	3.405208736176497	0.5127025726769003	96.25473232593828
0.1725479982487968	0.01	0.01	0.01	0.007	0.01	0.40862743933501916	0.07726905515610681	0.050502065989447655	0.038240430167256825	0.0661813434273296	1.3305231642726125	1.6242849050912411	2.2816729116196557	3.666447940892532	0.549404178738314	96.01979416182382
0.1835575748584245	0.01	0.01	0.01	0.007	0.01	0.4265577199648202	0.07948478514468646	0.05083939422024728	0.038282243983196136	0.06565124860274867	1.4832160795295017	1.792875661394509	2.4750466850553923	3.9429797648953344	0.5878964574003787	95.77127828614569
0.19524181791931497	0.01	0.01	0.01	0.007	0.01	0.44476781041956814	0.08163502405873703	0.05112565264847059	0.03831297909407824	0.06517457687422784	1.6516507368938442	1.9761475243136872	2.6809522706075932	4.235776279455736	0.6283212355631601	95.50823686246552
0.2076508869752609	0.01	0.01	0.01	0.007	0.01	0.4632251001432947	0.0837117068898055	0.051365475605636014	0.03833510190386465	0.06475105667685672	1.8373349886153307	2.17516893993473	2.9001045180307545	4.5458731687806235	0.6708305842791139	95.2296688295182
0.2208381868364748	0.01	0.01	0.01	0.007	0.01	0.48189048078728564	0.08570678329409848	0.05156364437971383	0.03835067711810957	0.06437938618180995	2.0418900436272125	2.3910484862015675	3.133257470020733	4.874367542759985	0.715586405978375	94.93452096494312
0.23486051100197947	0.01	0.01	0.01	0.007	0.01	0.5007181062164159	0.08761240100574917	0.05172499594988919	0.038361393164869896	0.06405740715567815	2.26705132830968	2.6249298110391392	3.3812060877158103	5.22241692214966	0.7627602030514931	94.62168764956418
0.24977824051219155	0.01	0.01	0.01	0.007	0.01	0.5196553438534338	0.08942111453369862	0.05185432278778331	0.03836859598476795	0.06378225339687649	2.514668632484381	2.8779867146873603	3.6447887559185403	5.591238927770484	0.8125329309051732	94.29000977068306
0.2656554060572366	0.01	0.01	0.01	0.007	0.01	0.5386426942381544	0.09112608880113844	0.05195626810666162	0.03837332912266485	0.06355049297821275	2.7867021396550937	3.1514152599772163	3.924887024960448	5.98210690448068	0.8650942778271511	93.93827708169806
0.28255938191130536	0.01	0.01	0.01	0.007	0.01	0.5576135257062066	0.0927212826331279	0.052035225204144483	0.03837637773083566	0.0633582712554263	3.08520943420395	3.446418774024093	4.222418398676142	6.396335926936293	0.9206406336184391	93.56523907478771
0.3005600340288871	0.01	0.01	0.01	0.007	0.01	0.5764936585818377	0.09420161754873352	0.052095250585640955	0.03837831376796277	0.06320145366016759	3.41231870204893	3.764182363456284	4.538319077949771	6.835255205448475	0.9793712293890142	93.16962805434895
0.31972830310196937	0.01	0.01	0.01	0.007	0.01	0.5952010734142857	0.09556315168524548	0.05213999834388361	0.03837953967785507	0.06307576431856007	3.7701858732854534	4.105836530011942	4.87351655037817	7.300167010995945	1.0414824741811073	92.75019444125067
0.34013455181273505	0.01	0.01	0.01	0.007	0.01	0.613646301886278	0.09680328369050231	0.05217267937514718	0.03838032825427247	0.06297691669778659	4.160940587878574	4.472416240633795	5.2288981344537095	7.792300760910561	1.107161639808513	92.3057466543294
0.36184729943101723	0.01	0.01	0.01	0.007	0.01	0.6317340590907798	0.09792098667984216	0.052196044771539364	0.038380857104608444	0.06290073498830474	4.586633507816263	4.864827874754356	5.605286582892404	8.31277767348774	1.1765819399140869	91.83518174024526
0.38493291085368886	0.01	0.01	0.01	0.007	0.01	0.6493662393840632	0.0989170274151128	0.052212390292928776	0.038381236930389674	0.06284326584384214	5.04919901773248	5.283835896549049	6.003432479607994	8.862599349664388	1.2499007863460438	91.33749464618721
0.4094565236691903	0.01	0.01	0.01	0.007	0.01	0.6664458835954753	0.09979410240942546	0.052223578636624766	0.038381533563469426	0.06280087699273539	5.550443350951483	5.730075565385412	6.424027801655266	9.442666116495094	1.3272620296625337	90.81176069987805
0.4354839670208576	0.01	0.01	0.01	0.007	0.01	0.6828812929428274	0.10055682941957272	0.05223107642448553	0.03838178423595094	0.06277033573273064	6.092057248700825	6.204087289678637	6.867735622901657	10.053817935451583	1.4088012759535267	90.25709758043362
0.4630840701125242	0.01	0.01	0.01	0.007	0.01	0.6985894812619391	0.10121157504059597	0.052236002477823805	0.03838200892050702	0.06274885929830822	6.675642831546161	6.706360563880152	7.335224964220489	10.69688245450554	1.4946522762548464	89.67262054583294
0.49233066521184343	0.01	0.01	0.01	0.007	0.01	0.7134984961927553	0.10176614596739483	0.052239182951460184	0.03838221776169022	0.06273413245913172	7.302739737914114	7.237373122730979	7.8271986655226575	11.372713301282214	1.5849521624172525	89.05740614507732
0.5233038004745139	0.01	0.01	0.01	0.007	0.01	0.7275486034684561	0.10222940093122725	0.052241208225389364	0.038382415638945476	0.06272429350169736	7.974838097764667	7.797614961028258	8.34440629278405	12.082207525089059	1.6798440419831466	88.41047451779272
0.5560898601381273	0.01	0.01	0.01	0.007	0.01	0.7406925964146298	0.10261084141200011	0.05224248676683279	0.038382604785226815	0.06271789502523822	8.693369244095068	8.387590924347737	8.887637646511601	12.826296109800177	1.7794761019420988	87.73079596030098
0.5907805152427212	0.01	0.01	0.01	0.007	0.01	0.7528956193616229	0.10292022598360016	0.05224329245771284	0.03838278618863286	0.06271384862310932	9.459670489023104	9.007800602149352	9.457696572737284	13.605907285396265	1.8839971273753569	87.0173222569551
0.6274706051885199	0.01	0.01	0.01	0.007	0.01	0.7641348620408253	0.1031672341959834	0.05224380354766967	0.038382960290487	0.06271136255571712	10.274925455379904	9.65869825949626	10.055357909037374	14.421906757109298	1.9935489224650882	86.26903933179716
0.6662552365604997	0.01	0.01	0.01	0.007	0.01	0.7743993707972279	0.10336118988141046	0.05224413290823348	0.03838312730812648	0.06270987982995967	11.140087097107502	10.34063934888592	10.681313470070858	15.275023221548187	2.108256696064668	85.4850338990307
0.7072267693133522	0.01	0.01	0.01	0.007	0.01	0.7836901092600634	0.10351084410698665	0.052244350333112324	0.03838328737461983	0.06270902175037427	12.055800432297325	11.053826859591885	11.336118921991511	16.165775607565536	2.2282195741375856	84.66455930931744
0.7504725791257815	0.01	0.01	0.01	0.007	0.01	0.7920202001332647	0.10362421234307702	0.052244498200298785	0.03838344059801219	0.06270853976086951	13.022347561735755	11.798273701082454	12.02015610889885	17.094421980646562	2.353503904557007	83.80708233521047
0.7960746717905494	0.01	0.01	0.01	0.007	0.01	0.7994151270056384	0.1037084604165995	0.05224460198407195	0.03838358708995154	0.06270827658395492	14.039641061541976	12.57379890506115	12.733627098771727	18.060952034590343	2.4841423327473926	82.91229043206671
0.8441117681426011	0.01	0.01	0.01	0.007	0.01	0.8059125311231069	0.10376983558119769	0.052244677012500775	0.03838372698361067	0.06270813640660645	15.107279456644683	13.380065499842626	13.476587460892627	19.06513280431998	2.620140019895142	81.98004990687544
0.8946637504663862	0.01	0.01	0.01	0.007	0.01	0.8115612862673796	0.1038136419651368	0.052244732638988566	0.03838386044615985	0.06270806309222743	16.22465927521494	14.216654155742784	14.249013915136846	20.10660020938162	2.76148710730931	81.0103208946508
0.9478175483576201	0.01	0.01	0.01	0.007	0.01	0.8164197365668355	0.10384425989393176	0.05224477472550464	0.038383987685234516	0.06270802501970085	17.391117801748397	15.083153103114132	15.050888968791028	21.184972124442876	2.9081742383630833	80.00305076622894
1.0036734275176518	0.01	0.01	0.01	0.007	0.01	0.8205532740737501	0.10386520556122034	0.052244807078660443	0.03838410894894566	0.06270800505230689	18.606077638429134	15.9792444198593	15.882284490008498	22.299958073045286	3.0602078319475785	78.9580684938322
1.0623507808324648	0.01	0.01	0.01	0.007	0.01	0.8240315957752846	0.10387922237096164	0.05224483226616846	0.03838422452017987	0.06270799423521485	19.86916843604515	16.904770939468634	16.743429613267725	23.45144566366908	3.217622437336683	77.87499825490073
1.1239932157704484	0.01	0.01	0.01	0.007	0.01	0.8269260178952798	0.1038883916761341	0.05224485208106081	0.03838433470759523	0.06270798803654135	21.180318330391	17.85978071591042	17.634759835658052	24.63955957685977	3.3804896007457708	76.75319621371042
1.1887730716360214	0.01	0.01	0.01	0.007	0.01	0.8293071154621721	0.1038942498873798	0.05224486781090674	0.03838443983557573	0.0627079842176534	22.53981644370823	18.84455168934958	18.55694941396301	25.864696013215998	3.548923633792204	75.59170783385476
1.2568957440774824	0.01	0.01	0.01	0.007	0.01	0.831242825639222	0.10389790110047305	0.052244880399922644	0.03838454023482933	0.06270798168490224	23.948353647637276	19.859602547121096	19.510932416534057	27.127539761984494	3.723085264346901	74.38923897699414
1.3286042836408176	0.01	0.01	0.01	0.007	0.01	0.8327970448080134	0.10390011792522577	0.05224489055132238	0.03838463623454932	0.06270797989886844	25.40705034339851	20.905696113074367	20.497918336152775	28.429071586159715	3.90318424670995	73.14413330616901
1.4041846729092022	0.01	0.01	0.01	0.007	0.01	0.8340286803965675	0.10390142676370182	0.052244898795013955	0.03838472815630868	0.06270797858323161	26.917477721451256	21.98383938875366	21.51940636853111	29.77057097997646	4.089481673914017	71.8543507276486
1.4839722007118803	0.01	0.01	0.01	0.007	0.01	0.834991089292434	0.10390217662677151	0.05224490553412574	0.03838481630947296	0.06270797758650941	28.481677838973667	23.095283224327265	22.577201649808934	31.153618012490725	4.282292581504588	70.51744256821596
1.5683591997451436	0.01	0.01	0.01	0.007	0.01	0.8357318256910586	0.10390259246094385	0.052244911077873234	0.03838490098739533	0.06270797681813778	30.102183123029864	24.24152101447226	23.673433611934964	32.580093566276396	4.481988854819808	69.1305230764587
1.6578044081993142	0.01	0.01	0.01	0.007	0.01	0.8362926286135898	0.10390281499425177	0.052244915665222075	0.03838498246315465	0.0627079762191974	31.782034117053957	25.424284440059814	24.8105755255645	34.05217559716773	4.68900224803408	67.69023815051433
1.7528432782523218	0.01	0.01	0.01	0.007	0.01	0.836709585916862	0.10390292950806652	0.05224491948211506	0.038385060981292955	0.0627079757487558	33.524775395387515	26.645520958007307	25.991451631325965	35.57231247156865	4.903825013148706	66.19274819346164
1.8540954326173649	0.01	0.01	0.01	0.007	0.01	0.8370134229220074	0.10390298593249658	0.05224492267405638	0.03838513673466472	0.06270797537713288	35.334355923172886	27.907300790022074	27.219181854139926	37.14310841731886	5.126999028282677	64.63378832884042
1.9622482958937755	0.01	0.01	0.01	0.007	0.01	0.8372298636793888	0.10390301241759417	0.05224492535504044	0.03838520978345425	0.06270797508229713	37.214580158649305	29.211409558180492	28.496823114532464	38.766817470081044	5.359049699506793	63.00911291366108
2.077887660295108	0.01	0.01	0.01	0.007	0.01	0.8373799769550331	0.10390302418272311	0.05224492761221883	0.038385279719923136	0.06270797484789281	39.16604636918222	30.55721909601594	29.82529710734975	40.442692780599494	5.600109218665852	61.31712579733259
2.200298229088625	0.01	0.01	0.01	0.007	0.01	0.8374802356164859	0.10390302907355317	0.05224492949857968	0.038385344271926754	0.06270797466293435	41.16706309753731	31.928687886095304	31.190350315096712	42.15079364934219	5.847554941084471	59.57554266948444
2.3227548009230174	0.01	0.01	0.01	0.007	0.01	0.8375426236283133	0.10390303093679087	0.05224493100450643	0.03838539802826089	0.06270797452337679	43.10399488932609	33.247598249024264	32.514696679440156	43.793713120388254	6.087363380805041	57.88279873033457
2.4367067232137627	0.01	0.01	0.01	0.007	0.01	0.8375792869382416	0.10390303161602663	0.052244932147407656	0.038385444010931566	0.06270797442278905	44.849726472494496	34.42862987124997	33.71106519618789	45.265128657814145	6.303766011943141	56.35084717619102
2.5430588905680716	0.01	0.01	0.01	0.007	0.01	0.8376015865974722	0.10390303188082564	0.052244933037919536	0.03838549013410556	0.06270797434781919	46.43102480730237	35.49177711956386	34.79716618877016	46.58988761480193	6.500021335299399	54.957666559850765
2.6460833413418374	0.01	0.01	0.01	0.007	0.01	0.837615974585113	0.10390303199295595	0.05224493377111788	0.038385534820129505	0.06270797428851205	47.91975020766492	36.48660228630296	35.821927868810604	47.82970604510358	6.685007062129298	53.640930843358184
2.749175421419138	0.01	0.01	0.01	0.007	0.01	0.8376256291050231	0.10390303204272669	0.05224493440140137	0.03838557575002969	0.0627079742394147	49.36803091154782	37.448436173317994	36.82106913833659	49.02859767160373	6.865185009352274	52.35490946421511
2.8539813397048195	0.01	0.01	0.01	0.007	0.01	0.8376321894941137	0.10390303206503289	0.052244934955183654	0.03838561308088801	0.06270797419781696	50.79894291958912	38.39264556268005	37.8105106304475	50.20571317617819	7.043426375235583	51.07910958419918
2.9606963430749222	0.01	0.01	0.01	0.007	0.01	0.8376366232312494	0.10390303207490495	0.0522449354445806	0.03838564744815156	0.06270797416233258	52.214039171484885	39.320135817255256	38.7913855476968	51.36218274706239	7.219930555001892	49.81200938000664
3.0686691965091732	0.01	0.01	0.01	0.007	0.01	0.8376395823117948	0.10390303207919122	0.05224493587616441	0.03838567928252963	0.06270797413209463	53.60388204893963	40.22464655638817	39.75719389553851	52.49020039477263	7.3935245168946215	48.561961127030855
3.177052927043588	0.01	0.01	0.01	0.007	0.01	0.8376415350761399	0.10390303208102458	0.05224493625558653	0.03838570893297812	0.06270797410637327	54.95766787732674	41.099211271964045	40.7004163187534	53.581073676457436	7.5628576474080145	47.338704612592984
3.2852447747025355	0.01	0.01	0.01	0.007	0.01	0.8376428159432006	0.10390303208180353	0.052244936589057635	0.03838573674842422	0.06270797408446806	56.26879427578826	41.93976255485463	41.61638924882349	54.6297205180456	7.727097775249229	46.148345780847194
3.393019096369037	0.01	0.01	0.01	0.007	0.01	0.8376436553037586	0.10390303208213449	0.05224493688309592	0.03838576300580577	0.06270797406572345	57.53588485581775	42.74568954752372	42.50405843664494	55.635367929695775	7.886063254109801	44.99234087153216
3.5004353216094977	0.01	0.01	0.01	0.007	0.01	0.8376442064711731	0.10390303208227564	0.05224493714381073	0.038385787854896596	0.06270797404957057	58.761041727197	43.51861268571767	43.364798364965075	56.600026717852856	8.040008026730767	43.8689912464719
3.607672159889599	0.01	0.01	0.01	0.007	0.01	0.837644569382949	0.10390303208233612	0.05224493737641432	0.038385811356322824	0.06270797403554582	59.94753817159464	44.26085603352346	44.200819174492985	57.526587089264126	8.189334452733831	42.77549512145355
3.714895452076913	0.01	0.01	0.01	0.007	0.01	0.8376448088036588	0.10390303208236205	0.05224493758509967	0.038385833549916	0.06270797402328596	61.09823382115705	44.97443481853218	45.01405837536717	58.417555380222076	8.33439467725031	41.70938891493279
3.8221971865904987	0.01	0.01	0.01	0.007	0.01	0.8376449668722344	0.10390303208237316	0.05224493777316885	0.038385854492773666	0.06270797401250829	62.21498702177625	45.66070391263934	45.80576074021033	59.274614717623145	8.475416081440516	40.66910264736475
3.929594396864676	0.01	0.01	0.01	0.007	0.01	0.837645071212652	0.10390303208237793	0.05224493794325206	0.03838587426386935	0.0627079740029906	63.29877339718114	46.32045536216951	46.57655284980629	60.09874603950607	8.612515323451564	39.65387128157253
4.037058652845831	0.01	0.01	0.01	0.007	0.01	0.8376451400471071	0.10390303208237997	0.05224493809750905	0.03838589295365491	0.06270797399455283	64.35009169329406	46.95418623772284	47.326723623493734	60.89056203564842	8.745748884910965	38.6633731677892
4.144549521894563	0.01	0.01	0.01	0.007	0.01	0.8376451854323301	0.10390303208238089	0.05224493823777262	0.038385910651562404	0.06270797398704575	65.36934530062346	47.56233915570143	48.05649240293532	61.65060734739873	8.87516101605625	37.697380155649746
4.2520367063585525	0.01	0.01	0.01	0.007	0.01	0.8376452153466801	0.10390303208238127	0.05224493836563234	0.038385927437100516	0.0627079739803437	66.35705809975317	48.14543214775081	48.76616304867865	62.37952084562669	9.000811098543252	36.75555407334494
4.359507302785526	0.01	0.01	0.01	0.007	0.01	0.8376452350622277	0.10390303208238144	0.05224493848247812	0.03838594337648465	0.06270797397433958	67.31392121646127	48.7040820931199	49.45615917724456	63.07806505377061	9.122779754527562	35.837398374040035
4.466962466426362	0.01	0.01	0.01	0.007	0.01	0.837645248057034	0.1039030320823815	0.0522449385895241	0.03838595852403398	0.062707973968943	68.24073909409157	49.23896812436151	50.12698731221319	63.747080545543874	9.241162171934766	34.942305187761114
4.574410018825456	0.01	0.01	0.01	0.007	0.01	0.8376452566231161	0.10390303208238152	0.05224493868782666	0.038385972925912344	0.06270797396407643	69.13834950290591	49.7507820024672	50.779180385014136	64.38742397862373	9.356058023607934	34.06962934565426
4.681857880058546	0.01	0.01	0.01	0.007	0.01	0.8376452622703177	0.10390303208238154	0.05224493877830246	0.03838598662382472	0.06270797395967456	70.00756316154373	50.24019253493461	51.41325434612423	64.99992360821152	9.46756378552066	33.21874596229299
4.789310754029309	0.01	0.01	0.01	0.007	0.01	0.8376452659933701	0.10390303208238154	0.052244938861747914	0.03838599965722305	0.0627079739556813	70.8491390920385	50.70783225696514	52.029689979248836	65.58536259733684	9.575769554795105	32.389075034108565
4.896769672944578	0.01	0.01	0.01	0.007	0.01	0.8376452684478526	0.10390303208238154	0.05224493893885685	0.03838601206404163	0.06270797395204937	71.66378619595595	51.154299557761526	52.62893356320464	66.14448163711985	9.680759204233363	31.58008101959183
5.004233320418665	0.01	0.01	0.01	0.007	0.01	0.8376452700659558	0.10390303208238154	0.05224493901023761	0.03838602388043759	0.06270797394873749	72.45217798340109	51.580167914654886	53.2114072444009	66.6779904725685	9.78261223548741	30.791259278296778
5.111699639694548	0.01	0.01	0.01	0.007	0.01	0.837645271132645	0.10390303208238154	0.05224493907642571	0.03838603514028431	0.06270797394571034	73.2149670593377	51.98599440799088	53.777519466287345	67.18657854625668	9.881405623899704	30.022122206816633
5.21916699382318	0.01	0.01	0.01	0.007	0.01	0.8376452718358138	0.10390303208238154	0.05224493913789559	0.03838604587481909	0.06270797394293716	73.9527941467229	52.37232474799556	54.32767158093992	67.6709212890383	9.977214978789402	29.27219033486086
5.32663455008299	0.01	0.01	0.01	0.007	0.01	0.837645272299343	0.10390303208238154	0.05224493919506827	0.03838605611264859	0.06270797394039106	74.66629041830498	52.73969444528495	54.8622596165355	68.13168158695242	10.070114848936512	28.5409898850141
5.434102215949255	0.01	0.01	0.01	0.007	0.01	0.837645272604901	0.10390303208238154	0.05224493924831861	0.03838606587996638	0.06270797393804875	75.3560765280607	53.08862819959153	55.38167360687601	68.56950901579687	10.160178601710811	27.828053633209247
5.541570268998159	0.01	0.01	0.01	0.007	0.01	0.837645272806325	0.10390303208238154	0.05224493929798107	0.03838607520092302	0.06270797393588962	76.02275991957944	53.41963848600954	55.886295595513594	68.98503806646983	10.24747807450294	27.132923614600386
5.649039036631537	0.01	0.01	0.01	0.007	0.01	0.8376452729391038	0.10390303208238154	0.05224493934435469	0.03838608409796094	0.06270797393389542	76.66693293984268	53.733224681927126	56.3764981911961	69.3788870445628	10.332083325963588	26.455153125240834
5.756508696791183	0.01	0.01	0.01	0.007	0.01	0.8376452730266317	0.10390303208238154	0.052244939387707155	0.038386092592069765	0.06270797393205048	77.2891720485478	54.029872833801	56.852643912353905	69.75165777022282	10.414062526809031	25.79430767520555
5.863979263719617	0.01	0.01	0.01	0.007	0.01	0.8376452730843298	0.10390303208238154	0.05224493942827895	0.03838610070292889	0.06270797393034079	77.89003827238372	54.31005606749805	57.315085462846525	70.10393608522368	10.493482012583256	25.149964669637814
5.971450630660377	0.01	0.01	0.01	0.007	0.01	0.837645273122364	0.10390303208238154	0.052244939466286715	0.03838610844900265	0.06270797392875374	78.47007795621872	54.57423512878122	57.76416623925258	70.4362925240551	10.570406375964552	24.521712764544937
6.0789226481489065	0.01	0.01	0.01	0.007	0.01	0.8376452731474361	0.10390303208238154	0.05224493950192575	0.03838611584760264	0.06270797392727816	79.02982362714417	54.822858948755055	58.20022093630579	70.74928301738437	10.64489857508565	23.909151075373323
6.186395180953457	0.01	0.01	0.01	0.007	0.01	0.8376452731639632	0.10390303208238154	0.05224493953537269	0.03838612291495081	0.06270797392590437	79.5697946504158	55.056365084359676	58.62357600370191	71.04344943938194	10.717020015465854	23.31188858190186
6.293868150781935	0.01	0.01	0.01	0.007	0.01	0.8376452731748577	0.10390303208238154	0.05224493956678758	0.03838612966623916	0.06270797392462346	80.09049774597871	55.2751800751339	59.034550003359264	71.31932005041988	10.786830614266817	22.729543664577243
6.401341514929866	0.01	0.01	0.01	0.007	0.01	0.8376452731820393	0.10390303208238154	0.052244939596315716	0.038386136115719734	0.0627079739234276	80.59242716014806	55.47971964260703	59.433453699653825	71.57740974184443	10.85438881881383	22.161744014515307
6.508815252045506	0.01	0.01	0.01	0.007	0.01	0.8376452731867732	0.10390303208238154	0.05224493962408908	0.03838614227678199	0.06270797392230969	81.07606488623335	55.67038891458616	59.8205901862481	71.81822031203767	10.919751631485125	21.60812649361475
6.616289347894642	0.01	0.01	0.01	0.007	0.01	0.8376452731898937	0.10390303208238154	0.052244939650228424	0.0383861481620253	0.06270797392126339	81.54188089371345	55.84758265523247	60.196255018519565	72.04224074975757	10.982974635639708	21.068336987894277
6.723763788242924	0.01	0.01	0.01	0.007	0.01	0.8376452731919508	0.10390303208238154	0.05224493967484338	0.03838615378332061	0.06270797392028298	81.99033339389402	56.01168551036187	60.560736374606485	72.24994753673397	11.044112026422434	20.54203022054303
6.831238537502484	0.01	0.01	0.01	0.007	0.01	0.8376452731933068	0.10390303208238154	0.05224493969803424	0.03838615915187665	0.06270797391936339	82.42186904910201	56.16307223238799	60.91431517019261	72.44180492454664	11.103216633839295	20.02886963221634
6.938713581438588	0.01	0.01	0.01	0.007	0.01	0.8376452731942006	0.10390303208238154	0.05224493971989341	0.03838616427826269	0.06270797391849973	82.83692343653072	56.30210799270637	61.25726538251879	72.61826532245688	11.16033998076966	19.52852695726199
7.0461888844629055	0.01	0.01	0.01	0.007	0.01	0.8376452731947898	0.10390303208238154	0.05224493974050483	0.03838616917247844	0.06270797391768793	83.23592115509987	56.42914856238806	61.58985408447784	72.77976951865588	11.215532292335803	19.04068221848664
7.153664425222538	0.01	0.01	0.01	0.007	0.01	0.837645273195178	0.10390303208238154	0.05224493975994615	0.03838617384397297	0.06270797391692426	83.61927623711392	56.544540595178674	61.91234173023748	72.9267470314059	11.268842547193955	18.565023355350853
7.26114018236445	0.01	0.01	0.01	0.007	0.01	0.8376452731954339	0.10390303208238154	0.05224493977828863	0.03838617830169001	0.06270797391620493	83.98739235488908	56.6486218358102	62.224982273855304	73.05961636569063	11.320318500841267	18.101246093756235
7.368616127417617	0.01	0.01	0.01	0.007	0.01	0.8376452731956028	0.10390303208238154	0.05224493979559778	0.03838618255410694	0.06270797391552692	84.34066305614257	56.74172133767644	62.52802331154966	73.17878528181707	11.37000671287403	17.649053781523754
7.476092253264494	0.01	0.01	0.01	0.007	0.01	0.837645273195714	0.10390303208238154	0.05224493981193426	0.038386186609248536	0.06270797391488737	84.67947210846263	56.82415970467912	62.82170631933436	73.28465109524436	11.41795258976343	17.20815708011346
7.583568545669613	0.01	0.01	0.01	0.007	0.01	0.8376452731957875	0.10390303208238154	0.052244939827353995	0.038386190474732663	0.06270797391428372	85.00419364666479	56.89624927562302	63.1062667237832	73.37760090320633	11.464200400122424	16.778273903509742
7.691044976161657	0.01	0.01	0.01	0.007	0.01	0.8376452731958357	0.10390303208238154	0.05224493984190846	0.0383861941578012	0.06270797391371323	85.31519239709638	56.95829433129613	63.38193403749968	73.45801184030645	11.508793300674204	16.35912926180123
7.798521544740804	0.01	0.01	0.01	0.007	0.01	0.8376452731958676	0.10390303208238154	0.05224493985564582	0.03838619766531891	0.06270797391317394	85.61282403578268	57.01059132191808	63.64893211581557	73.52625136098317	11.551773381663109	15.950454918342299
7.90599825140723	0.01	0.01	0.01	0.007	0.01	0.8376452731958886	0.10390303208238154	0.052244939868610195	0.038386201003812924	0.0627079739126637	85.8974353251757	57.05342904146021	63.90747922103581	73.58267745375979	11.5931816808859	15.551989336408258
8.013475067689443	0.01	0.01	0.01	0.007	0.01	0.8376452731959024	0.10390303208238154	0.05224493988084291	0.0383862041795109	0.06270797391218087	86.16936426646524	57.08708881253537	64.15778809689732	73.62763886876	11.633058199615585	15.163477613479555
8.120951986469635	0.01	0.01	0.01	0.007	0.01	0.8376452731959116	0.10390303208238154	0.052244939892382124	0.038386207198330385	0.06270797391172331	86.42894045038523	57.111844695264395	64.40006622576557	73.66147537736968	11.671441947639073	14.784671131988176
8.228429000629973	0.01	0.01	0.01	0.007	0.01	0.8376452731959175	0.10390303208238154	0.052244939903263544	0.038386210065909344	0.06270797391128988	86.67648520828146	57.12796365886563	64.63451590741539	73.68451798347007	11.70837095952737	14.415327482605985
8.335906095934675	0.01	0.01	0.01	0.007	0.01	0.8376452731959215	0.10390303208238154	0.052244939913520104	0.038386212787627466	0.06270797391087876	86.91231180311505	57.135705759780606	64.86133437362982	73.69708914328768	11.743882316675325	14.055210332820208
8.443383272383803	0.01	0.01	0.01	0.007	0.01	0.8376452731959243	0.10390303208238154	0.05224493992318281	0.038386215368607986	0.06270797391048884	87.13672567775915	57.13532431736517	65.08071395963636	73.69950298303543	11.778012178137283	13.704089204002297
8.550860522859477	0.01	0.01	0.01	0.007	0.01	0.8376452731959261	0.10390303208238154	0.05224493993228042	0.038386217813745474	0.06270797391011873	87.35002460232262	57.12706608056108	65.29284218080146	73.69206550419452	11.810795796487508	13.361739397116377
8.658337840243801	0.01	0.01	0.01	0.007	0.01	0.8376452731959272	0.10390303208238154	0.05224493994083986	0.038386220127714844	0.06270797390976736	87.55249888212278	57.11117139457019	65.4979018683419	73.67507478963059	11.842267542881766	13.027941824287794
8.765815217418867	0.01	0.01	0.01	0.007	0.01	0.8376452731959281	0.10390303208238154	0.05224493994888619	0.03838622231498339	0.06270797390943364	87.74443154409828	57.08787436204548	65.6960712862596	73.64882120272678	11.872460929062303	12.702482868727786
8.873292647266755	0.01	0.01	0.01	0.007	0.01	0.8376452731959285	0.10390303208238154	0.052244939956443144	0.038386224379822746	0.06270797390911652	87.9260985185704	57.05740300025257	65.88752424535856	73.61358758154071	11.901408628813725	12.385154248153444
8.980770108433626	0.01	0.01	0.01	0.007	0.01	0.8376452731959287	0.10390303208238154	0.052244939963532445	0.03838622632632822	0.06270797390881508	88.09776879438047	57.019979399710095	66.07243019035131	73.56964943449388	11.929142495289007	12.075752922081287
9.088247615155403	0.01	0.01	0.01	0.007	0.01	0.837645273195929	0.10390303208238154	0.052244939970174875	0.038386228158398164	0.06270797390852868	88.25970467090977	56.97581985598149	66.25095439373737	73.51727510425053	11.95569359422056	11.774080818832948
9.195725153196188	0.01	0.01	0.01	0.007	0.01	0.8376452731959291	0.10390303208238154	0.052244939976389876	0.03838622987978284	0.06270797390825614	88.4121618226537	56.925135036547736	66.4232579502386	73.45672597249026	11.981092207085345	11.479944894609947
9.303202729673949	0.01	0.01	0.01	0.007	0.01	0.8376452731959292	0.10390303208238154	0.05224493998219553	0.03838623149406259	0.06270797390799691	88.55538954036534	56.86813010361793	66.58949796378282	73.38825661266546	12.005367863023224	11.193156868780974
9.4106803445887	0.01	0.01	0.01	0.007	0.01	0.8376452731959293	0.10390303208238154	0.05224493998760889	0.038386233004673455	0.0627079739077504	88.68963084787744	56.805004864001546	66.74982760038473	73.31211497457707	12.028549350655327	10.913533183806067
9.518157983704524	0.01	0.01	0.01	0.007	0.01	0.8376452731959293	0.10390303208238154	0.052244939992646136	0.0383862344149196	0.06270797390751578	88.8151226534331	56.735953911068755	66.90439617815136	73.22854255968853	12.050664735476502	10.6408949031826
9.625635654139394	0.01	0.01	0.01	0.007	0.01	0.8376452731959293	0.10390303208238154	0.05224493999732221	0.038386235727958136	0.06270797390729252	88.93209594503492	56.66116673454503	67.05334931498483	73.13777455736934	12.071741385338704	10.375067505530891
9.733113334539416	0.01	0.01	0.01	0.007	0.01	0.8376452731959293	0.10390303208238154	0.05224494000165139	0.0383862369468373	0.06270797390708016	89.04077588215287	56.58082788180133	67.19682895099244	73.04004004337963	12.091805977897128	10.11588089829119
9.840591032022559	0.01	0.01	0.01	0.007	0.01	0.8376452731959293	0.10390303208238154	0.052244940005647215	0.0383862380744667	0.06270797390687814	89.14138200254185	56.495117043410524	67.33497351826433	72.93556208644085	12.110884528875042	9.863169168043465
9.948068739470855	0.01	0.01	0.01	0.007	0.01	0.8376452731959293	0.10390303208238154	0.05224494000932214	0.03838623911365047	0.06270797390668559	89.23412831752687	56.40420920527273	67.46791797063212	72.82455793554803	12.129002400425726	9.616770579582786
10.055546456884306	0.01	0.01	0.01	0.007	0.01	0.8376452731959293	0.10390303208238154	0.05224494001268805	0.038386240067079525	0.0627079739065025	89.31922347107646	56.30827475150828	67.59579389840817	72.70723914739767	12.146184321346846	9.376527421129124
10.163024184262913	0.01	0.01	0.01	0.007	0.01	0.8376452731959293	0.10390303208238154	0.05224494001575633	0.03838624093734076	0.0627079739063283	89.39687086666832	56.207479585672196	67.7187296029723	72.58381173604963	12.162454401576158	9.142285920765914
10.270501921606677	0.01	0.01	0.01	0.007	0.01	0.8376452731959293	0.10390303208238154	0.05224494001853753	0.0383862417269228	0.06270797390616253	89.46726879826878	56.10198524392328	67.83685017893512	72.4544763127546	12.177836147653101	8.913896148017049
10.37797967603357	0.01	0.01	0.01	0.007	0.01	0.8376452731959293	0.10390303208238154	0.052244940021041915	0.03838624243821553	0.06270797390600479	89.53061058200544	55.99194899792486	67.95027760160822	72.31942821315275	12.19235247872737	8.691211903320553
10.485457433307651	0.01	0.01	0.01	0.007	0.01	0.8376452731959293	0.10390303208238154	0.05224494002327851	0.03838624307353277	0.06270797390585484	89.58708466437338	55.877523991868756	68.0591307753778	72.17885766634424	12.206025737469671	8.47409068307352
10.592935179192981	0.01	0.01	0.01	0.007	0.01	0.8376452731959293	0.10390303208238154	0.052244940025256856	0.03838624363510311	0.06270797390571216	89.63687475955192	55.75885932760165	68.16352563461714	72.03294990030189	12.218877707696043	8.262393541460568
10.70041292080753	0.01	0.01	0.01	0.007	0.01	0.8376452731959293	0.10390303208238154	0.052244940026984994	0.038386244125060046	0.0627079739055766	89.68015997550579	55.636100141896655	68.26357523724653	71.88188523746106	12.230929630629642	8.055984961189674
10.807890679505208	0.01	0.01	0.01	0.007	0.01	0.8376452731959293	0.10390303208238154	0.052244940028471396	0.03838624454545004	0.06270797390544784	89.71711492073074	55.50938771062287	68.35938982663069	71.72583922330622	12.242202217013187	7.854732785152729
10.915368426814133	0.01	0.01	0.01	0.007	0.01	0.8376452731959293	0.10390303208238154	0.05224494002972337	0.03838624489827729	0.06270797390532534	89.74790979632905	55.37885962246464	68.45107684610757	71.56498284073555	12.25271565386687	7.658508250546407
11.022846169852277	0.01	0.01	0.01	0.007	0.01	0.8376452731959293	0.10390303208238154	0.052244940030748435	0.03838624518545239	0.06270797390520914	89.77271053713788	55.244649774240386	68.53874108532918	71.39948250472702	12.26248962665042	7.467185744818453
11.13032390861964	0.01	0.01	0.01	0.007	0.01	0.8376452731959293	0.10390303208238154	0.05224494003155334	0.03838624540882244	0.06270797390509891	89.79167890235863	55.10688851260024	68.62248470818267	71.22950023719417	12.271543327207292	7.2806428066060676
11.237801664470132	0.01	0.01	0.01	0.007	0.01	0.8376452731959293	0.10390303208238154	0.05224494003214466	0.038386245570156095	0.06270797390499436	89.80497258461232	54.96570268745523	68.70240734021695	71.05519373306757	12.279895468441534	7.098759998171177
11.345279408931871	0.01	0.01	0.01	0.007	0.01	0.8376452731959293	0.10390303208238154	0.052244940032528636	0.03838624567119184	0.06270797390489515	89.8127453028837	54.821215833332424	68.77860607953974	70.87671658429143	12.28756429079752	6.921420949397888
11.452757134886893	0.01	0.01	0.01	0.007	0.01	0.8376452731959293	0.10390303208238154	0.05224494003271099	0.03838624571359522	0.06270797390480132	89.81514691410428	54.6735481636407	68.85117561439482	70.69421827290306	12.294567579945038	6.748512159841656
11.560234856571133	0.01	0.01	0.01	0.007	0.01	0.8376452731959293	0.10390303208238154	0.05224494003269733	0.03838624569896099	0.06270797390471229	89.81232350433154	54.522816650844376	68.92020828010078	70.50784427001453	12.300922677511394	6.5799229306051705
11.667712573984593	0.01	0.01	0.01	0.007	0.01	0.8376452731959293	0.10390303208238154	0.05224494003249319	0.038386245628838904	0.06270797390462829	89.80441748139516	54.369135156262274	68.9857940935947	70.31773619620238	12.306646489787749	6.415545351442939
11.775190280009305	0.01	0.01	0.01	0.007	0.01	0.8376452731959293	0.10390303208238154	0.05224494003210359	0.03838624550473083	0.0627079739045491	89.79156766921766	54.21261450094444	69.04802081741852	70.12403190913128	12.311755499322016	6.255274218382745
11.88266797464527	0.01	0.01	0.01	0.007	0.01	0.8376452731959293	0.10390303208238154	0.052244940031533224	0.0383862453280843	0.06270797390447412	89.77390939635374	54.05336252264189	69.10697402460484	69.92686557392982	12.316265776252521	6.099006944633035
11.990145665010457	0.01	0.01	0.01	0.007	0.01	0.8376452731959293	0.10390303208238154	0.052244940030786675	0.03838624510029406	0.06270797390440362	89.75157458175872	53.89148415029947	69.16273715239541	69.72636775521883	12.320192988422482	5.946643496261303
12.097623351104865	0.01	0.01	0.01	0.007	0.01	0.8376452731959293	0.10390303208238154	0.05224494002986857	0.03838624482271335	0.06270797390433726	89.72469182236043	53.72708149870086	69.21539154790074	69.52266553412213	12.323552410844263	5.798086348843185
12.205101025810528	0.01	0.01	0.01	0.007	0.01	0.8376452731959293	0.10390303208238154	0.05224494002878281	0.0383862444966559	0.06270797390427486	89.69338647765743	53.560253941002905	69.26501652125462	69.31588259793385	12.326358935696327	5.653240423761639
12.312578689127447	0.01	0.01	0.01	0.007	0.01	0.8376452731959293	0.10390303208238154	0.05224494002753341	0.03838624412338842	0.06270797390421644	89.65778074712199	53.39109815681917	69.31168940337834	69.10613929947166	12.32862708232585	5.51201300768907
12.420056348173588	0.01	0.01	0.01	0.007	0.01	0.8376452731959293	0.10390303208238154	0.05224494002612413	0.038386243704132336	0.06270797390416147	89.61799374772805	53.21970819956581	69.35548559453103	68.89355274027842	12.33037100639064	5.374313694456386
12.527533995830987	0.01	0.01	0.01	0.007	0.01	0.8376452731959293	0.10390303208238154	0.05224494002455884	0.038386243240079054	0.06270797390411026	89.57414159873291	53.046175596877006	69.39647860382617	68.67823689487291	12.331604508586874	5.240054354654083
12.635011624981686	0.01	0.01	0.01	0.007	0.01	0.8376452731959293	0.10390303208238154	0.052244940022840594	0.038386242732382246	0.06270797390406269	89.52633749281917	52.87058939336461	69.43474010305108	68.46030266352078	12.33234104391058	5.109149059845066
12.742489235625687	0.01	0.01	0.01	0.007	0.01	0.8376452731959293	0.10390303208238154	0.05224494002097301	0.03838624218215489	0.06270797390401842	89.47469176567606	52.69303620187372	69.47033997481151	68.23985793551145	12.332593730291114	4.981514019266746
12.84996683488095	0.01	0.01	0.01	0.007	0.01	0.8376452731959293	0.10390303208238154	0.05224494001895897	0.03838624159047058	0.06270797390397724	89.4193119660818	52.51360026437045	69.50334635641241	68.01700766438398	12.33237535685432	4.8570675272935695
12.957444429865438	0.01	0.01	0.01	0.007	0.01	0.8376452731959293	0.10390303208238154	0.05224494001680154	0.03838624095836938	0.06270797390393942	89.36030292833516	52.332363523430075	69.53382568075139	67.7918539563352	12.33169839204757	4.73572992009327
13.064922013461192	0.01	0.01	0.01	0.007	0.01	0.8376452731959293	0.10390303208238154	0.05224494001450367	0.03838624028686814	0.0627079739039046	89.29776684868612	52.149405705138406	69.56184271537545	67.5644961728506	12.33057499183546	4.6174235400605035
13.17239959278617	0.01	0.01	0.01	0.007	0.01	0.8376452731959293	0.10390303208238154	0.05224494001206805	0.03838623957694391	0.06270797390387274	89.2318033358736	51.96480432812833	69.58746061206527	67.33503094156859	12.329017007331831	4.502072653948641
13.279877160722416	0.01	0.01	0.01	0.007	0.01	0.8376452731959293	0.10390303208238154	0.052244940009497205	0.03838623882955248	0.06270797390384364	89.16250949217735	51.77863480763987	69.61074093986691	67.1035522852217	12.327035992709934	4.389603435751171
13.387354717269929	0.01	0.01	0.01	0.007	0.01	0.8376452731959293	0.10390303208238154	0.052244940006793576	0.03838623804561665	0.06270797390381731	89.0899799637568	51.590970473315366	69.63174373002337	66.87015164338652	12.324643212387505	4.279943896043837
13.494832262428712	0.01	0.01	0.01	0.007	0.01	0.8376452731959293	0.10390303208238154	0.052244940003959774	0.03838623722603145	0.06270797390379368	89.01430700599599	51.401882634110564	69.65052751250565	66.63491795279361	12.321849648325301	4.173023843839437
13.602309789080811	0.01	0.01	0.01	0.007	0.01	0.8376452731959293	0.10390303208238154	0.052244940000997914	0.038386236371669546	0.06270797390377275	88.93558054860361	51.21144064247464	69.66714935248865	66.3979377267644	12.31866600730857	4.068774848476334
13.70978729722623	0.01	0.01	0.01	0.007	0.01	0.8376452731959293	0.10390303208238154	0.05224493999791014	0.03838623548337323	0.06270797390375431	88.85388824386104	51.019711919518976	69.68166488939458	66.15929508612143	12.315102727456013	3.9671301816669375
13.817264793982924	0.01	0.01	0.01	0.007	0.01	0.8376452731959293	0.10390303208238154	0.05224493999469869	0.038386234561955564	0.0627079739037383	88.76931552246344	50.82676200355125	69.69412837184264	65.91907181915687	12.311169984802147	3.868024775658624
13.924742286468845	0.01	0.01	0.01	0.007	0.01	0.8376452731959293	0.10390303208238154	0.05224493999136531	0.03838623360820527	0.06270797390372466	88.68194565390243	50.6326546103375	69.70459269113351	65.67734745622022	12.30687770001805	3.771395188716254
14.032219767566042	0.01	0.01	0.01	0.007	0.01	0.8376452731959293	0.10390303208238154	0.05224493998791206	0.03838623262289736	0.06270797390371335	88.59185981266135	50.437451705612304	69.71310941417926	65.43419935960074	12.302235545434112	3.6771795767983484
14.139697237274518	0.01	0.01	0.01	0.007	0.01	0.8376452731959293	0.10390303208238154	0.05224493998434073	0.0383862316067797	0.06270797390370436	88.49913711399077	50.24121351207108	69.71972881895594	65.18970273182903	12.297252950464706	3.5853176343670365
14.247174695594271	0.01	0.01	0.01	0.007	0.01	0.8376452731959293	0.10390303208238154	0.052244939980653	0.03838623056057865	0.06270797390369742	88.40385467078094	50.04399856634449	69.72449992583496	64.94393068621775	12.291939107920431	3.4957505624338983
14.354652142525305	0.01	0.01	0.01	0.007	0.01	0.8376452731959293	0.10390303208238154	0.052244939976850556	0.03838622948499986	0.06270797390369282	88.30608764364457	49.84586376212347	69.72747052900209	64.69695430017238	12.286302979920515	3.4084210309232796
14.46212957806762	0.01	0.01	0.01	0.007	0.01	0.8376452731959293	0.10390303208238154	0.05224493997293501	0.0383862283807284	0.06270797390369011	88.20590928974805	49.64686439220125	69.72868722709156	64.4488426671642	12.280353303657527	3.3232731419758545
14.569607002221217	0.01	0.01	0.01	0.007	0.01	0.8376452731959293	0.10390303208238154	0.052244939968907854	0.03838622724843048	0.06270797390368944	88.10339101042275	49.44705418945961	69.72819545305491	64.1996629473991	12.274098597018062	3.24025239416894
14.677084414986098	0.01	0.01	0.01	0.007	0.01	0.8376452731959293	0.10390303208238154	0.05224493996477049	0.03838622608875292	0.06270797390369082	87.99860239758678	49.2464853668257	69.72603950328363	63.949480417214644	12.267547164063009	3.159305647630665
14.784561816362263	0.01	0.01	0.01	0.007	0.01	0.8376452731959293	0.10390303208238154	0.05224493996052447	0.03838622490232456	0.0627079739036941	87.89161127900681	49.04520865622525	69.72226256600419	63.69835851723719	12.260707100370908	3.080381090025663
14.892039206349715	0.01	0.01	0.01	0.007	0.01	0.8376452731959293	0.10390303208238154	0.052244939956170834	0.03838622368975677	0.06270797390369924	87.78248376242905	48.843273346557126	69.7169067489638	63.4463588993303	12.253586298247821	3.0034282033905138
14.999516584948454	0.01	0.01	0.01	0.007	0.01	0.8376452731959293	0.10390303208238154	0.05224493995171111	0.03838622245164371	0.0627079739037062	87.67128427860767	48.64072732071389	69.71001310642443	63.19354147236439	12.246192451807039	2.9283977317977063
15.106993952158481	0.01	0.01	0.01	0.007	0.01	0.8376452731959293	0.10390303208238154	0.05224493994714648	0.038386221188563226	0.06270797390371494	87.55807562325802	48.43761709167212	69.70162166548253	62.939964446837266	12.238533061921885	2.8552416498274256
15.214471307979798	0.01	0.01	0.01	0.007	0.01	0.8376452731959293	0.10390303208238154	0.052244939942477975	0.03838621990107719	0.06270797390372537	87.44291899796175	48.233987837675734	69.69177145173121	62.68568437837423	12.230615441054796	2.783913131826981
15.321948659530348	0.01	0.01	0.01	0.007	0.01	0.8376452731959293	0.10390303208238154	0.052244939937706784	0.038386218589727246	0.06270797390373745	87.32587404223706	48.02988342300306	69.68050051348858	62.430756193232284	12.22244671741659	2.7143665173903258
15.429425999692189	0.01	0.01	0.01	0.007	0.01	0.8376452731959293	0.10390303208238154	0.05224493993283376	0.038386217255049586	0.0627079739037513	87.20699889562498	47.82534647194547	69.66784594839096	62.17523328027791	12.214033841172844	2.646557296005076
15.536903328465323	0.01	0.01	0.01	0.007	0.01	0.8376452731959293	0.10390303208238154	0.05224493992786011	0.03838621589756112	0.06270797390376669	87.08635021265431	47.62041836092472	69.65384392517014	61.91916748074153	12.205383587337648	2.580442064452169
15.644380652967692	0.01	0.01	0.01	0.007	0.01	0.8376452731959293	0.10390303208238154	0.05224493992278693	0.038386214517760364	0.06270797390378369	86.96398319921217	47.415139250133016	69.63852970639329	61.662609127320444	12.196502560058116	2.515978499592363
15.751857966081355	0.01	0.01	0.01	0.007	0.01	0.8376452731959293	0.10390303208238154	0.05224493991761489	0.03838621311614145	0.06270797390380223	86.83995167285023	47.20954815528965	69.62193767407953	61.40560713344702	12.187397198627341	2.4531253441354104
15.859335260688374	0.01	0.01	0.01	0.007	0.01	0.8376452731959293	0.10390303208238154	0.052244939912344884	0.038386211693185256	0.06270797390382228	86.71430808226637	47.00368295074932	69.60410135013956	61.14820899679092	12.178073780530722	2.3918423711608185
15.966812536788753	0.01	0.01	0.01	0.007	0.01	0.8376452731959293	0.10390303208238154	0.05224493990697784	0.03838621024935537	0.06270797390384379	86.58710353306064	46.79758038525994	69.58505341654995	60.890460818551254	12.168538424848768	2.3320903544854255
16.0	0.01	0.01	0.01	0.007	0.01	0.8376452731959293	0.10390303208238154	0.05224493990530114	0.03838621700905578	0.06270797390385073	86.54751692311557	46.733896432056	69.57893183339696	60.810808076797734	12.165552147561906	2.3139431571618636
