0.0	0.01	0.01	0.01	0.007	0.01	0.0	0.0	0.0	0.0	0.0	0.0	0.0	0.0	0.0	0.0	100.0
0.0034409157590861604	0.01	0.01	0.01	0.007	0.01	0.011243412068870726	0.003290254497574899	0.003910163885761136	0.004144789143376909	0.004577250116382933	0.000707564604739284	0.0011556118432124879	0.0023661892049259407	0.0038706787058419866	0.0004450945357996096	99.92892084688921
0.005504894389149217	0.01	0.01	0.01	0.007	0.01	0.01792282006085808	0.005218967723371314	0.006118038805188842	0.006432544517003902	0.007195105443979862	0.0018056847056339576	0.0029393806612949785	0.005964320278969289	0.009699377531750535	0.0011254732572385743	99.88630939044972
0.008620378067976817	0.01	0.01	0.01	0.007	0.01	0.02791401694355537	0.008068027645706194	0.009267267723285722	0.009627380311685113	0.010974501777394416	0.0044083605119842675	0.007140718881978493	0.014295288450970724	0.023047268001904417	0.002710235776137092	99.82202370883239
0.011489189368030063	0.01	0.01	0.01	0.007	0.01	0.03701816276957629	0.010626751289946411	0.011983091935715692	0.012315617899252687	0.014280641987386277	0.007799014019451614	0.012575890175311657	0.024870521256798395	0.03978833781170883	0.004735329937108153	99.76286451786649
0.014823584719432278	0.01	0.01	0.01	0.007	0.01	0.04748544327361939	0.013524710631235903	0.014932495882557684	0.015161823084276025	0.01792628548594196	0.012921780554060885	0.0207277550366355	0.04042356601020613	0.0641100198679393	0.007734386644399584	99.69414834143495
0.01821666397071027	0.01	0.01	0.01	0.007	0.01	0.05801210730061372	0.0163919837375033	0.017720626781239292	0.01777915152202456	0.02143274180526461	0.01942127429096784	0.030989585171453688	0.05959894327080724	0.09371573870531813	0.011459686265688584	99.624271378371
0.02187236196151827	0.01	0.01	0.01	0.007	0.01	0.0692142950020983	0.019391590803696502	0.020501464979462137	0.020315293224434622	0.0249979168029882	0.027854841653608783	0.04419658804645533	0.08375414797258751	0.13053161508846048	0.016189583872731693	99.54904086317697
0.025667335990679684	0.01	0.01	0.01	0.007	0.01	0.08069242312070352	0.022410096375144163	0.02316207771576863	0.022668775125093327	0.028484161467070092	0.03815588943874524	0.060190403932847664	0.11236440633626817	0.17357012150585222	0.021839150594460184	99.47100428690551
0.029658976373187394	0.01	0.01	0.01	0.007	0.01	0.09260176671248527	0.02548346795172687	0.025731869749885925	0.024870510588325997	0.03193507465858263	0.05066292281079106	0.07943751793169118	0.14602166042870374	0.22354112062926815	0.028544920922209442	99.3889896426072
0.03381174157503844	0.01	0.01	0.01	0.007	0.01	0.10481626401203446	0.02857399378887188	0.028177291708667077	0.02689689279179807	0.03530991011247957	0.06546372133269278	0.10200567133862407	0.18458182142073293	0.2800463453097524	0.036300795497228235	99.30373620126647
0.038143279162938276	0.01	0.01	0.01	0.007	0.01	0.11736856865703776	0.03168536812261882	0.030501704846925232	0.028757176702936666	0.03861201117206545	0.08281124399696936	0.1282067554890639	0.22830659745768117	0.3432922957664832	0.04518376583766834	99.21489060186094
0.04264564627448919	0.01	0.01	0.01	0.007	0.01	0.1302154991719561	0.03480233526825326	0.03269503433917078	0.030450140290866706	0.0418143297123757	0.10287172227052646	0.15820983770750466	0.27719370490619766	0.41310258624080576	0.05521816742719788	99.12262531369377
0.04732748106811415	0.01	0.01	0.01	0.007	0.01	0.14336124024674038	0.037921608675847554	0.03475759013812674	0.03198336987131598	0.04488135307586048	0.12588333469344729	0.19228128949738726	0.33138418253227675	0.489513857452333	0.06645347232981819	99.02677326266297
0.05219136000267603	0.01	0.01	0.01	0.007	0.01	0.15679158453240813	0.041035551563654474	0.03668769166567092	0.03336311731735098	0.04773723979747353	0.1520668417756187	0.23064905515872322	0.39093737639529186	0.5724523921578732	0.07890970398741987	98.92729235328981
0.057225495914039894	0.01	0.01	0.01	0.007	0.01	0.17045302794489817	0.044128013537995565	0.038480169622982854	0.03459357745479885	0.050256423929320206	0.1815604878228166	0.273410083716356	0.455701892629676	0.6615654774096116	0.09253584717661618	98.82443442267079
0.06237920543971047	0.01	0.01	0.01	0.007	0.01	0.18419149143294042	0.04716207728491258	0.04012150600051799	0.03567424184105122	0.05228181677259472	0.21422339074410132	0.3202564196085164	0.5249414909671655	0.7557326268508917	0.10711663677047703	98.7192441372197
0.06769257960456879	0.01	0.01	0.01	0.007	0.01	0.19809814968101594	0.050156372763514465	0.04163044781146586	0.03662606768976168	0.0537299109362009	0.25045603864525856	0.3716549272205424	0.5990882551133607	0.8554528086002228	0.1226399849749817	98.61091222304638
0.07325615672606578	0.01	0.01	0.01	0.007	0.01	0.21238475163394205	0.05315246974161227	0.04303306812998423	0.03747232555363659	0.05458559255162151	0.29111514978558584	0.428686044302913	0.6793829743746638	0.9622809256275088	0.1392257755619619	98.49760644439691
0.07905781553987135	0.01	0.01	0.01	0.007	0.01	0.22698895403871286	0.05613198688219621	0.044324582880081974	0.03821616570886265	0.05489178879342361	0.3364085922718386	0.49148318045568434	0.765657778170954	1.0758715706178779	0.15668127129713774	98.37959064522974
0.08506319082219038	0.01	0.01	0.01	0.007	0.01	0.2417964058845186	0.05906777156510945	0.045499330244384566	0.038860877036028425	0.0547649759237127	0.38632879834992695	0.5598754289362561	0.8573516839364861	1.1953949396903196	0.17475140559609353	98.25757983433047
0.09129105702149243	0.01	0.01	0.01	0.007	0.01	0.2568267756306838	0.06196072282113752	0.0465648864100154	0.03941716030357591	0.05433975104486452	0.4412781145209368	0.6342472012056671	0.9546717430722935	1.3210514663174329	0.1933678237184558	98.13120851920664
0.0977975614965782	0.01	0.01	0.01	0.007	0.01	0.27218309463466905	0.06482661329178416	0.04753325658476427	0.03989710667201465	0.05372508719950761	0.5020525893743338	0.7154829692117233	1.0584360843580116	1.4538241580081663	0.21260201824073216	97.9993568754033
0.10463195037502614	0.01	0.01	0.01	0.007	0.01	0.2879405707084966	0.0676738438499809	0.04841222418256371	0.040309685180672176	0.05300046236401084	0.5694923549282973	0.8044753139382806	1.169396375981844	1.5945913765888324	0.23252388656381703	97.86105156009174
0.1118273163573695	0.01	0.01	0.01	0.007	0.01	0.30412745696610805	0.0705009265676759	0.04920588761364672	0.040661539608223544	0.052223126983547405	0.644367539279644	0.9019727651232385	1.2880613603825164	1.7439140377994815	0.25316960702030933	97.71565218777096
0.11940520826188533	0.01	0.01	0.01	0.007	0.01	0.32073925182337154	0.07330022414588078	0.04991695954865424	0.040958401833210284	0.05143389966429222	0.7273880345781096	1.008597852244312	1.4147466165620464	1.9021132091176138	0.2745535607923276	97.56275653216056
0.1273856282719818	0.01	0.01	0.01	0.007	0.01	0.33776296453298843	0.07606282715687229	0.05054856952242018	0.04120595315533927	0.050660826902650176	0.819289393143843	1.1249604930996433	1.5497292334590287	2.0694720807358475	0.296695516301013	97.4019978792472
0.13579153466196112	0.01	0.01	0.01	0.007	0.01	0.35518678708416956	0.0787803211782632	0.05110465751588078	0.04140990821320438	0.04992242164733021	0.9208829443325645	1.2517181638070567	1.6933232069992465	2.2463309478433406	0.3196309928549717	97.23295461345835
0.14465035019549916	0.01	0.01	0.01	0.007	0.01	0.37300222783845	0.08144508715201448	0.0515898546805983	0.041575872472869924	0.04923037597373789	1.0330821614748984	1.3896017193281405	1.845907800269921	2.433120709395685	0.3434130372130756	97.05512082342821
0.15399393610842085	0.01	0.01	0.01	0.007	0.01	0.3912027186297445	0.08405002341971086	0.05200924962745015	0.041709186277947424	0.04859163899144954	1.1569134114600088	1.539419578706418	2.007929611372916	2.6303632588240027	0.3681101412388346	96.86790806816667
0.16385859216960988	0.01	0.01	0.01	0.007	0.01	0.4097822524255288	0.08658832324393592	0.05236821216597124	0.04181482298997832	0.04800985409214582	1.293526825578102	1.702060936714012	2.179904106118556	2.838671309245564	0.3938047010869413	96.67064676761265
0.17428503435561188	0.01	0.01	0.01	0.007	0.01	0.42873396794470836	0.08905329813959754	0.052672259848957646	0.04189732672252477	0.04748633678403211	1.4442064894704152	1.8784971183910482	2.3624159655332755	3.058746842114145	0.42059177271608494	96.46258820814126
0.18531848838358644	0.01	0.01	0.01	0.007	0.01	0.44804894625285635	0.09143828294029771	0.052926959878345524	0.04196078001980919	0.047020730016146234	1.610381756975426	2.069783321988333	2.5561208361732706	3.291381252325776	0.448578375709009	96.24290442648415
0.19700873762496798	0.01	0.01	0.01	0.007	0.01	0.46771491857812714	0.093736579540682	0.05313784891973362	0.042008791513139104	0.046611452780647676	1.793637344766316	2.2770580904590547	2.7617458112242157	3.5374538748402853	0.4778828335733268	96.01068923555667
0.2094101263463632	0.01	0.01	0.01	0.007	0.01	0.4877149318688751	0.09594144840925245	0.05331036309012245	0.042044498956710835	0.04625601206008056	1.9957217308735498	2.5015403170668367	2.9800887296645917	3.7979289742701043	0.5086340968478137	95.76496038656904
0.22258144303707503	0.01	0.01	0.01	0.007	0.01	0.5080259097803795	0.09804614262819034	0.053449767652957496	0.04207058396505399	0.04595122832900578	2.218552018221733	2.7445222438456094	3.212015012243192	4.073849668010803	0.5409708183463481	95.50466436480667
0.23658575323135575	0.01	0.01	0.01	0.007	0.01	0.5286173041643268	0.1000440053544841	0.053561077631154655	0.0420892962101934	0.04569340506576072	2.464215581668992	3.00735954773146	3.458453250972145	4.366330296473925	0.5750403216169971	95.2286824338422
0.25149022327217213	0.01	0.01	0.01	0.007	0.01	0.5494499611140994	0.10192863349676984	0.053648962391953395	0.042102484959970814	0.045478466164020105	2.734968611936994	3.2914593874220865	3.7203902063625804	4.676548139355279	0.6109975305278597	94.93583711481527
0.2673656707134118	0.01	0.01	0.01	0.007	0.01	0.5704749112402541	0.10369406871406281	0.05371763888986199	0.042111636165742206	0.04530208108448443	3.0332260305550864	3.5982615458793714	3.998860425075546	5.005729021245444	0.649003203205902	94.62490428137916
0.2842847563644754	0.01	0.01	0.01	0.007	0.01	0.5916309551234546	0.10533492761681355	0.053770777750646086	0.042117913687214056	0.045159791217485	3.3615197999966857	3.9291912978863035	4.2949114436238025	5.35510462638658	0.6892189172953928	94.29465189529668
0.3023180202226461	0.01	0.01	0.01	0.007	0.01	0.6128408868388576	0.10684650316419014	0.05381146138824501	0.042122203673171064	0.045047130473911456	3.7224033706872004	4.28556703712591	4.609531208462717	5.725826118468637	0.7317970678510887	93.9439201670737
0.3215298800472099	0.01	0.01	0.01	0.007	0.01	0.6340097647171441	0.10822509048544103	0.05384221843760701	0.04212516043028169	0.044959722701915845	4.1183378311639185	4.668504376885211	4.943575835050872	6.118879095268386	0.776871039903246	93.57170086347828
0.34197886988469656	0.01	0.01	0.01	0.007	0.01	0.6550294586128582	0.10946866424332054	0.05386511494145467	0.04212725103749196	0.044893363590478144	4.5516529044445635	5.078905999180942	5.297772470753165	6.535087302179515	0.8245554986206968	93.17713299810853
0.3637224318032143	0.01	0.01	0.01	0.007	0.01	0.6757874698060191	0.11057753473162542	0.05388185308699336	0.04212879637948754	0.044844115784786254	5.02460857001206	5.517549375065925	5.672801097333899	6.97520861007623	0.8749571601026	92.75941103127147
0.38682198666700224	0.01	0.01	0.01	0.007	0.01	0.6961739987659842	0.11155455831887764	0.05389384371837803	0.0421300076272315	0.04480841504296131	5.539479013816948	5.985187421361435	6.069379400729204	7.440033655425386	0.9281858773022857	92.31769000198314
0.4113455118053289	0.01	0.01	0.01	0.007	0.01	0.7160849955709103	0.11240491838473411	0.05390225022412363	0.04213101750466594	0.04478315423105178	6.0985945350049855	6.482602424891056	6.488302592507717	7.930431013040965	0.9843597356239809	91.85104086732323
0.4373682363097455	0.01	0.01	0.01	0.007	0.01	0.7354229405392517	0.11313572077167561	0.05390801596826859	0.04213190557182118	0.044765722847517446	6.704345049927778	7.010622105716555	6.930449456000245	8.447352651162909	1.0436057692970029	91.35844329152829
0.4649728115139454	0.01	0.01	0.01	0.007	0.01	0.7540971911524875	0.11375556027590636	0.05391188663889541	0.04213271728449502	0.04475400296596258	7.35917038704156	7.570123921380934	7.396778440275926	8.991827830635703	1.1060594963291703	90.83878929975585
0.4942496430378094	0.01	0.01	0.01	0.007	0.01	0.772024554461595	0.11427410320057588	0.05391443373987785	0.04213347739810408	0.04474633306693781	8.06555216049899	8.16204111328745	7.888325589329188	9.564959228860051	1.1718648112941683	90.29088468893573
0.5252973019194546	0.01	0.01	0.01	0.007	0.01	0.7891299688062342	0.11470168821729719	0.053916080807282996	0.04213419879195017	0.04474145217322958	8.826005577575357	8.78736848959956	8.406202807631585	10.167919420152938	1.241173988618323	89.71344991706121
0.5582223913295984	0.01	0.01	0.01	0.007	0.01	0.8053469665886949	0.11504894758971215	0.05391713112043801	0.04213488791263342	0.04473843463911157	9.6430557436825	9.447155102224178	8.951586089542216	10.801935540364752	1.3141463681955097	89.1051321021018
0.5931382346643094	0.01	0.01	0.01	0.007	0.01	0.8206178490718491	0.11532646267997002	0.05391779465974239	0.04213554791553077	0.04473662356231828	10.51918148026985	10.142471414043477	9.525683763423396	11.468250623504048	1.390944362504666	88.46453931543306
0.6301618578366941	0.01	0.01	0.01	0.007	0.01	0.8348937333820725	0.11554446845184821	0.05391821225420527	0.042136180352753856	0.044735568595886996	11.456712156699005	10.874341803112662	10.12967729040275	12.168053199005483	1.4717257686250262	87.79030560402519
0.6694090778627284	0.01	0.01	0.01	0.007	0.01	0.8481348009914937	0.1157126159456373	0.05391847565839156	0.042136786013153925	0.044734971791189605	12.457672787543196	11.643641241661603	10.764633423444135	12.902374212385766	1.5566322177129912	87.08118820672797
0.7109882849466878	0.01	0.01	0.01	0.007	0.01	0.8603111579212263	0.11583979397372529	0.053918643179665715	0.04213736531531047	0.04473464316309143	13.523594906567958	12.450971033341196	11.431399473446612	13.67196542256807	1.6457753340645613	86.33618398601163
0.7549944441982487	0.01	0.01	0.01	0.007	0.01	0.8714045424436563	0.11593400404069568	0.053918751149920466	0.04213791849871573	0.04473446613273575	14.655337869780356	13.296546184241844	12.130507972083619	14.47719009360274	1.7392241247814748	85.5546358043525
0.8015058221859016	0.01	0.01	0.01	0.007	0.01	0.8814107551370742	0.11600228037631945	0.053918821918180065	0.04213844574989184	0.044734371963723756	15.852992131178286	14.180143097957258	12.862130693214171	15.3179720591347	1.8369989471784776	84.73628416672769
0.8505855071205926	0.01	0.01	0.01	0.007	0.01	0.8903420627964593	0.11605064884645652	0.05391886916480785	0.04213894731675553	0.04473432175258743	17.115922979570612	15.101143092099322	13.626111849961973	16.193836719297227	1.9390760380377574	83.88123058937295
0.9022881061622862	0.01	0.01	0.01	0.007	0.01	0.8982285154864905	0.11608412469981132	0.05391890129327446	0.04213942361089143	0.04473429435490082	18.44296380425713	16.058670976535407	14.422081017569623	17.104043178117433	2.045402670293858	82.9898117186407
0.9566694067188861	0.01	0.01	0.01	0.007	0.01	0.9051173292496	0.11610675225963371	0.05391892352283943	0.04213987527142662	0.044734278701621756	19.832694120907348	17.05177850456441	15.249605498395841	18.047759816911707	2.155917545102562	82.06242890198932
1.0137961214640432	0.01	0.01	0.01	0.007	0.01	0.9110703357693118	0.11612168663076	0.05391893914870768	0.04214030317674884	0.04473426917152856	21.283717171363037	18.07961408893094	16.108334186898194	19.024227551144286	2.270570010426258	81.09938666236503
1.073753675631856	0.01	0.01	0.01	0.007	0.01	0.9161601854141956	0.11613130873781186	0.05391895029122275	0.04214070841119283	0.04473426295909311	22.794875345057633	19.1415409334435	16.998101312710553	20.032874596572135	2.389333885606998	80.10077547297439
1.1366517001001393	0.01	0.01	0.01	0.007	0.01	0.920466207099522	0.11613735814533	0.05391895834113936	0.04214109220791768	0.04473425865973818	24.365389686161727	20.237200203369515	17.918986551763847	21.07337921523898	2.5122154306285993	79.06640286910891
1.2026278345163957	0.01	0.01	0.01	0.007	0.01	0.9240705949807768	0.1161410670181225	0.05391896422706125	0.042141455887458906	0.0447342555484646	25.99493730722355	21.366533213545402	18.871342425990058	22.145693399708232	2.639256925310891	77.99576077072918
1.271850705474986	0.01	0.01	0.01	0.007	0.01	0.9270552587738885	0.11614328249304402	0.05391896857897369	0.0421418008037839	0.04473425322818482	27.683688737727994	22.52977993613051	19.855802968890675	23.250043697334437	2.7705377286402473	76.88801340543282
1.3445227828321489	0.01	0.01	0.01	0.007	0.01	0.9294994187940093	0.11614457034914903	0.0539189718303697	0.0421421283022407	0.04473425146372206	29.432323160916113	23.727466515115236	20.873284127196776	24.386921103781837	2.9061742167064053	75.7419940844192
1.4208835176919372	0.01	0.01	0.01	0.007	0.01	0.9314778882674623	0.11614529776694485	0.053918974283365124	0.0421424396890528	0.04473425010442458	31.2420313075636	24.960387849933085	21.92498109083835	25.5570657548068	3.0463192905901195	74.55620495280989
1.5012131390109453	0.01	0.01	0.01	0.007	0.01	0.9330599383271225	0.11614569624821387	0.0539189761509987	0.0421427362107436	0.044734249047492805	33.11451400218759	26.22958966418391	23.01236658284995	26.76145063741028	3.1911619883493394	73.32881508792696
1.5858368773596947	0.01	0.01	0.01	0.007	0.01	0.934308621835414	0.11614590748405398	0.05391897758514763	0.042143019039402894	0.0447342482196744	35.05196898356272	27.536343905039082	24.13718525893893	28.001258534504622	3.340926550146241	72.05766229836635
1.675129239265498	0.01	0.01	0.01	0.007	0.01	0.935280455233467	0.1161460155555918	0.053918978695207086	0.04214328926035182	0.04473424756733052	37.05705563809827	28.882109558191125	25.30143775198037	29.27784475816645	3.4958700716668063	70.7402658257633
1.769516320072302	0.01	0.01	0.01	0.007	0.01	0.9360253659753108	0.11614606875230406	0.05391897956073421	0.04214354785500905	0.0447342470505179	39.13279269193867	30.26844822506693	26.507327853995502	30.59265666627466	3.6562752178546196	69.37387992858659
1.869470060032352	0.01	0.01	0.01	0.007	0.01	0.9365868316029217	0.11614609385395654	0.05391898024008665	0.04214379566413467	0.04473424663917379	41.28226494326414	31.696812751922415	27.75710024227341	31.94703258990671	3.8224283587552748	67.95567101726255
1.975474016208221	0.01	0.01	0.01	0.007	0.01	0.9370021428883809	0.11614610515992115	0.05391898077634544	0.04214403329036226	0.0447342463105426	43.50774455924378	33.16795261377275	29.052537691943442	33.341637472144555	3.9945524911264876	66.48328246348022
2.087888211178283	0.01	0.01	0.01	0.007	0.01	0.9373027166894126	0.11614610999616276	0.05391898120129899	0.04214426081566213	0.0447342460474563	45.80787661430504	34.680066150337936	30.393325595835584	34.77471166184764	4.172590006504654	64.9566949614725
2.206468748742147	0.01	0.01	0.01	0.007	0.01	0.9375143847546357	0.11614611194901509	0.0539189815378605	0.04214447700944817	0.044734245837354344	48.168550421109984	36.22290420243771	31.771708216348895	36.236487465005396	4.355494480823904	63.38434276319207
2.329120304092405	0.01	0.01	0.01	0.007	0.01	0.9376579130806015	0.11614611268907764	0.05391898180147026	0.04214467798348344	0.04473424567179696	50.540863469105545	37.76375785478936	33.159515437851255	37.69593149084443	4.53951464344681	61.798041636798715
2.4514493891769655	0.01	0.01	0.01	0.007	0.01	0.937751094461448	0.1161461129545725	0.05391898200370224	0.04214485899657355	0.044734245544352395	52.83824070082329	39.24637911119359	34.50624211019166	39.09976072054296	4.717951117238452	60.25545547744311
2.5704824135531155	0.01	0.01	0.01	0.007	0.01	0.9378104685576658	0.11614611304872141	0.0539189821580709	0.04214502071965926	0.04473424544683929	55.009412061804	40.63849271101935	35.78168922582223	40.417450328053654	4.886812527634418	58.79140477028965
2.686445211601561	0.01	0.01	0.01	0.007	0.01	0.9378487721794925	0.11614611308305046	0.05391898227828971	0.042145167337308484	0.04473424537070766	57.06503504625171	41.947998739058754	36.991857666020536	41.65652777708709	5.046907454378759	57.399331770241325
2.800860961438959	0.01	0.01	0.01	0.007	0.01	0.9378740066063002	0.11614611309598628	0.05391898237465562	0.042145302044111856	0.04473424530956184	59.03699135697838	43.19602096791774	38.15530809649179	42.83701943416222	5.200702121795125	56.05813876878053
2.9150950759785323	0.01	0.01	0.01	0.007	0.01	0.9378908828314416	0.11614611310095872	0.05391898245381845	0.0421454268216073	0.04473424525928087	60.95139105253531	44.3995526847521	39.287329558639605	43.97502133615111	5.350223537550879	54.75033903920631
3.029893992730772	0.01	0.01	0.01	0.007	0.01	0.9379022364781872	0.1161461131028804	0.05391898251992051	0.04214554300295401	0.04473424521728897	62.82175676323393	45.567325920527885	40.39586916223166	45.0788007794526	5.49652397146582	53.46680879006339
3.145420539932852	0.01	0.01	0.01	0.007	0.01	0.9379098681963233	0.11614611310362019	0.05391898257564664	0.04214565147199104	0.044734245181905864	64.65111727925807	46.70136288877292	41.48269998898635	46.15027506713888	5.639838599654406	52.20551853110668
3.2614887548918725	0.01	0.01	0.01	0.007	0.01	0.9379149782024778	0.11614611310390296	0.05391898262289921	0.042145752846261084	0.0447342451519325	66.43692937603842	47.80022128910663	42.54628527805145	47.188087730678426	5.779966025741139	50.96827698594732
3.3778124545233044	0.01	0.01	0.01	0.007	0.01	0.9379183863830439	0.11614611310401045	0.05391898266315357	0.042145847654765256	0.04473424512643221	68.17551175120785	48.861821660078704	43.58438823220289	48.19028394151968	5.916613588009676	49.75773037596756
3.4941666260979605	0.01	0.01	0.01	0.007	0.01	0.9379206539149633	0.11614611310405112	0.05391898269761628	0.042145936420599994	0.04473424510463539	69.8645487087722	49.88499047661321	44.59556266885446	49.15576799656783	6.049593797762939	48.575629562280774
3.6104437549496953	0.01	0.01	0.01	0.007	0.01	0.9379221612601389	0.11614611310406654	0.05391898272728747	0.042146019658831975	0.04473424508590255	71.50371693383221	50.869806770717894	45.57953914474534	50.0846286280269	6.178874633256741	47.42236704745108
3.7266351947470335	0.01	0.01	0.01	0.007	0.01	0.9379231634798055	0.11614611310407237	0.05391898275298868	0.04214609784809406	0.04473424506970723	73.09417402436961	51.817251555062754	46.53693219389603	50.97780601364649	6.3045404299268295	46.29730459916527
3.842782884629078	0.01	0.01	0.01	0.007	0.01	0.9379238302411398	0.1161461131040746	0.053918982775385885	0.04214617141386356	0.04473424505562263	74.63772126954106	52.728678111183434	47.46874667104122	51.836590717887994	6.4267266172941975	45.199342099315544
3.9589355853987245	0.01	0.01	0.01	0.007	0.01	0.9379242740461268	0.11614611310407548	0.05391898279501475	0.04214624072836444	0.04473424504330504	76.13615014871873	53.60541350965363	48.37598756075436	52.66224752875568	6.545568360668583	44.127372607456806
4.075124709215666	0.01	0.01	0.01	0.007	0.01	0.9379245695080091	0.11614611310407578	0.05391898281230527	0.04214630611870028	0.04473424503247864	77.5909360958893	54.44858082969966	49.25947424200839	53.4558481044187	6.661176248237576	43.08050221237399
4.191359346190165	0.01	0.01	0.01	0.007	0.01	0.937924766198233	0.11614611310407592	0.053918982827605696	0.04214636787608454	0.04473424502291963	79.00321579659442	55.25909371985179	50.11982423654774	54.21826627852056	6.773634278329868	42.058072036439306
4.3076328275082965	0.01	0.01	0.01	0.007	0.01	0.9379248971087599	0.11614611310407597	0.05391898284120103	0.042146426263029745	0.04473424501444479	80.37390659025476	56.0377326977841	50.95752341361347	54.950250266835525	6.883009152387222	41.05957762614416
4.423932414721795	0.01	0.01	0.01	0.007	0.01	0.9379249842188906	0.11614611310407597	0.053918982853327496	0.042146481517914586	0.04473424500690238	81.70384434954556	56.78522817628528	51.77300870953179	55.65250098371695	6.989361146274718	40.08457208081812
4.540246795154872	0.01	0.01	0.01	0.007	0.01	0.937925042173608	0.11614611310407597	0.05391898286418291	0.04214653385760594	0.04473424500016552	82.99387559084143	57.50231352321543	52.56672418761797	56.32572196277827	7.092751440951777	39.13259950576248
4.656569298406117	0.01	0.01	0.01	0.007	0.01	0.9379250807273221	0.11614611310407597	0.053918982873933444	0.04214658347922882	0.04473424499412728	84.2448886076826	58.18974143064867	53.33914051872517	56.97063466854115	7.193244645694096	38.20317129885953
4.772897813962882	0.01	0.01	0.01	0.007	0.01	0.9379251063736331	0.11614611310407597	0.053918982882720054	0.04214663056184101	0.04473424498869738	85.45780469798353	58.84827744816782	54.09075013240352	57.58797233114189	7.290908141836775	37.29577136336785
4.889232896893499	0.01	0.01	0.01	0.007	0.01	0.9379251234335189	0.11614611310407597	0.05391898289066249	0.042146675268307295	0.04473424498379911	86.6335521013635	59.478684507619306	54.82205152957028	58.17846535876836	7.385810023620596	36.40987453648995
5.005575834391119	0.01	0.01	0.01	0.007	0.01	0.9379251347815684	0.11614611310407597	0.05391898289786265	0.04214671774722361	0.044734244979367385	87.77304360514923	60.08171033568392	55.5335355652938	58.742829510894836	7.478017308591573	35.54496297023609
5.121927397604039	0.01	0.01	0.01	0.007	0.01	0.9379251423299996	0.11614611310407597	0.053918982904407345	0.042146758134687275	0.044734244975346296	88.87716433884317	60.65808105297811	56.22567782087091	59.28175991030231	7.567594949297187	34.70053540730872
5.238287448449499	0.01	0.01	0.01	0.007	0.01	0.9379251473508654	0.11614611310407597	0.053918982910371824	0.042146796555774246	0.04473424497168827	89.94676956912419	61.20850042833048	56.898937093912906	59.7959303701184	7.654605643504993	33.876109158541226
5.354655170573713	0.01	0.01	0.01	0.007	0.01	0.9379251506903941	0.11614611310407597	0.05391898291582034	0.04214683312570111	0.04473424496835205	90.98268856692259	61.73365233001402	57.5537576836617	60.2859957119673	7.739110136103954	33.071217462940524
5.471029454577602	0.01	0.01	0.01	0.007	0.01	0.9379251529115378	0.11614611310407597	0.053918982920808836	0.04214686795076757	0.044734244965302136	91.98572928640547	62.234203445149845	58.19057223785623	60.752594325278345	7.821167591335687	32.2854061052035
5.58740926796386	0.01	0.01	0.01	0.007	0.01	0.9379251543887915	0.11614611310407597	0.05391898292538594	0.04214690112914489	0.044734244962507504	92.9566822084132	62.710805402496476	58.80980413093882	61.19635015881357	7.900835901905749	31.518230544331644
5.703793840174022	0.01	0.01	0.01	0.007	0.01	0.9379251553712693	0.11614611310407597	0.05391898292959404	0.04214693275158852	0.044734244959941535	93.89632208755502	63.16409572333123	59.411868555089576	61.61787361163218	7.978171830296743	30.769254582661475
5.820182654937077	0.01	0.01	0.01	0.007	0.01	0.937925156024673	0.11614611310407597	0.05391898293347	0.04214696290211478	0.04473424495758032	94.80540793140231	63.59469786429849	59.99717249796055	62.017761575976316	8.053231006218033	30.038050398496523
5.936575380935012	0.01	0.01	0.01	0.007	0.01	0.937925156459216	0.11614611310407597	0.05391898293704671	0.04214699165862428	0.04473424495540368	95.68468255081272	64.00322107230069	60.566114439037925	62.396597306690374	8.126067888197952	29.324198935758655
6.052971763905997	0.01	0.01	0.01	0.007	0.01	0.9379251567482028	0.11614611310407597	0.05391898294035274	0.04214701909347856	0.04473424495339313	96.5348719518127	64.39026020299954	61.119083930304775	62.75495025954394	8.19673571093567	28.62729045297339
6.169371557273861	0.01	0.01	0.01	0.007	0.01	0.9379251569403861	0.11614611310407597	0.053918982943413296	0.04214704527401173	0.0447342449515328	97.35668515912592	64.75639577827585	61.656461442420664	63.0933761538805	8.265286467245588	27.946924754076147
6.285774483604194	0.01	0.01	0.01	0.007	0.01	0.9379251570681914	0.11614611310407597	0.05391898294625098	0.042147070262981944	0.04473424494980872	98.15081434218011	65.10219420238121	62.1786183999153	63.41241718373487	8.33177091449368	27.282711189451476
6.402180273150281	0.01	0.01	0.01	0.007	0.01	0.9379251571531826	0.11614611310407597	0.05391898294888568	0.042147094118951595	0.04473424494820812	98.91793548511595	65.42820821929453	62.68591757226203	63.712602451846735	8.396238626426792	26.634268206347514
6.518588671565312	0.01	0.01	0.01	0.007	0.01	0.9379251572097019	0.11614611310407597	0.05391898295133514	0.04214711689663466	0.04473424494672008	99.65870880093365	65.7349772440424	63.178713301740814	63.994448286321195	8.458738024006678	26.00122310161457
6.634999432195668	0.01	0.01	0.01	0.007	0.01	0.9379251572472869	0.11614611310407597	0.05391898295361506	0.042147138647217024	0.04473424494533453	100.37377903466808	66.02302764305735	63.65735165906868	64.25845851009693	8.519316397017127	25.38321186564344
6.751412339212681	0.01	0.01	0.01	0.007	0.01	0.9379251572722802	0.11614611310407597	0.05391898295573987	0.04214715941863158	0.04473424494404267	101.06377594885487	66.29287308473354	64.122170722007	64.50512477451312	8.578019941196718	24.779878866603912
6.867827207616065	0.01	0.01	0.01	0.007	0.01	0.9379251572889005	0.11614611310407597	0.05391898295772196	0.042147179255815195	0.044734244942836586	101.72931464279456	66.54501481435219	64.57350074568052	64.73492682287322	8.63489378154235	24.190876671446947
6.984243883236832	0.01	0.01	0.01	0.007	0.01	0.9379251572999524	0.11614611310407597	0.05391898295957303	0.04214719820094163	0.044734244941709175	102.37099586617342	66.77994192412557	65.01166432988008	64.948332749341	8.689981995200293	23.61586587007992
7.10066221189902	0.01	0.01	0.01	0.007	0.01	0.9379251573073016	0.11614611310407597	0.05391898296130311	0.04214721629364512	0.04473424494065401	102.98940616629653	66.9981315627766	65.43697647238001	65.14579920296826	8.743327620043576	23.054515049615254
7.217082062551144	0.01	0.01	0.01	0.007	0.01	0.9379251573121885	0.11614611310407597	0.05391898296292165	0.04214723357120264	0.044734244939665366	103.5851183364031	67.20004925573085	65.8497448274876	65.32777169225197	8.794972689069057	22.506500499775075
7.333503304136728	0.01	0.01	0.01	0.007	0.01	0.9379251573154384	0.11614611310407597	0.0539189829644369	0.04214725006871874	0.0447342449387379	104.15869160663361	67.38614912931911	66.25026978929515	65.4946848023517	8.844958242739294	21.971506148006124
7.449925828726071	0.01	0.01	0.01	0.007	0.01	0.9379251573175992	0.11614611310407597	0.0539189829658565	0.04214726581927389	0.04473424493786715	104.7106720696333	67.55687421281391	66.63884473792011	65.646962482302	8.893324361702426	21.449223277889782
7.5663495360965225	0.01	0.01	0.01	0.007	0.01	0.937925157319036	0.11614611310407597	0.0539189829671875	0.04214728085407657	0.04473424493704869	105.24159290158929	67.71265666746763	67.01575614514182	65.78501826609576	8.940110181874939	20.93935043314964
7.68277432602246	0.01	0.01	0.01	0.007	0.01	0.9379251573199915	0.11614611310407597	0.05391898296843601	0.04214729520259964	0.04473424493627876	105.75197462683083	67.85391803091595	67.38128370977198	65.90925550768486	8.985353913265346	20.441593282773855
7.799200098275553	0.01	0.01	0.01	0.007	0.01	0.9379251573206269	0.11614611310407597	0.053918982969607766	0.04214730889270131	0.044734244935553745	106.24232541550612	67.98106946943908	67.73570051696265	66.02006762274932	9.029092861753039	19.955664453415164
7.9156267834677925	0.01	0.01	0.01	0.007	0.01	0.9379251573210493	0.11614611310407597	0.05391898297070778	0.04214732195072263	0.04473424493487052	106.71314149648163	68.09451205258559	68.07927328339392	66.11783834901493	9.071363461364738	19.481283241544563
8.032054304498832	0.01	0.01	0.01	0.007	0.01	0.9379251573213301	0.11614611310407597	0.053918982971741025	0.042147334401606264	0.044734244934226064	107.16490726985239	68.19463694537576	68.41226238683082	66.20294193417833	9.112201279882852	19.018175619865218
8.148482584266716	0.01	0.01	0.01	0.007	0.01	0.9379251573215167	0.11614611310407597	0.053918982972711825	0.042147346268987876	0.044734244933617745	107.59809561962481	68.28182565381948	68.73492203959599	66.27574337048311	9.151641042247164	18.56607404730853
8.264911576511363	0.01	0.01	0.01	0.007	0.01	0.9379251573216411	0.11614611310407597	0.05391898297362419	0.0421473575752664	0.044734244933043184	108.01316829299275	68.35645027319559	69.04750051545788	66.33659862987483	9.189716660340713	18.124717200549885
8.381341211839237	0.01	0.01	0.01	0.007	0.01	0.9379251573217237	0.11614611310407597	0.05391898297448153	0.042147368341710595	0.044734244932500174	108.4105759623258	68.4188736706895	69.3502401406366	66.38585484406337	9.226461233927775	17.693850035716554
8.497771420855694	0.01	0.01	0.01	0.007	0.01	0.9379251573217787	0.11614611310407597	0.05391898297528752	0.04214737858852051	0.044734244931986654	108.79075857614664	68.46944972625073	69.64337749980173	66.42385053321574	9.261907077883386	17.273223549244754
8.614202188141673	0.01	0.01	0.01	0.007	0.01	0.9379251573218154	0.11614611310407597	0.05391898297604506	0.042147388334867614	0.04473424493150059	109.15414577701384	68.5085235625722	69.92714370102065	66.45091582159964	9.296085756277977	16.86259444720728
8.730633459723027	0.01	0.01	0.01	0.007	0.01	0.9379251573218397	0.11614611310407597	0.05391898297675694	0.04214739759900411	0.04473424493104037	109.50115684195252	68.53643171118662	70.20176427249007	66.46737260515059	9.32902807194272	16.461725343196488
8.847065197046925	0.01	0.01	0.01	0.007	0.01	0.9379251573218557	0.11614611310407597	0.053918982977425936	0.04214740639829351	0.04473424493060437	109.83220110174477	68.55350234158544	70.46745942851916	66.47353476622463	9.360764100685408	16.070384426461782
8.963497346138038	0.01	0.01	0.01	0.007	0.01	0.9379251573218664	0.11614611310407597	0.05391898297805446	0.042147414749279986	0.0447342449301912	110.14767808548626	68.56005545403606	70.72444412334404	66.46970836114684	9.391323199866068	15.688345434951804
9.079929883864674	0.01	0.01	0.01	0.007	0.01	0.9379251573218736	0.11614611310407597	0.053918982978644656	0.042147422667713624	0.04473424492979933	110.44797787809945	68.5564030785308	70.97292827751713	66.45619180688894	9.420734037528241	15.31538737275474
9.196362779383843	0.01	0.01	0.01	0.007	0.01	0.9379251573218784	0.11614611310407597	0.05391898297919866	0.04214743016861672	0.044734244929427645	110.73348123411516	68.54284945866031	71.21311680942804	66.43327606071304	9.44902459822922	14.95129451398588
9.31279600185228	0.01	0.01	0.01	0.007	0.01	0.9379251573218814	0.11614611310407597	0.05391898297971829	0.04214743726632251	0.04473424492907486	111.00455982080028	68.51969123986431	71.44520977130085	66.40124479994064	9.476222201327724	14.595856252301221
9.429229505004255	0.01	0.01	0.01	0.007	0.01	0.9379251573218835	0.11614611310407597	0.05391898298020543	0.04214744397452325	0.04473424492874001	111.26157640048989	68.48721765667175	71.6694024353279	66.360374602717	9.502353513356535	14.248867024990139
9.545663265707079	0.01	0.01	0.01	0.007	0.01	0.9379251573218851	0.11614611310407597	0.05391898298066163	0.042147450306286555	0.04473424492842206	111.5048851282513	68.44571070139031	71.88588548173063	66.31093510646961	9.527444572233676	13.910126078304378
9.662097283961321	0.01	0.01	0.01	0.007	0.01	0.937925157321886	0.11614611310407597	0.05391898298108857	0.04214745627408969	0.044734244928119955	111.73483174371414	68.39544528896509	72.09484510105706	66.25318916602498	9.551520801260903	13.579437359971964
9.778531528922944	0.01	0.01	0.01	0.007	0.01	0.9379251573218865	0.11614611310407597	0.053918982981487555	0.04214746188988065	0.044734244927832956	111.95175366146158	68.33668944768598	72.2964630026317	66.18739304087391	9.574607012364515	13.25660956173827
9.894965969747734	0.01	0.01	0.01	0.007	0.01	0.937925157321887	0.11614611310407597	0.053918982981859966	0.04214746716509178	0.04473424492756042	112.15598023673265	68.26970447742671	72.49091657976093	66.11379654426256	9.596727427481659	12.941455916104195
10.011400598724846	0.01	0.01	0.01	0.007	0.01	0.9379251573218872	0.11614611310407597	0.05391898298220696	0.042147472110655136	0.04473424492730126	112.34783299346944	68.19474509566541	72.67837904859326	66.0326431813253	9.617905696660946	12.633794028308579
10.127835400432216	0.01	0.01	0.01	0.007	0.01	0.9379251573218874	0.11614611310407597	0.05391898298252979	0.04214747673704534	0.044734244927055	112.52762575304709	68.1120596106878	72.85901949433816	65.9441703176284	9.638164905567685	12.333445857041706
10.244270344025328	0.01	0.01	0.01	0.007	0.01	0.9379251573218875	0.11614611310407597	0.05391898298282954	0.04214748105430817	0.04473424492682086	112.6956648101715	68.02189008481861	73.03300295997703	65.8486093362125	9.657527587899223	12.040237628362863
10.360705421793154	0.01	0.01	0.01	0.007	0.01	0.9379251573218876	0.11614611310407597	0.053918982983107114	0.042147485072062806	0.04473424492659834	112.85224916862119	67.92447245645293	73.20049060032692	65.74618575153306	9.676015744980047	11.75399963711332
10.477140618313436	0.01	0.01	0.01	0.007	0.01	0.9379251573218876	0.11614611310407597	0.053918982983363645	0.04214748879953941	0.044734244926386786	112.99767066688726	67.82003670862493	73.36163972689924	65.63711937349281	9.693650853070235	11.474566228952241
10.593575910452657	0.01	0.01	0.01	0.007	0.01	0.9379251573218876	0.11614611310407597	0.053918982983599706	0.042147492245600514	0.04473424492618572	113.13221415183605	67.70880701502581	73.51660390096777	65.52162444738356	9.71045387608407	11.201775702398775
10.71001130592211	0.01	0.01	0.01	0.007	0.01	0.9379251573218876	0.11614611310407597	0.05391898298381629	0.042147495418736886	0.044734244925994544	113.25615768737744	67.59100184230557	73.66553307266096	65.39990974902652	9.726445283156252	10.935470126176128
10.826446789299442	0.01	0.01	0.01	0.007	0.01	0.9379251573218876	0.11614611310407597	0.053918982984014256	0.04214749832711669	0.04473424492581304	113.36977265241724	67.46683413754647	73.80857359487187	65.27217876860736	9.741645052577017	10.67549537548363
10.942882345162262	0.01	0.01	0.01	0.007	0.01	0.9379251573218876	0.11614611310407597	0.053918982984194244	0.04214750097858872	0.04473424492564056	113.47332392895132	67.33651144183226	73.9458683405196	65.13862981775367	9.756072686948047	10.421700986783263
11.059317965799385	0.01	0.01	0.01	0.007	0.01	0.9379251573218876	0.11614611310407597	0.05391898298435696	0.0421475033806934	0.04473424492547649	113.56707006230727	67.20023601147741	74.07755679370061	64.9994561451798	9.769747225357317	10.173940054674594
11.175753651210847	0.01	0.01	0.01	0.007	0.01	0.9379251573218876	0.11614611310407597	0.053918982984502845	0.04214750554067792	0.04473424492532091	113.65126340871343	67.05820494349392	74.20377512855295	64.85484605698349	9.782687254164795	9.932069148970012
11.292189393685444	0.01	0.01	0.01	0.007	0.01	0.9379251573218876	0.11614611310407597	0.05391898298463276	0.04214750746551878	0.04473424492517305	113.72615027022192	66.91061031812328	74.32465627067427	64.7049830544049	9.794910915971998	9.695948264545597
11.408625170089483	0.01	0.01	0.01	0.007	0.01	0.9379251573218876	0.11614611310407597	0.05391898298474707	0.04214750916193925	0.044734244925032834	113.79197103754545	66.75763933247951	74.4403299683746	64.55004596245399	9.806435919641915	9.465440753536306
11.525060965000492	0.01	0.01	0.01	0.007	0.01	0.9379251573218876	0.11614611310407597	0.053918982984846556	0.042147510636408425	0.04473424492489989	113.84896034665307	66.59947439056691	74.55092289260267	64.3902090145207	9.817279553102788	9.240413198539647
11.64149679384096	0.01	0.01	0.01	0.007	0.01	0.9379251573218876	0.11614611310407597	0.05391898298493142	0.04214751189513958	0.04473424492477371	113.89734722146262	66.43629318424554	74.65655872900882	64.22564192840201	9.827458695092675	9.020735294252706
11.757932633477163	0.01	0.01	0.01	0.007	0.01	0.9379251573218876	0.11614611310407597	0.05391898298500228	0.042147512944140965	0.04473424492465422	113.9373551751313	66.26826890135901	74.75735818448018	64.05651011069585	9.836989818598868	8.806279905351245
11.874368491620348	0.01	0.01	0.01	0.007	0.01	0.9379251573218876	0.11614611310407597	0.05391898298505946	0.042147513789186256	0.04473424492454111	113.96920237101968	66.09557023966147	74.85343912088032	63.882974665281914	9.845889006598462	8.596922861068908
11.990804368270517	0.01	0.01	0.01	0.007	0.01	0.9379251573218876	0.11614611310407597	0.05391898298510363	0.042147514435846314	0.04473424492443416	113.99310173290029	65.91836156779613	74.94491658757516	63.705192550340065	9.854171957918346	8.392542956942773
12.107240248005184	0.01	0.01	0.01	0.007	0.01	0.9379251573218876	0.11614611310407597	0.05391898298513484	0.04214751488950364	0.04473424492433302	114.00926107141603	65.73680304417137	75.03190288405825	63.523316692791326	9.861853996070495	8.193021896031942
12.223676130824348	0.01	0.01	0.01	0.007	0.01	0.9379251573218876	0.11614611310407597	0.05391898298515366	0.04214751515534241	0.044734244924237526	114.01788321195478	65.55105067261452	75.11450764923896	63.33749603954763	9.86895008033964	7.998244166333815
12.34011201672801	0.01	0.01	0.01	0.007	0.01	0.9379251573218876	0.11614611310407597	0.0539189829851605	0.04214751523836585	0.044734244924147355	114.01916610865524	65.36125642516939	75.19283791197184	63.14787567628345	9.875474813252874	7.8080970019744065
12.456547890293683	0.01	0.01	0.01	0.007	0.01	0.9379251573218876	0.11614611310407597	0.05391898298515552	0.042147515143413465	0.044734244924062486	114.01330296158469	65.1675683658362	75.26699814356	62.95459694705063	9.881442448308732	7.622470342215768
12.572983751521368	0.01	0.01	0.01	0.007	0.01	0.9379251573218876	0.11614611310407597	0.05391898298513895	0.04214751487515068	0.04473424492398274	114.00048233016344	64.97013069571636	75.33709033903342	62.757797495513415	9.886866899980223	7.441256717405297
12.689419600411068	0.01	0.01	0.01	0.007	0.01	0.9379251573218876	0.11614611310407597	0.05391898298511143	0.04214751443808388	0.0447342449239076	113.98088824202277	64.76908387055998	75.40321406506206	62.55761137865636	9.891761750821562	7.264351212865314
12.80585543696278	0.01	0.01	0.01	0.007	0.01	0.9379251573218876	0.11614611310407597	0.05391898298507285	0.0421475138365678	0.04473424492383719	113.95470030087233	64.56456469175588	75.46546651769218	62.354169154001276	9.89614025936108	7.091651408151029
12.922291253465271	0.01	0.01	0.01	0.007	0.01	0.9379251573218876	0.11614611310407597	0.05391898298502369	0.04214751307481642	0.044734244923771246	113.92209379417092	64.35670640901996	75.52394257496019	62.14759797852023	9.900015367566228	6.923057328784355
13.038727042207308	0.01	0.01	0.01	0.007	0.01	0.9379251573218876	0.11614611310407597	0.05391898298496404	0.042147512156904286	0.044734244923709636	113.88323979518987	64.14563879404633	75.57873485662986	61.93802167872983	9.903399708734263	6.758471376284906
13.155162810900128	0.01	0.01	0.01	0.007	0.01	0.9379251573218876	0.11614611310407597	0.05391898298489439	0.042147511086763054	0.04473424492365225	113.83830525691107	63.93148819647931	75.62993378439609	61.72556080339364	9.906305615181159	6.597798250693483
13.271598559543738	0.01	0.01	0.01	0.007	0.01	0.9379251573218876	0.11614611310407597	0.053918982984814665	0.04214750986820065	0.04473424492359887	113.78745311670606	63.714377667932034	75.67762762284096	61.510332743850824	9.908745124658482	6.440944928753024
13.388034288138142	0.01	0.01	0.01	0.007	0.01	0.9379251573218876	0.11614611310407597	0.053918982984725264	0.04214750850490182	0.04473424492354939	113.7308423900286	63.49442702895158	75.72190253462362	61.29245179771443	9.910729987624961	6.287820598749936
13.50446998126088	0.01	0.01	0.01	0.007	0.01	0.9379251573218876	0.11614611310407597	0.05391898298462641	0.04214750700044257	0.04473424492350372	113.66862827238687	63.27175297738197	75.7628426252508	61.07202927365879	9.912271673903154	6.1383366274989095
13.620905638911967	0.01	0.01	0.01	0.007	0.01	0.9379251573218876	0.11614611310407597	0.053918982984517874	0.042147505358276285	0.0447342449234618	113.60096221541757	63.046469106851106	75.80053000355203	60.849173507269455	9.913381379869204	5.992406468494661
13.737341261091412	0.01	0.01	0.01	0.007	0.01	0.9379251573218876	0.11614611310407597	0.053918982984400364	0.042147503581746765	0.04473424492342332	113.52799202221792	62.81868601031216	75.8350448227628	60.62398996123555	9.91407003461046	5.849945632828602
13.853776847799224	0.01	0.01	0.01	0.007	0.01	0.9379251573218876	0.11614611310407597	0.05391898298427366	0.042147501674093445	0.044734244923388324	113.44986193421435	62.58851135322709	75.86646532702261	60.39658129549502	9.914348306282045	5.7108716402699855
13.970212399035416	0.01	0.01	0.01	0.007	0.01	0.9379251573218876	0.11614611310407597	0.053918982984138095	0.04214749963845472	0.044734244923356516	113.36671271596569	62.35604994499882	75.89486789676762	60.167047435700745	9.914226608312282	5.575103971510087
14.086647922511217	0.01	0.01	0.01	0.007	0.01	0.9379251573218876	0.11614611310407597	0.05391898298399363	0.04214749747786734	0.04473424492332795	113.27868173196096	62.12140379308379	75.92032709463426	59.93548562464691	9.913715105414024	5.442564012869194
14.203083410515417	0.01	0.01	0.01	0.007	0.01	0.9379251573218876	0.11614611310407597	0.05391898298384079	0.04214749519528422	0.04473424492330263	113.18590304478349	61.884672217606386	75.94291570357284	59.70199053344848	9.912823719588543	5.313175037214739
14.319518878470452	0.01	0.01	0.01	0.007	0.01	0.9379251573218876	0.11614611310407597	0.05391898298367933	0.04214749279355436	0.04473424492328016	113.08850746410626	61.64595183976458	75.96270477705339	59.46665424823267	9.91156213566914	5.1868621161438515
14.435954303242694	0.01	0.01	0.01	0.007	0.01	0.9379251573218876	0.11614611310407597	0.053918982983509514	0.042147490275463946	0.04473424492326076	112.98662267437682	61.405336772732916	75.97976366924121	59.229566456585005	9.90993980755052	5.063552144155273
14.552389684832155	0.01	0.01	0.01	0.007	0.01	0.9379251573218876	0.11614611310407597	0.05391898298333137	0.04214748764370199	0.04473424492324432	112.88037325986635	61.16291855907561	75.9941600866196	58.99081438407893	9.907965963140057	4.943173728403371
14.668825030950059	0.01	0.01	0.01	0.007	0.01	0.9379251573218876	0.11614611310407597	0.053918982983145076	0.042147484900872105	0.04473424492323054	112.7698807885832	60.91878626312212	76.00596012320734	58.75048288371192	9.90564960970426	4.825657165689462
14.785260333885212	0.01	0.01	0.01	0.007	0.01	0.9379251573218876	0.11614611310407597	0.05391898298295081	0.04214748204951061	0.044734244923219396	112.65526390575805	60.6730265797153	76.01522829649389	58.5086545413959	9.902999539562433	4.710934425541989
14.901695593637632	0.01	0.01	0.01	0.007	0.01	0.9379251573218876	0.11614611310407597	0.0539189829827484	0.04214747909207434	0.04473424492321104	112.53663838253065	60.4257238448232	76.02202758765	58.265409684855605	9.900024334800916	4.598939087008903
15.018130810207332	0.01	0.01	0.01	0.007	0.01	0.9379251573218876	0.11614611310407597	0.053918982982538055	0.04214747603094826	0.04473424492320518	112.41411719113304	60.176960108970064	76.02641947704188	58.02082645443251	9.896732372389515	4.489606308268234
15.13456598359433	0.01	0.01	0.01	0.007	0.01	0.9379251573218876	0.11614611310407597	0.053918982982320084	0.042147472868448214	0.044734244923201744	112.2878105715555	59.92681519329502	76.0284639799169	57.77498085681154	9.893131829059943	4.3828727890843755
15.251001129221025	0.01	0.01	0.01	0.007	0.01	0.9379251573218876	0.11614611310407597	0.053918982982094174	0.04214746960681345	0.0447342449232008	112.15782607917112	59.675366710878976	76.02821968105967	57.527946784663484	9.889230685531976	4.278676720521089
15.367436239376236	0.01	0.01	0.01	0.007	0.01	0.9379251573218876	0.11614611310407597	0.053918982981860666	0.04214746624823318	0.044734244923202285	112.02426869074266	59.42269020322547	76.02574376852483	57.27979614945921	9.885036732407691	4.176957784061961
15.483871306348783	0.01	0.01	0.01	0.007	0.01	0.9379251573218876	0.11614611310407597	0.05391898298161954	0.04214746279483445	0.044734244923206004	111.88724084241322	59.16885914304999	76.02109206790823	57.03059888291026	9.880557574081942	4.077657094737909
15.600306330138684	0.01	0.01	0.01	0.007	0.01	0.9379251573218876	0.11614611310407597	0.05391898298137095	0.04214745924867944	0.04473424492321203	111.74684248077706	58.91394496818823	76.01431907420293	56.78042296907848	9.87580063284395	3.9807171607248892
15.716741310745954	0.01	0.01	0.01	0.007	0.01	0.9379251573218876	0.11614611310407597	0.05391898298111478	0.04214745561177168	0.04473424492322026	111.60317113047502	58.6580171478609	76.0054779833809	56.529334508284315	9.870773153451214	3.8860818570399513
15.83317624817061	0.01	0.01	0.01	0.007	0.01	0.9379251573218876	0.11614611310407597	0.05391898298085126	0.04214745188605934	0.04473424492323063	111.4563219518963	58.40114323113727	75.99462072328132	56.277397763551576	9.865482207352109	3.793696393044749
15.949611142412666	0.01	0.01	0.01	0.007	0.01	0.9379251573218876	0.11614611310407597	0.05391898298058022	0.0421474480734359	0.04473424492324307	111.30638779750807	58.14338889423627	75.98179798376454	56.024675205937704	9.859934696808054	3.7035072807216554
16.0	0.01	0.01	0.01	0.007	0.01	0.9379251573218876	0.11614611310407597	0.05391898298046065	0.042147454904039594	0.04473424492324908	111.24056807873687	58.03158517111903	75.97565189443743	55.91507759404665	9.857456090260463	3.665144399527255
