0.0	0.01	0.01	0.01	0.007	0.01	0.0	0.0	0.0	0.0	0.0	0.0	0.0	0.0	0.0	0.0	100.0
0.0033408063736378476	0.01	0.01	0.01	0.007	0.01	0.010415557485381532	0.0027160853296110806	0.003279703232569247	0.003967936689371944	0.005369456055435972	0.0006070526335318382	0.0008756758765652203	0.001973919176821271	0.004668340824413909	0.00044657338428371116	99.92450220344392
0.005342343783076891	0.01	0.01	0.01	0.007	0.01	0.016590507786473477	0.004308739132070503	0.005142164488060158	0.006163345733368219	0.008463078671034852	0.0015474792243952327	0.002226252413614671	0.004979445511966437	0.011696155189118145	0.001130531315294847	99.87929741766186
0.008362496778872804	0.01	0.01	0.01	0.007	0.01	0.025816526536883565	0.006663930997169561	0.0078150145298414	0.009238611299241077	0.012963630263739546	0.003773820253882428	0.005407279476752623	0.011954989325009664	0.027799619533131346	0.0027286143706704838	99.81112587319649
0.011142951863250417	0.01	0.01	0.01	0.007	0.01	0.03421403239341059	0.008782221671082413	0.010136964228079502	0.011836051484600565	0.01693628041022994	0.00667152529096635	0.009524013593618014	0.02083628153047947	0.04801741454589998	0.004778535023330745	99.7484059793725
0.01437368288823652	0.01	0.01	0.01	0.007	0.01	0.04385688886480771	0.011184813426091768	0.012677608660013067	0.014596720479514037	0.02135697958440924	0.011045264652081518	0.01570076802879022	0.03393827427248021	0.07742071588662078	0.007826260035677313	99.67557852317647
0.01766143688602942	0.01	0.01	0.01	0.007	0.01	0.05354504374760594	0.013566582698398727	0.01509990837069947	0.017147006003975063	0.025651773082696058	0.01659107995198327	0.023482808533702326	0.05015118745850172	0.11326666838766569	0.011629247317886487	99.60152023748131
0.021203688205291588	0.01	0.01	0.01	0.007	0.01	0.0638439830966474	0.016063238761558383	0.017537438639956528	0.019629901171168692	0.030062763298806427	0.023782790706514838	0.03350727272515326	0.0706517526683813	0.15791239555708728	0.016480185752935993	99.52179085117912
0.02488189280862018	0.01	0.01	0.01	0.007	0.01	0.0743875350028518	0.018581563408107314	0.019892200338612588	0.021946096979136152	0.034421287864369085	0.03256415798675796	0.045662175934388774	0.09503506628944598	0.210203681278851	0.022303423972106662	99.43906895591762
0.02875196710085173	0.01	0.01	0.01	0.007	0.01	0.08531774821260359	0.02115207690171835	0.022189671585401662	0.02412487676409925	0.038780579786439874	0.04322352900729794	0.060309793500779	0.12384422316705507	0.2710397857326121	0.029250686031076868	99.35210619009924
0.03278035997290893	0.01	0.01	0.01	0.007	0.01	0.09651987539680858	0.023744140228313945	0.02439950535359094	0.026141942663605987	0.04308939224616031	0.055837647573359635	0.07751342680054277	0.15700263723447858	0.3399849346012809	0.03732876480155215	99.26166669717408
0.03698490332540723	0.01	0.01	0.01	0.007	0.01	0.10802420894521418	0.026361492515941252	0.026523689155031248	0.02800509666819371	0.04735453520547602	0.07062441522400373	0.09752381596261248	0.1947829727240925	0.41733881323371846	0.04663171393821423	99.1673603391261
0.04135891229325026	0.01	0.01	0.01	0.007	0.01	0.11979217159936148	0.028992058740459795	0.02855182490652684	0.029711665556036704	0.05155165623335997	0.08772986791783006	0.12048671243049389	0.23723641372983684	0.5029406940228606	0.05720201693152924	99.06934801670765
0.04591104726237321	0.01	0.01	0.01	0.007	0.01	0.1318264237955371	0.03163327703975848	0.0304823150070376	0.031267400781079945	0.05565879293662131	0.107359274836962	0.1466205292300553	0.2845326379106409	0.5968754246989664	0.06911158954744544	98.9674471331059
0.050644126512469606	0.01	0.01	0.01	0.007	0.01	0.14411279676455174	0.03427888702531991	0.03231156107312076	0.032676781742599574	0.05962103867493612	0.12970333159814276	0.17611595310376613	0.33677117130899087	0.6990906640297706	0.08241016154623741	98.86160690244388
0.055564847410536994	0.01	0.01	0.01	0.007	0.01	0.15664623011268805	0.03692470749759548	0.034038324194953756	0.03394649222396139	0.06334235202142502	0.15497789024333114	0.20918845941025804	0.39407828242893167	0.8095941201063279	0.09713963287798344	98.75169067308194
0.06064749941637343	0.01	0.01	0.01	0.007	0.01	0.1693401193619482	0.03954989991833362	0.03565212574005671	0.03507707603311204	0.06665386324513589	0.18322242612115355	0.24581661820851874	0.45616513292328426	0.9276170927676062	0.1132046886179995	98.63828562385575
0.0658342791337456	0.01	0.01	0.01	0.007	0.01	0.18203527165770342	0.04212054782168517	0.037138244525480237	0.036067736306179925	0.06936062266207353	0.21423271809525996	0.28566644698446136	0.5222488302261086	1.051521932219904	0.130336421459886	98.52269151946157
0.07119924286621354	0.01	0.01	0.01	0.007	0.01	0.19489707810663334	0.04466910117175319	0.038521486001524025	0.03694393748610341	0.07138436706553365	0.24857618075554824	0.3293928416166717	0.5931964215733125	1.1827992584159723	0.14864864134388583	98.40326887664787
0.07682073012953851	0.01	0.01	0.01	0.007	0.01	0.20808604373760317	0.04722416968287877	0.03982008895554455	0.037723972658368604	0.07270891090541949	0.2869736488166177	0.3778175465967715	0.6700598208442782	1.3232094582199407	0.16826431937686323	98.27829139019079
0.08265668646164696	0.01	0.01	0.01	0.007	0.01	0.22147336829874054	0.0497573441607933	0.041022305235101295	0.038407196439176415	0.07338718052389806	0.3293788850895663	0.43077509896696875	0.7522794385387095	1.4715500777765635	0.18887842842027022	98.14871372981098
0.08873519105796931	0.01	0.01	0.01	0.007	0.01	0.23509442616946244	0.05227243842791325	0.04213385970821515	0.039003546927667936	0.07356148651033585	0.37622546914322125	0.4886940746410727	0.8402315013539371	1.6283507135229416	0.21043891739863163	98.0139323305796
0.09506276370668733	0.01	0.01	0.01	0.007	0.01	0.2489321303197233	0.05476325146942017	0.043155977005251124	0.0395200066377549	0.07338059162940062	0.42781285354003007	0.5518197231776256	0.9339875258286895	1.7935995766002604	0.2328443484733629	97.8738248484843
0.10169267361983246	0.01	0.01	0.01	0.007	0.01	0.26306651710015283	0.05724065343138195	0.04409680887328068	0.03996655500514059	0.07296727696577564	0.48486096944824575	0.6208904404148469	1.0343194290735485	1.968518691088398	0.2561860650477962	97.72723775822811
0.10866989703928516	0.01	0.01	0.01	0.007	0.01	0.2775489056197128	0.059709096962715695	0.04496100526188704	0.04035065231331692	0.07241026607719002	0.5481055434736258	0.6966280689049179	1.141907835976706	2.1541436095902506	0.2805458003783933	97.57320867011586
0.11602673756594085	0.01	0.01	0.01	0.007	0.01	0.29239516085207673	0.062166155302064895	0.04575058395183668	0.04067813471390784	0.0717721956622664	0.6182377957705496	0.7796650783987671	1.257250556993523	2.3511829143692036	0.3059745949506164	97.41106209162547
0.12378442582068723	0.01	0.01	0.01	0.007	0.01	0.3075922356016426	0.0646044055819594	0.04646644243850654	0.04095417057649349	0.07109711277776935	0.6958915158637526	0.8705319988051622	1.3806656063649663	2.5600437865613883	0.33249565907867934	97.24037259817436
0.13196500593374935	0.01	0.01	0.01	0.007	0.01	0.32312365110960684	0.06701605791305483	0.0471101672905645	0.04118404005706299	0.07041516953227676	0.7817432172031102	0.9697763434789941	1.5124687462345456	2.7811455736835	0.36014331769433483	97.06070235728782
0.14059370445131236	0.01	0.01	0.01	0.007	0.01	0.33897361742057047	0.06939366969607004	0.047684166499729126	0.041373074320587754	0.06974666997627156	0.8765389516587002	1.077990113863624	1.6530120805924364	3.014985529071715	0.38896860003023637	96.87154982185741
0.14970059171656605	0.01	0.01	0.01	0.007	0.01	0.3551290586042494	0.07173043301825502	0.04819160017230388	0.041526520692709575	0.06910505322423395	0.9811194954513761	1.1958332205476208	1.8027132746464936	3.2621856754284813	0.41904262112481055	96.67231456976877
0.159320062578495	0.01	0.01	0.01	0.007	0.01	0.37157734239202145	0.074019807279043	0.048636154806268456	0.041649385924235775	0.06849911121879067	1.0964235531231223	1.3240304197761397	1.9620491482827296	3.5234794380066465	0.45045304438042555	96.46231030176712
0.1694910237088556	0.01	0.01	0.01	0.007	0.01	0.38830534829211033	0.07625539877748197	0.0490219134397776	0.04174634516639154	0.06793443311047989	1.2234980030181708	1.463375676966368	2.1315597882274115	3.7997160511466115	0.4833033500123864	96.24076251714486
0.1802567735031111	0.01	0.01	0.01	0.007	0.01	0.4052980080838263	0.07843080483331626	0.049353238730173846	0.04182167968233043	0.0674143733599845	1.3635040237214628	1.6147312858057452	2.3118469057900266	4.091855534011429	0.5177113910503691	96.006813132021
0.19166515747624605	0.01	0.01	0.01	0.007	0.01	0.42253734381153985	0.08053956759459674	0.049634689077034305	0.041879243287399615	0.06694067013098799	1.5177258045139879	1.779029349745865	2.5035761965497385	4.400970203389445	0.5538090497538702	95.75951933663707
0.20376859491850546	0.01	0.01	0.01	0.007	0.01	0.4400013296592991	0.08257514268367719	0.04987094086116094	0.04192244604791171	0.06651385429608045	1.68757679177442	1.957270183674043	2.707477116140545	4.728241829980274	0.5917415944894201	95.49785555244053
0.21662411608840923	0.01	0.01	0.01	0.007	0.01	0.45766285391217754	0.0845309203353241	0.050066717859285036	0.04195425311706804	0.06613351659181667	1.8746047778713582	2.1505193761766854	2.9243424419353388	5.07495826933521	0.6316671346815363	95.22071547451502
0.23029324315880456	0.01	0.01	0.01	0.007	0.01	0.47548859790004033	0.08640027645755113	0.050226720505305335	0.04197719528905607	0.06579848954588365	2.0804929891019657	2.359900936372463	3.1550248563811527	5.442505102634208	0.6737556085212847	94.92691781758592
0.24484169089598817	0.01	0.01	0.01	0.007	0.01	0.4934379177206837	0.08817666454024753	0.05035555433766111	0.04199338967780424	0.06550697595129684	2.307055883149802	2.586585898826766	3.400430169457523	5.832351742830448	0.7181872137865172	94.6152162393273
0.26033876301185194	0.01	0.01	0.01	0.007	0.01	0.5114617195716872	0.08985374564859326	0.05045765684657177	0.042004568788509396	0.06525664779096275	2.5562266473922914	2.831774286619498	3.6615051324135064	6.246028846556866	0.7651498961486785	94.28431601557165
0.2768563083723139	0.01	0.01	0.01	0.007	0.01	0.5295013774147234	0.09142555758662907	0.050537224655852184	0.042012116385316885	0.0650447312127517	2.830032764791048	3.0966681468223207	3.9392176449897303	6.685093715530162	0.8148354991086666	93.93290018820244
0.29446713102259797	0.01	0.01	0.01	0.007	0.01	0.5474878405394152	0.0928867279555763	0.05059814530796618	0.04201710840110355	0.06486808759703103	3.130556173879227	3.3824339812863995	4.234527752838343	7.151081372857588	0.8674342950664656	93.55966713783293
0.313242904323858	0.01	0.01	0.01	0.007	0.01	0.565341260468336	0.09423274003048769	0.050643939459197616	0.04202035690154282	0.06472329685801834	3.459877264642829	3.690155773798836	4.5483505685665415	7.645443342095904	0.9231281041463134	93.16337808913877
0.3332520712517602	0.01	0.01	0.01	0.007	0.01	0.5829717630648376	0.09546026305300268	0.05067771925615451	0.04202245494745426	0.06460674643610669	3.8200105481331668	4.020787529721323	4.881519504299359	8.169487535931856	0.9820834824812849	92.74290393970992
0.35455862858391607	0.01	0.01	0.01	0.007	0.01	0.6002819900801134	0.09656752969061226	0.050702166251099544	0.04202382017090231	0.0645147295963066	4.212849958438845	4.375121949387653	5.234764889746999	8.724343021761367	1.044447624269651	92.29725241315913
0.3772226603830653	0.01	0.01	0.01	0.007	0.01	0.6171714722548595	0.09755468830473953	0.0507195293239028	0.04202473510851555	0.06444355566220979	4.640144575266446	4.753791698452163	5.6087219356310545	9.310971468374936	1.1103494205190918	91.82555794358996
0.40130271099763304	0.01	0.01	0.01	0.007	0.01	0.6335419367503314	0.09842401685185491	0.05073164121881534	0.04202538273944108	0.06438966901907106	5.103512903142706	5.15730605783481	6.003968557066739	9.930225811637769	1.1799057718088284	91.32703361235764
0.42685907060248857	0.01	0.01	0.01	0.007	0.01	0.6493020939220754	0.0991799118807875	0.0507399513869615	0.04202587617148979	0.06434976442502584	5.6044826969461585	5.586107015732279	6.421076689990705	10.582930194020395	1.25323031844026	90.800905721878
0.45395683191279257	0.01	0.01	0.01	0.007	0.01	0.6643709272924783	0.09982865548207236	0.05074557163870418	0.042026282004611296	0.06432088089264051	6.144534820935819	6.04062380465219	6.860657770654004	11.269950709228194	1.33044124578822	90.24635537357346
0.4826679162251936	0.01	0.01	0.01	0.007	0.01	0.6786793095697209	0.1003780314307611	0.05074932942773136	0.04202663755447786	0.06430046099202304	6.72513267224996	6.5213102854867815	7.323389379238736	11.992236524750652	1.411665913694464	89.66248352133273
0.5130719015948116	0.01	0.01	0.01	0.007	0.01	0.6921704065089684	0.10083688172849829	0.05075182292211338	0.04202696271504394	0.06428637199753326	7.347730031502765	7.028660899898351	7.810020942908614	12.750828087224258	1.4970419366283954	89.04830229395714
0.5452556692663235	0.01	0.01	0.01	0.007	0.01	0.7047994022485224	0.10121467031023873	0.05075347279026601	0.04202726759148625	0.06427689392326094	8.013754583733704	7.563204954665023	8.321359595308262	13.546834179163131	1.58671487722695	88.4027513515633
0.5793120035008642	0.01	0.01	0.01	0.007	0.01	0.7165330062449874	0.10152109247524524	0.0507545673829681	0.042027557095583756	0.06427068364200127	8.724568112183889	8.125481835289447	8.858239300584907	14.381382804177765	1.680833060927061	87.72473547930578
0.6153372461569231	0.01	0.01	0.01	0.007	0.01	0.7273490242121967	0.1017657450417573	0.05075529980696331	0.042027833537592006	0.06426672491410498	9.481405149448348	8.715999784864891	9.421475850443606	15.255550168215308	1.7795399361966338	87.0131802187063
0.6534282892324103	0.01	0.01	0.01	0.007	0.01	0.7372361733153044	0.10195785974573646	0.05075579680742262	0.04202809799765652	0.06426427271449098	10.285297025368934	9.335184221490003	10.011813207249427	16.170276526327005	1.8829649166682216	86.26709868914122
0.6936794312585877	0.01	0.01	0.01	0.007	0.01	0.7461941935046219	0.10210609534520303	0.050756140264193325	0.04202835100868787	0.06426279812744716	11.136994543145759	9.983325447099444	10.629870222809192	17.126283149516933	1.9912142736891107	85.48565822559758
0.7361799814988876	0.01	0.01	0.01	0.007	0.01	0.7542341813947487	0.1022183818376508	0.05075638254111014	0.0420285928805009	0.06426193793711739	12.03691068921568	10.660540706829686	11.276101679492177	18.124012119798678	2.104364514691301	84.66822919798086
0.7810136011899473	0.01	0.01	0.01	0.007	0.01	0.7613789082285081	0.10230181070882145	0.05075655703280516	0.04202882385164983	0.06426145122694239	12.985106543904493	11.366765828396346	11.95078809317808	19.16361110287199	2.2224607699248797	83.81439768573308
0.8282601233629647	0.01	0.01	0.01	0.007	0.01	0.7676627800287742	0.10236256801121692	0.050756685157902166	0.0420290441639618	0.0642611839013268	13.98133645175284	12.101785943897054	12.654063600308351	20.244976951845572	2.3455218117304533	82.92393007638707
0.8779997634429688	0.01	0.01	0.01	0.007	0.01	0.7731311029654594	0.10240590969858691	0.050756780848888676	0.042029254101065144	0.06426104105438735	15.025148209077013	12.865300370142966	13.385977754937041	21.36785089935906	2.473550965677926	81.99669468011332
0.9303189848139776	0.01	0.01	0.01	0.007	0.01	0.7778385289114882	0.10243617943528549	0.050756853358698964	0.04202945400650129	0.06426096646164409	16.116017988702467	13.657006528844704	14.146577342841969	22.531943132460242	2.6065504732567346	81.03255775830593
0.9853167810630781	0.01	0.01	0.01	0.007	0.01	0.7818468025508741	0.10245686588325273	0.05075690898288573	0.04202964428660311	0.06426092809533697	17.25348839085079	14.47668123600579	14.935987793122143	23.73705479723281	2.7445357289999763	80.03127968991593
1.0431106358178392	0.01	0.01	0.01	0.007	0.01	0.7852221541171535	0.10247069170917994	0.05075695210944531	0.042029825402859114	0.06426090840462341	18.437289425524046	15.324247073770326	15.754482393150427	24.983179102142703	2.8875473300377723	78.99242615372994
1.1038416932790567	0.01	0.01	0.01	0.007	0.01	0.788032692515356	0.10247972235355747	0.05075698586317961	0.042029997857808074	0.06426089812398665	19.66742962036123	16.199816912762987	16.602532387088008	26.27057093145574	3.0356597324934347	77.91530308565127
1.1676793667490082	0.01	0.01	0.01	0.007	0.01	0.7903460873489313	0.10248548176487703	0.05075701250924861	0.04203016217903698	0.0642608925276959	20.944260302440444	17.10372042755525	17.48084133536431	27.599790205927597	3.1889871098945046	76.79891113227161
1.2348257017269346	0.01	0.01	0.01	0.007	0.01	0.7922276853105703	0.10248906414396143	0.050757033713224785	0.04203031890404459	0.06426088927538776	22.26851852544291	18.036517277996854	18.39036803454729	28.97172553152186	3.3476871671447226	75.6419141318814
1.3055199850991783	0.01	0.01	0.01	0.007	0.01	0.7937391024252654	0.10249123423110393	0.050757050714005277	0.04203046856766359	0.06426088723164773	23.641357466687793	18.99900327112607	19.33234409885776	30.387607221234752	3.5119639740728723	74.4426138258241
1.3800439846654315	0.01	0.01	0.01	0.007	0.01	0.7949372599084219	0.10249251223433371	0.050757064442081404	0.04203061169238099	0.06426088584866713	25.064370119621344	19.992213164839036	20.308289978841128	31.849015001890983	3.6820704713989967	73.19892590531609
1.4587282843941274	0.01	0.01	0.01	0.007	0.01	0.795873801487964	0.1024932423871254	0.05075707560231661	0.04203074878146818	0.06426088485729838	26.539612418702127	21.01742366825484	21.320033343282024	33.3578856645978	3.858311322717433	71.90835224607285
1.5419600656199643	0.01	0.01	0.01	0.007	0.01	0.7965948180732494	0.10249364605069926	0.05075708473287764	0.04203088031421158	0.06426088411858943	28.06962802260127	22.076157243689703	22.369731124137434	34.916521650342055	4.041046321951307	70.56794745531413
1.630192697450951	0.01	0.01	0.01	0.007	0.01	0.7971408110521503	0.10249386134783503	0.05075709224772388	0.04203100674231979	0.06426088355485716	29.65747536728541	23.170186063389316	23.459895543790886	36.52759976501096	4.230694388521781	69.17427902882079
1.7239572268125027	0.01	0.01	0.01	0.007	0.01	0.7975468339343695	0.10249397173421464	0.05075709846752624	0.04203112848579902	0.064260883118424	31.306750661036112	24.301530582166187	24.59341983114249	38.19417203990376	4.4277373730311025	67.7233862259005
1.8238749371559193	0.01	0.01	0.01	0.007	0.01	0.797842762784123	0.10249402591038227	0.0507571036423099	0.0420312459244913	0.06426088277748024	33.02158329889394	25.47243543554125	25.773587628021385	39.91963343844304	4.632720858747685	66.21075771406419
1.9306658442346822	0.01	0.01	0.01	0.007	0.01	0.7980536539001016	0.10249405123385708	0.05075710796802086	0.04203135937358532	0.06426088250950282	34.80651090975869	26.68525879517055	27.00400226907271	41.70756237810398	4.84624085786773	64.63140955167678
2.0451277964181918	0.01	0.01	0.01	0.007	0.01	0.7982001507727977	0.10249406243907987	0.050757111598235684	0.0420314689999162	0.06426088229798706	36.665836721144835	27.942008550086943	28.288160658244177	43.56104060756005	5.068868741127461	62.98041814339911
2.167946965138371	0.01	0.01	0.01	0.007	0.01	0.7982988870045763	0.10249406709686441	0.05075711465028663	0.042031574492828176	0.06426088213076066	38.60041144046928	29.242159453970604	29.62724022067457	45.47943497337129	5.300767071583556	61.2557588988375
2.2985360594186055	0.01	0.01	0.01	0.007	0.01	0.798362771103049	0.10249406889525167	0.05075711719794206	0.04203167375885264	0.06426088199951029	40.59043524874541	30.571241540601264	31.00813972947449	47.441541343034366	5.53962330898543	59.4737665709606
2.4309535710274943	0.01	0.01	0.01	0.007	0.01	0.7984014168704318	0.1024940695301519	0.05075711924568538	0.042031761091351524	0.06426088190026773	42.53983319613748	31.864524701601916	32.364527983701926	49.351869245277804	5.77394101234054	57.71975058267065
2.55664019220336	0.01	0.01	0.01	0.007	0.01	0.7984234808632019	0.10249406974294849	0.05075712081768096	0.042031835810915394	0.0642608818283148	44.32816485944207	33.04294531323669	33.61231097925678	51.093525405506206	5.989218887892944	56.1027692823906
2.675061592856062	0.01	0.01	0.01	0.007	0.01	0.7984363336643028	0.1024940698178098	0.05075712204138847	0.04203190470330633	0.06426088177498684	45.95943869212364	34.11077812825524	34.753618288338636	52.67261998277254	6.185878877264175	54.62072558385109
2.7896907840961043	0.01	0.01	0.01	0.007	0.01	0.7984441990351956	0.10249406984615425	0.05075712303782986	0.04203196946790932	0.06426088173341815	47.49019282036518	35.10628444462954	35.827484231557484	54.14557264146416	6.37068901552231	53.22344200305091
2.90375166421241	0.01	0.01	0.01	0.007	0.01	0.7984491918809715	0.10249406985740234	0.050757123882266234	0.042032029353593195	0.06426088169960342	48.967443009895845	36.06064963496708	36.86664238130681	55.55844492683475	6.549302593179269	51.86856672987487
3.0190334683767195	0.01	0.01	0.01	0.007	0.01	0.7984524078862205	0.10249406986192909	0.05075712461477609	0.04203208461290121	0.06426088167139955	50.41517213599627	36.989537201244	37.88790519073935	56.93440009819351	6.724613993484826	50.53423142873851
3.135976039672101	0.01	0.01	0.01	0.007	0.01	0.7984544753752866	0.10249406986373709	0.05075712525602853	0.04203213583865778	0.06426088164762819	51.83840848107522	37.896155402928706	38.89484401602014	58.27818835788416	6.897234302011229	49.215740653554896
3.254155185032086	0.01	0.01	0.01	0.007	0.01	0.7984557918936637	0.102494069864448	0.05075712581806561	0.04203218345671623	0.06426088162754193	53.23152131421681	38.77690240965733	39.883497493731575	59.584468325136136	7.066482527644614	47.91825302241124
3.3728637916503734	0.01	0.01	0.01	0.007	0.01	0.7984566221852103	0.10249406986472377	0.05075712631026223	0.042032227806046034	0.06426088161055778	54.58638120627953	39.626725218146376	40.84807238869376	60.84572994185969	7.231368617654268	46.649387303277265
3.491532154985992	0.01	0.01	0.01	0.007	0.01	0.7984571427690018	0.10249406986482998	0.05075712674158609	0.0420322692390367	0.06426088159616343	55.89740878693415	40.44232330478719	41.78452072362713	62.05704474681745	7.391206308757201	45.41453406787948
3.609894243419159	0.01	0.01	0.01	0.007	0.01	0.7984574686460597	0.1024940698648709	0.05075712712078829	0.042032308088637296	0.06426088158390393	57.16301732621255	41.22298029605501	42.691599727344965	63.21730966124005	7.545791766882418	44.21542994076615
3.727946340120856	0.01	0.01	0.01	0.007	0.01	0.7984576728791444	0.10249406986488663	0.05075712745588794	0.04203234461034413	0.06426088157339184	58.38461891180158	41.96985883189767	43.57020158705617	64.32821084387254	7.6952861129961905	43.05100332777308
3.845817645849039	0.01	0.01	0.01	0.007	0.01	0.7984578011414609	0.10249406986489273	0.05075712775374502	0.042032378981752924	0.06426088156431174	59.564892007903545	42.68487480442534	44.422138160449634	65.39255777746419	7.840006268711094	41.91895550691237
3.9636511998760153	0.01	0.01	0.01	0.007	0.01	0.7984578818267672	0.10249406986489508	0.050757128019952844	0.042032411339682725	0.06426088155641457	60.70643504144477	43.36985554802859	45.249181407410475	66.41303349436907	7.980261004036594	40.81702380954882
4.081538682596004	0.01	0.01	0.01	0.007	0.01	0.7984579326216384	0.10249406986489598	0.05075712825897858	0.042032441811127176	0.06426088154950561	61.8111569952273	44.02617876765333	46.05261993655111	67.39165600462648	8.116275882043011	39.74357425642733
4.199508320247469	0.01	0.01	0.01	0.007	0.01	0.7984579645984256	0.10249406986489634	0.05075712847440833	0.04203247052465509	0.06426088154343104	62.88026087135662	44.65478082722024	46.83323865647873	68.32978826482669	8.248190451686796	38.69763668716722
4.317544188400622	0.01	0.01	0.01	0.007	0.01	0.7984579847200627	0.10249406986489645	0.05075712866918279	0.0420324976091531	0.06426088153806724	63.91451214623509	45.256332289470784	47.59150655167165	69.22839783133458	8.376090609846512	37.678661051002194
4.435613910074924	0.01	0.01	0.01	0.007	0.01	0.7984579973757298	0.10249406986489651	0.05075712884577636	0.04203252318808716	0.06426088153331244	64.91453586380948	45.831421167871945	48.327789580098326	70.08832923435772	8.500044887251946	36.686236030749235
4.553689531036056	0.01	0.01	0.01	0.007	0.01	0.7984580053330748	0.10249406986489652	0.05075712900631169	0.04203254737414523	0.0642608815290815	65.88100697423366	46.38066498056546	49.042489569371185	70.91047119562083	8.620127927024495	35.71990303295165
4.671756475740993	0.01	0.01	0.01	0.007	0.01	0.798458010335713	0.10249406986489655	0.05075712915262808	0.04203257026660523	0.06426088152530333	66.81471199341003	46.90474336945751	49.736090950805625	71.69580578031145	8.736428251144904	34.779091926058946
4.789812688698652	0.01	0.01	0.01	0.007	0.01	0.7984580134808449	0.10249406986489655	0.050757129286322124	0.04203259195185028	0.06426088152191752	67.71652329749952	47.40437972362608	50.409143547999015	72.445381387153	8.849045232386718	33.863142593710855
4.907863166243719	0.01	0.01	0.01	0.007	0.01	0.7984580154583221	0.10249406986489655	0.05075712940877888	0.04203261250586647	0.06426088151887309	68.58734287189641	47.880306954774824	51.06222207371319	73.1602618107437	8.958082205821777	32.971358642929545
5.025914334919431	0.01	0.01	0.01	0.007	0.01	0.7984580167017264	0.10249406986489655	0.050757129521198124	0.04203263199713634	0.06426088151612691	69.42805459420711	48.33324011022836	51.695890993841	73.84148527456624	9.06364055358622	32.10305475625391
5.143970565327778	0.01	0.01	0.01	0.007	0.01	0.7984580174835788	0.10249406986489655	0.05075712962462018	0.04203265048884143	0.06426088151364222	70.23949990208175	48.76386344663585	52.31068612066242	74.49004495654832	9.165816643314889	31.25758196698116
5.262033249524374	0.01	0.01	0.01	0.007	0.01	0.7984580179752023	0.10249406986489655	0.050757129719950535	0.04203266804000243	0.06426088151138776	71.02247524795992	49.17283002458001	52.90711224464179	75.10688824032654	9.264701466972642	30.434331322197455
5.38010158242426	0.01	0.01	0.01	0.007	0.01	0.798458018284322	0.10249406986489655	0.05075712980798076	0.042032684705800946	0.06426088150933684	71.77774130423306	49.56076753015186	53.485649668214364	75.69292534781353	9.3603817592942	29.632725307285895
5.49817382825992	0.01	0.01	0.01	0.007	0.01	0.7984580184786819	0.10249406986489655	0.05075712988940618	0.04203270053756536	0.06426088150746656	72.50603373920188	49.928284510993294	54.046762130520044	76.24903865500394	9.452941332504075	28.8522071692829
5.616248399695141	0.01	0.01	0.01	0.007	0.01	0.7984580186008831	0.10249406986489655	0.05075712996484015	0.042032715582724194	0.06426088150575672	73.20807101247428	50.27597463774938	54.59090266476234	76.77608908832386	9.54246205325247	28.092232902773357
5.73432433491398	0.01	0.01	0.01	0.007	0.01	0.7984580186777142	0.10249406986489655	0.05075713003482575	0.04203272988494653	0.06426088150419025	73.88455730877737	50.604418221638035	55.11851585289086	77.2749184108265	9.629024214778132	27.352268113168247
5.852401321131384	0.01	0.01	0.01	0.007	0.01	0.7984580187260196	0.10249406986489655	0.050757130099845685	0.042032743484437	0.0642608815027518	74.53618242580812	50.914182134905	55.63003776380607	77.74634910011765	9.712706524715085	26.631788073353608
5.970479428737371	0.01	0.01	0.01	0.007	0.01	0.7984580187563901	0.10249406986489655	0.05075713016032898	0.04203275641833578	0.06426088150142838	75.16362016958662	51.20581905330593	56.1258947049698	78.1911831895458	9.793585899847077	25.930279465078993
6.088558821966024	0.01	0.01	0.01	0.007	0.01	0.7984580187754846	0.10249406986489655	0.05075713021665871	0.04203276872110772	0.0642608815002086	75.7675269890035	51.47986691516052	56.606502110719056	78.61020142350239	9.87173728690838	25.247241974985222
6.20663961813535	0.01	0.01	0.01	0.007	0.01	0.7984580187874897	0.10249406986489655	0.050757130269177476	0.042032780424842	0.064260881499082	76.3485416782832	51.73684895562664	57.072264234874304	79.00416327813839	9.94723361742391	24.582188789484988
6.324721785980555	0.01	0.01	0.01	0.007	0.01	0.7984580187950372	0.10249406986489655	0.05075713031819233	0.04203279155951229	0.06426088149803984	76.9072854127812	51.97727392997708	57.523574089181544	79.37380726535793	10.020145803919338	23.934646758389864
6.442805208210868	0.01	0.01	0.01	0.007	0.01	0.7984580187997824	0.10249406986489655	0.05075713036397879	0.04203280215313522	0.06426088149707397	77.44436261136032	52.20163670629394	57.960814041876546	79.71985180274133	10.090542843317342	23.304155618535148
6.560889712788377	0.01	0.01	0.01	0.007	0.01	0.7984580188027657	0.10249406986489655	0.050757130406785325	0.04203281223192421	0.06426088149617766	77.96036157579819	52.41041873703215	58.38435624838258	80.04299590154424	10.158491892360212	22.690267447386596
6.67897513549124	0.01	0.01	0.01	0.007	0.01	0.7984580188046414	0.10249406986489655	0.05075713044683617	0.04203282182040969	0.06426088149534437	78.45585520920876	52.60408854171732	58.79456315701801	80.34391987570164	10.224058354368191	22.092545999017208
6.797061359017558	0.01	0.01	0.01	0.007	0.01	0.7984580188058206	0.10249406986489655	0.050757130484334174	0.042032830941554335	0.06426088149456885	78.93140156481098	52.78310209742178	59.191787887129074	80.62328591229827	10.28730594472458	21.510566214631893
6.915148289525066	0.01	0.01	0.01	0.007	0.01	0.7984580188065619	0.10249406986489655	0.0507571305194629	0.04203283961688681	0.06426088149384608	79.38754411024746	52.947903109516965	59.5763743757941	80.88173845765593	10.34829671909433	20.943914066816507
7.033235880093924	0.01	0.01	0.01	0.007	0.01	0.7984580188070279	0.10249406986489655	0.05075713055238948	0.04203284786660029	0.06426088149317144	79.82481217719355	53.098923349948436	59.9486576801384	81.11990470932632	10.407091126366574	20.39218617519235
7.151324091624236	0.01	0.01	0.01	0.007	0.01	0.798458018807321	0.10249406986489655	0.05075713058326573	0.042032855709672315	0.06426088149254117	80.24372116378579	53.23658290320254	60.308964072471134	81.33839496401713	10.463748028662577	19.854989726391036
7.269412877194752	0.01	0.01	0.01	0.007	0.01	0.7984580188075053	0.10249406986489655	0.050757130612229716	0.04203286316396468	0.06426088149195137	80.64477284319618	53.361290455305905	60.65761122213777	81.53780303224407	10.518324735289566	19.331942268892387
7.387502182062779	0.01	0.01	0.01	0.007	0.01	0.7984580188076211	0.10249406986489655	0.05075713063940784	0.04203287024630643	0.06426088149139922	81.02845572640132	53.47344359898161	60.994908424465926	81.71870667911008	10.570877044073436	18.82267143741397
7.50559196712654	0.01	0.01	0.01	0.007	0.01	0.7984580188076938	0.10249406986489655	0.050757130664915606	0.04203287697255703	0.0642608814908815	81.39524548635724	53.573429149208955	61.3211568872571	81.88166808376816	10.621459291430318	18.326814587549563
7.623682169821293	0.01	0.01	0.01	0.007	0.01	0.7984580188077397	0.10249406986489655	0.05075713068885874	0.04203288335769644	0.06426088149039559	81.74560517195516	53.661623393230926	61.63664983424842	82.02723419424119	10.67012437381096	17.844018705417863
7.741772766685938	0.01	0.01	0.01	0.007	0.01	0.7984580188077686	0.10249406986489655	0.050757130711334156	0.042032889415855285	0.06426088148993916	82.07998572646383	53.73839241743649	61.94167288226686	82.15593720919678	10.716923811399374	17.373939899077246
7.859863726438266	0.01	0.01	0.01	0.007	0.01	0.7984580188077867	0.10249406986489655	0.050757130732430884	0.042032895160396655	0.06426088148951022	82.39882615877033	53.804092335375294	62.23650411142694	82.26829489976264	10.761907764104684	16.91624335505673
7.977955017795787	0.01	0.01	0.01	0.007	0.01	0.798458018807798	0.10249406986489655	0.050757130752230886	0.04203290060396554	0.06426088148910677	82.70255388124427	53.85906955861539	62.52141428453686	82.36481100193964	10.80512507062704	16.470603067430186
8.096046593833924	0.01	0.01	0.01	0.007	0.01	0.7984580188078051	0.10249406986489655	0.050757130770809795	0.04203290575854565	0.0642608814887266	82.99158497721653	53.90366104841477	62.796667003525656	82.44597557787438	10.846623277788872	16.03670166311288
8.214138415448707	0.01	0.01	0.01	0.007	0.01	0.7984580188078095	0.10249406986489655	0.05075713078823704	0.04203291063549164	0.06426088148836848	83.26632456031568	53.938194578312796	63.062518954702696	82.51226539856418	10.886448683182527	15.614230086228424
8.332230490461592	0.01	0.01	0.01	0.007	0.01	0.7984580188078123	0.10249406986489655	0.050757130804577055	0.04203291524554817	0.06426088148803082	83.52716714255493	53.962988980752165	63.31922017125929	82.56414430519467	10.92464637988225	15.202887248307865
8.450322787589283	0.01	0.01	0.01	0.007	0.01	0.7984580188078141	0.10249406986489655	0.05075713081988912	0.042032919598935216	0.06426088148771225	83.77449671371272	53.97835435780072	63.567014015846254	82.60206350147642	10.96126025926114	14.802380123934078
8.56841527554831	0.01	0.01	0.01	0.007	0.01	0.7984580188078152	0.10249406986489655	0.05075713083422841	0.04203292370536106	0.06426088148741134	84.00868711349489	53.98459232854993	63.806137446158516	82.62646191657922	10.996333056227078	14.41242339707821
8.686507938697021	0.01	0.01	0.01	0.007	0.01	0.798458018807816	0.10249406986489655	0.0507571308476458	0.042032927574046544	0.06426088148712727	84.23010232688358	53.981996253059464	64.03682121325937	82.63776653056154	11.029906383965471	14.032739208879917
8.804600777035676	0.01	0.01	0.01	0.007	0.01	0.7984580188078164	0.10249406986489655	0.050757130860188716	0.04203293121375413	0.06426088148685874	84.439096735876	53.97085144573764	64.25929002011443	82.63639268235734	11.062020762582002	13.663056966902479
8.92269375928053	0.01	0.01	0.01	0.007	0.01	0.7984580188078169	0.10249406986489655	0.05075713087190112	0.042032934632841745	0.06426088148660498	84.63601528918652	53.95143539283152	64.47376259259012	82.62274437805513	11.092715635125943	13.303113300176415
9.040786869789748	0.01	0.01	0.01	0.007	0.01	0.798458018807817	0.10249406986489655	0.050757130882823936	0.04203293783926211	0.0642608814863647	84.82119383612917	53.92401795868222	64.6804519261983	82.59721459478612	11.122029408935308	12.952651721671922
9.158880100742453	0.01	0.01	0.01	0.007	0.01	0.7984580188078171	0.10249406986489655	0.0507571308929951	0.0420329408405908	0.06426088148613758	84.99495934791759	53.888861585362875	64.879565419518	82.56018556798428	11.149999480272898	12.61142247450294
9.276973428675706	0.01	0.01	0.01	0.007	0.01	0.7984580188078172	0.10249406986489655	0.05075713090245016	0.042032943644061405	0.06426088148592235	85.15763011681423	53.84622149655849	65.07130498201566	82.51202908315175	11.176662255382471	12.279182422331461
9.39506685358959	0.01	0.01	0.01	0.007	0.01	0.7984580188078172	0.10249406986489655	0.05075713091122218	0.04203294625656373	0.06426088148571868	85.30951603977462	53.796345876676426	65.2558672425357	82.45310673909623	11.202053185496132	11.955694764803297
9.513160367663152	0.01	0.01	0.01	0.007	0.01	0.7984580188078172	0.10249406986489655	0.05075713091934212	0.042032948684680625	0.0642608814855257	85.45091879374726	53.73947606669147	65.43344363613807	82.38377022718072	11.22620678463118	11.64072895993838
9.631253947433356	0.01	0.01	0.01	0.007	0.01	0.7984580188078172	0.10249406986489655	0.05075713092683861	0.042032950934709594	0.06426088148534301	85.58213204705717	53.675846753027734	65.60422053174022	82.30436160346974	11.249156653151946	11.334060577148724
9.749347592900238	0.01	0.01	0.01	0.007	0.01	0.7984580188078172	0.10249406986489655	0.050757130933738834	0.04203295301265772	0.06426088148516985	85.70344171496156	53.605686124808436	65.76837942251932	82.21521352009243	11.270935509534937	11.035471034558931
9.867441304063833	0.01	0.01	0.01	0.007	0.01	0.7984580188078172	0.10249406986489655	0.050757130940067965	0.04203295492427005	0.06426088148500582	85.81512613359598	53.529216055823206	65.9260970179619	82.11664948548733	11.291575208569213	10.744747508355134
9.985535049640003	0.01	0.01	0.01	0.007	0.01	0.7984580188078172	0.10249406986489655	0.050757130945849556	0.04203295667506125	0.06426088148485032	85.91745623386103	53.44665229539479	66.07754533057552	82.00898413711174	11.311106759081065	10.461682855094576
10.103628829628757	0.01	0.01	0.01	0.007	0.01	0.7984580188078172	0.10249406986489655	0.050757130951105754	0.042032958270294137	0.06426088148470299	86.01069579484559	53.35820459141676	66.22289188197863	81.89252342550934	11.32956035699418	10.186075310192974
10.221722651851154	0.01	0.01	0.01	0.007	0.01	0.7984580188078172	0.10249406986489655	0.050757130955857675	0.04203295971500511	0.06426088148456334	86.09510160510506	53.26407686112173	66.36229978706046	81.76756485847541	11.346965402098903	9.917728406739888
10.33981651630721	0.01	0.01	0.01	0.007	0.01	0.7984580188078172	0.10249406986489655	0.050757130960124575	0.042032961014024636	0.06426088148443115	86.17092363479502	53.1644673580897	66.49592785109827	81.63439774085043	11.36335051662062	9.656450871935723
10.45791039953378	0.01	0.01	0.01	0.007	0.01	0.7984580188078172	0.10249406986489655	0.05075713096392489	0.04203296217199721	0.06426088148430568	86.23840520971815	53.05956883947273	66.62393066837171	81.49330341485953	11.378743564039656	9.4020565216372
10.576004301530872	0.01	0.01	0.01	0.007	0.01	0.7984580188078172	0.10249406986489655	0.05075713096727563	0.04203296319336526	0.06426088148418706	86.29778321610165	52.949568673418696	66.74645878542634	81.34455541959596	11.393171675494468	9.154364023934741
10.694098222298487	0.01	0.01	0.01	0.007	0.01	0.7984580188078172	0.10249406986489655	0.05075713097019344	0.04203296408239145	0.06426088148407459	86.34928825319217	52.83464900048496	66.86365878017216	81.18841972202266	11.406661265610065	8.91319682393308
10.812192161836629	0.01	0.01	0.01	0.007	0.01	0.7984580188078172	0.10249406986489655	0.050757130972693174	0.04203296484316826	0.06426088148396818	86.393144799005	52.71498687312309	66.97567336643577	81.02515491851642	11.419238051376897	8.678383017906139
10.93028610450319	0.01	0.01	0.01	0.007	0.01	0.7984580188078172	0.10249406986489655	0.050757130974789524	0.042032965479635344	0.0642608814838675	86.42957136736409	52.590754408228726	67.08264148191809	80.85501245407222	11.430927069041845	8.449755260647564
11.048380050298174	0.01	0.01	0.01	0.007	0.01	0.7984580188078172	0.10249406986489655	0.050757130976495916	0.04203296599556926	0.0642608814837721	86.45878067654358	52.462118887568984	67.18469841691606	80.67823676997284	11.441752695324956	8.227150584046392
11.166474007042632	0.01	0.01	0.01	0.007	0.01	0.7984580188078172	0.10249406986489655	0.05075713097782495	0.04203296639459554	0.06426088148368207	86.48097979617019	52.32924289246931	67.28197590124616	80.49506549765665	11.451738663631824	8.01041029913092
11.284567951273406	0.01	0.01	0.01	0.007	0.01	0.7984580188078172	0.10249406986489655	0.05075713097878893	0.04203296668021878	0.06426088148359695	86.49637028997782	52.192284473820365	67.37460216677651	80.30572970150217	11.460908077850883	7.799379953781101
11.402661882990497	0.01	0.01	0.01	0.007	0.01	0.7984580188078172	0.10249406986489655	0.05075713097939924	0.04203296685579689	0.06426088148351645	86.50514837217563	52.05139721309108	67.46270208472664	80.11045397114	11.4692834336279	7.59390912125074
11.520755810014956	0.01	0.01	0.01	0.007	0.01	0.7984580188078172	0.10249406986489655	0.0507571309796665	0.04203296692455685	0.06426088148344068	86.50750504211034	51.90673035654271	67.54639723939258	79.90945661409465	11.476886632694706	7.393851324685898
11.638849732346785	0.01	0.01	0.01	0.007	0.01	0.7984580188078172	0.10249406986489655	0.050757130979600766	0.04203296688960957	0.06426088148336913	86.50362622065744	51.758428949577905	67.62580600324637	79.70294984883645	11.48373899742754	7.199063959900557
11.756943649985983	0.01	0.01	0.01	0.007	0.01	0.7984580188078172	0.10249406986489655	0.05075713097921179	0.04203296675395119	0.06426088148330165	86.49369288534461	51.60663394039529	67.7010436276748	79.49113995515917	11.48986128673043	7.00940817956224
11.8750375551115	0.01	0.01	0.01	0.007	0.01	0.7984580188078172	0.10249406986489655	0.050757130978508806	0.04203296652047245	0.06426088148323826	86.47788120194328	51.451482299988044	67.77222232062425	79.27422744712779	11.495273710547393	6.824748806285961
11.99313144772334	0.01	0.01	0.01	0.007	0.01	0.7984580188078172	0.10249406986489655	0.05075713097750017	0.04203296619195466	0.0642608814831786	86.4563626500287	51.29310710872157	67.83945133659932	79.05240719920741	11.49999594512482	6.644954211180942
12.111225320000452	0.01	0.01	0.01	0.007	0.01	0.7984580188078172	0.10249406986489655	0.050757130976194005	0.042032965771083834	0.06426088148312267	86.4293041485824	51.131637680727806	67.90283704514361	78.82586862507752	11.504047146362456	6.469896244534202
12.229319164121799	0.01	0.01	0.01	0.007	0.01	0.7984580188078172	0.10249406986489655	0.05075713097459805	0.042032965260450326	0.06426088148307012	86.39686817574581	50.96719965503282	67.96248301178947	78.59479580984987	11.507445963935364	6.299450131808257
12.347412995729474	0.01	0.01	0.01	0.007	0.01	0.7984580188078172	0.10249406986489655	0.05075713097271967	0.042032964662538794	0.06426088148302123	86.35921287787912	50.79991506044185	68.01849008266487	78.35936760508885	11.510210555113508	6.133494352235804
12.465506814823478	0.01	0.01	0.01	0.007	0.01	0.7984580188078172	0.10249406986489655	0.05075713097056567	0.042032963979756054	0.06426088148297544	86.31649219354014	50.62990246541998	68.07095643611667	78.11975784322225	11.512358596527992	5.971910609368652
12.583600613582767	0.01	0.01	0.01	0.007	0.01	0.7984580188078172	0.10249406986489655	0.0507571309681427	0.04203296321442965	0.06426088148293273	86.26885596463764	50.457277061759534	68.11997765828158	77.87613545901878	11.513907297318736	5.814583733535136
12.701694392007349	0.01	0.01	0.01	0.007	0.01	0.7984580188078172	0.10249406986489655	0.0507571309654568	0.04203296236880259	0.06426088148289304	86.2164500388695	50.28215073290021	68.16564681822393	77.62866458915607	11.514873411731656	5.661401578362068
12.819788150097224	0.01	0.01	0.01	0.007	0.01	0.7984580188078172	0.10249406986489655	0.050757130962513955	0.04203296144504075	0.0642608814828563	86.15941637733243	50.104632153380805	68.2080545305235	77.37750471554901	11.515273250907443	5.512254951970235
12.93788188003136	0.01	0.01	0.01	0.007	0.01	0.7984580188078172	0.10249406986489655	0.05075713095931968	0.04203296044524125	0.06426088148282243	86.097893161255	49.92482688694611	68.24728901744689	77.12281080683053	11.515122694586134	5.367037548627375
13.055975589630801	0.01	0.01	0.01	0.007	0.01	0.7984580188078172	0.10249406986489655	0.05075713095587933	0.04203295937142145	0.0642608814827911	86.0320148797169	49.742837434731946	68.28343617979957	76.86473338905478	11.514437202462501	5.225645843993574
13.174069278895548	0.01	0.01	0.01	0.007	0.01	0.7984580188078172	0.10249406986489655	0.05075713095219791	0.04203295822553594	0.06426088148276235	85.96191243832956	49.5587633522531	68.31657964992125	76.60341871374109	11.513231825196506	5.087979050820339
13.292162955646639	0.01	0.01	0.01	0.007	0.01	0.7984580188078172	0.10249406986489655	0.05075713094828013	0.0420329570094695	0.06426088148273626	85.88771324518501	49.37270130480681	68.34680085619708	76.3390088386361	11.511521215106589	4.953939028336111
13.410256604242008	0.01	0.01	0.01	0.007	0.01	0.7984580188078172	0.10249406986489655	0.0507571309441306	0.0420329557250586	0.06426088148271254	85.80954132291252	49.18474519426007	68.37417907336255	76.0716418098137	11.509319637150384	4.8234302475610775
13.528350216860636	0.01	0.01	0.01	0.007	0.01	0.7984580188078172	0.10249406986489655	0.050757130939753536	0.04203295437407557	0.06426088148269113	85.72751737999722	48.994986185673405	68.39879148800978	75.80145170145543	11.506640978846862	4.6963596865517605
13.646443793502533	0.01	0.01	0.01	0.007	0.01	0.7984580188078172	0.10249406986489655	0.050757130935152876	0.0420329529582306	0.06426088148267212	85.64175889674404	48.803512779954225	68.42071325270386	75.52856872082049	11.503498760055427	4.572636765299555
13.764537349809759	0.01	0.01	0.01	0.007	0.01	0.7984580188078172	0.10249406986489655	0.05075713093033286	0.042032951479169155	0.06426088148265513	85.55238020302404	48.61041087181936	68.44001753991817	75.25311929222164	11.499906142254202	4.452173274411648
13.882630901424369	0.01	0.01	0.01	0.007	0.01	0.7984580188078172	0.10249406986489655	0.050757130925296726	0.04203294993848415	0.06426088148264028	85.459492571317	48.41576384417584	68.45677559054951	74.97522619289707	11.495875938248115	4.3348833296438745
14.000724424883288	0.01	0.01	0.01	0.007	0.01	0.7984580188078172	0.10249406986489655	0.05075713092004819	0.04203294833774061	0.06426088148262761	85.36320432990635	48.21965270105611	68.47105676053873	74.69500874415633	11.491420622912544	4.2206833478909775
14.118817912365502	0.01	0.01	0.01	0.007	0.01	0.7984580188078172	0.10249406986489655	0.0507571309145906	0.04203294667844539	0.0642608814826169	85.26362089996265	48.022156043945245	68.48292857936273	74.41258277890562	11.486552340472898	4.109491931704694
14.236911363871025	0.01	0.01	0.01	0.007	0.01	0.7984580188078172	0.10249406986489655	0.05075713090892696	0.04203294496205354	0.06426088148260814	85.16084487658917	47.82335014811175	68.49245679602734	74.12806075169892	11.481282913286272	4.001229820412768
14.355004802862917	0.01	0.01	0.01	0.007	0.01	0.7984580188078172	0.10249406986489655	0.05075713090306022	0.0420329431899605	0.06426088148260117	85.05497608793503	47.62330899800792	68.49970542603366	73.84155179021707	11.47562384940784	3.895819820824122
14.473098229341177	0.01	0.01	0.01	0.007	0.01	0.7984580188078172	0.10249406986489655	0.050757130896993206	0.0420329413635323	0.06426088148259604	84.94611170855869	47.42210442709099	68.50473679334408	73.55316189628755	11.469586352946031	3.7931867951781433
14.591191635484794	0.01	0.01	0.01	0.007	0.01	0.7984580188078172	0.10249406986489655	0.050757130890728766	0.04203293948409751	0.06426088148259274	84.83434631799868	47.21980615130608	68.50761157735565	73.26299399481066	11.463181331606837	3.693257591726708
14.70928499783073	0.01	0.01	0.01	0.007	0.01	0.7984580188078172	0.10249406986489655	0.05075713088426916	0.04203293755295367	0.06426088148259114	84.71977197804556	47.01648184050035	68.50838885692708	72.97114803696672	11.456419405092811	3.595960998082991
14.827378324200012	0.01	0.01	0.01	0.007	0.01	0.7984580188078172	0.10249406986489655	0.05075713087761705	0.042032935571340566	0.06426088148259118	84.60247825418637	46.8121970936985	68.50712615295798	72.67772096535194	11.449310910047318	3.501227651673176
14.945471622413656	0.01	0.01	0.01	0.007	0.01	0.7984580188078172	0.10249406986489655	0.05075713087077452	0.04203293354046022	0.06426088148259285	84.48255230922236	46.60701554687645	68.50387946787926	72.38280686913845	11.441865909028106	3.408990017801745
15.063564908113687	0.01	0.01	0.01	0.007	0.01	0.7984580188078172	0.10249406986489655	0.05075713086374387	0.04203293146147375	0.06426088148259615	84.36007895852754	46.40099891246545	68.49870332527775	72.08649704132058	11.434094197210056	3.319182335600068
15.181658173479097	0.01	0.01	0.01	0.007	0.01	0.7984580188078172	0.10249406986489655	0.050757130856527014	0.042032929335521524	0.06426088148260098	84.23514076444124	46.19420708574721	68.49165081037026	71.78888013217987	11.426005311503152	3.231740594743578
15.299751418509889	0.01	0.01	0.01	0.007	0.01	0.7984580188078172	0.10249406986489655	0.05075713084912601	0.0420329271637052	0.06426088148260728	84.10781806476149	45.98669814090463	68.48277360718271	71.4900421440853	11.417608535447387	3.146602465223738
15.417844643206067	0.01	0.01	0.01	0.007	0.01	0.7984580188078172	0.10249406986489655	0.05075713084154258	0.0420329249470939	0.06426088148261495	83.97818903911299	45.778528393597135	68.4721220356133	71.19006652188278	11.408912906360065	3.0637072591075256
15.535937831925633	0.01	0.01	0.01	0.007	0.01	0.7984580188078172	0.10249406986489655	0.050757130833778454	0.04203292268673525	0.06426088148262417	83.84632978352688	45.56975247636777	68.4597450891249	70.88903426186369	11.399927223034505	2.982995897825443
15.654030984668596	0.01	0.01	0.01	0.007	0.01	0.7984580188078172	0.10249406986489655	0.050757130825835516	0.04203292038363662	0.0642608814826348	83.71231433153226	45.36042332992079	68.44569046689324	70.58702389945985	11.390660049750869	2.904410848119948
15.772124117076961	0.01	0.01	0.01	0.007	0.01	0.7984580188078172	0.10249406986489655	0.05075713081771494	0.04203291803876685	0.06426088148264672	83.57621470671232	45.150592247957306	68.43000460675302	70.28411157399299	11.381119722239308	2.8278960824604016
15.890217244792728	0.01	0.01	0.01	0.007	0.01	0.7984580188078172	0.10249406986489655	0.05075713080941839	0.04203291565306626	0.06426088148265997	83.43810099240402	44.940308948793444	68.41273271972896	69.98037113212519	11.371314354813464	2.753397050164289
16.0	0.01	0.01	0.01	0.007	0.01	0.7984580188078172	0.10249406986489655	0.05075713080154909	0.04203291737911265	0.06426088148267359	83.30795982095273	44.74446021156337	68.39529231377192	69.69732534387512	11.361968207376224	2.6859020284310984
