0.0	0.01	0.01	0.01	0.007	0.01	0.0	0.0	0.0	0.0	0.0	0.0	0.0	0.0	0.0	0.0	100.0
0.0034611586703128415	0.01	0.01	0.01	0.007	0.01	0.011167649530766342	0.0031464940360377636	0.0038017629599562406	0.004060727758516936	0.005152521693079784	0.0006967690302951632	0.0010517729854407803	0.002301729560738212	0.003837676696280356	0.00046124302400023834	99.92498159152271
0.005545861220796986	0.01	0.01	0.01	0.007	0.01	0.017825997599462826	0.004998892639896587	0.00596103884455322	0.006311941644379878	0.008107322761531324	0.0017833837975655088	0.0026836438195209523	0.0058219727375227685	0.009646517066860564	0.0011694529873797293	99.87982415158987
0.00868838665431508	0.01	0.01	0.01	0.007	0.01	0.02776723051487999	0.007731890759890021	0.00904146735416729	0.009451840796206479	0.012361308738320496	0.004356830869141812	0.00652563478053267	0.013974500694687015	0.0229429964983204	0.0028170237660443756	99.81179142013204
0.011586106513016926	0.01	0.01	0.01	0.007	0.01	0.0368330654637668	0.010190142563350444	0.011706308238466826	0.012097808510286256	0.016081447834246365	0.007714615086691644	0.011505585518377883	0.024350627792616805	0.039651174099408326	0.004924555428101418	99.74909956664851
0.014953666810106958	0.01	0.01	0.01	0.007	0.01	0.04724852993760509	0.012974328639191674	0.014605095394518857	0.014899048206614304	0.020175529298347646	0.012787513242498817	0.0189773961019879	0.03962719774355142	0.06393210626545107	0.008043844337136076	99.67629223609745
0.01838234093280322	0.01	0.01	0.01	0.007	0.01	0.057721694370026874	0.01573090823265648	0.017352087532381634	0.01747651022881639	0.024107197396027655	0.0192269526966264	0.02839189836731553	0.05849318751142571	0.09351317272347709	0.011918093779214677	99.60221820989734
0.02207684799701867	0.01	0.01	0.01	0.007	0.01	0.06886045025590609	0.01861547180414877	0.02009764321200775	0.01997433947111677	0.02809595052945887	0.027582794936769683	0.04051407925319101	0.08228759837760738	0.13031195956865163	0.016834058250399735	99.52246266918858
0.02591319051098956	0.01	0.01	0.01	0.007	0.01	0.08026823233113643	0.021519435005912572	0.022730681119003133	0.022292874481412046	0.031987486186289264	0.037790108747613516	0.05520272715303212	0.11050838716971813	0.17335072145339453	0.02270249287290074	99.43971282906053
0.029949016525688862	0.01	0.01	0.01	0.007	0.01	0.09209723890690427	0.024477088280270114	0.025279721064966218	0.024462173721805917	0.0358297713347651	0.050182820788154066	0.07288695390821341	0.1437473572001668	0.22333774941850779	0.029662647470725313	99.35273439576012
0.034148621608990286	0.01	0.01	0.01	0.007	0.01	0.10422182654708288	0.027452282061055665	0.02771130418239571	0.02645896913978102	0.039578429335283716	0.06484772397663086	0.09363198980579465	0.18187471057005933	0.27987922689851413	0.03770632307544172	99.26230703600189
0.038529798127526944	0.01	0.01	0.01	0.007	0.01	0.11667319315456962	0.030448496870379704	0.030028301377905527	0.028292230626578128	0.043240504394606305	0.08203420064897093	0.11772631286258879	0.22515918598741047	0.3431824686521808	0.04691132476614558	99.16805773406608
0.04308440868185945	0.01	0.01	0.01	0.007	0.01	0.12940712669500729	0.03345093959882087	0.032220155687303506	0.029960623428681585	0.04679384708587175	0.10190503951831237	0.1453267010481126	0.2736076038575521	0.41307011975650315	0.05730177380074873	99.070172334653
0.047820166273179095	0.01	0.01	0.01	0.007	0.01	0.1424239061337575	0.03645577762562318	0.034286250541399964	0.0314712607842294	0.050212832025256775	0.12468910572517396	0.17667285287992973	0.32735738036806855	0.4895620406941864	0.06892808533390002	98.9684962727819
0.0527399533252867	0.01	0.01	0.01	0.007	0.01	0.15570923720438093	0.039455864864024005	0.03622460509282939	0.03283045779264471	0.053433563597419874	0.15060284698260787	0.21197655752294567	0.3864781466131651	0.5725868439975599	0.0818177390668198	98.86297963412242
0.05784670143927324	0.01	0.01	0.01	0.007	0.01	0.16924825385434475	0.042444173625959675	0.03803451352232919	0.03404566584515761	0.05633976679061325	0.17986804506004972	0.25144632139870576	0.4510191102606261	0.6620543657833431	0.09597212430880542	98.75357215722416
0.06306886545591703	0.01	0.01	0.01	0.007	0.01	0.18283354222861717	0.045372935531635135	0.03969408318024399	0.03511119081407787	0.05873410117927288	0.21223203221226628	0.29464984119627824	0.5200056464508457	0.7564928912944622	0.11112805779925483	98.64181720972961
0.06836681137238756	0.01	0.01	0.01	0.007	0.01	0.19635268645375958	0.04821838984757581	0.041200708166174056	0.036035439769966635	0.06046525966518372	0.2475264359835377	0.3412813150136976	0.5927418629534672	0.8548829585359933	0.12703575491102823	98.52856975382896
0.07390075390314663	0.01	0.01	0.01	0.007	0.01	0.21019637499972002	0.0510611128999153	0.04260439149784104	0.03685711737702212	0.0615092447618437	0.2869772291131016	0.39285972960178506	0.6713410723771406	0.9599930385937532	0.14401656090856096	98.41041652791726
0.07969776613276663	0.01	0.01	0.01	0.007	0.01	0.2244000130701791	0.053903407225456265	0.043909029354396584	0.037584297733871085	0.06188243233234432	0.3310660843315063	0.44988027182590357	0.7562146205757683	1.072238756187621	0.16198436551727566	98.28679854205419
0.085669056668	0.01	0.01	0.01	0.007	0.01	0.23871837429009085	0.0566928384210118	0.04509586853547993	0.038212996057853	0.061707479991034084	0.3793609193439163	0.511650403491862	0.8460232198151281	1.189751030464218	0.18049189965888485	98.15962652355996
0.09185657816050846	0.01	0.01	0.01	0.007	0.01	0.25322815179626046	0.05944231479984789	0.04617753188970677	0.038756648567576706	0.061155750453656454	0.4324071877737374	0.5787342408837327	0.9413107259790541	1.3131754725970848	0.1995256761685355	98.02802297124717
0.09830995182085762	0.01	0.01	0.01	0.007	0.01	0.26801467516336036	0.06216467590541527	0.047164741117503454	0.03922646668599621	0.06037036752057505	0.49089943651288137	0.6518526314488211	1.0427863944168345	1.4433546156639574	0.219129221308827	97.89095293231304
0.10510380067341965	0.01	0.01	0.01	0.007	0.01	0.28320782601703853	0.06487873228881406	0.04806842077706336	0.03963264094048715	0.05945215489637414	0.5558717782874633	0.7321057296000024	1.151603835671718	1.5816753076795245	0.23944429708135728	97.74685827112738
0.11227832565297018	0.01	0.01	0.01	0.007	0.01	0.2988466392449461	0.06758489004612286	0.04889193035279791	0.039981152060089745	0.05847382305724698	0.6281507088265322	0.8202830150728417	1.2684051699964827	1.7288500510937679	0.26052250504729435	97.594919890281
0.11985749728212532	0.01	0.01	0.01	0.007	0.01	0.31492663325388204	0.07027541343885971	0.04963645777074635	0.04027684198501766	0.05748693799325652	0.70846724672669	0.9170122511002121	1.3935676309983758	1.8852570413153749	0.2823801410115741	97.43466863457198
0.12785455367369722	0.01	0.01	0.01	0.007	0.01	0.33141558214584854	0.07293817182462534	0.050302973308039435	0.04052439570656773	0.05652733682462064	0.7974770210984962	1.0227903526477518	1.527273600365427	2.0510428461670984	0.30501436487757044	97.26586706173336
0.13628798398859332	0.01	0.01	0.01	0.007	0.01	0.34828832490532724	0.0755627977510078	0.050893995190750864	0.040728952366856246	0.05561783602793227	0.8959205710443505	1.138176354768372	1.6697717088738173	2.2264526936907276	0.32844740754587615	97.08817132776629
0.14518101344515033	0.01	0.01	0.01	0.007	0.01	0.3655243263417856	0.07814015766467931	0.05141313530893277	0.0408957649588314	0.0547722121990929	1.0046287658223125	1.263791324241787	1.8213738018922612	2.411823848736184	0.35272181434565975	96.90114329846116
0.15456288746321464	0.01	0.01	0.01	0.007	0.01	0.38310869462262576	0.08066238513034454	0.05186483777688085	0.04102998968276157	0.053997940790526	1.1245501261975837	1.4003425090867758	1.9824810316246226	2.607614629180898	0.3779013010600465	96.70422497248641
0.16446735744405527	0.01	0.01	0.01	0.007	0.01	0.4010276915280095	0.08312212982089713	0.05225402090149557	0.04113649517498207	0.053298327447249966	1.2567442511651934	1.548607043688487	2.1535609942438056	2.814373566387748	0.4040645298506775	96.49677196796341
0.1749328495372764	0.01	0.01	0.01	0.007	0.01	0.4192676927228782	0.08551240959349958	0.05258590907412047	0.041219773857746556	0.05267379955463736	1.4023936999197755	1.7094366760051227	2.3351520582461305	3.032742346697597	0.43130408150083144	96.27805167703738
0.1860020654451173	0.01	0.01	0.01	0.007	0.01	0.43781315868240656	0.08782637974367134	0.052865883135773936	0.04128388530485925	0.052122801632288995	1.5628074572281685	1.883752424554312	2.527857085908032	3.2634460077668628	0.4597242547816642	96.04725350056849
0.1977221105760923	0.01	0.01	0.01	0.007	0.01	0.4566456310035925	0.09005729676459627	0.053099380395462935	0.04133243343946854	0.0516423654891601	1.7394302597789757	2.0725454427555245	2.7323456284510863	3.5072934140963636	0.4894404854438338	95.80348823316443
0.21014442011248352	0.01	0.01	0.01	0.007	0.01	0.4757424331815365	0.09219848819005713	0.053291800604578096	0.04136856115583867	0.051228513303449866	1.9338479994987603	2.276873306044793	2.9493521512615315	3.7651728833294245	0.5205783584191765	95.54579191730215
0.22332486025781195	0.01	0.01	0.01	0.007	0.01	0.49507574212082567	0.0942434095300952	0.05344841913449309	0.04139496040691114	0.05087654047839521	2.1477943089945626	2.497857603587385	3.1796768863554634	4.038050870190908	0.5532731260199762	95.27312632358444
0.2373237860367921	0.01	0.01	0.01	0.007	0.01	0.5146116787776508	0.09618573656717393	0.05357429440740457	0.04141389302813274	0.05058123472556296	2.3831549621034473	2.7366794938895325	3.424185486751472	4.326969158329104	0.5876691194270861	94.98438065906645
0.252206113374369	0.01	0.01	0.01	0.007	0.01	0.5343095484779458	0.09801950136066975	0.05367417137672202	0.04142722040672302	0.05033705615212552	2.641970565572357	2.9945741934589187	3.683808396055681	4.633041759385777	0.6239191714075911	94.67837333505526
0.26804093324468675	0.01	0.01	0.01	0.007	0.01	0.5541206879506831	0.09973921623535308	0.05375238866188203	0.041436439784312516	0.050138300880478166	2.926428593901369	3.272816188841921	3.95953159926606	4.957441847983784	0.6621828921020689	94.3538634975127
0.2849001065717787	0.01	0.01	0.01	0.007	0.01	0.5739865514510555	0.1013399694562939	0.05381280911245099	0.0414427257005585	0.0499792528185947	3.2388320108509623	3.572684656988086	4.2523690758774215	5.301367581203068	0.7026225018632406	94.00958356094078
0.30285585059663855	0.01	0.01	0.01	0.007	0.01	0.5938366070962613	0.102817558832124	0.053858793051750835	0.04144697480339226	0.04985431684124354	3.581540476512163	3.8954085617039107	4.563317611486279	5.665987759012679	0.7453963493689533	93.64429195900097
0.32197863977335345	0.01	0.01	0.01	0.007	0.01	0.613587898561119	0.10416878150867324	0.05389321702636535	0.041449851639887396	0.04975812899807022	3.956906818127947	4.242115702869338	4.893317520774397	6.052394915707016	0.7906533297221015	93.25681865161843
0.3423369535554804	0.01	0.01	0.01	0.007	0.01	0.6331475109254258	0.10539187097386316	0.05391851958359858	0.04145183286439676	0.04968565411929321	4.367242050810273	4.613815931370086	5.243245862213637	6.4615966647762475	0.8385317658592142	92.8460724920479
0.36399863160039136	0.01	0.01	0.01	0.007	0.01	0.6524167482863151	0.10648689021990615	0.053936750136038575	0.04145324802554303	0.04963228183496658	4.814811686454227	5.011416881784417	5.613937355591271	6.894539344005318	0.8891620486354582	92.4110162280678
0.3870325119091256	0.01	0.01	0.01	0.007	0.01	0.6712951248312842	0.10745592435094323	0.05394960948040453	0.04145431588052382	0.049593912798726714	5.301841234003226	5.435748759635729	6.0062095198594205	7.352136423482147	0.9426698652101458	91.95063660937109
0.41150951103786265	0.01	0.01	0.01	0.007	0.01	0.6896833925474972	0.10830305954657722	0.05395848315031509	0.041455175398763144	0.04956701733989585	5.83051353655936	5.8875818718972255	6.420877394308657	7.835284723966379	0.9991780893325601	91.46392661790377
0.4375034527485192	0.01	0.01	0.01	0.007	0.01	0.707486049596252	0.10903421876259595	0.05396447303048976	0.04145591085189971	0.049548655667972244	6.402962896247704	6.367641429596966	6.858763126652953	8.344874754529695	1.0588080939937692	90.9498735270107
0.46509212112263304	0.01	0.01	0.01	0.007	0.01	0.7246137039680239	0.10965690432135404	0.05396843094814534	0.04145657091922316	0.049536460525490815	7.021275990113966	6.876627553324187	7.320708431026678	8.881804497618695	1.1216815729104255	90.40744337998724
0.49435860480434973	0.01	0.01	0.01	0.007	0.01	0.7409852144235209	0.11017987068342777	0.053970995144082816	0.041457182349225914	0.04952858984065001	7.687501593285113	7.41524081349944	7.807590786808139	9.44699754122771	1.1879229612942892	89.83556089075489
0.52539247607464	0.01	0.01	0.01	0.007	0.01	0.7565292797336043	0.11061274752251118	0.05397262833374655	0.041457759125740845	0.04952365925046373	8.403658789534235	7.98420387211899	8.320335552556939	10.04141632945684	1.2576613548595144	89.23309400682874
0.5582901810813614	0.01	0.01	0.01	0.007	0.01	0.7711853093986393	0.11096564509271369	0.053973654962301026	0.041458308231260906	0.049520664518796685	9.171728055115622	8.584267006354239	8.859913827152774	10.66605867773606	1.3310305087799055	88.59885515527641
0.5931540462640892	0.01	0.01	0.01	0.007	0.01	0.7849036647551902	0.11124877746830102	0.053974295186556824	0.04145883303427608	0.04951890284839315	9.993609358921969	9.216186654444769	9.427317010588409	11.321927156415251	1.4081656574542685	87.93162990572786
0.6300896405730798	0.01	0.01	0.01	0.007	0.01	0.7976456149899908	0.11147213300180434	0.05397469381043985	0.04145933514517735	0.04951790004067627	10.871039593497706	9.880673357372006	10.023505163739033	12.009968235373737	1.4891967421229584	87.2302365825901
0.6692016650150988	0.01	0.01	0.01	0.007	0.01	0.8093834173812796	0.11164520714033463	0.05397494339242002	0.041459815362925825	0.04951734788414641	11.8054735710023	10.578314236116215	10.649333694531087	12.730986785195503	1.5742386541812128	86.49361162910296
0.7105890563976116	0.01	0.01	0.01	0.007	0.01	0.8201008235235668	0.11177679934995495	0.05397510164748085	0.041460274128736534	0.04951705363890961	12.797947457748727	11.309484692923727	11.305471151391208	13.485551062598885	1.6633802325846538	85.72090579476283
0.7543408397075352	0.01	0.01	0.01	0.007	0.01	0.8297941408687791	0.11187486862532406	0.05397520387089571	0.041460711743667056	0.049516901514071864	13.848965825568607	12.0742782200889	11.992333596638352	14.273917746224488	1.756675482351587	84.91156121013749
0.8005344998178233	0.01	0.01	0.01	0.007	0.01	0.8384735756327094	0.11194643884063299	0.05397527138380704	0.041461128488989904	0.04951682479072557	14.958459509751254	12.872484882937968	12.710062842242696	15.096008235494711	1.8541407250263713	84.06533714667525
0.8492381814308424	0.01	0.01	0.01	0.007	0.01	0.8461642550990838	0.11199754841905968	0.05397531702290339	0.04146152471018818	0.04951678664668956	16.125847794884695	13.70363770997061	13.458566186874954	15.951455810956341	1.955760076388566	83.18226345911634
0.9005166421262164	0.01	0.01	0.01	0.007	0.01	0.8529062363680383	0.11203324341237982	0.05397534856776631	0.04146190087814441	0.04951676762554447	17.35020039481554	14.567119789458022	14.237611984500218	16.839716143783203	2.0614984758692887	82.26252806837562
0.954439175279447	0.01	0.01	0.01	0.007	0.01	0.8587530856962309	0.11205761467765772	0.05397537080847199	0.04146225762038614	0.049516757872020506	18.630449314986585	15.46229580114206	15.04694922076888	17.760203779959575	2.1713179406619942	81.30633570988807
1.0110876547604521	0.01	0.01	0.01	0.007	0.01	0.8637692133787311	0.11207387646375898	0.05397538676165493	0.0414625957208399	0.049516752580882575	19.965597842389357	16.388633411395464	15.8864203345382	18.712418922107197	2.285192866446043	80.31377406816779
1.0705632182339648	0.01	0.01	0.01	0.007	0.01	0.8680264952854085	0.11208447644359565	0.05397539837607767	0.0414629160936218	0.049516749477696506	21.354884564857528	17.34578936607212	16.756044415814014	19.696038388394996	2.4031212738705565	79.28471426787756
1.1329914350776265	0.01	0.01	0.01	0.007	0.01	0.8716008178136917	0.11209122248635872	0.05397540694232369	0.041463219744064424	0.049516747501572464	22.79789513663488	18.333659296556615	17.656069390654245	20.71096942159643	2.525131817973846	78.21874742657079
1.1985263423058048	0.01	0.01	0.01	0.007	0.01	0.8745689873991761	0.1120954110548467	0.05397541333414611	0.04146350772789725	0.049516746152998115	24.294629558356906	19.35239921457912	18.586999903783724	21.75737424392182	2.651287475966989	77.11514940847673
1.2673539513559515	0.01	0.01	0.01	0.007	0.01	0.8770062210251612	0.11209794562918969	0.05397541815420417	0.04146378111534655	0.0495167451866041	25.845538871261244	20.40242935863055	19.549610242457998	22.835676095185466	2.7816871833367545	75.97286276230749
1.3396958581931953	0.01	0.01	0.01	0.007	0.01	0.8789842639163081	0.11209943838644172	0.05397542182468914	0.041464040963141616	0.04951674447229125	27.45154557091032	21.484430166807453	20.544951120516288	23.94655667455567	2.91646661364732	74.79048537788398
1.4158133089402811	0.01	0.01	0.01	0.007	0.01	0.8805700777548068	0.11210029266328643	0.05397542464531041	0.04146428829410194	0.04951674393416356	29.114054713189923	22.59933448851696	21.57435423097491	25.090949168132486	3.055798628740852	73.56626114891002
1.4960120812099147	0.01	0.01	0.01	0.007	0.01	0.8818250106640547	0.11210076675131558	0.05397542683132683	0.041464524083241465	0.049516743523792574	30.83496170321818	23.748319179914205	22.639437794254473	26.270030100534104	3.1998938310953293	72.29806867835721
1.5806483315738558	0.01	0.01	0.01	0.007	0.01	0.882804350520764	0.11210102127252108	0.053975428538991815	0.041464749248359044	0.04951674320814692	32.616656810535325	24.93279510588318	23.742112702761897	27.48520903828839	3.349001156641009	70.98340831486544
1.6701351203114931	0.01	0.01	0.01	0.007	0.01	0.8835571717043176	0.11210115308395312	0.05397542988284693	0.041464964642128045	0.04951674296372546	34.46201631520579	26.154387866803706	24.884582701992652	28.73810829991884	3.5034076118990916	69.61939511964108
1.7649485648095973	0.01	0.01	0.01	0.007	0.01	0.8841264022154152	0.11210121871109696	0.05397543094762618	0.041465171041458485	0.049516742773386545	36.374355349888965	27.41489201352101	26.069322939824904	30.030515037181882	3.663435030618199	68.20277628964679
1.8656292733748385	0.01	0.01	0.01	0.007	0.01	0.8845490479874599	0.11210125000020045	0.05397543179652624	0.04146536912361416	0.04951674262444231	38.357256793886805	28.71614231277026	27.29898350095661	31.36424790863964	3.829426643888799	66.73003696016197
1.9727630830558236	0.01	0.01	0.01	0.007	0.01	0.8848565199366729	0.1121012642185285	0.053975432476964555	0.0414655593987784	0.04951674250742173	40.41398805423753	30.059615816974322	28.576038113674855	32.74074776288537	4.00169924914276	65.19781108597583
2.0868780804731535	0.01	0.01	0.01	0.007	0.01	0.8850750052854424	0.11210127034222392	0.05397543302447997	0.04146574199823982	0.04951674241524884	42.54542227062164	31.445071043691065	29.901500491353083	34.15968285971454	4.180369860213773	63.60441686805297
2.207998810351336	0.01	0.01	0.01	0.007	0.01	0.8852258000779576	0.1121012728243592	0.05397543346492576	0.041465915987904896	0.04951674234275663	44.742170663093766	32.8654944612627	31.27001718099378	35.61377829752197	4.364695312975844	61.95578077711356
2.3341226860826567	0.01	0.01	0.01	0.007	0.01	0.8853256600811181	0.11210127376297688	0.05397543381489666	0.04146607777474216	0.04951674228650995	46.95961913004484	34.29127024856365	32.65421052081787	37.07263815550259	4.550969647482577	60.284445114220475
2.4598250651264846	0.01	0.01	0.01	0.007	0.01	0.8853883778770392	0.1121012740952207	0.05397543408509278	0.04146622215598008	0.04951674224414501	49.10035309028083	35.65968130188467	33.99341460206181	38.47207563157959	4.73102479362275	58.663556924293495
2.5810813369281025	0.01	0.01	0.01	0.007	0.01	0.88542682290321	0.11210127421103555	0.053975434291182234	0.04146634994403577	0.049516742212581816	51.10150823046521	36.93133998962241	35.24808800621048	39.77187828692481	4.899558966676771	57.14130932591677
2.6982885792406517	0.01	0.01	0.01	0.007	0.01	0.8854508098683846	0.1121012742529344	0.05397543445185314	0.04146646573529481	0.049516742188483315	52.977767844514894	38.11665370607821	36.4270838122662	40.98278057450844	5.057782299365102	55.70744800772845
2.8135257224401506	0.01	0.01	0.01	0.007	0.01	0.8854662060827969	0.11210127426875838	0.05397543458140926	0.04146657219981949	0.049516742169425955	54.76823914947416	39.241120511441714	37.55470817840903	42.13090331075422	5.208972172379822	54.33277112681442
2.9285933858716615	0.01	0.01	0.01	0.007	0.01	0.8854762842263133	0.11210127427488815	0.05397543468883784	0.041466670704693176	0.04951674215391916	56.503743758882656	40.32451827312313	38.65023439295594	43.23647913035683	5.355720627680121	52.99396411406811
3.0444416734783672	0.01	0.01	0.01	0.007	0.01	0.8854829291371181	0.11210127427727765	0.053975434779481794	0.04146676226648202	0.04951674214107574	58.199512075238545	41.376528401138195	39.723227907741666	44.30940361533448	5.499311807613261	51.679398543496326
3.1612513711252888	0.01	0.01	0.01	0.007	0.01	0.8854873030904115	0.11210127427820406	0.0539754348566504	0.04146684760442669	0.049516742130338964	59.85833939945272	42.39896056130404	40.7754437901242	45.35152939588551	5.639981380909967	50.38693737948612
3.2787476153118473	0.01	0.01	0.01	0.007	0.01	0.8854901665265957	0.11210127427855984	0.05397543492263801	0.04146692721718391	0.04951674212131977	61.47654976199495	43.38963464373397	41.804530933745646	46.36064251999019	5.77741606435681	49.11948716170614
3.3965350491454656	0.01	0.01	0.01	0.007	0.01	0.8854920313162934	0.11210127427869546	0.05397543497925141	0.041467001539429414	0.049516742113714166	63.0493630957437	44.34577003843418	42.807405247849196	47.33392472637281	5.91120630244191	47.88089565880226
3.5143134925168713	0.01	0.01	0.01	0.007	0.01	0.8854932419765111	0.11210127427874694	0.05397543502801711	0.04146707101506024	0.04951674210727115	64.57386146360271	45.26579985957559	43.78213676225879	48.26980123592399	6.04109826910159	46.67362732437532
3.6319492677405703	0.01	0.01	0.01	0.007	0.01	0.8854940272746631	0.11210127427876648	0.05397543507024078	0.04146713608071126	0.04951674210178109	66.04964239184902	46.14972516696164	44.728383189599136	49.16829713531892	6.167050806148054	45.498206459888486
3.749443977671483	0.01	0.01	0.01	0.007	0.01	0.8854945369318944	0.11210127427877391	0.05397543510701682	0.04146719713033108	0.049516742097072436	67.47809555224853	46.998632186765526	45.64694586598094	50.03054174774848	6.2891752658766045	44.353743802910316
3.86686454996981	0.01	0.01	0.01	0.007	0.01	0.8854948680202935	0.11210127427877674	0.05397543513924143	0.04146725450274994	0.04951674209300718	68.86132679964652	47.81401878459466	46.53909156594741	50.858081133006635	6.4076446156158635	43.23876403179383
3.9842824581143406	0.01	0.01	0.01	0.007	0.01	0.8854950832683436	0.11210127427877778	0.05397543516763573	0.04146730848940491	0.04951674208947571	70.2013582717523	48.597310261017945	47.406041805248286	51.652385393300435	6.522625344976186	42.15183735748859
4.101741769329825	0.01	0.01	0.01	0.007	0.01	0.8854952232493509	0.1121012742787782	0.05397543519277898	0.041467359346979364	0.049516742086391015	71.49978012432553	49.34965875853384	48.24874645386568	52.41464555600297	6.634247499281179	41.09186471788767
4.219254207284869	0.01	0.01	0.01	0.007	0.01	0.8854953142758158	0.11210127427877836	0.05397543521514015	0.04146740730691599	0.049516742083683465	72.75775307426672	50.07195430429472	49.0678816116862	53.14578573069467	6.742604599867112	40.0580852771245
4.336809732728988	0.01	0.01	0.01	0.007	0.01	0.8854953734526713	0.11210127427877842	0.05397543523510386	0.0414674525805788	0.04951674208129654	73.97617516916009	50.764929623238025	49.8639545784401	53.846570131203805	6.847767722794775	39.04994859206964
4.454390678311596	0.01	0.01	0.01	0.007	0.01	0.8854954119131977	0.11210127427877845	0.0539754352529904	0.04146749536130277	0.04951674207918378	75.15585850956172	51.429265846264386	50.63741722212674	54.51771051018222	6.949800586677756	38.06697373832608
4.571982140505313	0.01	0.01	0.01	0.007	0.01	0.8854954369047965	0.11210127427877845	0.053975435269069706	0.04146753582498998	0.04951674207730639	76.29764037890455	52.06565628117178	51.388738361020785	55.15993070550897	7.04876912692923	37.10865795031222
4.689576152471791	0.01	0.01	0.01	0.007	0.01	0.8854954531427979	0.11210127427877845	0.053975435283570516	0.04146757413071886	0.04951674207563194	77.40241661776564	52.674823714018046	52.11842625989102	55.77398396188839	7.144744431142475	36.17444725262028
4.8071711021141645	0.01	0.01	0.01	0.007	0.01	0.8854954636930367	0.11210127427877845	0.05397543529668739	0.04146761042201944	0.04951674207413345	78.47112530980729	53.257509419515905	52.82701868081165	56.36064163996793	7.237801387141776	35.26374814560063
4.924768913139484	0.01	0.01	0.01	0.007	0.01	0.8854954705478587	0.11210127427877845	0.05397543530858693	0.041467644828754834	0.0495167420727876	79.50471302327973	53.8144532456217	53.51506113336104	56.920673002214336	7.32801579342325	34.37595474732104
5.042372194847655	0.01	0.01	0.01	0.007	0.01	0.8854954750016846	0.11210127427877845	0.05397543531941122	0.04146767746915454	0.04951674207157521	80.50410639470343	54.34637769454938	54.183088222561366	57.45482913932376	7.415461899636445	33.51047251683147
5.159982559896707	0.01	0.01	0.01	0.007	0.01	0.88549547789547	0.11210127427877845	0.05397543532928261	0.04146770845155811	0.04951674207047963	81.47019831666834	54.85398071919243	54.831614367912074	57.96383575255965	7.500211194095964	32.666730331617224
5.277600226832701	0.01	0.01	0.01	0.007	0.01	0.8854954797756038	0.11210127427877845	0.053975435338306	0.04146773787569743	0.049516742069486995	82.40384695515758	55.33793572312094	55.46113294028796	58.448393211250625	7.582332301446847	31.844181860866243
5.395224370324154	0.01	0.01	0.01	0.007	0.01	0.8854954809971144	0.11210127427877845	0.053975435346572856	0.04146776583359454	0.04951674206858499	83.30588090673264	55.79889477748459	56.07211952215444	58.90917983509751	7.661891419094818	31.042301573589565
5.5128537597946305	0.01	0.01	0.01	0.007	0.01	0.8854954817906961	0.11210127427877845	0.053975435354162125	0.04146779241020281	0.04951674206776345	84.17710574773865	56.23749236390156	56.66503618678478	59.34685568104642	7.73895288241398	30.260579314394334
5.630487296959958	0.01	0.01	0.01	0.007	0.01	0.8854954823062504	0.11210127427877845	0.05397543536114295	0.04146781768393804	0.049516742067013356	85.0183087882655	56.654347976075414	57.2403346549302	59.762065163703	7.8135795789638145	29.498516234665875
5.748124226233502	0.01	0.01	0.01	0.007	0.01	0.8854954826411762	0.11210127427877845	0.05397543536757598	0.04146784172721531	0.04951674206632688	85.830260766171	57.050067038888876	57.79845742891532	60.15543798028528	7.885833096749751	28.755623314657154
5.865764142570236	0.01	0.01	0.01	0.007	0.01	0.8854954828587549	0.11210127427877845	0.05397543537351435	0.041467864606984324	0.04951674206569723	86.61371591816568	57.42524098428491	58.33983783348785	60.52758919113497	7.9557737298103115	28.031421312432744
5.983406866844555	0.01	0.01	0.01	0.007	0.01	0.885495483000099	0.11210127427877845	0.05397543537900512	0.041467886385256884	0.04951674206511866	87.36941122734439	57.78044694807329	58.864899481242674	60.87911892611315	8.023460409782766	27.32544149023408
6.10105226666742	0.01	0.01	0.01	0.007	0.01	0.8854954830919186	0.11210127427877845	0.053975435384089415	0.04146790711961202	0.04951674206458596	88.0980655306361	58.1162474539709	59.3740556180526	61.21061208498963	8.088950623144372	26.637226530394493
6.218700209640908	0.01	0.01	0.01	0.007	0.01	0.8854954831515653	0.11210127427877845	0.05397543538880418	0.04146792686360727	0.049516742064094545	88.80037964923172	58.4331906209142	59.86770916091979	61.52263856098307	8.15230041864464	25.966330543303926
6.336350508815838	0.01	0.01	0.01	0.007	0.01	0.885495483190312	0.11210127427877845	0.053975435393181934	0.04146794566715389	0.0495167420636405	89.47703652827603	58.731810388417394	60.34625273610954	61.81575348387427	8.213564415088635	25.312319082905358
6.454002961648174	0.01	0.01	0.01	0.007	0.01	0.8854954832154819	0.11210127427877845	0.05397543539725182	0.041467963576817486	0.049516742063220015	90.12870194229043	59.01262699810809	60.810069114267	62.0904977154454	8.272795860101295	24.674768623718528
6.571657349998966	0.01	0.01	0.01	0.007	0.01	0.885495483231832	0.11210127427877845	0.053975435401039745	0.04146798063610055	0.049516742062830146	90.75602493387231	59.27614734480289	61.25953146214531	62.34739821518454	8.33004666515589	24.053266282203605
6.6893134713032385	0.01	0.01	0.01	0.007	0.01	0.8854954832424528	0.11210127427877845	0.053975435404568985	0.04146799688568375	0.04951674206246829	91.3596383976246	59.522865381465905	61.69500370122812	62.58696845753588	8.38536745408136	23.44740938701725
6.806971161948726	0.01	0.01	0.01	0.007	0.01	0.8854954832493517	0.11210127427877845	0.053975435407860185	0.04146801236364312	0.049516742062131615	91.94015957889881	59.75326247483837	62.11684081100042	62.80970879918385	8.438807604241477	22.856805118974886
6.924630258316845	0.01	0.01	0.01	0.007	0.01	0.885495483253833	0.11210127427877845	0.05397543541093242	0.04146802710567411	0.04951674206181828	92.4981902476831	59.96780762595041	62.525388898658996	63.016106714803755	8.490415258006482	22.281070475127247
7.042290651330326	0.01	0.01	0.01	0.007	0.01	0.8854954832567442	0.11210127427877845	0.0539754354138024	0.04146804114525276	0.049516742061526044	93.03431732626609	60.166957867583235	62.92098559972815	63.20663720342283	8.540237376090733	21.719831768268115
7.159952231908398	0.01	0.01	0.01	0.007	0.01	0.8854954832586351	0.11210127427877845	0.05397543541648546	0.04146805451382973	0.0495167420612534	93.54911298130484	60.35115844916603	63.303960089262766	63.381762989281064	8.588319741571182	21.172724672075184
7.27761490655221	0.01	0.01	0.01	0.007	0.01	0.8854954832598634	0.11210127427877845	0.05397543541899532	0.041468067240976875	0.049516742060998445	94.04313505591145	60.520843153922414	63.67463334108981	63.54193485015043	8.634706995284095	20.63939391796312
7.395278581760379	0.01	0.01	0.01	0.007	0.01	0.8854954832606612	0.11210127427877845	0.05397543542134451	0.041468079354534323	0.04951674206075993	94.51692735387492	60.67643455825934	64.03331827895809	63.68759188995059	8.679442657562566	20.119493144237463
7.512943179614566	0.01	0.01	0.01	0.007	0.01	0.8854954832611794	0.11210127427877845	0.053975435423544334	0.0414680908807301	0.0495167420605365	94.97102004920819	60.81834433133884	64.38032002275767	63.81916184880692	8.72256916182509	19.612684607399785
7.630608614401921	0.01	0.01	0.01	0.007	0.01	0.8854954832615161	0.11210127427877845	0.053975435425605234	0.041468101844307895	0.04951674206032713	95.40592993104511	60.94697347680727	64.71593601153064	63.93706135828698	8.764127872732633	19.118639070512746
7.748274808200603	0.01	0.01	0.01	0.007	0.01	0.8854954832617348	0.11210127427877845	0.053975435427536515	0.04146811226862565	0.04951674206013048	95.8221607977939	61.06271261982887	65.04045624089393	64.04169623838699	8.804159118551578	18.63703552422722
7.865941690880128	0.01	0.01	0.01	0.007	0.01	0.8854954832618769	0.11210127427877845	0.05397543542934673	0.04146812217575184	0.04951674205994584	96.22020377668663	61.16594226440097	65.35416344608402	64.13346176576785	8.842702216638532	18.167560984305375
7.983609200101673	0.01	0.01	0.01	0.007	0.01	0.8854954832619693	0.11210127427877845	0.053975435431043994	0.04146813158655503	0.04951674205977223	96.60053763570066	61.25703304452044	65.65733328063048	64.21274293558453	8.879795498316637	17.709910293980155
8.101277296904119	0.01	0.01	0.01	0.007	0.01	0.8854954832620293	0.11210127427877845	0.05397543543263533	0.04146814052077676	0.049516742059609174	96.96362913499645	61.336345979081564	65.95023452888518	64.27991472516482	8.91547633779134	17.263785872700748
8.218945926739927	0.01	0.01	0.01	0.007	0.01	0.885495483262068	0.11210127427877845	0.053975435434127236	0.04146814899712654	0.049516742059455485	97.30993320118345	61.40423268308031	66.23312917765736	64.33534231934755	8.949781163815548	16.82889767736497
8.336615027267898	0.01	0.01	0.01	0.007	0.01	0.8854954832620934	0.11210127427877845	0.053975435435525965	0.041468157033346595	0.04951674205931064	97.63989325530034	61.46103561585128	66.50627261002805	64.37938136809933	8.982745486322296	16.404962979707037
8.454284575110982	0.01	0.01	0.01	0.007	0.01	0.8854954832621097	0.11210127427877845	0.05397543543683685	0.041468164646251165	0.049516742059174126	97.95394162770252	61.507088331990126	66.76991387645506	64.41237824205784	9.014403932156782	15.991706018009568
8.571954539098867	0.01	0.01	0.01	0.007	0.01	0.8854954832621204	0.11210127427877845	0.053975435438065184	0.041468171851808865	0.04951674205904547	98.25249969767253	61.54271567743785	67.02429574117318	64.43467024303546	9.044790253555284	15.588857994236326
8.689624864681846	0.01	0.01	0.01	0.007	0.01	0.8854954832621273	0.11210127427877845	0.053975435439215576	0.041468178665205004	0.04951674205892386	98.53597813664585	61.56823401066278	67.26965481079806	64.44658583642838	9.07393734670262	15.196156947727754
8.807295512895816	0.01	0.01	0.01	0.007	0.01	0.8854954832621318	0.11210127427877845	0.05397543544029231	0.041468185100871045	0.049516742058809154	98.80477727692652	61.58395143072377	67.50622177331441	64.44844488397857	9.101877283332325	14.81334745054763
8.924966468155539	0.01	0.01	0.01	0.007	0.01	0.8854954832621346	0.11210127427877845	0.05397543544129967	0.041468191172526064	0.0495167420587009	99.05928737896944	61.590167980055625	67.73422155646823	64.44055885428999	9.128641332456448	14.440180424335168
9.042637699289505	0.01	0.01	0.01	0.007	0.01	0.8854954832621366	0.11210127427877845	0.05397543544224121	0.04146819689324039	0.049516742058598455	99.29988879455793	61.587175841974464	67.95387339393375	64.423231033517	9.154259971230493	14.07641310720723
9.160309175125992	0.01	0.01	0.01	0.007	0.01	0.8854954832621378	0.11210127427877845	0.053975435443120515	0.04146820227546679	0.04951674205850171	99.52695225342153	61.57525954380208	68.16539100061594	64.39675673511952	9.178762908690565	13.721808843725416
9.277980880079298	0.01	0.01	0.01	0.007	0.01	0.8854954832621386	0.11210127427877845	0.05397543544394048	0.04146820733106873	0.049516742058410175	99.74083913256769	61.5546961476609	68.36898273774594	64.36142349689214	9.202179108082928	13.37613688628652
9.395652782977399	0.01	0.01	0.01	0.007	0.01	0.8854954832621391	0.11210127427877845	0.05397543544470421	0.041468212071370955	0.04951674205832345	99.94190163210013	61.52575544296871	68.5648516921177	64.31751128531845	9.224536799201827	13.039172339389607
9.5133248760275	0.01	0.01	0.01	0.007	0.01	0.8854954832621394	0.11210127427877845	0.053975435445414784	0.041468216507170454	0.04951674205824166	100.13048307411702	61.488700122932315	68.75319587418664	64.26529267494656	9.245863504336448	12.710695900603156
9.630997143643633	0.01	0.01	0.01	0.007	0.01	0.8854954832621398	0.11210127427877845	0.05397543544607422	0.041468220648782556	0.04951674205816417	100.30691806974905	61.44378596958437	68.93420829234836	64.20503304493873	9.266186049915309	12.390493810285438
9.748669554653464	0.01	0.01	0.01	0.007	0.01	0.8854954832621399	0.11210127427877845	0.05397543544668519	0.04146822450607262	0.04951674205809087	100.47153273162165	61.391262035758665	69.10807706960341	64.13699076956311	9.285530583061096	12.07835773037102
9.866342101264015	0.01	0.01	0.01	0.007	0.01	0.88549548326214	0.11210127427877845	0.05397543544724999	0.04146822808846047	0.04951674205802143	100.62464494359847	61.331370800044894	69.2749856245765	64.06141737526917	9.303922595176536	11.774084504396871
9.98401476009596	0.01	0.01	0.01	0.007	0.01	0.88549548326214	0.11210127427877845	0.05397543544777045	0.04146823140496519	0.049516742057955705	100.76656451226727	61.26434834972782	69.43511273196995	63.978557735786154	9.321386931970288	11.477476130295269
10.101687515563071	0.01	0.01	0.01	0.007	0.01	0.88549548326214	0.11210127427877845	0.05397543544824868	0.041468234464215575	0.049516742057893456	100.8975934020376	61.190424532747464	69.58863267311912	63.888650227867224	9.337947813449006	11.188339570021325
10.219360359872258	0.01	0.01	0.01	0.007	0.01	0.88549548326214	0.11210127427877845	0.05397543544868638	0.04146823727446937	0.04951674205783483	101.01802592919903	61.10982311394771	69.7357153471178	63.79192689418819	9.353628849390775	10.906486626650047
10.337033293023588	0.01	0.01	0.01	0.007	0.01	0.88549548326214	0.11210127427877845	0.05397543544908528	0.04146823984363372	0.04951674205777914	101.12814895130032	61.02276192755061	69.87652637926256	63.68861360231077	9.368453054445345	10.63173382443957
10.454706299430764	0.01	0.01	0.01	0.007	0.01	0.88549548326214	0.11210127427877845	0.05397543544944693	0.04146824217929606	0.04951674205772649	101.22824203304882	60.92945304508901	70.01122720071177	63.57893022221162	9.382442860171638	10.363902344329652
10.572379363507467	0.01	0.01	0.01	0.007	0.01	0.88549548326214	0.11210127427877845	0.053975435449772756	0.04146824428873281	0.0495167420576767	101.31857764754349	60.83010291294123	70.13997517425469	63.46309076791348	9.395620131906178	10.102817868973723
10.690052485253723	0.01	0.01	0.01	0.007	0.01	0.88549548326214	0.11210127427877845	0.05397543545006416	0.041468246178916424	0.049516742057629765	101.39942136492427	60.724912481192554	70.26292371258036	63.341303530188696	9.40800618460034	9.848310436197126
10.807725641289995	0.01	0.01	0.01	0.007	0.01	0.88549548326214	0.11210127427877845	0.053975435450322545	0.04146824785655211	0.0495167420575852	101.47103199819838	60.61407737713969	70.38022233644996	63.21377126143825	9.41962179248579	9.600214413887432
10.925398831616292	0.01	0.01	0.01	0.007	0.01	0.88549548326214	0.11210127427877845	0.05397543545054896	0.041468249328065615	0.049516742057543396	101.53366180519699	60.49778799964295	70.49201682091206	63.08069126919748	9.430487207548204	9.358368291136712
11.043072064025814	0.01	0.01	0.01	0.007	0.01	0.88549548326214	0.11210127427877845	0.053975435450744756	0.04146825059962535	0.04951674205750362	101.58755663870434	60.37622966291339	70.59844927103289	62.942255567675645	9.440622170703145	9.122614610224876
11.16074532293219	0.01	0.01	0.01	0.007	0.01	0.88549548326214	0.11210127427877845	0.053975435450910686	0.041468251677172344	0.0495167420574662	101.63295609433801	60.249582758571435	70.69965818668643	62.79865104975675	9.450045922053114	8.89279992617751
11.27841860054223	0.01	0.01	0.01	0.007	0.01	0.88549548326214	0.11210127427877845	0.05397543545104794	0.04146825256641484	0.04951674205743102	101.67009368506497	60.11802285130381	70.79577858272778	62.650059583536425	9.45877721636999	8.668774642488481
11.396091881269546	0.01	0.01	0.01	0.007	0.01	0.88549548326214	0.11210127427877845	0.05397543545115758	0.04146825327284728	0.04951674205739794	101.69919698848206	59.98172081850015	70.88694206346699	62.496658159389185	9.466834334079131	8.450392944324372
11.513765172907336	0.01	0.01	0.01	0.007	0.01	0.88549548326214	0.11210127427877845	0.0539754354512403	0.04146825380174333	0.04951674205736672	101.7204878035202	59.840842933660014	70.97327693221123	62.3386189738964	9.4742350952809	8.23751264620005
11.631438467662402	0.01	0.01	0.01	0.007	0.01	0.88549548326214	0.11210127427877845	0.05397543545129688	0.04146825415818798	0.04951674205733746	101.7341822853272	59.695551027611664	71.05490824386996	62.176109601645116	9.480996868609521	8.029995172711642
11.749111749948359	0.01	0.01	0.01	0.007	0.01	0.88549548326214	0.11210127427877845	0.053975435451328116	0.041468254347082165	0.049516742057309916	101.74049109264398	59.54600259530366	71.13195789452608	62.00929310571502	9.487136583387283	7.827705451578084
11.8667850275584	0.01	0.01	0.01	0.007	0.01	0.88549548326214	0.11210127427877845	0.053975435451334944	0.041468254373133534	0.049516742057284145	101.73961952750125	59.39235086688438	71.20454472095174	61.838328108859336	9.49267074226293	7.630511772536468
11.984458292699333	0.01	0.01	0.01	0.007	0.01	0.88549548326214	0.11210127427877845	0.053975435451317846	0.04146825424088708	0.04951674205725997	101.73176766701641	59.2347449647546	71.27278455179197	61.66336896082935	9.497615429857008	7.438285769490282
12.102131553164352	0.01	0.01	0.01	0.007	0.01	0.88549548326214	0.11210127427877845	0.05397543545127762	0.04146825395471498	0.04951674205723749	101.71713049495428	59.07332996842912	71.33679030234887	61.48456580309777	9.501986324744703	7.25090228467135
12.219804801160263	0.01	0.01	0.01	0.007	0.01	0.88549548326214	0.11210127427877845	0.053975435451214734	0.04146825351884189	0.04951674205721643	101.69589803221791	58.90824705914014	71.3966720301211	61.30206472239237	9.50579870839295	7.068239338107477
12.337478028893882	0.01	0.01	0.01	0.007	0.01	0.88549548326214	0.11210127427877845	0.053975435451129906	0.041468252937343034	0.04951674205719694	101.66825546228331	58.73963359993411	71.45253701641775	61.11600783272273	9.509067475914296	6.8901780218277136
12.455151236365209	0.01	0.01	0.01	0.007	0.01	0.88549548326214	0.11210127427877845	0.05397543545102354	0.041468252214146344	0.049516742057178834	101.63438325068446	58.56762322182071	71.50448983957361	60.92653336448467	9.511807145961024	6.716602411168816
12.57282442357425	0.01	0.01	0.01	0.007	0.01	0.88549548326214	0.11210127427877845	0.05397543545089626	0.04146825135304229	0.049516742057162194	101.59445726473999	58.392345929609675	71.55263243878214	60.733775775458376	9.51403186991136	6.547399501870776
12.690497582727824	0.01	0.01	0.01	0.007	0.01	0.88549548326214	0.11210127427877845	0.05397543545074853	0.0414682503576955	0.049516742057146734	101.54864889275991	58.213928206690575	71.59706417776619	60.537865860655316	9.51575544102694	6.3824591472896
12.808170721619119	0.01	0.01	0.01	0.007	0.01	0.88549548326214	0.11210127427877845	0.053975435450580686	0.04146824923163588	0.04951674205713259	101.49712514817706	58.03249307018644	71.63788191853334	60.33893080780487	9.516991303832224	6.221673953780981
12.925843824661778	0.01	0.01	0.01	0.007	0.01	0.88549548326214	0.11210127427877845	0.053975435450393246	0.0414682479782875	0.04951674205711963	101.44004879582909	57.84816021872679	71.67518007042024	60.1370943546311	9.517752562415808	6.0649392647467595
13.043516891855813	0.01	0.01	0.01	0.007	0.01	0.88549548326214	0.11210127427877845	0.05397543545018659	0.04146824660094973	0.04951674205710788	101.37757844321793	57.66104605881757	71.70905066576528	59.932476813044005	9.518051989488885	5.912153038592893
13.161189930994409	0.01	0.01	0.01	0.007	0.01	0.88549548326214	0.11210127427877845	0.053975435449961175	0.041468245102807125	0.049516742057097315	101.3098686462697	57.47126379943651	71.73958341573739	59.72519516841642	9.517902034457233	5.763215794681055
13.278862942077573	0.01	0.01	0.01	0.007	0.01	0.88549548326214	0.11210127427877845	0.05397543544971729	0.04146824348694342	0.04951674205708786	101.23707001974076	57.27892355854769	71.76686576440314	59.51536319185178	9.517314831531767	5.618030568778211
13.396535917312141	0.01	0.01	0.01	0.007	0.01	0.88549548326214	0.11210127427877845	0.05397543544945541	0.04146824175634531	0.04951674205707951	101.15932933844738	57.084132443601426	71.79098294687341	59.30309152402806	9.516302207817105	5.476502848667419
13.514208856698122	0.01	0.01	0.01	0.007	0.01	0.88549548326214	0.11210127427877845	0.05397543544917556	0.04146823991389769	0.04951674205707208	101.07678962459842	56.8869946036508	71.81201804851406	59.08848772825682	9.514875690972506	5.338540493400954
13.631881760235528	0.01	0.01	0.01	0.007	0.01	0.88549548326214	0.11210127427877845	0.05397543544887823	0.041468237962391845	0.04951674205706572	100.98959024667684	56.68761131749046	71.83005205703236	58.87165638295795	9.513046516753814	5.204053683299612
13.74955462792437	0.01	0.01	0.01	0.007	0.01	0.88549548326214	0.11210127427877845	0.053975435448563695	0.04146823590452952	0.04951674205706032	100.89786701162596	56.48608106739933	71.84516391532915	58.65269915849781	9.510825636370098	5.072954861473276
13.86722745976466	0.01	0.01	0.01	0.007	0.01	0.88549548326214	0.11210127427877845	0.05397543544823231	0.04146823374292604	0.04951674205705586	100.80175225471292	56.28249961101721	71.85743057301953	58.431714892081885	9.508223723654941	4.945158676814768
13.984900255756408	0.01	0.01	0.01	0.007	0.01	0.88549548326214	0.11210127427877845	0.0539754354478841	0.04146823148011391	0.049516742057052386	100.70137492712779	56.07696005140224	71.86692703665545	58.20879966075101	9.505251182057057	4.820581928429864
14.102573015899624	0.01	0.01	0.01	0.007	0.01	0.88549548326214	0.11210127427877845	0.05397543544751937	0.041468229118546085	0.049516742057049715	100.59686068137536	55.86955290531524	71.87372641868322	57.98404685252904	9.501918151454795	4.6991435114672955
14.22024574019432	0.01	0.01	0.01	0.007	0.01	0.88549548326214	0.11210127427877845	0.05397543544713824	0.04146822666059885	0.049516742057047994	100.48833195451537	55.6603661697755	71.87789998516737	57.75754723576848	9.49823451479895	4.580764364313456
14.337918428640506	0.01	0.01	0.01	0.007	0.01	0.88549548326214	0.11210127427877845	0.053975435446741264	0.0414682241085748	0.04951674205704709	100.3759080493052	55.44948538693174	71.87951720231246	57.52938902673965	9.49420990458822	4.465367417117449
14.455591081238193	0.01	0.01	0.01	0.007	0.01	0.88549548326214	0.11210127427877845	0.053975435446328365	0.041468221464705364	0.04951674205704701	100.25970521329793	55.23699370729063	71.87864578181257	57.29965795550765	9.489853709181519	4.352877541612944
14.573263690194247	0.01	0.01	0.01	0.007	0.01	0.88549548326214	0.11210127427877845	0.053975435445899785	0.041468218731158704	0.04951674205704761	100.13983672400497	55.0229719655674	71.87535172535549	57.06843734550087	9.485175079271595	4.243221509374159
14.690936255508683	0.01	0.01	0.01	0.007	0.01	0.88549548326214	0.11210127427877845	0.05397543544545572	0.04146821591003243	0.04951674205704913	100.01641294863859	54.807498712587524	71.86969936758445	56.8358081456427	9.48018293330404	4.1363279292523245
14.808608777181517	0.01	0.01	0.01	0.007	0.01	0.88549548326214	0.11210127427877845	0.053975435444996174	0.04146821300336075	0.049516742057051366	99.88954142469996	54.590650287744886	71.86175141791594	56.60184900640447	9.474885963579927	4.03212720863439
14.926281263005903	0.01	0.01	0.01	0.007	0.01	0.88549548326214	0.11210127427877845	0.05397543544452164	0.04146821001311192	0.049516742057054315	99.75932692267067	54.37250086157714	71.85156900074317	56.36663632363877	9.469292641575729	3.930551501490775
15.043953712981851	0.01	0.01	0.01	0.007	0.01	0.88549548326214	0.11210127427877845	0.0539754354440318	0.04146820694120051	0.049516742057058014	99.62587153246714	54.15312252012529	71.83921169642254	56.13024432753086	9.463411224203353	3.8315346779915065
15.161626127109376	0.01	0.01	0.01	0.007	0.01	0.88549548326214	0.11210127427877845	0.05397543544352711	0.0414682037894839	0.049516742057062364	99.48927472325099	53.9325853049191	71.82473757988883	55.89274512371144	9.45724975890606	3.735012274281034
15.279298505388484	0.01	0.01	0.01	0.007	0.01	0.88549548326214	0.11210127427877845	0.05397543544300754	0.041468200559765064	0.04951674205706751	99.3496334095866	53.710957265812105	71.80820325858691	55.65420874829825	9.450816088938232	3.640921450507714
15.39697084002606	0.01	0.01	0.01	0.007	0.01	0.88549548326214	0.11210127427877845	0.05397543544247325	0.04146819725379868	0.0495167420570733	99.20704202547087	53.48830452725597	71.78966391074093	55.41470323743445	9.444117858964336	3.549200955907903
15.51464313102212	0.01	0.01	0.01	0.007	0.01	0.88549548326214	0.11210127427877845	0.05397543544192429	0.041468193873284015	0.04951674205707961	99.06159256867932	53.26469130911986	71.7691733191952	55.17429464796218	9.437162519221971	3.4597910764758066
15.632315378376681	0.01	0.01	0.01	0.007	0.01	0.88549548326214	0.11210127427877845	0.053975435441360776	0.04146819041987106	0.04951674205708662	98.91337467099252	53.040179990178714	71.74678390744084	54.933047124076175	9.429957330811554	3.3726336025591377
15.749987589882878	0.01	0.01	0.01	0.007	0.01	0.88549548326214	0.11210127427877845	0.053975435440782836	0.04146818689515746	0.04951674205709423	98.76247564785427	52.81483114084277	71.7225467722026	54.69102293093866	9.422509369962775	3.2876717854046227
15.86765977333384	0.01	0.01	0.01	0.007	0.01	0.88549548326214	0.11210127427877845	0.0539754354401905	0.04146818330069505	0.04951674205710267	98.60898056600864	52.58870358438109	71.69651171802359	54.44828251895813	9.414825533121629	3.204850306328747
15.985331920936456	0.01	0.01	0.01	0.007	0.01	0.88549548326214	0.11210127427877845	0.05397543543958386	0.04146817963800091	0.04951674205711145	98.4529723211469	52.36185447234463	71.6687272936389	54.20488460328732	9.406912542548197	3.1241152512267822
16.0	0.01	0.01	0.01	0.007	0.01	0.88549548326214	0.11210127427877845	0.053975435439507294	0.04146818305051405	0.04951674205711261	98.43335343510944	52.333529446015085	71.66514364636015	54.174501296357356	9.405910436044643	3.114195080546856
