0.0	0.01	0.01	0.01	0.007	0.01	0.0	0.0	0.0	0.0	0.0	0.0	0.0	0.0	0.0	0.0	100.0
0.0034704724763357582	0.01	0.01	0.01	0.007	0.01	0.011892116350034933	0.003172406868568432	0.0038587164793653424	0.004119819434388657	0.004907428072579541	0.0007148178783612372	0.0010769155955258122	0.0022894190091820392	0.0037796778295416758	0.0004977084425173271	99.93113371598312
0.00554633859894629	0.01	0.01	0.01	0.007	0.01	0.018935614702116008	0.0050250478492835406	0.006025597481226521	0.006385557682600742	0.007708003082764932	0.0018202856149998321	0.0027328980597021487	0.0057552122526234525	0.00945022275376746	0.001256084472775549	99.88996395847089
0.008683160102214151	0.01	0.01	0.01	0.007	0.01	0.029480889418866812	0.007762312437227864	0.00911216518273597	0.009550948369337713	0.011758205184462165	0.004441552371165091	0.006633790687581648	0.013774765165390609	0.022439329989250096	0.003024012431122539	99.82778490766451
0.011568826466738184	0.01	0.01	0.01	0.007	0.01	0.03907858016512225	0.010215780880440157	0.011763862516528728	0.012209762427193717	0.015300562530497086	0.007851817214745024	0.011671723291976974	0.023929006130728174	0.03870519546517941	0.005281125067094338	99.77061851317644
0.014923438251058298	0.01	0.01	0.01	0.007	0.01	0.0501129721495774	0.012992178745597188	0.014635830036642303	0.015023185837703016	0.01921073188632605	0.013003376212243348	0.019223852428102144	0.03884264240214201	0.06232826341580354	0.008624844052706037	99.70420323877947
0.01833583064325405	0.01	0.01	0.01	0.007	0.01	0.06120327980578149	0.015735095209516894	0.01734125163224148	0.01760728942258027	0.022973826085002823	0.019535113504759317	0.02872083837655443	0.05719465246766988	0.09105936802860148	0.012777702008639005	99.63668937230501
0.022012195976347817	0.01	0.01	0.01	0.007	0.01	0.07300197129719448	0.018601155056425553	0.0200306849065923	0.02010904348598985	0.02680380175546472	0.028007942566096615	0.04093492012663393	0.08027634817822818	0.12677044156169176	0.01805175833601116	99.56400398280127
0.025827891261551925	0.01	0.01	0.01	0.007	0.01	0.08508589667463641	0.02148117869276391	0.02259449413340491	0.0224281424804695	0.030552674438523705	0.03835243721319754	0.05571374232032908	0.10756792058651847	0.1684921106247233	0.024352237886338803	99.48861997813536
0.02984095521536179	0.01	0.01	0.01	0.007	0.01	0.09761932567322154	0.024409533370946073	0.025061684065703447	0.024595570386704294	0.03426841404624655	0.05090814570421939	0.07348537915752719	0.13962181621172287	0.21691071132263362	0.03183285990698276	99.40939828000815
0.03401548556771254	0.01	0.01	0.01	0.007	0.01	0.11046875927747543	0.027349940223836737	0.02740039895449646	0.026588288433044567	0.037908772138137356	0.06576139305141421	0.09430710180375199	0.17628455103078108	0.2716334125556528	0.040487868298364066	99.3270560226236
0.03836940315829441	0.01	0.01	0.01	0.007	0.01	0.12366882639003332	0.03030586572991037	0.029614586309227642	0.0284157998973556	0.041481652348725084	0.08316538627883038	0.1184628029911214	0.21779192185628937	0.3328582334632854	0.05040574335169397	99.24124803093535
0.04289469958269736	0.01	0.01	0.01	0.007	0.01	0.1371737421014798	0.03326262648526687	0.03169531837294636	0.030077193840783816	0.044966827233850565	0.1032855438949852	0.14610322388774544	0.26412708040885696	0.4004103633237004	0.0616176932902119	99.15214102875626
0.04759951807548037	0.01	0.01	0.01	0.007	0.01	0.1509860387217413	0.03621662474229236	0.03364344912536489	0.0315800597943514	0.048342809858353014	0.1263566538768791	0.17746468352925712	0.315403503713643	0.47431330718203357	0.07418541419122127	99.05958391225273
0.05248649095628274	0.01	0.01	0.01	0.007	0.01	0.1650906808246561	0.03916055537519205	0.035458291228794375	0.03293090185167242	0.05155505089794228	0.1525981453959679	0.21275073060109878	0.37166300081336456	0.5544925327826065	0.0881460345925892	98.96353478470229
0.05756183512335931	0.01	0.01	0.01	0.007	0.01	0.17948200911775777	0.04208928284404595	0.037141594736666714	0.03413814981594461	0.05450785757865131	0.18225625849494928	0.25218904417408233	0.4329718032481238	0.6409166309504054	0.10352315190226674	98.8638819689602
0.06279410460323535	0.01	0.01	0.01	0.007	0.01	0.1940490798122618	0.04497717982096672	0.038685356030622405	0.03520358360404614	0.057042983165564096	0.21534147855084973	0.2956862354882581	0.49890124941957714	0.7328754214815695	0.12017833165173832	98.76125302088423
0.06813426029891345	0.01	0.01	0.01	0.007	0.01	0.20863985415575717	0.04779314024495344	0.0400827761480126	0.03613075403240279	0.05899984784260573	0.25167821974593596	0.3429100684828263	0.5687097138929142	0.8292646067192172	0.13784168679830927	98.65661778065929
0.07365928603314534	0.01	0.01	0.01	0.007	0.01	0.22344713534616464	0.050573111451711686	0.041360847502550833	0.03694510892410124	0.060316368300333066	0.2919423749663409	0.39462879070150286	0.6432913287307367	0.931255236670197	0.1566093947106445	98.5484768692438
0.07945668716968415	0.01	0.01	0.01	0.007	0.01	0.23867497832176626	0.05335101360808962	0.04254023772508445	0.03766558419334316	0.060990419609962786	0.33704144778835865	0.4518643792545459	0.7238045034148473	1.0403383422910655	0.17660420054525972	98.43513221890828
0.08549897832173359	0.01	0.01	0.01	0.007	0.01	0.2542157123911918	0.05610202797163215	0.04361491296664019	0.03829380928354864	0.06108752142252423	0.38707510266054584	0.5145788084493926	0.809855177465152	1.1558860706243335	0.1975452572366163	98.31713847462628
0.09173281757549072	0.01	0.01	0.01	0.007	0.01	0.26990320122764727	0.05879378267119657	0.044579465607100174	0.03883250734584847	0.0607470636790033	0.4418526011824586	0.5823737272868986	0.9006072566713551	1.27671741865792	0.21907411015664124	98.1955524161557
0.09819971775370084	0.01	0.01	0.01	0.007	0.01	0.2858140898981878	0.06143722293034638	0.045445776749815564	0.03929404918976077	0.06011360596459027	0.5019770077903345	0.6558303739978222	0.9965686765657173	1.4034680010720593	0.24119556117327043	98.06957958736065
0.10496680494655482	0.01	0.01	0.01	0.007	0.01	0.30207666309605574	0.06404980681546124	0.04622590888124362	0.03968977272126014	0.059297828129200744	0.5683900447747984	0.7359014576424107	1.0986699995352796	1.5373158572602212	0.2640314335786287	97.93793225714118
0.11209155793934367	0.01	0.01	0.01	0.007	0.01	0.31878138029517694	0.06664041334379478	0.04692751347129033	0.040027819959947857	0.05837972843673964	0.6420672627058462	0.8235232645220929	1.2077376997557954	1.6792821834893266	0.2876884092895893	97.79951784904918
0.11961125222531448	0.01	0.01	0.01	0.007	0.01	0.3359593082842963	0.06920717273351976	0.04755467481715567	0.04031407676053376	0.05741790410660136	0.7238784583622305	0.9194494589155563	1.3243059622643933	1.829998378814026	0.3122185501634173	97.6536429946397
0.12754975848249245	0.01	0.01	0.01	0.007	0.01	0.3536027337314012	0.07174202385130818	0.048110291094405705	0.04055362148744919	0.05645500091509431	0.8146145735028214	1.024290277644122	1.4486974696558317	1.9898252263520586	0.3376420541287174	97.49987968084817
0.1359278018193431	0.01	0.01	0.01	0.007	0.01	0.37169104714362594	0.07423533638998574	0.048597619930143415	0.040751480981620146	0.05552084698021761	0.9150762109139006	1.1386194262541462	1.5811732133599719	2.159053560752624	0.3639802285231713	97.33786542493004
0.14476944093382302	0.01	0.01	0.01	0.007	0.01	0.39020516044056003	0.07667817803490894	0.0490207095895769	0.040912741182309205	0.05463521593918456	1.02614629699303	1.263054715232304	1.7220341110260275	2.3380356298357996	0.3912740546687169	97.16717813868581
0.15410373094615298	0.01	0.01	0.01	0.007	0.01	0.40912983588048435	0.07906258747680896	0.0493842365187782	0.04104238983089639	0.05381050934533906	1.1488197236549316	1.3982842098109516	1.8716502006797717	2.5272204794971223	0.419586630894664	96.98730503747296
0.1639648788507257	0.01	0.01	0.01	0.007	0.01	0.42845242080938417	0.08138133936645581	0.04969326574397678	0.041145160804010386	0.0530538946372258	1.2842175134758316	1.5450727027971345	2.0304655944102943	2.7271578651498265	0.44900120066589944	96.79764099457685
0.17439196686064362	0.01	0.01	0.01	0.007	0.01	0.44816068949113114	0.08362765226511022	0.04995305425744673	0.04122542873470112	0.05236885342422621	1.4335949822908252	1.7042605018934192	2.1989955227800353	2.938492248648881	0.47961839675690565	96.59749538603177
0.1854287651252819	0.01	0.01	0.01	0.007	0.01	0.4682409538594173	0.08579500126555616	0.0501689124248188	0.04128715020326531	0.05175624041735913	1.598349788022475	1.8767615117212086	2.377823945403399	3.161957673386458	0.5115542246941378	96.38609734845389
0.19712352108329498	0.01	0.01	0.01	0.007	0.01	0.4886762357603351	0.08787700460298514	0.050346101671169444	0.04133383602371588	0.05121500613528403	1.7800281532045539	2.063559015682988	2.567600158248417	3.3983714422320936	0.54493831070611	96.16260163888285
0.20952869624672643	0.01	0.01	0.01	0.007	0.01	0.5094444969475741	0.08986738114589543	0.050489754061299456	0.04136854532468066	0.050742692578364716	1.9803283558185172	2.2656986603251137	2.76903409238908	3.648626155343533	0.5799122265975606	95.9260956589161
0.22270058417838184	0.01	0.01	0.01	0.007	0.01	0.5305168873615853	0.09175997131939415	0.05060479982761861	0.041393895051491325	0.05033578178279313	2.201099777399782	2.484277530188968	2.9828893439071624	3.9136788889882594	0.616627623826822	95.67560889538515
0.23669886699188747	0.01	0.01	0.01	0.007	0.01	0.5518562010182968	0.0935488327672097	0.05069589086819325	0.04141208093413062	0.049989949664014356	2.4443376351241	2.7204302635222777	3.2099749184858393	4.1945387785373	0.6552442772932242	95.41012365651436
0.251586236942282	0.01	0.01	0.01	0.007	0.01	0.5734157959479834	0.09522841621523084	0.05076731127355119	0.04142490698841663	0.049700263722481326	2.712175077205112	2.9753146215017208	3.451137709868282	4.49225561729729	0.6959283278016127	95.12858468817576
0.2674279548448343	0.01	0.01	0.01	0.007	0.01	0.5951388165283482	0.09679378440542984	0.050822876920949084	0.04143382122812559	0.049461357572092975	3.0068701635544928	3.250094819344825	3.707253498838973	4.807906935568719	0.7388503208427183	94.82991010204138
0.28429057248256473	0.01	0.01	0.01	0.007	0.01	0.6169568210377339	0.0982407968031279	0.05086584650378434	0.04143995593159398	0.049267604972026764	3.3307721264511723	3.5459094001396254	3.9792038897654924	5.142568329613535	0.784180961380438	94.51301807720488
0.30223919214472267	0.01	0.01	0.01	0.007	0.01	0.6387875608729988	0.09956625921015595	0.05089888255832329	0.04144417125859903	0.049113290626576205	3.686250701362125	3.863812171431683	4.267829382610265	5.497255252676938	0.8320830262176778	94.17688064341576
0.3213350286791187	0.01	0.01	0.01	0.007	0.01	0.660534658961845	0.1007682019474797	0.050924089660355644	0.041447100511430905	0.04899275741961314	4.07561935059864	4.204717639751772	4.573887688008319	5.872872048542674	0.8827042734679338	93.82057084647133
0.34163665035975815	0.01	0.01	0.01	0.007	0.01	0.6820924414831872	0.10184635406097814	0.05094311576803569	0.04144919435577242	0.04890053494743347	4.501126398568406	4.569413937179274	4.898071574785418	6.2702343037971175	0.9361801792389275	93.44324058671019
0.36320470854907194	0.01	0.01	0.01	0.007	0.01	0.7033536899473471	0.10280252876207767	0.05095726971275467	0.04145076158040648	0.04883147787045938	4.965025525079252	4.958643250061963	5.241082035271632	6.690158447704446	0.9926456486977546	93.04403444001812
0.3861062601449792	0.01	0.01	0.01	0.007	0.01	0.7242150319135777	0.10364064117805717	0.05096761496351815	0.041452005140312526	0.048780908508443764	5.469651731205682	5.373179391962882	5.603693406347741	7.13354054097603	1.0522453159549368	92.62201322346453
0.4104166139714781	0.01	0.01	0.01	0.007	0.01	0.7445785988989901	0.10436642694491186	0.05097502834054218	0.04145305269140173	0.048744725120892576	6.017452404081472	5.813862043621274	5.986777580876286	7.601384319781736	1.1151372031838909	92.17612534840448
0.4362193350586655	0.01	0.01	0.01	0.007	0.01	0.7643517821464296	0.10498705970049708	0.05098023170575974	0.041453980973981605	0.048719453271640664	6.610977890240574	6.281596782187359	6.391298078435232	8.094792164323527	1.1814916123554275	91.70521324969602
0.46360560968424175	0.01	0.01	0.01	0.007	0.01	0.7834468517692126	0.10551078111759488	0.050983809618593556	0.04145483402962703	0.04870224383306881	7.252853297380943	6.777342073071617	6.818293504192301	8.614943159471776	1.2514884564919455	91.2080320728796
0.49267368142010276	0.01	0.01	0.01	0.007	0.01	0.8017811601394349	0.10594656839493466	0.050986222969921835	0.04145563596056024	0.048690832164795333	7.945746844018036	7.30209625951704	7.268861716760392	9.163072143871801	1.3253148423535617	90.68326741597892
0.5235283480320143	0.01	0.01	0.01	0.007	0.01	0.8192778402214133	0.10630382816494793	0.0509878236102967	0.04145639933603207	0.04868347319066266	8.692335333367343	7.856884561905856	7.744144538353343	9.740449507438253	1.4031628263213878	90.1295523339236
0.5562801156374864	0.01	0.01	0.01	0.007	0.01	0.8358667059665383	0.1065921086797276	0.05098887107003398	0.04145713040801391	0.04867886407135239	9.495257758368922	8.442738966425216	8.245306868227365	10.348354235290811	1.4852262946635815	89.5454907993052
0.591043274196062	0.01	0.01	0.01	0.007	0.01	0.851485082672281	0.10682083177900878	0.050989550342397195	0.04145783214901076	0.048676063429234036	10.35703908154758	9.060658283994613	8.773499391368645	10.988027142488978	1.5716951651938897	88.92970028466196
0.6279322867874111	0.01	0.01	0.01	0.007	0.01	0.8660785932098827	0.10699905490572768	0.05098998908378291	0.041458505904546694	0.04867441381067029	11.279968853650612	9.711538856226927	9.329796752186798	11.660594697168113	1.662745557044874	88.28088304849838
0.6670564039251808	0.01	0.01	0.01	0.007	0.01	0.8796021945348714	0.10713527330974802	0.050990272842588995	0.04145915223140521	0.04867347207262416	12.26593325648814	10.396076626711034	9.915111582654411	12.366964338025142	1.7585259806368287	87.59792580313518
0.7085133991210962	0.01	0.01	0.01	0.007	0.01	0.8920218642688253	0.10723726711881935	0.0509904575398894	0.04145977130630781	0.04867295043684493	13.316226473700397	11.114659046257776	10.530099731473001	13.107710319818874	1.8591420565103436	86.88000999188756
0.7523845426400807	0.01	0.01	0.01	0.007	0.01	0.9033171384603678	0.10731199186777138	0.05099057903388893	0.04146036314563347	0.048672669188681246	14.431401171713032	11.867285364648279	11.175089281221641	13.882989657313908	1.964645096436686	86.12669471047118
0.7987334769486515	0.01	0.01	0.01	0.007	0.01	0.9134841292503522	0.10736550831266342	0.05099066003310269	0.04146092776459685	0.04867252060786318	15.61123278972932	12.6535599079259	11.850071633760527	14.692533935772195	2.0750308085284614	85.33792749752263
0.8476105761449927	0.01	0.01	0.01	0.007	0.01	0.9225379971153372	0.10740294980638185	0.05099071484609791	0.041461465317154736	0.048672442809934935	16.854841542511625	13.472779939647017	12.554774036622355	15.535739198236204	2.1902512879225036	84.5139601013041
0.8990617528193042	0.01	0.01	0.01	0.007	0.01	0.9305136650043695	0.1074285298598563	0.050990752508203736	0.04146197620187268	0.048672401726345335	18.160942377382696	14.324092666351968	13.288793070163091	16.41182785131551	2.310236932410438	83.6551927871078
0.9531387281759721	0.01	0.01	0.01	0.007	0.01	0.9374642138715507	0.10744559279927039	0.050990778771914415	0.041462461108962324	0.048672379348335335	19.52813735330822	15.206664896453605	14.051741634610156	17.320024570802023	2.434920514988615	82.76200237243738
1.0099079337739578	0.01	0.01	0.01	0.007	0.01	0.9434573731244316	0.10745670367720417	0.05099079734524883	0.04146292100534404	0.04867236648741147	20.95516758605313	16.119816128557435	14.843367316065796	18.259695473615356	2.5642565288252817	81.83460314652571
1.069456938171862	0.01	0.01	0.01	0.007	0.01	0.9485710952017026	0.10746376488677002	0.050990810653345986	0.041463357078367194	0.04867235857437376	22.44108900567759	17.06309849250343	15.663627324845704	19.23043319777403	2.6982333935509817	80.87295805993156
1.1318986687233306	0.01	0.01	0.01	0.007	0.01	0.9528891368987256	0.10746814266631965	0.05099082030633681	0.041463770663900466	0.04867235335980049	23.98537534346911	18.03633098256721	16.512725641949263	20.232095157848338	2.8368794548209264	79.876733709142
1.197374355395692	0.01	0.01	0.01	0.007	0.01	0.9564972163663644	0.10747078854493519	0.050990827388901004	0.041464163177975855	0.048672349722051284	25.587971090654218	19.03960535965151	17.391126772328807	21.26481253036909	2.980265138004998	78.84528234926688
1.266056015546785	0.01	0.01	0.01	0.007	0.01	0.9594799579947719	0.1074723459445686	0.050990832641770116	0.04146453606075817	0.04867234707827367	27.249315318271314	20.073277825387617	18.299558013805935	22.328984285439738	3.12850320540646	77.77763701750038
1.3381490429119625	0.01	0.01	0.01	0.007	0.01	0.9619186235850731	0.10747323757330007	0.05099083657724476	0.04146489073466646	0.04867234510428769	28.970350578146906	21.13795511021271	19.2390077261444	23.425265087232685	3.2817483396968767	76.67251097450605
1.4138953012034863	0.01	0.01	0.01	0.007	0.01	0.9638895332827054	0.10747373327502514	0.050990839553864756	0.04146522857529106	0.04867234360449823	30.752526201051545	22.23447993047478	20.21072412226289	24.554552181186082	3.4401967892871013	75.52829609442767
1.493576837269511	0.01	0.01	0.01	0.007	0.01	0.9654630472971679	0.10747400036423194	0.050990841825378	0.04146555089181957	0.048672342451598107	32.59779741649147	23.363915653607425	21.216214778834217	25.717971169173467	3.604086103330135	74.34305987774316
1.577520065806206	0.01	0.01	0.01	0.007	0.01	0.966702986783084	0.1074741395111688	0.050990843573279314	0.041465858913189116	0.04867234155780232	34.50861494299931	24.52752589299747	22.257243471085967	26.916856351274635	3.77369439735733	73.11454497582868
1.6660998219654326	0.01	0.01	0.01	0.007	0.01	0.9676663908684775	0.10747420941018881	0.05099084492869332	0.041466153775628845	0.04867234086021759	36.48788955776889	25.72673879818965	23.335815517508564	28.152715169866184	3.949337708654375	71.84018153019473
1.7597411572792299	0.01	0.01	0.01	0.007	0.01	0.9684035230257382	0.10747424315766671	0.05099084598724652	0.04146643650402764	0.04867234031270588	38.53888489913077	26.963067427360237	24.45412581437054	29.42714731703095	4.131361237536881	70.51714284259872
1.858912173849259	0.01	0.01	0.01	0.007	0.01	0.9689580549455771	0.10747425875829979	0.05099084681926145	0.04146670797014954	0.04867233988093147	40.66490264978366	28.237905553975544	25.614394900487532	30.74163532543373	4.320112346193454	69.14253314399504
1.9640863828378339	0.01	0.01	0.01	0.007	0.01	0.9693673651206369	0.10747426563311409	0.05099084747676422	0.04146696878234591	0.04867233953914492	42.86834573915572	29.55195654739714	26.81836516332902	32.096956408592	4.515858345892037	67.7139794039817
2.0756003776641605	0.01	0.01	0.01	0.007	0.01	0.9696628827855674	0.10747426850628954	0.05099084799820244	0.041467218971995484	0.04867233926806631	45.14777711623768	30.903493600820955	28.065695518643327	33.49138733089433	4.718525623890806	66.23153826203038
2.1931710074927255	0.01	0.01	0.01	0.007	0.01	0.9698704225830403	0.10747426963829296	0.05099084841133999	0.04146745714687716	0.04867233905362625	47.488756867225625	32.28303040217224	29.348923966918278	34.91519990691644	4.926882807103143	64.70371416207169
2.314732950645095	0.01	0.01	0.01	0.007	0.01	0.9700107998663049	0.10747427005665687	0.05099084873511264	0.041467679159405094	0.04867233888617922	49.84335188813981	33.66161065744682	30.64213353741877	36.33855314250485	5.136706676679201	63.16107216103497
2.4361693790144665	0.01	0.01	0.01	0.007	0.01	0.9701018619957188	0.10747427020317286	0.050990848984092806	0.04146788004456381	0.048672338758172465	52.13010981805265	34.99149630178865	31.900724741885355	37.71216208346409	5.340757602883289	61.656745423927305
2.554705626007104	0.01	0.01	0.01	0.007	0.01	0.9701598733275267	0.10747427025386967	0.05099084917476781	0.04146806017074296	0.048672338660750186	54.30062545199076	36.24522378159614	33.097935622122534	39.00761819263059	5.534706791387004	60.222907776243815
2.6704569066567276	0.01	0.01	0.01	0.007	0.01	0.970197220429429	0.10747427027185409	0.050990849323500474	0.04146822363310143	0.04867233858514349	56.362723162046876	37.42823965960018	34.237854251419655	40.23049177504182	5.719231314485532	58.854941740628426
2.784756872798199	0.01	0.01	0.01	0.007	0.01	0.9702217216614997	0.10747427027842997	0.050990849442671536	0.041468373882663015	0.048672338524856314	58.344545605502724	38.55741487490149	35.335849992626834	41.39817614004494	5.8968307282318255	57.53462191387814
2.898838168749217	0.01	0.01	0.01	0.007	0.01	0.9702380191323453	0.10747427028087984	0.05099084954041386	0.04146851316971929	0.04867233847567272	60.269868438503366	39.64672913636818	36.40498680999746	42.52509897466912	6.069624776872058	56.24636284417857
3.013396905359416	0.01	0.01	0.01	0.007	0.01	0.9702489218427829	0.10747427028179748	0.05099084962188202	0.041468642992065124	0.04867233843491903	62.15145655526421	40.70363052987074	37.45230346206224	43.61894898007352	6.238754143085552	54.98173815352616
3.1286048751141116	0.01	0.01	0.01	0.007	0.01	0.9702562118679904	0.10747427028214009	0.05099084969045799	0.04146876433206304	0.04867233840083005	63.99255562178228	41.730077460912284	38.47958199748658	44.681741798801305	6.404508115001591	53.73862086254984
3.2443138539363696	0.01	0.01	0.01	0.007	0.01	0.9702610698806686	0.1074742702822672	0.05099084974854506	0.04146887787370509	0.04867233837214329	65.79121206671412	42.72511400042872	39.48570599739157	45.71247644283362	6.566708059583098	52.51838669101441
3.3602756486877583	0.01	0.01	0.01	0.007	0.01	0.9702642958253912	0.10747427028231409	0.050990849797996146	0.04146898419355698	0.04867233834788316	67.54424356842857	43.68715385158265	40.46885384222396	46.70949596013722	6.7250625800664405	51.323284466837336
3.4762880634250224	0.01	0.01	0.01	0.007	0.01	0.9702664330593885	0.10747427028233134	0.050990849840312304	0.04146908385328946	0.04867233832726087	69.2495478323385	44.61526319681856	41.42778865041543	47.671816046309246	6.87937558026067	50.15487387783096
3.5922490573391594	0.01	0.01	0.01	0.007	0.01	0.9702678477464469	0.10747427028233772	0.05099084987672878	0.04146917740592441	0.04867233830963047	70.9067494659893	45.509487475300695	42.36223051288789	48.59946546823021	7.029605713920603	49.0135632645842
3.708144107064515	0.01	0.01	0.01	0.007	0.01	0.9702687842382426	0.10747427028234006	0.050990849908257016	0.041469265370578975	0.04867233829446555	72.51681039935619	46.370605734178575	43.272648692700045	49.493233423929155	7.175832333889386	47.898851002344564
3.8240056049389155	0.01	0.01	0.01	0.007	0.01	0.970269404460507	0.10747427028234093	0.05099084993571677	0.041469348213955655	0.04867233828134222	74.08131187360841	47.19972028975036	44.15986453265084	50.354245257752815	7.318191230087762	46.80980232748684
3.939874572391431	0.01	0.01	0.01	0.007	0.01	0.9702698153894795	0.10747427028234124	0.050990849959767076	0.04146942634709721	0.048672338269920574	75.60187028385708	47.99793568548857	45.024724167187344	51.183629759769055	7.45682189976744	45.745446898637965
4.055778545551104	0.01	0.01	0.01	0.007	0.01	0.970270087695999	0.10747427028234136	0.050990849980939015	0.04146950013159375	0.048672338259928026	77.07984683126443	48.766206561260525	45.86793340499342	51.98236106406612	7.59184108144043	44.70498200568842
4.171726153329857	0.01	0.01	0.01	0.007	0.01	0.9702702681312445	0.10747427028234137	0.05099084999966278	0.041469569888536485	0.04867233825114445	78.51630952313805	49.50532380596954	46.690034140712434	52.75124387875479	7.7233390837458895	43.68780373028474
4.2877121176455155	0.01	0.01	0.01	0.007	0.01	0.9702703876679665	0.10747427028234138	0.050990850016290584	0.041469635906418646	0.048672338243390005	79.91212834528848	50.21596983254576	47.491456734101035	53.49097059177403	7.851388278782657	42.693444379859486
4.403725414379789	0.01	0.01	0.01	0.007	0.01	0.970270466843086	0.10747427028234138	0.05099085003111418	0.041469698446699586	0.04867233823651691	81.26809418383536	50.89878310049701	48.27258695986301	54.20218818470886	7.976053872429115	41.72149085219136
4.519755819640177	0.01	0.01	0.01	0.007	0.01	0.970270519275879	0.10747427028234138	0.0509908500443774	0.04146975774727836	0.048672338230401624	82.58500163595197	51.55440104172864	49.033813304702996	54.88554286676696	8.097401475511786	40.77152623064416
4.635796941003724	0.01	0.01	0.01	0.007	0.01	0.9702705539952236	0.10747427028234138	0.05099085005628526	0.04146981402477466	0.04867233822494108	83.86368017569777	52.183474934645986	49.77554521114636	55.54169561690894	8.215500000035597	39.84310678203159
4.75184633519844	0.01	0.01	0.01	0.007	0.01	0.9702705769840135	0.10747427028234138	0.05099085006701123	0.041469867476421264	0.048672338220048295	85.1049889379027	52.786666033701614	50.49821051130755	56.171318226556025	8.330421225932193	38.93576468399394
4.867904002814114	0.01	0.01	0.01	0.007	0.01	0.9702705922051801	0.10747427028234138	0.05099085007670275	0.041469918281970185	0.04867233821564977	86.30979513976935	53.36463398220772	51.202243257633995	56.77508127119747	8.442237844707607	38.04902288631324
4.983970751611806	0.01	0.01	0.01	0.007	0.01	0.970270602283066	0.10747427028234138	0.05099085008548499	0.04146996660561047	0.048672338211683396	87.4789543906893	53.918026839059394	51.88807241297009	57.35364372191185	8.55102165260229	37.1824091453373
5.100047028207807	0.01	0.01	0.01	0.007	0.01	0.9702706089554076	0.10747427028234138	0.05099085009346497	0.04147001259778117	0.04867233820809611	88.61329868795028	54.447475393321916	52.556114822212045	57.90764699778906	8.656842435011272	36.3354648870777
5.216132571969366	0.01	0.01	0.01	0.007	0.01	0.9702706133728575	0.10747427028234138	0.05099085010073501	0.04147005639672971	0.04867233820484257	89.71363419668388	54.95359243114024	53.20677380955441	58.4377141755959	8.759767749315541	35.507747082493594
5.332226545512031	0.01	0.01	0.01	0.007	0.01	0.9702706162973339	0.10747427028234138	0.0509908501073742	0.04147009812980397	0.04867233820188413	90.7807438835829	55.43697430570438	53.84044061949238	58.94445160724912	8.859863158966657	34.6988265334823
5.4483278728975835	0.01	0.01	0.01	0.007	0.01	0.9702706182333471	0.10747427028234138	0.05099085011345134	0.041470137914515266	0.04867233819918711	91.81539167533202	55.89820310343847	54.4574967954659	59.42845116887639	8.957192613972328	33.908284928332094
5.5644355241327865	0.01	0.01	0.01	0.007	0.01	0.9702706195149522	0.10747427028234138	0.05099085011902582	0.041470175859445825	0.048672338196722745	92.81832554745732	56.33784819000535	55.05831597099222	59.890291868833415	9.051818736042685	33.135712597036616
5.680548669010922	0.01	0.01	0.01	0.007	0.01	0.9702706203633267	0.10747427028234138	0.05099085012414993	0.04147021206505422	0.0486723381944657	93.7902790568103	56.75646696921483	55.64326476573664	60.33054063604703	9.143802960795336	32.380707378326896
5.796666746381025	0.01	0.01	0.01	0.007	0.01	0.9702706209249058	0.10747427028234138	0.05099085012886891	0.04147024662439691	0.04867233819239406	94.73197195960554	57.15460519714	56.212703149610036	60.74975264408909	9.233205595335061	31.642874153921024
5.9127893411482235	0.01	0.01	0.01	0.007	0.01	0.970270621296634	0.10747427028234138	0.05099085013322325	0.041470279623821375	0.04867233819048874	95.64410925102757	57.532796624858	56.766983853978864	61.14847092863117	9.32008572614134	30.921825615621785
6.028916138154266	0.01	0.01	0.01	0.007	0.01	0.970270621542689	0.10747427028234138	0.050990850137247336	0.04147031114357332	0.048672338188733025	96.52738097929546	57.89156300731397	57.30645223719034	61.52722638778093	9.404501199016597	30.21718245833768
6.145046837590108	0.01	0.01	0.01	0.007	0.01	0.9702706217055551	0.10747427028234138	0.05099085014097282	0.04147034125835584	0.0486723381871121	97.38246185333257	58.231414051280225	57.83144601560092	61.88653771655276	9.48650857842742	29.528573757561325
6.261181139617244	0.01	0.01	0.01	0.007	0.01	0.9702706218133562	0.10747427028234138	0.05099085014442692	0.04147037003781454	0.04867233818561303	98.21001145587024	58.55284762966102	58.342295356733814	62.22691162115909	9.56616316391086	28.855636881879796
6.377318736678323	0.01	0.01	0.01	0.007	0.01	0.9702706218847087	0.10747427028234138	0.05099085014763408	0.041470397546970995	0.04867233818422395	99.01067452384059	58.85635002459001	58.839323012776624	62.54884306368446	9.64351901283447	28.198017353676075
6.493459336574397	0.01	0.01	0.01	0.007	0.01	0.9702706219319356	0.10747427028234138	0.05099085015061606	0.04147042384660134	0.04867233818293504	99.78508143366892	59.14239624522561	59.32284458214855	62.85281558630261	9.718628983045829	27.555368539573315
6.6096026624686814	0.01	0.01	0.01	0.007	0.01	0.9702706219631938	0.10747427028234138	0.05099085015339217	0.04147044899358364	0.04867233818173729	100.5338485024984	59.41145026777061	59.79316865956282	63.1393015536726	9.791544758027728	26.927351485642138
6.72574847596653	0.01	0.01	0.01	0.007	0.01	0.9702706219838826	0.10747427028234138	0.050990850155979706	0.04147047304120248	0.0486723381806224	101.25757842511581	59.663965319534114	60.25059707289524	63.4087624426742	9.862316885433108	26.313634635165567
6.8418965694277984	0.01	0.01	0.01	0.007	0.01	0.9702706219975754	0.10747427028234138	0.05099085015839428	0.041470496039433646	0.04867233817958319	101.95686049444883	59.90038407907608	60.695424986229504	63.661649043336894	9.930994794766384	25.713893722983393
6.958046758277867	0.01	0.01	0.01	0.007	0.01	0.970270622006638	0.10747427028234138	0.05099085016064971	0.041470518035202956	0.04867233817861332	102.63227082765016	60.12113887937858	61.12794100585367	63.898401662979296	9.997626815552362	25.127811666541547
7.074198896395309	0.01	0.01	0.01	0.007	0.01	0.9702706220126363	0.10747427028234138	0.0509908501627587	0.04147053907261258	0.04867233817770683	103.2843727242666	60.32665195280242	61.54842737118193	64.1194503753461	10.062260208573036	24.555078341591475
7.19035280688077	0.01	0.01	0.01	0.007	0.01	0.9702706220166062	0.10747427028234138	0.050990850164732586	0.041470559193179844	0.04867233817685877	103.91371655134309	60.51733552688829	61.957159840466026	64.32521510938757	10.124941150200524	23.99539077386352
7.306508351290983	0.01	0.01	0.01	0.007	0.01	0.9702706220192333	0.10747427028234138	0.0509908501665815	0.04147057843600172	0.048672338176064166	104.52084041401135	60.69359216963405	62.35440808205682	64.51610600627609	10.185714794487772	23.448452643193473
7.422665391177001	0.01	0.01	0.01	0.007	0.01	0.9702706220209721	0.10747427028234138	0.050990850168314596	0.04147059683794583	0.048672338175319185	105.10627020809716	60.85581493468953	62.74043566899667	64.69252356174734	10.24462527419837	22.913974326196048
7.538823811163571	0.01	0.01	0.01	0.007	0.01	0.970270622022123	0.10747427028234138	0.05099085016994051	0.04147061443380022	0.048672338174619585	105.670520004122	61.00438760549233	63.11550028920144	64.8548588754047	10.30171573488193	22.39167264344656
7.654983495871439	0.01	0.01	0.01	0.007	0.01	0.9702706220228846	0.10747427028234138	0.05099085017146679	0.04147063125642945	0.048672338173962215	106.21409218890823	61.13968486781297	63.47985379729678	65.0034938226695	10.357028344714147	21.881270824513006
7.771144352997015	0.01	0.01	0.01	0.007	0.01	0.9702706220233889	0.10747427028234138	0.050990850172900275	0.04147064733689851	0.048672338173343696	106.73747783048577	61.26207253996292	63.83374241511699	65.13880128991643	10.410604326956378	21.38249826582895
7.887306297927162	0.01	0.01	0.01	0.007	0.01	0.9702706220237225	0.10747427028234138	0.05099085017424763	0.0414706627046017	0.04867233817276148	107.24115685034477	61.37190774928107	64.17740680509485	65.26114535128225	10.46248397302316	20.89509046472339
8.00346923835319	0.01	0.01	0.01	0.007	0.01	0.9702706220239433	0.10747427028234138	0.05099085017551436	0.041470677387382526	0.04867233817221267	107.72559820644024	61.46953911467579	64.5110821493287	65.37088145182467	10.512706656487621	20.418788947108226
8.119633081964112	0.01	0.01	0.01	0.007	0.01	0.9702706220240893	0.10747427028234138	0.050990850176705675	0.041470691411633905	0.048672338171695174	108.19126017642479	61.5553069502147	64.83499829712324	65.46835661429174	10.561310857421878	19.953341098074542
8.235797759526868	0.01	0.01	0.01	0.007	0.01	0.9702706220241859	0.10747427028234138	0.0509908501778266	0.04147070480238236	0.04867233817120668	108.63859068576149	61.629543468577396	65.14937994681954	65.5539096470233	10.608334191741811	19.498499940381656
8.351963209500333	0.01	0.01	0.01	0.007	0.01	0.97027062202425	0.10747427028234138	0.050990850178881574	0.041470717583382916	0.04867233817074506	109.0680274700716	61.69257294801796	65.45444671445203	65.62787131130779	10.65381342347258	19.054024073617377
8.468129378035616	0.01	0.01	0.01	0.007	0.01	0.9702706220242925	0.10747427028234138	0.05099085017987451	0.041470729777199414	0.04867233817030868	109.4799983006034	61.744711910815035	65.7504132461588	65.69056450187395	10.697784483588686	18.619677550730824
8.584296211282851	0.01	0.01	0.01	0.007	0.01	0.9702706220243205	0.10747427028234138	0.05099085018080938	0.04147074140528383	0.04867233816989594	109.87492117930879	61.7862692955053	66.03748930947833	65.74230442046786	10.740282485686873	18.195229784979706
8.700463647697767	0.01	0.01	0.01	0.007	0.01	0.970270622024339	0.10747427028234138	0.0509908501816896	0.041470752488048254	0.04867233816950525	110.25320453575361	61.81754662941002	66.31587988571367	65.78339874983119	10.781341741831254	17.780455455652874
8.816631633428702	0.01	0.01	0.01	0.007	0.01	0.9702706220243512	0.10747427028234138	0.0509908501825182	0.04147076304492214	0.048672338169135174	110.61524749575025	61.83883820438146	66.58578531593048	65.81414783284362	10.820995786273519	17.375134333214586
8.932800137703968	0.01	0.01	0.01	0.007	0.01	0.9702706220243593	0.10747427028234138	0.05099085018329838	0.04147077309440303	0.04867233816878444	110.96144013227752	61.85043124081282	66.84740143781315	65.83484483960359	10.859277397654488	16.979051114597002
9.048969114364265	0.01	0.01	0.01	0.007	0.01	0.9702706220243648	0.10747427028234138	0.05099085018403262	0.041470782654131	0.04867233816845191	111.29216355007294	61.85260604191683	67.10091959828905	65.84577592049003	10.896218602966156	16.59199544536644
9.165138532637005	0.01	0.01	0.01	0.007	0.01	0.9702706220243684	0.10747427028234138	0.05099085018472364	0.04147079174092407	0.04867233816813641	111.60779017998694	61.84563615619726	67.34652682398142	65.84722037298302	10.931850704640356	16.21376170366053
9.281308354055605	0.01	0.01	0.01	0.007	0.01	0.9702706220243708	0.10747427028234138	0.050990850185373665	0.04147080037083719	0.0486723381678369	111.90868390875994	61.82978853122783	67.58440586835248	65.83945079554384	10.966204289550294	15.84414896996888
9.397478524765752	0.01	0.01	0.01	0.007	0.01	0.9702706220243723	0.10747427028234138	0.05099085018598475	0.04147080855921072	0.04867233816755263	112.19520025897121	61.805323670730644	67.81473529587709	65.82273324616298	10.999309243471373	15.482960941760277
9.513649029381112	0.01	0.01	0.01	0.007	0.01	0.9702706220243734	0.10747427028234138	0.05099085018655908	0.04147081632068328	0.04867233816728251	112.46768671047407	61.77249577164596	68.03768968295155	65.79732738483186	11.03119478220051	15.130005662617897
9.629819837127803	0.01	0.01	0.01	0.007	0.01	0.9702706220243741	0.10747427028234138	0.05099085018709827	0.04147082366925759	0.048672338167025826	112.72648274555793	61.73155287674861	68.2534395997719	65.76348662419299	11.061889451071643	14.78509559233565
9.74599093261916	0.01	0.01	0.01	0.007	0.01	0.9702706220243745	0.10747427028234138	0.05099085018760434	0.04147083061832041	0.04867233816678177	112.97192010229298	61.682737008357606	68.46215175982327	65.72145826697277	11.09142114855356	14.448047414060527
9.86216228508092	0.01	0.01	0.01	0.007	0.01	0.9702706220243748	0.10747427028234138	0.05099085018807875	0.04147083718069171	0.04867233816654963	113.20432288291767	61.626284318266116	68.66398905104802	65.67148365574971	11.119817132917046	14.118682028618544
9.978333871432381	0.01	0.01	0.01	0.007	0.01	0.9702706220243749	0.10747427028234138	0.05099085018852313	0.04147084336864391	0.04867233816632907	113.42400777775104	61.56242521526402	68.85911066479997	65.61379830356253	11.147104042758125	13.79682439140155
10.094505683980243	0.01	0.01	0.01	0.007	0.01	0.970270622024375	0.10747427028234138	0.05099085018893867	0.04147084919392625	0.04867233816611894	113.63128424330392	61.4913844905573	69.04767219025113	65.5486320212584	11.173307912464889	13.482303401576054
10.210677676562254	0.01	0.01	0.01	0.007	0.01	0.9702706220243751	0.10747427028234138	0.05099085018932686	0.04147085466782168	0.048672338165919087	113.82645457185616	61.41338148078951	69.22982560968276	65.47620907941922	11.198454173926626	13.174951957014347
10.326849841484902	0.01	0.01	0.01	0.007	0.01	0.9702706220243752	0.10747427028234138	0.05099085018968878	0.04147085980113013	0.048672338165728905	114.00981419020947	61.32863014786068	69.40571950396804	65.39674829365595	11.222567687393076	12.874606657432478
10.443022155667045	0.01	0.01	0.01	0.007	0.01	0.9702706220243752	0.10747427028234138	0.050990850190025666	0.04147086460422152	0.0486723381655479	114.18165172103251	61.237339235621725	69.57549904373002	65.31046318012275	11.245672742492104	12.581107863871228
10.559194626802682	0.01	0.01	0.01	0.007	0.01	0.9702706220243752	0.10747427028234138	0.05099085019033858	0.041470869087033256	0.048672338165375535	114.34224920642096	61.13971235538172	69.7393061343393	65.21756204455794	11.267793080400493	12.294299496871657
10.67536723950439	0.01	0.01	0.01	0.007	0.01	0.9702706220243752	0.10747427028234138	0.05099085019062849	0.041470873259120404	0.04867233816521139	114.49188217739409	61.03594814577041	69.89727941160086	65.11824814127395	11.288951895600196	12.01402909081808
10.791539970690861	0.01	0.01	0.01	0.007	0.01	0.9702706220243752	0.10747427028234138	0.050990850190896365	0.04147087712966729	0.04867233816505531	114.6308198300858	60.926240379802024	70.04955434102085	65.01271978249487	11.309171851794536	11.740147670634071
10.907712789586903	0.01	0.01	0.01	0.007	0.01	0.9702706220243752	0.10747427028234138	0.05099085019114293	0.04147088070750578	0.04867233816490653	114.75932517325394	60.81077807988428	70.19626329155665	64.90117045488482	11.32847509425979	11.472509670707218
11.023885711580247	0.01	0.01	0.01	0.007	0.01	0.9702706220243752	0.10747427028234138	0.05099085019136927	0.04147088400110317	0.048672338164764906	114.87765522479823	60.68974557268745	70.33753567185664	64.78378887753526	11.346883270231217	11.210972735896618
11.140058713589465	0.01	0.01	0.01	0.007	0.01	0.9702706220243752	0.10747427028234138	0.05099085019157593	0.04147088701862501	0.04867233816463007	114.98606105416371	60.563322680418516	70.47349789122039	64.66075919172037	11.364417526209454	10.955397841991838
11.256231787920765	0.01	0.01	0.01	0.007	0.01	0.9702706220243752	0.10747427028234138	0.05099085019176383	0.04147088976792099	0.048672338164501804	115.08478797687246	60.43168477312238	70.60427349499058	64.53226101636895	11.38109852819816	10.70564909760103
11.372404926880346	0.01	0.01	0.01	0.007	0.01	0.9702706220243752	0.10747427028234138	0.05099085019193351	0.04147089225654797	0.04867233816437962	115.17407566840959	60.29500288684984	70.72998321044257	64.39846956701744	11.396946470092908	10.461593707836826
11.488578107386695	0.01	0.01	0.01	0.007	0.01	0.9702706220243752	0.10747427028234138	0.05099085019208556	0.041470894491792504	0.04867233816426352	115.25415828281147	60.15344384361046	70.85074499530359	64.25955577672235	11.411981082498164	10.223101935011591
11.604751337133678	0.01	0.01	0.01	0.007	0.01	0.9702706220243752	0.10747427028234138	0.05099085019222074	0.041470896480657264	0.04867233816415298	115.32526461070574	60.00717029397864	70.96667414876732	64.11568634100001	11.426221649260823	9.990046934608491
11.72092460842746	0.01	0.01	0.01	0.007	0.01	0.9702706220243752	0.10747427028234138	0.05099085019233936	0.04147089822989966	0.04867233816404792	115.3876181673106	59.856340868092055	71.07788332320315	63.96702386893506	11.439687011503175	9.762304784500886
11.8370979135742	0.01	0.01	0.01	0.007	0.01	0.9702706220243752	0.10747427028234138	0.050990850192442344	0.04147089974603494	0.048672338163947934	115.44143732489194	59.70111025198946	71.18448260104675	63.813726961133455	11.452395579814135	9.539754386428992
11.953271260267766	0.01	0.01	0.01	0.007	0.01	0.9702706220243752	0.10747427028234138	0.050990850192529795	0.04147090103533743	0.048672338163853045	115.4869354355259	59.541629258167134	71.28657956657273	63.65595028168071	11.464365345595406	9.322277373200622
12.069444617732731	0.01	0.01	0.01	0.007	0.01	0.9702706220243752	0.10747427028234138	0.05099085019260257	0.04147090210388266	0.04867233816376283	115.52432092491884	59.378044989522714	71.3842793159373	63.49384472247034	11.47561388512485	9.109758146467646
12.185617985969099	0.01	0.01	0.01	0.007	0.01	0.9702706220243752	0.10747427028234138	0.05099085019266081	0.041470902957517285	0.04867233816367723	115.55379743285272	59.210500832755336	71.47768457466108	63.32755739879977	11.486158376176496	8.902083684858287
12.301791364976868	0.01	0.01	0.01	0.007	0.01	0.9702706220243752	0.10747427028234138	0.05099085019270499	0.04147090360188494	0.048672338163596035	115.57556390739101	59.039136584784856	71.56689572348748	63.157231776368434	11.496015603719979	8.699143543509518
12.41796475475604	0.01	0.01	0.01	0.007	0.01	0.9702706220243752	0.10747427028234138	0.0509908501927356	0.04147090404243606	0.04867233816351911	115.5898147119644	58.86408853665423	71.65201085183915	62.98300775627912	11.505201968877126	8.500829795331523
12.534138147612758	0.01	0.01	0.01	0.007	0.01	0.9702706220243752	0.10747427028234138	0.05099085019275279	0.04147090428444043	0.04867233816344615	115.59673972979465	58.6854895674487	71.73312580481422	62.80502176999993	11.513733497130662	8.307036986298098
12.650311528159301	0.01	0.01	0.01	0.007	0.01	0.9702706220243752	0.10747427028234138	0.05099085019275739	0.041470904332994815	0.04867233816337716	115.59652446848712	58.50346922550202	71.81033423551152	62.62340686169314	11.521625847086176	8.117662077912387
12.76648489639567	0.01	0.01	0.01	0.007	0.01	0.9702706220243752	0.10747427028234138	0.05099085019274929	0.041470904193017064	0.04867233816331186	115.58935016000876	58.31815377050185	71.88372767031122	62.43829273143822	11.528894320407217	7.932604354704786
12.88265825232187	0.01	0.01	0.01	0.007	0.01	0.9702706220243752	0.10747427028234138	0.05099085019272894	0.04147090386926219	0.048672338163250194	115.57539385596375	58.12966627289929	71.95339554608206	62.24980583553013	11.535553868722497	7.751765397239976
12.998831603631753	0.01	0.01	0.01	0.007	0.01	0.9702706220243752	0.10747427028234138	0.05099085019269655	0.04147090336632429	0.048672338163192004	115.55482852144652	57.938126675833765	72.01942526207466	62.05806944937602	11.541619101990037	7.575049018204419
13.115004942631467	0.01	0.01	0.01	0.007	0.01	0.9702706220243752	0.10747427028234138	0.0509908501926525	0.04147090268865689	0.048672338163137346	115.52782313218512	57.74365190609514	72.08190221324601	61.86320377946148	11.547104295074176	7.402361246490773
13.231178269321012	0.01	0.01	0.01	0.007	0.01	0.9702706220243752	0.10747427028234138	0.050990850192597026	0.041470901840565386	0.048672338163085783	115.49454276265426	57.546355907873064	72.14090984946066	61.66532599804443	11.552023396669107	7.233610241433708
13.347351576006536	0.01	0.01	0.01	0.007	0.01	0.9702706220243752	0.10747427028234138	0.05099085019253045	0.04147090082622173	0.04867233816303725	115.45514867863496	57.34634973814656	72.19652971163569	61.464550339527214	11.556390036014923	7.068706266876155
13.463524847300343	0.01	0.01	0.01	0.007	0.01	0.9702706220243752	0.10747427028234138	0.05099085019245292	0.04147089964966983	0.048672338162992	115.40979842618076	57.14374163560392	72.24884147626416	61.26098817035023	11.560217530352451	6.907561642207691
13.57969809859014	0.01	0.01	0.01	0.007	0.01	0.9702706220243752	0.10747427028234138	0.05099085019236463	0.04147089831480817	0.04867233816294952	115.35864590056629	56.93863701957509	72.29792301459801	61.05474798847076	11.563518893206878	6.750090643029724
13.695871314488233	0.01	0.01	0.01	0.007	0.01	0.9702706220243752	0.10747427028234138	0.05099085019226584	0.04147089682543159	0.04867233816290986	115.30184145336827	56.73113866233087	72.34385040639346	60.84593559704315	11.566306839306627	6.5962095409773225
13.812044494994637	0.01	0.01	0.01	0.007	0.01	0.9702706220243752	0.10747427028234138	0.05099085019215674	0.04147089518520782	0.04867233816287294	115.23953195522817	56.52134667187404	72.38669800100362	60.63465408767688	11.568593792858454	6.445836495408109
13.928217647803203	0.01	0.01	0.01	0.007	0.01	0.9702706220243752	0.10747427028234138	0.05099085019203746	0.041470893397686996	0.04867233816283865	115.17186087616884	56.30935856652989	72.42653845238912	60.42100391586695	11.570391893745866	6.2988915218449835
14.044390772913937	0.01	0.01	0.01	0.007	0.01	0.9702706220243752	0.10747427028234138	0.0509908501919083	0.04147089146631519	0.048672338162806916	115.09896837143033	56.095269363365624	72.46344275217369	60.20508299043578	11.571713003715512	6.155296469337727
14.160563862633008	0.01	0.01	0.01	0.007	0.01	0.9702706220243752	0.10747427028234138	0.050990850191769306	0.04147088939443853	0.048672338162777704	115.020991359	55.87917163811456	72.49748026845813	59.98698673432183	11.57256871287543	6.014974977774902
14.276736916960429	0.01	0.01	0.01	0.007	0.01	0.9702706220243752	0.10747427028234138	0.050990850191620786	0.04147088718529802	0.048672338162750885	114.93806358397286	55.66115555464627	72.52871878765839	59.766808114597914	11.572970346060929	5.8778524182650544
14.392909935896208	0.01	0.01	0.01	0.007	0.01	0.9702706220243752	0.10747427028234138	0.050990850191462614	0.04147088484203738	0.048672338162726356	114.8503156952198	55.441308935455	72.55722454789353	59.544637713839585	11.572928968752175	5.743855863288239
14.509082919440356	0.01	0.01	0.01	0.007	0.01	0.9702706220243752	0.10747427028234138	0.05099085019129511	0.04147088236770694	0.04867233816270418	114.75787531610015	55.219717316879795	72.58306227428731	59.32056378610527	11.572455392988902	5.612914047908064
14.625255867592886	0.01	0.01	0.01	0.007	0.01	0.9702706220243752	0.10747427028234138	0.05099085019111852	0.04147087976526739	0.048672338162684105	114.66086711356171	54.99646400305389	72.60629521346515	59.094672311630354	11.571560183150297	5.484957331868033
14.741428780353806	0.01	0.01	0.01	0.007	0.01	0.9702706220243752	0.10747427028234138	0.05099085019093273	0.04147087703759231	0.04867233816266622	114.55941286566502	54.771630118612286	72.62698516726435	58.86704705026461	11.570253661603088	5.359917662552027
14.857601650029304	0.01	0.01	0.01	0.007	0.01	0.9702706220243752	0.10747427028234138	0.05099085019073793	0.041470874187476525	0.04867233816265035	114.45363153471439	54.545294675223644	72.6451925245511	58.63776960891898	11.568545914347046	5.23772854678854
14.973774476619399	0.01	0.01	0.01	0.007	0.01	0.9702706220243752	0.10747427028234138	0.05099085019053427	0.041470871217629664	0.04867233816263648	114.34363931827028	54.31753459209923	72.66097629613682	58.40691946240508	11.566446796232933	5.118324998935081
15.089947260124104	0.01	0.01	0.01	0.007	0.01	0.9702706220243752	0.10747427028234138	0.05099085019032193	0.041470868130683396	0.04867233816262467	114.22954971843545	54.08842475987575	72.67439414461174	58.174574018174496	11.563965936278624	5.001643514885993
15.206120008237251	0.01	0.01	0.01	0.007	0.01	0.9702706220243752	0.10747427028234138	0.050990850190100766	0.041470864929189645	0.04867233816261471	114.11147359547988	53.85803807333614	72.68550241574589	57.94080864948436	11.561112742618528	4.887622030831376
15.32229272095885	0.01	0.01	0.01	0.007	0.01	0.9702706220243752	0.10747427028234138	0.050990850189871026	0.04147086161563246	0.04867233816260665	113.98951924315004	53.62644550868733	72.69435616676549	57.705696773764075	11.557896407867592	4.776199905690394
15.438465390595104	0.01	0.01	0.01	0.007	0.01	0.9702706220243752	0.10747427028234138	0.05099085018963276	0.0414708581924312	0.048672338162600304	113.86379244876832	53.393716169802914	72.70100919646299	57.46930989955162	11.554325914161323	4.667317887987106
15.55463800945222	0.01	0.01	0.01	0.007	0.01	0.9702706220243752	0.10747427028234138	0.05099085018938612	0.04147085466193729	0.048672338162595814	113.73439654319806	53.159917317823414	72.70551407481304	57.23171765651662	11.550410037804204	4.560918076554634
15.670810592917826	0.01	0.01	0.01	0.007	0.01	0.9702706220243752	0.10747427028234138	0.05099085018913118	0.0414708510264228	0.048672338162592914	113.60143243015752	52.92511436810989	72.70792217124313	56.9929877922403	11.546157353082732	4.456943869352532
15.786983125604335	0.01	0.01	0.01	0.007	0.01	0.9702706220243752	0.10747427028234138	0.05099085018886785	0.04147084728811572	0.04867233816259191	113.46499870166231	52.68937104153182	72.70828368028394	56.753186325893	11.541576238725938	4.355339982294496
15.903155622899362	0.01	0.01	0.01	0.007	0.01	0.9702706220243752	0.10747427028234138	0.05099085018859622	0.04147084344916381	0.04867233816259229	113.32519162122449	52.452749281834116	72.70664764962879	56.5123774641183	11.536674880139724	4.256052364732151
16.0	0.01	0.01	0.01	0.007	0.01	0.9702706220243752	0.10747427028234138	0.050990850188363614	0.04147084735353439	0.048672338162593996	113.20613458725842	52.25486746339355	72.70379176505338	56.31090821127845	11.532350004034063	4.175015754298194
