0.0	0.01	0.01	0.01	0.007	0.01	0.0	0.0	0.0	0.0	0.0	0.0	0.0	0.0	0.0	0.0	100.0
0.0033319471685497363	0.01	0.01	0.01	0.007	0.01	0.010427287830436706	0.0027587989804719482	0.003222649891641506	0.003988124609781161	0.00519854940801508	0.0006077383189463159	0.0008989023710785477	0.0019594299671174416	0.004717486653713938	0.0004398669428077257	99.92431124828069
0.005330500318246526	0.01	0.01	0.01	0.007	0.01	0.016614863569895767	0.0043781950644096665	0.005053062833778768	0.006198260586284334	0.008196648514883852	0.0015504772201270765	0.0022872057739457396	0.004945997332706346	0.011830538264791876	0.0011144691277352318	99.87893946039421
0.008345156460250979	0.01	0.01	0.01	0.007	0.01	0.02585451366446058	0.0067718590537300515	0.007676604348914538	0.009294299362589468	0.012555946874598206	0.0037818522217545024	0.005556614184005923	0.011873872538259257	0.028130681246343797	0.0026904301538175452	99.81053875249853
0.011121537514148882	0.01	0.01	0.01	0.007	0.01	0.03426511239647409	0.008925219062240131	0.009954057175325578	0.011911351051638661	0.01640436772682337	0.006687155922991723	0.009789494394513683	0.02069442157378528	0.048609096245172234	0.004712766697216422	99.74758579760514
0.014347331940693835	0.01	0.01	0.01	0.007	0.01	0.04391963926615419	0.011367074130329138	0.012443040645212785	0.014693899168178185	0.02068542056351876	0.011071955706625166	0.016140301126058396	0.033700679336959256	0.07839798749878357	0.0077192867876512295	99.67449250022942
0.01763048373196161	0.01	0.01	0.01	0.007	0.01	0.05361775639785034	0.013787688658820824	0.014813472374270437	0.01726593347765493	0.024843805624208723	0.016632101301408256	0.024142583021270397	0.04978962384836849	0.11472802684335359	0.011471165250921343	99.60015454022427
0.021167766250338234	0.01	0.01	0.01	0.007	0.01	0.06392389758197281	0.016324625284591325	0.017195720251564024	0.019771210243198726	0.029113224358984523	0.02384168217630444	0.034450426147752684	0.07012318905085085	0.15998748556420533	0.016256549529192144	99.5201245313477
0.024840992718184574	0.01	0.01	0.01	0.007	0.01	0.07447170586295468	0.018883245067940035	0.019494042328556265	0.022109594203473294	0.03333047027640373	0.03264425803124245	0.04694895359209675	0.09429619416256681	0.21301236272822266	0.0220008105783516	99.43708688832916
0.028705850471303116	0.01	0.01	0.01	0.007	0.01	0.0854024466409261	0.021494408774461855	0.021733248936302647	0.024310425654676525	0.03754677437836208	0.04332798763470119	0.0620098326906818	0.12284126244371216	0.2747157735870343	0.02885307927253363	99.34979199276738
0.03272888578824881	0.01	0.01	0.01	0.007	0.01	0.09660108455294068	0.02412698791940681	0.02388385029381559	0.0263490727098785	0.041712641710340795	0.05596925556481434	0.07969787570970241	0.15567760820518922	0.3446597728330461	0.03681977647202373	99.2590057703178
0.03692785676110352	0.01	0.01	0.01	0.007	0.01	0.10809735789514935	0.026784712747830904	0.025947874879052975	0.028233255593087057	0.045834897669392756	0.07078549800747959	0.10027011673122534	0.19306942335354024	0.42315053055485996	0.04599319192691922	99.16433775959536
0.04129612352712844	0.01	0.01	0.01	0.007	0.01	0.11985239479919661	0.02945531124468738	0.027915384310259195	0.029960142986080955	0.04989086952810469	0.08792226794193891	0.1238759436090719	0.23506204246904294	0.5100284957316504	0.056415010777839926	99.06594870810952
0.045842334465757265	0.01	0.01	0.01	0.007	0.01	0.13186842821464145	0.03213615015025846	0.029785010478092705	0.03153539933528329	0.053861140742228725	0.10758420764259645	0.1507391997116953	0.2818175911489114	0.6053824898269591	0.06815613955446395	98.96365537929681
0.050569205059910236	0.01	0.01	0.01	0.007	0.01	0.1441306187809547	0.03482078900558552	0.03155343920132155	0.0329633748715334	0.057695862297562045	0.12996070229224083	0.18105446855223903	0.3334275283035417	0.709159684022747	0.08126593455901698	98.85740906970298
0.055484195362329236	0.01	0.01	0.01	0.007	0.01	0.15663542675296768	0.03750537515005252	0.03321996318112922	0.03425088144071949	0.061307519275557075	0.1552706483762269	0.21504774756132616	0.39001967604476856	0.8213878705793058	0.09578969765451927	98.74705533876391
0.06056908192596717	0.01	0.01	0.01	0.007	0.01	0.16931434500474501	0.040172532248853914	0.034776851419986425	0.03539979579833614	0.06454114059643612	0.18359612927861715	0.25275422411688525	0.45139633496626197	0.9414684999871976	0.11166070408382384	98.63301666130016
0.06576414058798612	0.01	0.01	0.01	0.007	0.01	0.182002328950549	0.04278636100621112	0.03620906645475114	0.03640805083140581	0.06720314582632546	0.21472924648548022	0.29382537301479345	0.5167668347934989	1.0677055899497605	0.12861404769763146	98.51664316404023
0.07112288689141306	0.01	0.01	0.01	0.007	0.01	0.1948146269218063	0.04536974056626459	0.03753558464578117	0.037297803770667756	0.06920153345354076	0.2491088270847331	0.338765487258119	0.5867179849054757	1.2011077789871505	0.14669618105752621	98.39674679239249
0.07673771995226247	0.01	0.01	0.01	0.007	0.01	0.2079455481821477	0.047958925889581255	0.03877828572323499	0.03809047500333272	0.07051788225243388	0.28753603317288734	0.38852601216588234	0.6624556010657315	1.3438042372125447	0.16607475710202982	98.27127728515504
0.08257520018591212	0.01	0.01	0.01	0.007	0.01	0.22128564940401904	0.05052879257786187	0.03992779170194686	0.03878622996009209	0.07119448215561935	0.33002628217750063	0.4430171978568782	0.7435429685809258	1.4947971730274505	0.18647654466321317	98.14100211668173
0.08865044715401654	0.01	0.01	0.01	0.007	0.01	0.23483972887391058	0.053077373804158653	0.040987209609020296	0.03939341566485706	0.07136467426489682	0.3769194340761856	0.5025599087037868	0.8301677653725223	1.6542930756168202	0.20780074338070467	98.00560409619311
0.09497124804513471	0.01	0.01	0.01	0.007	0.01	0.24859368232557363	0.05559914762967373	0.04195850809512875	0.03991938656526275	0.071176134009105	0.4285169723730513	0.567411456007695	0.92240894834083	1.8223091348944205	0.22994669735653828	97.8649317291798
0.10158789087082461	0.01	0.01	0.01	0.007	0.01	0.2626208107172519	0.05810421743399063	0.04284955865601328	0.040374167851322355	0.07075259960787794	0.4855054678345257	0.6382920748220963	1.0209735473681179	2.000006458244619	0.25299059688598424	97.71789156832504
0.10854905771281681	0.01	0.01	0.01	0.007	0.01	0.27697995089788957	0.0605987371097399	0.04366576473859919	0.040765669509624194	0.07018376660009168	0.5486429854256325	0.7159754378282305	1.1265775356170604	2.1885367063315218	0.2770233789595481	97.56343360134935
0.11588800048630245	0.01	0.01	0.01	0.007	0.01	0.2916882724080232	0.063080678416259	0.04440948578284622	0.04109983273849011	0.06953312900201822	0.6186218580330921	0.8011170313536662	1.2397181221903701	2.3886471924393935	0.3020965048871102	97.40085771724158
0.1236269195710105	0.01	0.01	0.01	0.007	0.01	0.3067339751698147	0.06554288301836289	0.0450819604912518	0.04138187454961241	0.06884536264394267	0.6960780086931704	0.8942692272046303	1.360717177345017	2.600779728446111	0.32823440773410106	97.22971481104723
0.13178740587573962	0.01	0.01	0.01	0.007	0.01	0.32209894763008695	0.06797733625662733	0.04568493528071207	0.04161706421292739	0.06815115500206201	0.7816757578629895	0.9959852610570579	1.4898729188235391	2.825349569289788	0.3554680778731379	97.04957484725405
0.14039449261259948	0.01	0.01	0.01	0.007	0.01	0.33776630441050576	0.07037648404718741	0.046220969319884536	0.04181075125071969	0.06747113815148573	0.8761499730544157	1.106866478357598	1.6275235840457059	3.062858050485704	0.3838462687237754	96.85993796584097
0.1494779164498321	0.01	0.01	0.01	0.007	0.01	0.3537216154124613	0.07273339694040036	0.04669332349037655	0.041968212570073014	0.06681895108647141	0.9803269949852574	1.2275815294692167	1.774069904996562	3.3139294129991548	0.4134373838759678	96.66020798692033
0.15907197839523401	0.01	0.01	0.01	0.007	0.01	0.3699513223973853	0.07504149827606432	0.0471057599284814	0.04209449875500747	0.06620347290886384	1.0951319122680252	1.3588682037780515	1.9299749424994244	3.579307754042169	0.44432714517024857	96.44969710775449
0.16921555893504653	0.01	0.01	0.01	0.007	0.01	0.3864414580573956	0.07729438221529103	0.04746239703720183	0.0421943341993409	0.0656303162080078	1.2215969624044276	1.501535910355756	2.0957654433217847	3.8598568089169616	0.4766172209433935	96.22762738771759
0.17995211696100233	0.01	0.01	0.01	0.007	0.01	0.4031763577789777	0.07948567301355146	0.047767596026648984	0.042272053212078706	0.06510281312721827	1.3608691322246556	1.6564666084970414	2.2720321984180556	4.156558122745325	0.5104241226341797	95.99313281313577
0.19132981017780484	0.01	0.01	0.01	0.007	0.01	0.4201375951440701	0.08160895629967867	0.04802587340320102	0.04233156370343205	0.06462265416164223	1.5142185579406862	1.8246160911357798	2.459431801481429	4.47051158078193	0.5458787014875146	95.74525896657255
0.20340156660769482	0.01	0.01	0.01	0.007	0.01	0.43730287267665235	0.08365774372004896	0.04824182443098481	0.04237632974702726	0.0641903073159632	1.6830454665827488	2.0070132083090226	2.6586871368750224	4.802933672565641	0.5831256156397867	95.48296407665723
0.21622510153334762	0.01	0.01	0.01	0.007	0.01	0.4546449133277985	0.08562547879883611	0.04842005343341136	0.04240936927791097	0.0638052941415325	1.8688851044582615	2.2047567373792782	2.8705865500184577	5.155153391887276	0.6223226980880303	95.20512158892151
0.22986275427713526	0.01	0.01	0.01	0.007	0.01	0.47213025746079357	0.08750557442646263	0.04856510598335226	0.042433263833624085	0.0634663769778873	2.073408211525805	2.4190077572095046	3.0959796637275225	5.528602383826018	0.6636398035635782	94.91052698063325
0.24438107495937564	0.01	0.01	0.01	0.007	0.01	0.4897180118406664	0.08929149007657021	0.04868140166354156	0.042450178477038095	0.06317169054485537	2.298414953668154	2.65097610834248	3.3357687241978753	5.9247975585142045	0.7072569097096192	94.59791026958872
0.2598500201759686	0.01	0.01	0.01	0.007	0.01	0.507358562185792	0.0909768503096097	0.04877316673578567	0.042461890136764505	0.06291884164746149	2.545818813297015	2.9018984170147575	3.5908932204050026	6.345312553764551	0.7533610501503787	94.26595712951475
0.27634162714527905	0.01	0.01	0.01	0.007	0.01	0.5249923509050444	0.0925556118182797	0.04884436843150075	0.04246982276166044	0.06270499262387455	2.8176166617685947	3.1730053715171445	3.8623057656477027	6.791734906381498	0.8021417144071858	93.9133411730598
0.2939281027189242	0.01	0.01	0.01	0.007	0.01	0.5425489488983519	0.09402228962541812	0.048898654591079616	0.042475087572239306	0.06252693923508092	3.1158421172596196	3.4654772703155055	4.150938435117323	7.265607825731784	0.8537845699312411	93.53876839168429
0.3126795111699163	0.01	0.01	0.01	0.007	0.01	0.5599468788586489	0.09537225681959544	0.0489393038503083	0.04247852651874812	0.06238119025910258	3.442503842400709	3.7803914794793547	4.457662912582233	7.7683623009037985	0.9084640997150718	93.14102936477573
0.33266168600512314	0.01	0.01	0.01	0.007	0.01	0.577094857656137	0.09660212308553774	0.0489691913932551	0.04248075689681664	0.06226405457962075	3.7995196962684834	4.118673672196143	4.783254982437978	8.301256971587868	0.9663370123665478	92.71904557841886
0.3539354248840852	0.01	0.01	0.01	0.007	0.01	0.593895044032565	0.09771016134476387	0.04899077338557054	0.042482215044312155	0.062171741075992534	4.188668488976319	4.481072935123545	5.128380627766178	8.865354019373582	1.0275394592016984	92.27188751171286
0.3765576706474112	0.01	0.01	0.01	0.007	0.01	0.6102480160441791	0.09869668085548794	0.04900609045187001	0.042483197179708033	0.062100474980737896	4.611578074851793	4.868174950300364	5.493614541297192	9.46154854944887	1.0921899515909752	91.79875049656856
0.4005844604146822	0.01	0.01	0.01	0.007	0.01	0.6260582849558112	0.09956422132214769	0.04901678902422923	0.0424838957587229	0.0620466250916813	5.0697522637696935	5.280450525313503	5.879486418028725	10.090643587793044	1.1603971776013284	91.29889430515149
0.4260744094169129	0.01	0.01	0.01	0.007	0.01	0.6412388048642516	0.10031749195536821	0.04902415800072777	0.04248443012182106	0.06200682566175328	5.5646169534222585	5.718317403716634	6.286534118940459	10.753436294705015	1.2322690802047551	90.7715734973182
0.4530915761997272	0.01	0.01	0.01	0.007	0.01	0.6557137238526399	0.1009630854944668	0.049029176561367946	0.04248487077908498	0.061978072723451766	6.09756259623634	6.182193330686148	6.715344817421756	11.450784460397777	1.307919925936018	90.21598300557609
0.48170712740009375	0.01	0.01	0.01	0.007	0.01	0.6694194962750863	0.1015090587072674	0.049032567426595584	0.042485257395991544	0.061957781927074344	6.669968184564238	6.672528213806304	7.16657514463942	12.183638619411258	1.3874738097124117	89.63123069344434
0.511999761882114	0.01	0.01	0.01	0.007	0.01	0.6823049303387019	0.10196447272968165	0.049034849765279595	0.04248561122222337	0.0619438061863011	7.283202140468754	7.189813413093984	7.640950408561373	12.953039941960258	1.471064599828365	89.01633693399047
0.5440550985277028	0.01	0.01	0.01	0.007	0.01	0.6943307592934614	0.10233895611216565	0.049036387324170407	0.04248594311535302	0.061934419797134245	7.938601527641901	7.734571378478479	8.139246940187228	13.76009057163443	1.558833004001715	88.3702560927814
0.5779641273398486	0.01	0.01	0.01	0.007	0.01	0.7054691009841586	0.10264232007449557	0.04903742927308981	0.04248625838976542	0.06192827924064067	8.637430397354489	8.30732780781931	8.662259972075265	14.605900451695142	1.650921141230036	87.69191690276037
0.6138209256078306	0.01	0.01	0.01	0.007	0.01	0.7157030531975476	0.102884236901486	0.04903814298058122	0.04248655956551395	0.06192437074458391	9.38082148389267	8.90857072373798	9.210761051758919	15.491517328689165	1.74746529183133	86.98027661363601
0.6517198898462832	0.01	0.01	0.01	0.007	0.01	0.7250265201426046	0.10307398051041065	0.049038639097587204	0.04248684783214597	0.061921952958292774	10.169707675845359	9.538701878985055	9.785449665621975	16.417847728803498	1.8485876260192118	86.2343828956051
0.6917530380611402	0.01	0.01	0.01	0.007	0.01	0.7334442828246103	0.10322022427611484	0.04903898997441992	0.042487123783784615	0.061920500822646087	11.004756861316357	10.197990801029816	10.386908145923153	17.385583751983027	1.9543884939635014	85.45343174292675
0.7340081739600163	0.01	0.01	0.01	0.007	0.01	0.7409721980693027	0.10333088974912998	0.04903924268402281	0.04248738777133076	0.061919654587992624	11.886328991763424	10.88654493281898	11.015571887965995	18.395155104822006	2.0649413849800657	84.63680574530169
0.7785687985462577	0.01	0.01	0.01	0.007	0.01	0.7476372952795639	0.10341304130012983	0.04903942791931274	0.0424876400686168	0.06191917614900449	12.81447544300998	11.604309494959244	11.671727297347207	19.44672611136677	2.1802927335074793	83.7840765253582
0.8255162604016413	0.01	0.01	0.01	0.007	0.01	0.7534774589943048	0.10347282412890292	0.04903956588454649	0.04248788095301255	0.06191891350711307	13.788990657622215	12.35110267689006	12.355542876857319	20.540245821901884	2.300467515017799	82.89496418265436
0.8749340235334837	0.01	0.01	0.01	0.007	0.01	0.7585404538154692	0.1035154454576652	0.04903967009287223	0.04248811074578907	0.06191877320525173	14.809510854309908	13.126680850892981	13.067129104412537	21.675543466650158	2.425479858297738	81.96925922665284
0.9269132590739372	0.01	0.01	0.01	0.007	0.01	0.7628822288352696	0.10354519828865902	0.04903974976479537	0.04248832982968469	0.06191869994982127	15.87563874913027	13.930817852108303	13.806612990845396	22.8524459035295	2.5553461863843925	81.00672518099786
0.9815587953367948	0.01	0.01	0.01	0.007	0.01	0.7665646711300382	0.10356552378788322	0.049039811326456	0.04248853865092081	0.06191866227132616	16.987069285578364	14.763380854370656	14.574211567801811	24.07089136978913	2.6900981154162467	80.00700222728675
1.0389947328651878	0.01	0.01	0.01	0.007	0.01	0.7696531194677672	0.10357910360469828	0.04903985934625842	0.04248873771064497	0.061918642933182284	18.143697955890747	15.624391119666242	15.370293510548427	25.331022091572652	2.829793216321477	78.96952587682257
1.0993694728802652	0.01	0.01	0.01	0.007	0.01	0.7722139552461764	0.1035879700860011	0.049039897127923185	0.04248892755048979	0.06191863283711075	19.34570385324466	16.514065747976865	16.1954251013624	26.633249685620655	2.9745229769013095	77.89346559252004
1.1628603104689383	0.01	0.01	0.01	0.007	0.01	0.7743125014139262	0.10359362192322126	0.0490399270944587	0.04248910873636662	0.061918627342323805	20.593608962357237	17.4328429165432	17.050402567860893	27.9782966004523	3.1244183251284525	76.7776807042316
1.22967793833619	0.01	0.01	0.01	0.007	0.01	0.7760113448787496	0.10359713490342864	0.04903995104352813	0.042489281843296894	0.061918624150129345	21.8883195344111	18.381395530991963	17.936275201120665	29.367220496174195	3.2796534877876184	75.62068785267589
1.300071292584899	0.01	0.01	0.01	0.007	0.01	0.777369105103474	0.10359926083262458	0.04903997032181694	0.04248944744279111	0.06191862214516467	23.23115676578036	19.36063855167669	18.85436418586429	30.80142909024888	3.4404490467996074	74.42063346987594
1.3743331835091088	0.01	0.01	0.01	0.007	0.01	0.7784396134012906	0.10360051110103596	0.04903998594678772	0.04248960609323899	0.06191862078926976	24.6238832742199	20.371734238450195	19.806281378418678	32.28269162957179	3.6070749281735246	73.17526565957425
1.45280706676693	0.01	0.01	0.01	0.007	0.01	0.7792714396519935	0.1036012240666585	0.04903999869317955	0.04248975833294557	0.06191861981805047	26.068728841237903	21.416097038121517	20.793950168342775	33.81314956176182	3.7798536850100093	71.88190252370778
1.5358953804676656	0.01	0.01	0.01	0.007	0.01	0.779907698960964	0.10360161724158685	0.049040009155273824	0.04248990467525182	0.06191861909501298	27.56841857381779	22.49539941229052	21.819630416230222	35.39532842569742	3.9591644047964945	70.53739409998366
1.624069777715736	0.01	0.01	0.01	0.007	0.01	0.7803860738397427	0.10360182625671034	0.049040017792157053	0.04249004560466055	0.06191861854383732	29.126202859020584	23.611577005140543	22.885947004126407	37.03214878367528	4.145447134439605	69.13807820841292
1.7178832452876776	0.01	0.01	0.01	0.007	0.01	0.7807389963416211	0.10360193296802352	0.04904002496086639	0.04249018157194557	0.06191861811766667	30.74588054853982	24.766825753370263	23.995916250339164	38.72692554321965	4.339206786456494	67.67973735783599
1.8179827931055073	0.01	0.01	0.01	0.007	0.01	0.780993944390679	0.10360198505675769	0.0490400309407687	0.04249031298344156	0.06191861778522897	32.43178378390485	25.963567222510076	25.152948743872315	40.48332106384451	4.541012748859207	66.15758447201992
1.9251156832204177	0.01	0.01	0.01	0.007	0.01	0.7811738139971313	0.10360200923712919	0.04904003595140632	0.04249044016952349	0.06191861752438131	34.188603764314955	27.204296307916778	26.360745710103746	42.30512607539554	4.751479734656591	64.56638637487112
2.0400947436756427	0.01	0.01	0.01	0.007	0.01	0.7812973310598269	0.10360201984354236	0.04904004016487106	0.0424905632756587	0.0619186173189173	36.0205324715282	28.490946015445175	27.62272587111785	44.19533129101372	4.971166777828531	62.90120525799356
2.1635358476157616	0.01	0.01	0.01	0.007	0.01	0.7813794503697876	0.10360202420362191	0.04904004371103545	0.04249068183313232	0.06191861715695693	37.92702057612164	29.821910210782068	28.93910854815135	46.15175334083938	5.200069282594666	61.16124502493956
2.294375454679159	0.01	0.01	0.01	0.007	0.01	0.781431651255647	0.1036020258628033	0.04904004666476911	0.04249079315793973	0.06191861703061008	39.881437753939146	31.17736594544178	30.292097934454617	48.14542872418388	5.435049581461997	59.36951414521837
2.4259008406466487	0.01	0.01	0.01	0.007	0.01	0.781462577541809	0.10360202643994681	0.04904004902450912	0.04249089107247507	0.06191861693600095	41.77922855402078	32.48434698707618	31.6095805123213	50.069097356731554	5.663565330550349	57.62129191891298
2.550712509442604	0.01	0.01	0.01	0.007	0.01	0.7814800628912113	0.10360202663319698	0.049040050840692934	0.04249097577222662	0.06191861686741639	43.51992525812617	33.674670924224074	32.821461529035965	51.82225909616471	5.873488570392685	56.00993619621647
2.669034244158802	0.01	0.01	0.01	0.007	0.01	0.7814902062980198	0.10360202670139164	0.04904005226571922	0.04249105352212636	0.061918616816301814	45.117477579679026	34.75953611100733	33.93681123330421	53.42116714123125	6.0664423947243975	54.52399498209144
2.7841552886248784	0.01	0.01	0.01	0.007	0.01	0.7814963679874878	0.10360202672712844	0.04904005343289906	0.042491125980101734	0.061918616776322245	46.623973247325026	35.77552369954037	34.99152075713342	54.91955904233263	6.248673815150645	53.1160954788074
2.8989473129283314	0.01	0.01	0.01	0.007	0.01	0.7815002331594739	0.10360202673724354	0.04904005442423972	0.042491192980893204	0.061918616743805874	48.0804154490416	36.75086795470952	36.01407438905571	56.358987282805046	6.425121940446317	51.74841928373744
3.0149374975785905	0.01	0.01	0.01	0.007	0.01	0.781502686357358	0.10360202674126147	0.04904005528396163	0.04249125500602617	0.061918616716754665	49.506874403544	37.69917669540524	37.0185106481447	57.75950552517241	6.598213307095497	50.40223383274806
3.1324417116905403	0.01	0.01	0.01	0.007	0.01	0.781504238985121	0.10360202674284452	0.04904005603568746	0.042491312651800006	0.06191861669403058	50.90686297930872	38.62278602115646	38.00731940730237	59.12455843544701	6.768375596308826	49.07418082248608
3.251028624442581	0.01	0.01	0.01	0.007	0.01	0.7815052127441035	0.10360202674345925	0.04904005669389412	0.0424913663275832	0.061918616674886205	52.2749688980057	39.51814135523703	38.97668736797562	60.44888468241074	6.934951681485334	47.76936619312812
3.3700520714856754	0.01	0.01	0.01	0.007	0.01	0.7815058181877499	0.1036020267436951	0.04904005727013033	0.0424914163739737	0.06191861665873332	53.60409450053594	40.38071777760255	39.921550175742524	61.72576849405682	7.097073852312984	46.494632238675024
3.489014517900986	0.01	0.01	0.01	0.007	0.01	0.7815061927416009	0.10360202674378508	0.04904005777527687	0.042491463150715045	0.06191861664506186	54.88966940436247	41.20777762603074	40.83857650295202	62.95111863162087	7.254176681955085	45.25454210728095
3.6076968128454117	0.01	0.01	0.01	0.007	0.01	0.7815064241807921	0.10360202674381935	0.04904005821969997	0.042491507001757384	0.061918616633428285	56.13066782161598	41.9989551734362	41.7269232404362	64.12434500722857	7.406124133321483	44.050331577082666
3.7261091061734675	0.01	0.01	0.01	0.007	0.01	0.7815065673589209	0.10360202674383244	0.049040058612740196	0.042491548203370796	0.06191861662345991	57.328604829259376	42.75552743348624	42.58755534882504	65.24729050137164	7.553090266757008	42.88079570315792
3.8443718539907987	0.01	0.01	0.01	0.007	0.01	0.7815066561015739	0.10360202674383744	0.04904005896232349	0.04249158696267123	0.06191861661485623	58.485997894474885	43.47938082959829	43.42216739378793	66.32270627098609	7.695373010465559	41.74372957874855
3.962611457392658	0.01	0.01	0.01	0.007	0.01	0.7815067111838501	0.10360202674383939	0.049040059274904665	0.04249162344713848	0.06191861660738014	59.605223591261804	44.17227368719773	44.23236908768949	67.35315929957409	7.833254545567799	40.637028662005086
4.080905684787164	0.01	0.01	0.01	0.007	0.01	0.7815067453939828	0.10360202674384013	0.049040059555657184	0.042491657809674455	0.06191861660084566	60.68802925301851	44.83554003245641	45.01932927863803	68.34059092703008	7.966940909668301	39.55917730954193
4.19927582369054	0.01	0.01	0.01	0.007	0.01	0.7815067666392829	0.1036020267438404	0.04904005980875582	0.042491690198663334	0.061918616595105724	61.735549166866996	45.4701174655597	45.78377994385417	69.28635563502705	8.096563268778128	38.50925043350838
4.317705339337368	0.01	0.01	0.01	0.007	0.01	0.7815067798276368	0.10360202674384053	0.04904006003763917	0.042491720758025826	0.0619186165900419	62.74855087167786	46.07671312120953	46.52618857679619	70.19146586867055	8.222207708110572	37.48668349741903
4.436164717161287	0.01	0.01	0.01	0.007	0.01	0.781506788010963	0.10360202674384056	0.04904006024520735	0.04249174962337658	0.061918616585556634	63.72769295695651	46.65596753679273	47.246942909627734	71.05683511618408	8.343946814783097	36.491021967376554
4.554629417445053	0.01	0.01	0.01	0.007	0.01	0.7815067930872558	0.10360202674384061	0.04904006043394848	0.042491776918227274	0.061918616581568685	64.67368318011201	47.20855021401935	47.94646638826661	71.8834203705932	8.461859252042165	35.5217626477145
4.673087154377298	0.01	0.01	0.01	0.007	0.01	0.7815067962358667	0.10360202674384059	0.049040060606016234	0.04249180275224256	0.0619186165780097	65.58732529076154	47.735184417793306	48.6252539299202	72.67225961852911	8.576035701461521	34.57830310683467
4.791536594864316	0.01	0.01	0.01	0.007	0.01	0.781506798188855	0.10360202674384059	0.049040060763278354	0.04249182722202978	0.06191861657482253	66.46949228483781	48.23662796126059	49.283853764257515	73.4244436418208	8.686575679871332	33.65996535228462
4.9099823830198375	0.01	0.01	0.01	0.007	0.01	0.7815067994003128	0.10360202674384059	0.04904006090735392	0.04249185041346026	0.06191861657195824	67.32107708058504	48.71364235011884	49.92283189866731	74.14107016478995	8.793581478463919	32.76604419768774
5.028430072677437	0.01	0.01	0.01	0.007	0.01	0.7815068001518299	0.10360202674384059	0.04904006103964545	0.04249187240433361	0.061918616569376014	68.14295112526958	49.16696847721996	50.542741588613886	74.82320750683586	8.897153010398368	31.89584948199363
5.146883296090113	0.01	0.01	0.01	0.007	0.01	0.781506800618035	0.10360202674384059	0.049040061161370295	0.04249189326633778	0.061918616567041125	68.93594561675715	49.59731655456889	51.14410906366323	75.47187937765334	8.997385433837922	31.04872619657737
5.26534303422202	0.01	0.01	0.01	0.007	0.01	0.7815068009072415	0.10360202674384059	0.0490400612735884	0.04249191306616689	0.06191861656492359	69.70085008507162	50.00536629106171	51.72743203735214	76.08806498476514	9.094368933957156	30.22405695098906
5.38380841651616	0.01	0.01	0.01	0.007	0.01	0.7815068010866425	0.10360202674384059	0.049040061377226586	0.04249193186591448	0.06191861656299837	70.43842110172776	50.391772520897646	52.29318591357138	76.67270736602543	9.188189786643246	29.421253584801025
5.502277795520393	0.01	0.01	0.01	0.007	0.01	0.7815068011979249	0.10360202674384059	0.04904006147309985	0.04249194972321688	0.06191861656124333	71.14939127056174	50.757170580282214	52.841830389403164	77.22672140858934	9.278931474779235	28.639748056457645
5.620749719794766	0.01	0.01	0.01	0.007	0.01	0.7815068012669519	0.10360202674384059	0.04904006156192726	0.04249196669132047	0.06191861655963977	71.83447606562763	51.10218014295541	53.373814596374636	77.75099960469244	9.366675548257462	27.878985235818604
5.739223326293759	0.01	0.01	0.01	0.007	0.01	0.7815068013097676	0.10360202674384059	0.049040061644345705	0.04249198281930906	0.061918616558171075	72.4943761921091	51.427406480333715	53.889578914494294	78.24641394858459	9.451501924388388	27.13842032144867
5.857698293338923	0.01	0.01	0.01	0.007	0.01	0.7815068013363248	0.10360202674384059	0.04904006172092088	0.04249199815247113	0.06191861655682311	73.12977716325084	51.733440252686435	54.38955465631096	78.71381561243524	9.53348883467426	26.41751927500171
5.9761746837176535	0.01	0.01	0.01	0.007	0.01	0.7815068013527974	0.10360202674384059	0.0490400617921563	0.04249201273268039	0.06191861655558359	73.74134841719263	52.02085712020671	54.8741633700177	79.15403433968893	9.612712710458148	25.71575982128967
6.094652591605962	0.01	0.01	0.01	0.007	0.01	0.7815068013630146	0.10360202674384059	0.04904006185850134	0.04249202659884171	0.06191861655444136	74.32974169357477	52.29021709251583	55.34381551547772	79.56787742221597	9.689247968941137	25.03263339201044
6.213132095490168	0.01	0.01	0.01	0.007	0.01	0.7815068013693521	0.10360202674384059	0.04904006192035789	0.04249203978717374	0.06191861655338676	74.89559125920685	52.542064830452844	55.7989105657651	79.95613012118767	9.763167035076076	24.367645040371666
6.3316131247706195	0.01	0.01	0.01	0.007	0.01	0.781506801373283	0.10360202674384059	0.04904006197808619	0.04249205233150724	0.06191861655241156	75.43951378660795	52.77692981350671	56.23983681943799	80.31955587723469	9.83454031719344	23.720313787429436
6.450095546069969	0.01	0.01	0.01	0.007	0.01	0.7815068013757211	0.10360202674384059	0.049040062032010126	0.04249206426345563	0.06191861655150809	75.96210931069055	52.99532699477338	56.66697207568423	80.65889727097998	9.903436323087305	23.090171711581462
6.568579171077706	0.01	0.01	0.01	0.007	0.01	0.7815068013772334	0.10360202674384059	0.049040062082421364	0.04249207561260115	0.06191861655066988	76.46396174745556	53.19775723827666	57.08068396752529	80.97487665254738	9.969921719842176	22.476763528905078
6.687063827171876	0.01	0.01	0.01	0.007	0.01	0.7815068013781712	0.10360202674384059	0.049040062129583284	0.0424920864066294	0.06191861654989091	76.94563963892351	53.38470783136995	57.48133048883301	81.2681968918003	10.03406142431001	21.879645880063222
6.8055494045026395	0.01	0.01	0.01	0.007	0.01	0.7815068013787531	0.10360202674384059	0.04904006217373428	0.04249209667145823	0.061918616549166215	77.40769672427626	53.55665289867644	57.86926039140774	81.53954198088209	10.095918671792276	21.29838679854862
6.924035801064794	0.01	0.01	0.01	0.007	0.01	0.7815068013791138	0.10360202674384059	0.04904006221509008	0.04249210643140082	0.06191861654849076	77.85067208338661	53.714053644106684	58.24481322892532	81.78957736843257	10.155555028019705	20.732565703192137
7.042522954086817	0.01	0.01	0.01	0.007	0.01	0.7815068013793377	0.10360202674384059	0.049040062253846904	0.0424921157092747	0.06191861654786056	78.27509062766975	53.857358725260355	58.6083196906056	82.01895050217504	10.213030447461731	20.181772958306915
7.161010808643203	0.01	0.01	0.01	0.007	0.01	0.7815068013794766	0.10360202674384059	0.04904006229018324	0.04249212452652964	0.06191861654727176	78.68146334240403	53.98700453274524	58.960101727118854	82.22829122218297	10.268403298451489	19.64560974452758
7.279499301960273	0.01	0.01	0.01	0.007	0.01	0.7815068013795626	0.10360202674384059	0.04904006232426201	0.042492132903358494	0.061918616546721116	79.07028759946748	54.103415498066944	59.30047273405612	82.41821219887368	10.321730397600778	19.12368784489569
7.397988394805145	0.01	0.01	0.01	0.007	0.01	0.781506801379616	0.10360202674384059	0.049040062356231366	0.042492140858773876	0.06191861654620572	79.44204761860195	54.20700444199843	59.62973786697772	82.5893094382959	10.373067064733847	18.615629228079722
7.516478016555177	0.01	0.01	0.01	0.007	0.01	0.7815068013796491	0.10360202674384059	0.0490400623862274	0.042492148410722005	0.061918616545722394	79.79721463992152	54.298172832728696	59.94819410514147	82.74216264141576	10.422467138356973	18.121066015952085
7.634968135823429	0.01	0.01	0.01	0.007	0.01	0.7815068013796697	0.10360202674384059	0.049040062414374336	0.042492155576123423	0.06191861654526908	80.1362474836725	54.37731114753275	60.256130659992984	82.87733573582769	10.4699830447718	17.63963991792042
7.753458697680519	0.01	0.01	0.01	0.007	0.01	0.7815068013796824	0.10360202674384059	0.049040062440786375	0.0424921623709771	0.06191861654484346	80.45959268852612	54.44479911438835	60.553829011259964	82.99537721009575	10.515665809075294	17.17100223931606
7.871949670738595	0.01	0.01	0.01	0.007	0.01	0.7815068013796904	0.10360202674384059	0.04904006246556838	0.04249216881039973	0.06191861654444323	80.7676849698111	54.501006029946325	60.84156323241059	83.09682057808658	10.559565110892994	16.71481343854981
7.9904410000673	0.01	0.01	0.01	0.007	0.01	0.7815068013796953	0.10360202674384059	0.049040062488816843	0.04249217490871098	0.06191861654406666	81.06094740579216	54.54629101148252	61.11960006996117	83.18218473157822	10.601729302081765	16.270743068592875
8.108932662125454	0.01	0.01	0.01	0.007	0.01	0.7815068013796984	0.10360202674384059	0.04904006251062049	0.04249218067945851	0.061918616543712314	81.33979188473903	54.58100329274641	61.38819926779977	83.25197437387787	10.64220546173033	15.83846932903113
8.227424617676823	0.01	0.01	0.01	0.007	0.01	0.7815068013797002	0.10360202674384059	0.04904006253106153	0.04249218613549302	0.06191861654337837	81.60461928216998	54.605482466840236	61.647613641003275	83.30668035964885	10.681039412854306	15.41767901429632
8.345916851027232	0.01	0.01	0.01	0.007	0.01	0.7815068013797012	0.10360202674384059	0.04904006255021545	0.0424921912889938	0.06191861654306356	81.85581984192235	54.62005875372827	61.898089345980765	83.3467800848875	10.718275768682545	15.008067146117625
8.464409338634935	0.01	0.01	0.01	0.007	0.01	0.781506801379702	0.10360202674384059	0.04904006256815261	0.04249219615152753	0.061918616542766536	82.09377338485973	54.62505324136669	62.13986598669132	83.3727378271992	10.753957954120771	14.609336868358879
8.582902041263086	0.01	0.01	0.01	0.007	0.01	0.7815068013797024	0.10360202674384059	0.049040062584937566	0.04249220073409233	0.061918616542486274	82.31884957482721	54.62077813385307	62.37317677565398	83.38500510041013	10.788128235498986	14.221199254129433
8.701394951064586	0.01	0.01	0.01	0.007	0.01	0.7815068013797026	0.10360202674384059	0.049040062600630596	0.042492205047128376	0.06191861654222151	82.53140827752839	54.607536988114575	62.59824879583377	83.38402100116333	10.820827764845335	13.843372942012328
8.819888036649795	0.01	0.01	0.01	0.007	0.01	0.781506801379703	0.10360202674384059	0.049040062615287344	0.04249220910058095	0.06191861654197123	82.73179971561083	54.58562494589169	62.81530305528464	83.37021253284905	10.852096593590131	13.4755841143798
8.938381298018973	0.01	0.01	0.01	0.007	0.01	0.7815068013797031	0.10360202674384059	0.04904006262895978	0.04249221290390161	0.0619186165417346	82.9203648200695	54.555328951759954	63.02455475017425	83.34399492640412	10.881973716522404	13.11756612571758
9.0568747037823	0.01	0.01	0.01	0.007	0.01	0.7815068013797031	0.10360202674384059	0.04904006264169608	0.04249221646611148	0.06191861654151085	83.0974353720832	54.51692798424652	63.22621330548224	83.30577196228474	10.910497083474695	12.76905950464806
9.175368253939954	0.01	0.01	0.01	0.007	0.01	0.7815068013797031	0.10360202674384059	0.0490400626535412	0.04249221979579297	0.061918616541299175	83.26333434455758	54.47069325362495	63.4204826375653	83.25593626312755	10.937703642678608	12.429811576358885
9.29386190925444	0.01	0.01	0.01	0.007	0.01	0.7815068013797031	0.10360202674384059	0.04904006266453683	0.042492222901153766	0.06191861654109881	83.418376033425	54.41688843406411	63.607561182709794	83.19486961657698	10.963629350750624	12.099576486077483
9.41235566972585	0.01	0.01	0.01	0.007	0.01	0.7815068013797031	0.10360202674384059	0.04904006267472203	0.042492225790006354	0.06191861654090902	83.56286639643128	54.35576983557332	63.78764216950446	83.12294323267297	10.988309216787249	11.77811479640089
9.530849519659188	0.01	0.01	0.01	0.007	0.01	0.7815068013797031	0.10360202674384059	0.04904006268413318	0.04249222846981969	0.06191861654072936	83.69710319873889	54.28758662238842	63.96091366845967	83.04051804929436	11.011777315098367	11.465193471570919
9.649343443359426	0.01	0.01	0.01	0.007	0.01	0.7815068013797031	0.10360202674384059	0.04904006269280452	0.04249223094773052	0.06191861654055916	83.82137625255166	54.2125809992835	64.12755875440507	82.94794500146696	11.034066813607485	11.160585663265524
9.767837440826609	0.01	0.01	0.01	0.007	0.01	0.7815068013797031	0.10360202674384059	0.04904006270076769	0.04249223323055286	0.0619186165403979	83.93596764282933	54.13098838715795	64.28775565985892	82.84556527500787	11.055210000632695	10.864070507656889
9.886331512060783	0.01	0.01	0.01	0.007	0.01	0.7815068013797031	0.10360202674384059	0.04904006270805252	0.042492235324804374	0.06191861654024501	84.04115191339137	54.04303761281393	64.4416778800036	82.7337105765119	11.075238304995262	10.575433008438177
10.004825649214434	0.01	0.01	0.01	0.007	0.01	0.7815068013797031	0.10360202674384059	0.049040062714686965	0.04249223723672701	0.061918616540100155	84.13719626131653	53.948951092694195	64.58949428894759	82.61270339588093	11.09418231763636	10.294463899307527
10.123319828744904	0.01	0.01	0.01	0.007	0.01	0.7815068013797031	0.10360202674384059	0.049040062720697275	0.042492238972305967	0.061918616539962765	84.22436072949444	53.84894501420635	64.73136925497293	82.48285726553803	11.112071813040377	10.020959507666419
10.241814050652211	0.01	0.01	0.01	0.007	0.01	0.7815068013797031	0.10360202674384059	0.04904006272610776	0.042492240537262166	0.061918616539832806	84.30289842665056	53.74322947135643	64.86746280758835	82.34447695944465	11.128935776942273	9.754721515318938
10.360308307088802	0.01	0.01	0.01	0.007	0.01	0.7815068013797031	0.10360202674384059	0.049040062730941705	0.042492241937082995	0.061918616539709495	84.37305568607322	53.6320086526693	64.99793071397066	82.19785875884703	11.144802422286313	9.49555688973525
10.478802574511985	0.01	0.01	0.01	0.007	0.01	0.7815068013797031	0.10360202674384059	0.049040062735220505	0.042492243177039445	0.061918616539592644	84.43507224443924	53.51548100997158	65.12292458566672	82.04329069359017	11.159699209094164	9.243277758313027
10.597296876464464	0.01	0.01	0.01	0.007	0.01	0.7815068013797031	0.10360202674384059	0.04904006273896491	0.04249224426216116	0.061918616539482066	84.48918144866545	53.39383935074801	65.24259205400489	81.8810526811416	11.173652872172713	8.997701139495907
10.715791189403538	0.01	0.01	0.01	0.007	0.01	0.7815068013797031	0.10360202674384059	0.04904006274219382	0.04249224519730156	0.06191861653937732	84.53561037709801	53.26727108146751	65.35707677778575	81.71141686555725	11.186689428695297	8.758649010709243
10.83428552117678	0.01	0.01	0.01	0.007	0.01	0.7815068013797031	0.10360202674384059	0.049040062744925346	0.0424922459871035	0.0619186165392781	84.57458004399422	53.13595827548555	65.46651862853406	81.53464772304513	11.198834206668728	8.52594801440138
10.95277986393662	0.01	0.01	0.01	0.007	0.01	0.7815068013797031	0.10360202674384059	0.049040062747176344	0.042492246636035194	0.061918616539184075	84.60630554008426	53.00007786451169	65.5710537447168	81.35100233171299	11.210111857853228	8.299429429573776
11.071274217683058	0.01	0.01	0.01	0.007	0.01	0.7815068013797031	0.10360202674384059	0.04904006274896317	0.04249224714838565	0.06191861653909529	84.63099619887001	52.85980175235332	65.67081465309168	81.16073053703644	11.220546378244784	8.078929002165587
11.189768574568525	0.01	0.01	0.01	0.007	0.01	0.7815068013797031	0.10360202674384059	0.0490400627503006	0.042492247528282914	0.06191861653901116	84.64885574550732	52.715296968208094	65.76593035097038	80.96407517021325	11.230161124020471	7.864286856021324
11.30826291889788	0.01	0.01	0.01	0.007	0.01	0.7815068013797031	0.10360202674384059	0.049040062751202956	0.04249224777970141	0.06191861653893176	84.66008244807055	52.56672579973982	65.85652640130351	80.76127223912202	11.238978828784015	7.655347375089161
11.426757250671123	0.01	0.01	0.01	0.007	0.01	0.7815068013797031	0.10360202674384059	0.04904006275168369	0.04249224790645605	0.061918616538856726	84.66486926499016	52.41424589181401	65.94272504185602	80.5525510719811	11.247021621860812	7.451959048979971
11.545251577735826	0.01	0.01	0.01	0.007	0.01	0.7815068013797031	0.10360202674384059	0.04904006275175567	0.042492247912213704	0.06191861653878585	84.66340398231357	52.25801037915481	66.02464526567357	80.33813450677529	11.25431104341474	7.253974379764399
11.66374589224442	0.01	0.01	0.01	0.007	0.01	0.7815068013797031	0.10360202674384059	0.049040062751430635	0.042492247800513736	0.06191861653871907	84.65586935135153	52.09816803878449	66.10240289103047	80.11823910796863	11.260868058645974	7.061249814520099
11.782240194196904	0.01	0.01	0.01	0.007	0.01	0.7815068013797031	0.10360202674384059	0.04904006275072003	0.04249224757476033	0.061918616538656115	84.6424432232808	51.934863377846376	66.17611066245439	79.89307529444625	11.26671307461312	6.873645601013328
11.900734483593281	0.01	0.01	0.01	0.007	0.01	0.7815068013797031	0.10360202674384059	0.04904006274963485	0.04249224723823324	0.061918616538596795	84.62329867894235	51.76823675868398	66.24587832669641	79.66284751825411	11.271865954521926	6.691025700009511
12.019228760433553	0.01	0.01	0.01	0.007	0.01	0.7815068013797031	0.10360202674384059	0.04904006274818469	0.04249224679409348	0.06191861653854112	84.59860415570485	51.59842451087924	66.31181271238007	79.42775442530998	11.276346032177598	6.51325768662425
12.13772302471772	0.01	0.01	0.01	0.007	0.01	0.7815068013797031	0.10360202674384059	0.04904006274637975	0.04249224624538822	0.061918616538488826	84.56852357095718	51.425559040301934	66.37401780753432	79.18798901183199	11.280172126053131	6.340212654295319
12.256217276445787	0.01	0.01	0.01	0.007	0.01	0.7815068013797031	0.10360202674384059	0.04904006274422887	0.042492245595056204	0.061918616538439754	84.53321644231963	51.249768935249904	66.4325948350664	78.94373877659878	11.283362552983862	6.171765121305982
12.37471150777019	0.01	0.01	0.01	0.007	0.01	0.7815068013797031	0.10360202674384059	0.049040062741740574	0.04249224484593707	0.061918616538393874	84.49283800749959	51.07117908167491	66.48764232269879	78.69518588575157	11.285935141347869	6.007792950505758
12.493205710843373	0.01	0.01	0.01	0.007	0.01	0.7815068013797031	0.10360202674384059	0.04904006273892309	0.042492244000771145	0.06191861653835088	84.4475393366443	50.889910752510666	66.53925617891294	78.44250730151721	11.28790724434961	5.8481772488823625
12.6116998935129	0.01	0.01	0.01	0.007	0.01	0.7815068013797031	0.10360202674384059	0.04904006273578423	0.04249224306219413	0.06191861653831087	84.39746743618379	50.70608168095095	66.58752976868094	78.18587488825727	11.289295752786616	5.69280226111079
12.730194040083665	0.01	0.01	0.01	0.007	0.01	0.7815068013797031	0.10360202674384059	0.049040062732331254	0.04249224203276491	0.061918616538273574	84.34276537251975	50.51980621612616	66.63255396467045	77.92545563341723	11.290117106785068	5.541555337802893
12.848688166250785	0.01	0.01	0.01	0.007	0.01	0.7815068013797031	0.10360202674384059	0.0490400627285712	0.04249224091493695	0.0619186165382391	84.28357235312036	50.33119533019726	66.67441723505641	77.66141166095832	11.290387308319888	5.3943267824528744
12.967182272014263	0.01	0.01	0.01	0.007	0.01	0.7815068013797031	0.10360202674384059	0.04904006272451063	0.04249223971108862	0.061918616538207065	84.22002384903921	50.14035678183691	66.7132056887929	77.39390046310848	11.29012193235665	5.2510098333415725
13.085676341679001	0.01	0.01	0.01	0.007	0.01	0.7815068013797031	0.10360202674384059	0.04904006272015584	0.042492238423528506	0.061918616538177505	84.1522516974062	49.947395205574566	66.74900314018765	77.12307502873999	11.289336138553766	5.1115005834895
13.204170390940106	0.01	0.01	0.01	0.007	0.01	0.7815068013797031	0.10360202674384059	0.04904006271551269	0.04249223705446889	0.061918616538150506	84.0803841716574	49.752412120721864	66.78189118415108	76.84908385860025	11.288044682021594	4.97569784963264
13.322664419797583	0.01	0.01	0.01	0.007	0.01	0.7815068013797031	0.10360202674384059	0.04904006271058677	0.04249223560605818	0.06191861653812572	84.00454610144068	49.555506090578334	66.81194924023451	76.5720711912671	11.286261924213811	4.843503155531258
13.441158412556344	0.01	0.01	0.01	0.007	0.01	0.7815068013797031	0.10360202674384059	0.049040062705383476	0.04249223408038333	0.06191861653810323	83.92485896712034	49.35677280472202	66.83925461218915	76.29217712141134	11.284001843719604	4.714820658135251
13.5596523692164	0.01	0.01	0.01	0.007	0.01	0.7815068013797031	0.10360202674384059	0.049040062699907995	0.042492232479453856	0.06191861653808292	83.84144096901906	49.15630510562047	66.86388255201608	76.00953763945716	11.281278045968426	4.5895570430977655
13.678146305472842	0.01	0.01	0.01	0.007	0.01	0.7815068013797031	0.10360202674384059	0.049040062694164936	0.04249223080520504	0.06191861653806473	83.75440711192657	48.95419306416819	66.88590631280383	75.72428473981707	11.278103772831955	4.467621459401585
13.796640221325674	0.01	0.01	0.01	0.007	0.01	0.7815068013797031	0.10360202674384059	0.049040062688159046	0.04249222905951847	0.06191861653804849	83.66386931196237	48.75052410750544	66.90539719542518	75.4365466029937	11.27449191300252	4.348925486625945
13.915134116774903	0.01	0.01	0.01	0.007	0.01	0.7815068013797031	0.10360202674384059	0.049040062681894585	0.04249222724421582	0.06191861653803426	83.56993646872618	48.54538306548472	66.92242460410401	75.1464476629941	11.270455011118544	4.233383053552563
14.033627976125455	0.01	0.01	0.01	0.007	0.01	0.7815068013797031	0.10360202674384059	0.04904006267537567	0.04249222536107004	0.06191861653802176	83.4727145586508	48.338852268844235	66.93705609502696	74.85410874771159	11.266005277524682	4.120910390448196
14.152121799377342	0.01	0.01	0.01	0.007	0.01	0.7815068013797031	0.10360202674384059	0.049040062668606145	0.042492223411788925	0.06191861653801126	83.37230668819578	48.131011563663016	66.94935742987622	74.55964710082536	11.26115459609738	4.011425937740446
14.270615586530576	0.01	0.01	0.01	0.007	0.01	0.7815068013797031	0.10360202674384059	0.04904006266158979	0.04249222139802712	0.061918616538002576	83.2688131816669	47.92193840523908	66.95939262083567	74.26317651592748	11.255914533359494	3.904850302806612
14.389109345432697	0.01	0.01	0.01	0.007	0.01	0.7815068013797031	0.10360202674384059	0.04904006265433023	0.04249221932138249	0.06191861653799562	83.16233164810308	47.711707909341335	66.9672239775232	73.96480741031205	11.250296346530604	3.8011061956209313
14.507603083931238	0.01	0.01	0.01	0.007	0.01	0.7815068013797031	0.10360202674384059	0.04904006264683075	0.04249221718340333	0.061918616537990294	83.05295705973954	47.50039292935977	66.97291215123401	73.66464693544668	11.244310992026094	3.7001183802091457
14.626096802026204	0.01	0.01	0.01	0.007	0.01	0.7815068013797031	0.10360202674384059	0.04904006263909423	0.042492214985595064	0.06191861653798662	82.94078182974123	47.28806413221706	66.97651617885609	73.36279908576415	11.237969133888104	3.6018136264684957
14.7445904997176	0.01	0.01	0.01	0.007	0.01	0.7815068013797031	0.10360202674384059	0.04904006263112401	0.04249221272941688	0.06191861653798453	82.82589587373542	47.07479004467911	66.97809352648466	73.05936476540136	11.231281151230936	3.506120649910754
14.863084153462855	0.01	0.01	0.01	0.007	0.01	0.7815068013797031	0.10360202674384059	0.04904006262292276	0.04249221041629763	0.06191861653798389	82.70838669988481	46.860637154495734	66.97770013142888	72.75444193292759	11.224257147242295	3.4129700782291224
14.98157777110951	0.01	0.01	0.01	0.007	0.01	0.7815068013797031	0.10360202674384059	0.04904006261449339	0.04249220804760459	0.061918616537984805	82.58833941984373	46.645669868286674	66.9753904432096	72.44812554212956	11.216906953392687	3.3222943570805845
15.100071360505092	0.01	0.01	0.01	0.007	0.01	0.7815068013797031	0.10360202674384059	0.049040062605838014	0.042492205624663826	0.061918616537987116	82.465836841153	46.42995062312547	66.97121746191776	72.14050770140028	11.209240138251529	3.234027727450166
15.218564929497125	0.01	0.01	0.01	0.007	0.01	0.7815068013797031	0.10360202674384059	0.04904006259695951	0.04249220314876149	0.06191861653799094	82.34095952860847	46.21353994052118	66.96523277674801	71.83167775125561	11.201266014478964	3.1481061779250146
15.337058478085611	0.01	0.01	0.01	0.007	0.01	0.7815068013797031	0.10360202674384059	0.049040062587859895	0.04249220062115018	0.06191861653799617	82.213785872494	45.996496493348204	66.95748660407804	71.52172236034131	11.192993646189294	3.0644674037025883
15.455551990575527	0.01	0.01	0.01	0.007	0.01	0.7815068013797031	0.10360202674384059	0.049040062578541446	0.04249219804305485	0.06191861653800273	82.08439215609289	45.7788771715866	66.94802782522137	71.21072561982045	11.18443185624668	2.9830507659630996
15.574045482661907	0.01	0.01	0.01	0.007	0.01	0.7815068013797031	0.10360202674384059	0.04904006256900625	0.042492195415645743	0.06191861653801055	81.95285256095133	45.560737045594635	66.93690401827924	70.89876899125247	11.17558922932303	2.9037972154055245
15.692538938649735	0.01	0.01	0.01	0.007	0.01	0.7815068013797031	0.10360202674384059	0.04904006255925617	0.04249219274007745	0.06191861653801961	81.81923929046147	45.34212952978362	66.92416149770423	70.58593154084407	11.166474122703598	2.826649292589189
15.811032374234035	0.01	0.01	0.01	0.007	0.01	0.7815068013797031	0.10360202674384059	0.04904006254929283	0.042492190017452365	0.06191861653802995	81.68362255377944	45.123106314156985	66.90984534206954	70.27228984184012	11.157094667709996	2.751551044250727
15.929525789414813	0.01	0.01	0.01	0.007	0.01	0.7815068013797031	0.10360202674384059	0.049040062539118176	0.04249218724885028	0.06191861653804163	81.54607067041358	44.903717496871764	66.89399943136242	69.957918164401	11.147458779177276	2.6784480140747733
16.0	0.01	0.01	0.01	0.007	0.01	0.7815068013797031	0.10360202674384059	0.049040062532967894	0.042492194837448614	0.0619186165380491	81.46337099539622	44.77308209704947	66.88386713527014	69.77062834555613	11.14160937009081	2.635894237773937
