0.0	0.01	0.01	0.01	0.007	0.01	0.0	0.0	0.0	0.0	0.0	0.0	0.0	0.0	0.0	0.0	100.0
0.0034346951650723414	0.01	0.01	0.01	0.007	0.01	0.011328043796879479	0.0033174512216514714	0.0038898834590827434	0.004063813132609072	0.004852569954590544	0.0007032458269426601	0.0011849364362336277	0.002333557371808568	0.003907647446059727	0.00046913313037866077	99.92865824985715
0.005469409428732112	0.01	0.01	0.01	0.007	0.01	0.01797337757523951	0.00523744177045841	0.006062075770896199	0.00627469278394065	0.007595319431898563	0.0017780028779315453	0.0029859448652200735	0.0058301627026532896	0.009698320448090918	0.0011755551326462943	99.88641938807575
0.008552742147843854	0.01	0.01	0.01	0.007	0.01	0.027951677589561456	0.008084274619870241	0.009177484071037688	0.009369924244020885	0.011573806340517231	0.0043284030213574885	0.007232854118075759	0.013942501857926299	0.022966915990728427	0.0028237123789831087	99.82244616248936
0.01138061988499358	0.01	0.01	0.01	0.007	0.01	0.037006948360340575	0.01063035949161394	0.011858419048994265	0.011959814977745013	0.01504333731642557	0.007632703118316639	0.012696556238246646	0.024193021336822926	0.03950626787112679	0.004919273590796041	99.76380915829802
0.014669384750239904	0.01	0.01	0.01	0.007	0.01	0.047423395069909065	0.013515331884244662	0.014777625257505995	0.014699456963006965	0.01887483781083755	0.01262165049193411	0.020885427768563516	0.03927318606896857	0.06350435073458244	0.008022184585719953	99.69565882392583
0.01801132957302288	0.01	0.01	0.01	0.007	0.01	0.0578833986221825	0.016365373316717904	0.017539549017224865	0.017211314345297882	0.022557828852894986	0.018936587189002294	0.031169446773795795	0.05784160641006651	0.09263044287116826	0.011869446481702992	99.62645417534428
0.021611754298907777	0.01	0.01	0.01	0.007	0.01	0.0690132700274856	0.019346458989870415	0.02030076630353084	0.019641338534681505	0.026304595100333943	0.027123943503804704	0.044393760394022694	0.08123850997878843	0.12879933069243496	0.016752521352109084	99.55195070666818
0.025347443046544262	0.01	0.01	0.01	0.007	0.01	0.0804106411895159	0.022344456791984744	0.022948065681135506	0.02189154978640385	0.029967717974976202	0.03711299905696075	0.06039008726720389	0.10895063200134945	0.17101001710888897	0.022580967140078956	99.47470711843711
0.02927647565890011	0.01	0.01	0.01	0.007	0.01	0.09223457286985726	0.02539642037693692	0.025511783468752672	0.02399305344390167	0.03359339187964107	0.04923426265500622	0.07962870576988446	0.1415701012625699	0.21996487786670404	0.029497518149925447	99.39353038678078
0.03336361674150935	0.01	0.01	0.01	0.007	0.01	0.10435910339667176	0.028464710780356745	0.027958086829855747	0.025923627102185175	0.037137555112693996	0.06357085518906641	0.10217427732182384	0.1789648552666176	0.2752617227108247	0.037495004617745444	99.30915731280268
0.03762704620114093	0.01	0.01	0.01	0.007	0.01	0.11681897354350809	0.03155359152821183	0.03029043333234856	0.027692924968956138	0.04060451865654226	0.08036992484764136	0.12834171457452415	0.2214068221113833	0.3371065382904298	0.04665400403235202	99.22122134417586
0.042059244573488495	0.01	0.01	0.01	0.007	0.01	0.12957203727081457	0.034648078120682636	0.03249834685842314	0.029300288408095038	0.04396892231461216	0.09979364084829054	0.1583016088984841	0.26890905422979255	0.40532607825804823	0.057000460322410705	99.12988695720708
0.04666904763059861	0.01	0.01	0.01	0.007	0.01	0.14262320586881375	0.037745062567347526	0.03458166088737258	0.03075341138270256	0.04720160817012347	0.12207454994107081	0.1923227040979548	0.321625058700587	0.47995734358152997	0.0685878717805452	99.0349818618292
0.05145969030576759	0.01	0.01	0.01	0.007	0.01	0.15596007487325975	0.040837316702935104	0.03653824901356304	0.032058769174080404	0.05023808347418815	0.14743096160255753	0.23063917323065808	0.3796343193896508	0.5609369948545744	0.08144375694890107	98.93644997607255
0.056431084915899224	0.01	0.01	0.01	0.007	0.01	0.1695604334374117	0.043915652822849746	0.03836603751431514	0.03322316228921672	0.05297074732408455	0.17606750099666668	0.27345254104593925	0.44295316370213883	0.6481244788673524	0.09555944106295258	98.83430410990921
0.06154233839436388	0.01	0.01	0.01	0.007	0.01	0.18329333320056237	0.04694764782775505	0.040051869198530876	0.034247100933317065	0.05524413585313834	0.20792423874169444	0.32056386779908647	0.5110169763137249	0.7406094175322536	0.11075957198315732	98.72939455272133
0.06679043604818066	0.01	0.01	0.01	0.007	0.01	0.19713487149200629	0.0499265396563024	0.0416000913780256	0.03514249908621236	0.056943021677358346	0.24312509649335473	0.3720477483808118	0.5836882539115181	0.8381047445804178	0.12692067827522616	98.62179210910575
0.07226820214073075	0.01	0.01	0.01	0.007	0.01	0.2113074507002396	0.052897055789559055	0.04303979631261202	0.03593398455731187	0.05803525614853811	0.28249747541275183	0.42898482679821975	0.6622096734797335	0.942163192557338	0.14418671485754347	98.50960582439981
0.0779986624418845	0.01	0.01	0.01	0.007	0.01	0.22583937086725908	0.055859855845530076	0.04437468338881343	0.03663000462368188	0.05854050367441876	0.3264944404773632	0.4918714058486464	0.7469287076364447	1.053108398913469	0.16247424245921974	98.3923808673039
0.08393999411775163	0.01	0.01	0.01	0.007	0.01	0.24059456560312092	0.058782820828955445	0.0455952233261509	0.037232276761912576	0.05855532477132645	0.37506789638970245	0.5604722307412334	0.8372040161785804	1.1699887058719114	0.18149029439354006	98.27098951550846
0.09009439688448201	0.01	0.01	0.01	0.007	0.01	0.25555158979729725	0.06165869028968829	0.04670512633555231	0.03774956663094825	0.05821744275776894	0.4284769454486428	0.6349846568094077	0.9329989619661426	1.2926773041172486	0.20110357184729602	98.1454026813962
0.09650993985836857	0.01	0.01	0.01	0.007	0.01	0.27079641239440977	0.06450043080449026	0.047715660821628064	0.0381934398750798	0.057648738140950756	0.48741454588090927	0.7161861449431706	1.034999881588916	1.421977047189129	0.22135899049161673	98.01465786833403
0.10324260950332928	0.01	0.01	0.01	0.007	0.01	0.28642272953122777	0.06732036025143787	0.04863616626660681	0.03857348693341341	0.05693989570327591	0.5527474076231615	0.8050448245541834	1.144063151515802	1.5588857343131957	0.24234849940192144	97.87763750429643
0.11033245567815532	0.01	0.01	0.01	0.007	0.01	0.3024759633296985	0.07012025811521945	0.04947148122559182	0.03889664738439544	0.05615658760964515	0.6252890115823485	0.9024007346465648	1.2608171492250595	1.7040985345968	0.2641288742962826	97.73355509486288
0.11780581502917283	0.01	0.01	0.01	0.007	0.01	0.31896223141468555	0.07289426354297672	0.05022422357400299	0.03916860290515777	0.05534610885483879	0.7057842277854651	1.0089496886043354	1.38566869861041	1.8580335742294207	0.28672647691432174	97.58190840525214
0.1256835050918589	0.01	0.01	0.01	0.007	0.01	0.3358695166716956	0.07563344509283867	0.05089684456912679	0.039394727944615286	0.05454171892279185	0.7949676591551571	1.1253250141250248	1.518921958103402	2.0209912571158997	0.3101612639759267	97.42231191693224
0.13398811095858112	0.01	0.01	0.01	0.007	0.01	0.3531842783200018	0.07832892273516805	0.051492585254146246	0.03958039493063657	0.05376587464327118	0.893636029158811	1.252191257910679	1.6608967012583422	2.1933035907841303	0.334466882905252	97.25434902860843
0.14274611863621495	0.01	0.01	0.01	0.007	0.01	0.37089520166006085	0.08097249116823181	0.05201548069843604	0.039730877983595474	0.05303316738897812	1.0026786867190343	1.3902772554288174	1.8119664811186813	2.375379870818315	0.3596946083214483	97.0775296832062
0.1519884559402413	0.01	0.01	0.01	0.007	0.01	0.3889930681536443	0.08355655592505953	0.052470168896130064	0.03985121285615699	0.0523526239287983	1.1230940073841298	1.5403883333690815	1.9725704539118047	2.567718909793745	0.38591277213490166	96.89128061428197
0.16175029935489849	0.01	0.01	0.01	0.007	0.01	0.4074690291173456	0.08607385955035299	0.05286168942715415	0.039946087781742336	0.05172938180375516	1.2559972850390833	1.70340635379095	2.1432118500433135	2.7709050018106294	0.41320450549700344	96.69495060794736
0.1720710278366522	0.01	0.01	0.01	0.007	0.01	0.42631320827261815	0.08851731587640997	0.05319533971743727	0.0400197793309341	0.05116582548575016	1.4026297218839594	1.8802903417132852	2.324458120883734	2.985606034231575	0.4416663127409153	96.48781293720904
0.18299414701432817	0.01	0.01	0.01	0.007	0.01	0.44551328121509787	0.0908798969198603	0.053476563223479816	0.040076117869356276	0.050662357641911	1.5643662218140006	2.0720749475255813	2.5169399418093645	3.2125702578401905	0.4714068476876329	96.26906855685696
0.19456727011198258	0.01	0.01	0.01	0.007	0.01	0.4650532112460651	0.09315459452919087	0.05371086123102944	0.04011847520016672	0.05021792019546794	1.7427229620131808	2.279868175774042	2.7213507423979126	3.45262362568098	0.5025460366964578	96.03784834437351
0.20684203011639823	0.01	0.01	0.01	0.007	0.01	0.48491194142422595	0.09533442798112289	0.053903713669977024	0.040149767842987585	0.04983035690109197	1.9393626453621566	2.5048462038322516	2.9384446762586665	3.706665165182149	0.5352141270235239	95.79321692219386
0.21987396062474016	0.01	0.01	0.01	0.007	0.01	0.5050621633064099	0.09741251019275397	0.05406050057327149	0.04017247264296503	0.049496672664016694	2.1560974530275887	2.7482458581253306	3.16903374599014	3.975661218627761	0.5695507112092454	95.53417731413943
0.2337223765001133	0.01	0.01	0.01	0.007	0.01	0.5254692575853301	0.09938217513347068	0.05418641382775221	0.04018865197714194	0.04921322938882562	2.394889757836043	3.0113553961849835	3.4139846382183294	4.260639231932571	0.6057037639145936	95.25967582564186
0.24845035982415414	0.01	0.01	0.01	0.007	0.01	0.5460905883405951	0.10123717002228068	0.05428635262633363	0.04019998649336639	0.048975905269928365	2.6578521472121075	3.295505851988887	3.6742170471237676	4.562683267854333	0.6438289258380886	94.96860508195932
0.2641246674564779	0.01	0.01	0.01	0.007	0.01	0.5668748983107015	0.10297187023961639	0.05436480567115241	0.040207813429752534	0.04878024018142515	2.947243393283175	3.6020597971616843	3.950700055348892	4.882927449730733	0.6840885266784598	94.65980889962003
0.2808146384879364	0.01	0.01	0.01	0.007	0.01	0.5877607645501489	0.10458142873581457	0.0544257420092202	0.04021316883963275	0.048621582196490806	3.2654418420649893	3.9323793450591813	4.244430192687265	5.222528666575914	0.7266480072655656	94.33210704226596
0.2985891517574296	0.01	0.01	0.01	0.007	0.01	0.6086735926881075	0.10606185752255673	0.054472548775216234	0.04021683228648739	0.04849523003352212	3.6148728446156113	4.287753413931134	4.5563748211278625	5.58260000737728	0.7716674606418604	93.98435791885655
0.3175130154209864	0.01	0.01	0.01	0.007	0.01	0.6295236680627084	0.10741024589136518	0.0545080442566973	0.04021937213152252	0.04839655151724871	3.997910787948662	4.669311250014564	4.887406085726038	5.964134227162608	0.819291967392225	93.61553121632271
0.33764647574877327	0.01	0.01	0.01	0.007	0.01	0.6502091901368703	0.10862527008176215	0.054534553897846276	0.04022118881810248	0.048321078916033135	4.416832290348873	5.077999305939876	5.238290519699446	6.367991854434432	0.8696499712446883	93.22471843712289
0.35904890055180133	0.01	0.01	0.01	0.007	0.01	0.6706235551739359	0.10970774073974303	0.05455400354960686	0.04022255393604713	0.04826460798528955	4.873857164110287	5.514647794385308	5.609751629622325	6.794973011892272	0.9228620194216623	92.81106248934402
0.3817833295628034	0.01	0.01	0.01	0.007	0.01	0.6906618776553225	0.11066080837834194	0.05456799323464424	0.04022364404366276	0.04822330625929865	5.371220242062423	5.980061140897044	6.002546149630942	7.245904196337232	0.9790513657677806	92.37367238308758
0.4059190747527923	0.01	0.01	0.01	0.007	0.01	0.7102241509639736	0.1114897866800466	0.05457784466438017	0.0402245688131102	0.04819380302945935	5.911212321417791	6.475072005494327	6.4175045596199585	7.721683441750882	1.0383495028459564	91.9115777697794
0.4315324839262458	0.01	0.01	0.01	0.007	0.01	0.7292161716473597	0.1122017880783531	0.05458463238177254	0.040225393216863345	0.04817323743002872	6.496184433643003	7.000558056402957	6.855538415304615	8.223287251184344	1.1008970936802476	91.42372027790036
0.45870704355938563	0.01	0.01	0.01	0.007	0.01	0.7475499239068493	0.1128053212397727	0.05458920928210907	0.04022615392036962	0.048159262429151604	7.1285361082168315	7.557444200073164	7.3176353381481976	8.751763470787463	1.1668432973620537	90.90895837116783
0.48753355587585995	0.01	0.01	0.01	0.007	0.01	0.7651441706264801	0.11330990053845778	0.054592232793666276	0.040226870622086075	0.04815001458000535	7.810702938887247	8.146704954138452	7.804854435202907	9.308224751082607	1.2363452770848964	90.36607152968931
0.5181103364526843	0.01	0.01	0.01	0.007	0.01	0.7819251788689147	0.11372567088242455	0.054594193575044636	0.04022755341022954	0.048144061516543074	8.545142418906735	8.769365621013407	8.31832119723991	9.89384141098168	1.3095677092828204	89.7937648667477
0.5505429938700884	0.01	0.01	0.01	0.007	0.01	0.7978273477240767	0.11406305095357784	0.05459544575500953	0.040228207240149444	0.04814033755815276	9.33430749491711	9.426493136689896	8.85921457581732	10.50982529599776	1.386681212213704	89.19068238484685
0.5849430601426543	0.01	0.01	0.01	0.007	0.01	0.8127935643610577	0.11433240449387098	0.054596236530840773	0.040228834480894336	0.04813807575187645	10.180589263535538	10.119162061686179	9.428734538165097	11.15739133842929	1.4678579940528644	88.55544200354288
0.621425006757414	0.01	0.01	0.01	0.007	0.01	0.826775449745164	0.11454375511101014	0.05459673299453137	0.040229436261867584	0.04813674262323333	11.086216334609109	10.848387651939383	10.028043584650371	11.837689638046328	1.5532637708337442	87.88669973794636
0.6601014199847545	0.01	0.01	0.01	0.007	0.01	0.8397337719025598	0.11470655396476766	0.054597044757504494	0.04023001312968041	0.04813597992229	12.053105452423944	11.61502392531059	10.658180315318338	12.551706297311547	1.6430456711383565	87.18324529452165
0.701077039739232	0.01	0.01	0.01	0.007	0.01	0.8516394484117324	0.11482950358329179	0.054597241833593324	0.04023056535073538	0.048135555697458525	13.082683513216908	12.419643909537717	11.319958687806787	13.300148990140134	1.737318070294682	86.44411399226327
0.7444431465457281	0.01	0.01	0.01	0.007	0.01	0.8624753176925749	0.11492043280118774	0.05459736796927531	0.04023109306023838	0.0481353253884299	14.175723637876187	13.262433874175963	12.013878577287224	14.083346635357001	1.8361500065865244	85.66868649875605
0.7902747944698354	0.01	0.01	0.01	0.007	0.01	0.8722385368746076	0.11498621630439461	0.054597450068240884	0.04023159636878784	0.0481352024127499	15.332264874752495	14.14315034062119	12.740087590571559	14.901208271809422	1.9395598737467385	84.85673172088458
0.8386328626348583	0.01	0.01	0.01	0.007	0.01	0.8809428497916381	0.11503273360245102	0.05459750454109069	0.04023207546591587	0.0481351369963753	16.551669859875553	15.061173677040717	13.49842249129536	15.753272354415174	2.0475214258534855	84.00836094597004
0.8895709127035643	0.01	0.01	0.01	0.007	0.01	0.8886196577712099	0.11506486769626116	0.05459754140240704	0.040232530711961104	0.04813510167668985	17.83281874477302	16.01565004845175	14.288524619781159	16.638838804029998	2.15998028662245	83.1238991563413
0.9431447691000893	0.01	0.01	0.01	0.007	0.01	0.8953171793516601	0.11508654664630123	0.054597566818148424	0.040232962693959214	0.048135081879186234	19.174378999989433	17.005674003585796	15.109991149206413	17.55713957155134	2.276875521675188	82.20371584449443
0.9994218354400133	0.01	0.01	0.01	0.007	0.01	0.9010977441037422	0.11510082693037864	0.05459758464447383	0.04023337223131455	0.048135070121669316	20.575065268126018	18.030450998616995	15.962512604159414	18.507491354632275	2.3981592141835075	81.24807060549473
1.0584885371339232	0.01	0.01	0.01	0.007	0.01	0.9060339708605583	0.11511000912877725	0.05459759734082424	0.04023376034130808	0.04813506264839336	22.0338401610127	19.089409971040716	16.845971679831646	19.489402528495642	2.523810495751921	80.25700144477753
1.1204554851326585	0.01	0.01	0.01	0.007	0.01	0.9102046796492138	0.1151157699276883	0.05459760650869316	0.040234128183076624	0.048135057583895254	23.5500412674893	20.182261234699602	17.760498743874443	20.502629576013604	2.653843383588961	79.23026107490358
1.1854611330539035	0.01	0.01	0.01	0.007	0.01	0.9136911800890389	0.11511929411795996	0.05459761321170569	0.04023447699908882	0.048135053973332446	25.12345230588682	21.309016714918943	18.70649745467514	21.54719848173837	2.788310342692521	78.16728625553993
1.2536746606936893	0.01	0.01	0.01	0.007	0.01	0.9165742284506532	0.11512139437082736	0.0545976181688882	0.04023480806398388	0.04813505130661111	26.754336747415156	22.46998742335995	19.684652453799263	22.62340468204105	2.927303278324501	77.06718682868812
1.3252988042360996	0.01	0.01	0.01	0.007	0.01	0.9189317209409663	0.1151226121924313	0.05459762187393722	0.04023512264491277	0.04813504929089755	28.443451873494823	23.66577118153591	20.6959298557803	23.73180352300442	3.07095348475572	75.9287424174727
1.4005730189605223	0.01	0.01	0.01	0.007	0.01	0.9208370577011524	0.11512329818498922	0.05459762467052492	0.04023542197283187	0.04813504774407051	30.192052281096533	24.89723628497946	21.741575422062866	24.873196483324374	3.2194312433510204	74.75040124947769
1.4797772008771755	0.01	0.01	0.01	0.007	0.01	0.9223580689393543	0.11512367285724828	0.05459762680086538	0.04023570722262991	0.0481350465446241	32.001887096539726	26.165503072919456	22.82311236378188	26.048615019205826	3.3729453428010627	73.53027882985894
1.5632358049270285	0.01	0.01	0.01	0.007	0.01	0.9235563862793021	0.1151238708220064	0.05459762843761398	0.0402359794986131	0.048135045607234916	33.87518543705961	27.47191848518548	23.94233496760138	27.259297533670484	3.5317419766166647	72.26616064566775
1.6513217070179875	0.01	0.01	0.01	0.007	0.01	0.9244871575985896	0.11512397173649713	0.05459762970514524	0.04023623982116771	0.04813504486996939	35.814614026598285	28.8180115098248	25.10128798792585	28.50664832778327	3.6961015872534824	70.95552016816876
1.7444572962447535	0.01	0.01	0.01	0.007	0.01	0.9251990164393566	0.11512402120940272	0.05459763069392738	0.040236489106493314	0.04813504428694697	37.8231531685791	30.205391913104453	26.302199235142698	29.792143754218564	3.86632904016449	69.5955890297807
1.843104996572582	0.01	0.01	0.01	0.007	0.01	0.9257342330205797	0.11512404444811966	0.05459763147032684	0.04023672812117444	0.04813504382375889	39.903736825864506	31.63548732585417	27.547272405997727	31.117088445932037	4.042723978643687	68.18358522981818
1.9477203681285222	0.01	0.01	0.01	0.007	0.01	0.9261289763729907	0.11512405486145548	0.05459763208330242	0.040236957358702155	0.04813504345445141	42.05814850000494	33.10877704480546	28.838033760305915	32.48190530404856	4.225488065420628	66.71744939236835
2.058572040747424	0.01	0.01	0.01	0.007	0.01	0.9264136071635292	0.11512405928980221	0.05459763256884015	0.04023717667883723	0.04813504315956965	44.28342044185779	34.62235386331364	30.173174452255044	33.88387726810211	4.4144197170745185	65.19830088900105
2.175121703809848	0.01	0.01	0.01	0.007	0.01	0.9266129418467287	0.11512406106579805	0.0545976329525106	0.04023738434215112	0.0481350429251223	46.56036120217389	36.16226438317635	31.541632775071115	35.31005538940794	4.607937219780729	63.63835416477276
2.2946742748899656	0.01	0.01	0.01	0.007	0.01	0.9267469909577611	0.11512406173440341	0.054597633251269	0.04023757586977685	0.04813504274184576	48.830561299533635	37.688432040329886	32.90863875546793	36.72330576335632	4.801112334084301	62.07698574911555
2.412832751498851	0.01	0.01	0.01	0.007	0.01	0.9268335499554909	0.11512406197457892	0.05459763347927147	0.040237747458440457	0.048135042601717984	51.010660022595125	39.14502993510859	34.22406304489486	38.07193269683138	4.986862101330048	60.57146870617987
2.5275351769247565	0.01	0.01	0.01	0.007	0.01	0.9268889133901056	0.1151240620609628	0.05459763365365638	0.040237901234563	0.0481350424944086	53.067878375426986	40.51106561406667	35.46793991848285	39.33651728111899	5.162379276258005	59.144921377986115
2.6395430652033314	0.01	0.01	0.01	0.007	0.01	0.926924932077485	0.11512406209305956	0.054597633790377215	0.0402380413039098	0.048135042410188435	55.02186375471927	41.80057483786347	36.65189912603321	40.53007339622469	5.329318757365087	57.784314549102746
2.750417909738323	0.01	0.01	0.01	0.007	0.01	0.926948854172613	0.11512406210535911	0.054597633900728554	0.04023817039679318	0.04813504234218984	56.90387289501994	43.03487256826784	37.79470142471107	41.672344261475345	5.490335421681148	56.468300598542804
2.861370595699811	0.01	0.01	0.01	0.007	0.01	0.9269649485252193	0.11512406211014882	0.05459763399183469	0.04023829023165161	0.04813504228607779	58.73639134834749	44.2290756343629	38.909910593971965	42.7773269048451	5.64734522348806	55.18136580478648
2.972975983650481	0.01	0.01	0.01	0.007	0.01	0.9269758190888595	0.1151240621120186	0.05459763406813785	0.04023840197459439	0.04813504223913794	60.52958770200234	45.389985652688594	40.00368065387375	43.85131764081777	5.801216516546083	53.916448087952105
3.0852769199556462	0.01	0.01	0.01	0.007	0.01	0.92698314625223	0.1151240621127447	0.054597634132569225	0.04023850639484256	0.048135042199568406	62.284413743912516	46.51832796193606	41.07657524164442	44.89498889781335	5.952029545095364	52.67291295849522
3.1980399792318455	0.01	0.01	0.01	0.007	0.01	0.9269880643040417	0.11512406211302459	0.054597634187259374	0.04023860405204491	0.048135042166050857	63.99762118483288	47.61214363100694	42.12658210159825	45.906530755450774	6.09950275749682	51.45311802742485
3.3109849862909924	0.01	0.01	0.01	0.007	0.01	0.9269913532129251	0.1151240621131319	0.05459763423389355	0.040238695452345305	0.048135042137537734	65.6656864340211	48.66936696868587	43.15149562765112	46.88403637427163	6.243328560054481	50.25967086778012
3.423917491078871	0.01	0.01	0.01	0.007	0.01	0.9269935481418652	0.115124062113173	0.054597634273861856	0.04023878110360753	0.04813504211316267	67.28675944314654	49.68905861159625	44.15011528085058	47.82664206129483	6.38334146587047	49.09403306593424
3.5367608272155495	0.01	0.01	0.01	0.007	0.01	0.9269950122365117	0.11512406211318868	0.05459763430831627	0.04023886149991768	0.04813504209220679	68.86090607987363	50.67152013525767	45.12240767203757	48.73463224889112	6.5195402280882035	47.956317610330515
3.6495252957812228	0.01	0.01	0.01	0.007	0.01	0.926995989222654	0.1151240621131947	0.05459763433819987	0.0402389370937329	0.04813504207408168	70.38944798947186	51.617841715387726	46.06911248105573	49.60902039027604	6.652031999081462	46.845735483793185
3.7622585070842396	0.01	0.01	0.01	0.007	0.01	0.926996641570122	0.11512406211319698	0.0545976343642752	0.0402390082840903	0.04813504205831202	71.8741457318013	52.52937101627271	46.99124524569383	50.451057541025236	6.780962339220528	45.76116964904213
3.8750062297290526	0.01	0.01	0.01	0.007	0.01	0.9269970773440661	0.11512406211319788	0.05459763438715378	0.04023907541978011	0.04813504204451614	73.31663742004564	53.407360591193125	47.88975155892844	51.2619064178881	6.906466736481367	44.70157874391215
3.9877938357055456	0.01	0.01	0.01	0.007	0.01	0.9269973684829933	0.11512406211319823	0.05459763440732766	0.04023913880830849	0.04813504203238712	74.71821967066947	54.2528383056176	48.765369488973064	52.04252182392706	7.028651445077431	43.66616059148732
4.1006253682443	0.01	0.01	0.01	0.007	0.01	0.9269975629696756	0.11512406211319834	0.054597634425195656	0.04023919872462179	0.04813504202167619	76.07987711004156	55.066633163868815	49.6186453705377	52.79367470842753	7.147595814953876	42.65433640853261
4.21349169168412	0.01	0.01	0.01	0.007	0.01	0.9269976928617273	0.1151240621131984	0.05459763444108552	0.040239255417386904	0.04813504201217924	77.40241595498276	55.84946208355093	50.45001519107656	53.51603245156992	7.2633637470008345	41.66565682736139
4.326379990950287	0.01	0.01	0.01	0.007	0.01	0.9269977795940847	0.11512406211319841	0.05459763445526967	0.04023930911275343	0.048135042003726404	78.68659350503006	56.602010174823626	51.259884770249144	54.21023304284516	7.376014916106333	40.69970788398484
4.439280121948204	0.01	0.01	0.01	0.007	0.01	0.9269978374987933	0.11512406211319841	0.05459763446797615	0.040239360016503335	0.048135041996175756	79.93319298080812	57.32497511945648	52.048676788819726	54.87692603276025	7.485611321208603	39.75605512219785
4.552186858585256	0.01	0.01	0.01	0.007	0.01	0.9269978761543473	0.11512406211319841	0.05459763447939736	0.04023940831563077	0.04813504198940778	81.1430423687906	58.019076863647825	52.81684314926706	55.51678143386007	7.592218982676298	38.83422834445259
4.665099086978413	0.01	0.01	0.01	0.007	0.01	0.9269979019588902	0.11512406211319841	0.054597634489696505	0.04023945418000888	0.04813504198332133	82.31699810581162	58.68504664881589	53.5648551855209	56.13047955974399	7.695906557277545	37.93373275070975
4.778017787101052	0.01	0.01	0.01	0.007	0.01	0.9269979191845142	0.11512406211319841	0.0545976344990118	0.0402394977642564	0.04813504197783072	83.45591878162567	59.32361097864413	54.29318730761303	56.718696215417694	7.796743052486793	37.05406819559886
4.8909442457555405	0.01	0.01	0.01	0.007	0.01	0.9269979306831868	0.11512406211319841	0.05459763450746174	0.040239539209604	0.048135041972862926	84.56064515994046	59.93548003060729	55.002304373279294	57.282092009019124	7.894796071233733	36.19474427836812
5.00387903942647	0.01	0.01	0.01	0.007	0.01	0.9269979383587489	0.11512406211319841	0.05459763451514717	0.04023957864556318	0.048135041968355566	85.63199074734244	60.52134259878863	55.69265558777009	57.82130769879173	7.990130970506245	35.35528778112433
5.116821847069318	0.01	0.01	0.01	0.007	0.01	0.926997943482154	0.11512406211319841	0.054597634522154846	0.040239616191279554	0.04813504196425495	86.67074164046979	61.08186643270669	56.3646742671155	58.33696451673644	8.082810834977446	34.53524310101551
5.22977175658202	0.01	0.01	0.01	0.007	0.01	0.9269979469018848	0.11512406211319841	0.054597634528560056	0.04023965195659254	0.04813504196051515	87.67766093300176	61.617701034082714	57.01878055048968	58.8296667535714	8.172896857393225	33.73416908522877
5.342727691111669	0.01	0.01	0.01	0.007	0.01	0.9269979491843844	0.11512406211319841	0.0545976345344274	0.04023968604288846	0.04813504195709636	88.65349354023111	62.12948051137317	57.65538444101965	59.3000043916139	8.26044876157704	32.951635403027076
5.455688715790642	0.01	0.01	0.01	0.007	0.01	0.9269979507077959	0.11512406211319841	0.054597634539813714	0.04023971854383953	0.04813504195396383	89.59896929274511	62.61782534930593	58.27488778005287	59.74855473475609	8.345525075891251	32.1872201620432
5.568654150009773	0.01	0.01	0.01	0.007	0.01	0.926997951724545	0.11512406211319841	0.05459763454476832	0.040239749546088076	0.04813504195108761	90.51480397887148	63.0833430100545	58.87768491629309	60.17588296167055	8.428183225689656	31.440509093415372
5.681623552505556	0.01	0.01	0.01	0.007	0.01	0.9269979524031264	0.11512406211319841	0.0545976345493343	0.0402397791298847	0.04813504194844098	91.4016992412471	63.526627922591494	59.46416263138653	60.58254211641245	8.508479523322592	30.7110956464444
5.794596639094751	0.01	0.01	0.01	0.007	0.01	0.9269979528560065	0.11512406211319841	0.054597634553549726	0.04023980736968239	0.04813504194600095	92.26034200870043	63.94826125787203	60.034699751789084	60.96907290321261	8.58646911547693	29.99858148009036
5.9075731704612116	0.01	0.01	0.01	0.007	0.01	0.9269979531582506	0.11512406211319841	0.054597634557447976	0.040239834334686954	0.04813504194374745	93.0914038449148	64.34881070335142	60.58966669075087	61.3360034821358	8.662205921618595	29.30257705711846
6.020552922232533	0.01	0.01	0.01	0.007	0.01	0.9269979533599602	0.11512406211319841	0.05459763456105896	0.040239860089326805	0.0481350419416623	93.89554103795894	64.7288306326571	61.129425471041564	61.68384962816278	8.735742638670262	28.622701650145476
6.133535640086571	0.01	0.01	0.01	0.007	0.01	0.926997953494574	0.11512406211319841	0.054597634564408574	0.04023988469368352	0.04813504193972973	94.67339462585056	65.08886225664574	61.6543297002916	62.013114873712404	8.807130739433502	27.9585834121421
6.246521062198808	0.01	0.01	0.01	0.007	0.01	0.9269979535844094	0.11512406211319841	0.05459763456752019	0.040239908203854466	0.048135041937935774	95.42559091695362	65.42943401185732	62.16472487694768	62.32429086863849	8.876420516124186	27.30985903222321
6.359508934209587	0.01	0.01	0.01	0.007	0.01	0.9269979536443609	0.11512406211319841	0.05459763457041457	0.0402399306722794	0.04813504193626762	96.1527419235823	65.75106189736353	62.660948641646705	62.61785769263187	8.943661116309015	26.676173456404054
6.472499039159192	0.01	0.01	0.01	0.007	0.01	0.9269979536843689	0.11512406211319841	0.05459763457311019	0.040239952148027495	0.04813504193471449	96.85544585999641	66.05424982921845	63.14333107636216	62.89428418328583	9.008900585148199	26.057179543439474
6.585491175042077	0.01	0.01	0.01	0.007	0.01	0.9269979537110675	0.11512406211319841	0.05459763457562367	0.04023997267707513	0.04813504193326628	97.53428728709682	66.33948983284785	63.61219476442519	63.154028116037374	9.072185875149932	25.45253802404377
6.698485169775831	0.01	0.01	0.01	0.007	0.01	0.9269979537288844	0.11512406211319841	0.05459763457797003	0.04023999230254313	0.0481350419319142	98.18983749364634	66.60726233803913	64.06785501253599	63.39753647770615	9.133562877851144	24.861917252717042
6.811480873720377	0.01	0.01	0.01	0.007	0.01	0.9269979537407739	0.11512406211319841	0.05459763458016243	0.040240011064920325	0.04813504193065015	98.82265473029516	66.85803640728668	64.51061997272741	63.62524567916923	9.193076441925102	24.284993086993293
6.924478144712662	0.01	0.01	0.01	0.007	0.01	0.9269979537487081	0.11512406211319841	0.05459763458221286	0.04024002900226978	0.04813504192946709	99.43328440792554	67.0922699514744	64.94079073862889	63.83758175663279	9.250770387868002	23.721448801019232
7.037476855551301	0.01	0.01	0.01	0.007	0.01	0.9269979537540026	0.11512406211319841	0.05459763458413256	0.0402400461504083	0.04813504192835826	100.02225942273904	67.31040999536627	65.35866153037517	64.03496061813847	9.306687534603846	23.170974883758177
7.150476901481543	0.01	0.01	0.01	0.007	0.01	0.9269979537575358	0.11512406211319841	0.05459763458593084	0.04024006254306755	0.04813504192731832	100.59010046692512	67.51289293158125	65.76451987143076	64.21778827937447	9.36086972491774	22.633268845750194
7.263478177745022	0.01	0.01	0.01	0.007	0.01	0.9269979537598935	0.11512406211319841	0.05459763458761708	0.040240078212055705	0.048135041926341667	101.13731618345541	67.70014471611948	66.1586466549035	64.38646104659014	9.41335783609962	22.108035171466238
7.376480572096119	0.01	0.01	0.01	0.007	0.01	0.9269979537614668	0.11512406211319841	0.05459763458919908	0.04024009318739881	0.04813504192542349	101.66440340816365	67.87258109881654	66.54131627059084	64.54136573126702	9.464191798768006	21.594985192989583
7.489483994737955	0.01	0.01	0.01	0.007	0.01	0.9269979537625166	0.11512406211319841	0.054597634590684355	0.04024010749745296	0.04813504192455962	102.17184757808191	68.0306079039263	66.91279685414803	64.68287990960917	9.513410631859179	21.093836798652696
7.60248836335532	0.01	0.01	0.01	0.007	0.01	0.9269979537632171	0.11512406211319841	0.05459763459207944	0.040240121169026394	0.04813504192374587	102.66012291278774	68.17462122847633	67.27335037431814	64.81137210774439	9.561052455986658	20.60431435601243
7.715493610599192	0.01	0.01	0.01	0.007	0.01	0.9269979537636847	0.11512406211319841	0.05459763459339052	0.0402401342274818	0.048135041922978905	103.12969269727449	68.30500767177043	67.6232327944718	64.927202014812	9.60715451664856	20.126148534686983
7.82849966911902	0.01	0.01	0.01	0.007	0.01	0.9269979537639965	0.11512406211319841	0.05459763459462326	0.040240146696839875	0.048135041922255456	103.58100946431433	68.42214453292365	67.96269416062722	65.03072066740573	9.651753197693587	19.659076228420837
7.941506464078646	0.01	0.01	0.01	0.007	0.01	0.9269979537642047	0.11512406211319841	0.05459763459578252	0.04024015859987344	0.04813504192157239	104.01451521401994	68.5264000206394	68.29197871623806	65.12227064503978	9.694884038354957	19.20284044161632
8.054513943093202	0.01	0.01	0.01	0.007	0.01	0.9269979537643438	0.11512406211319841	0.054597634596873286	0.04024016995817378	0.048135041920927005	104.43064176951499	68.61813349126575	68.61132512188856	65.202186290129	9.736581763966388	18.757190029146795
8.16752204629262	0.01	0.01	0.01	0.007	0.01	0.9269979537644365	0.11512406211319841	0.054597634597899694	0.04024018079224156	0.0481350419203167	104.82981089294947	68.69769562359058	68.92096649493979	65.27079387200749	9.776880293016625	18.32187968380494
8.280530721290173	0.01	0.01	0.01	0.007	0.01	0.9269979537644983	0.11512406211319841	0.05459763459886566	0.040240191121549286	0.048135041919739434	105.21243457210416	68.76542863305428	69.22113057917896	65.32841178545773	9.815812761217028	17.896669743319304
8.393539923182708	0.01	0.01	0.01	0.007	0.01	0.9269979537645395	0.11512406211319841	0.05459763459977498	0.04024020096460554	0.04813504191919277	105.5789152411138	68.82166646526953	69.51203986612416	65.37535073071659	9.85341153917042	17.4813260628021
8.506549607066457	0.01	0.01	0.01	0.007	0.01	0.9269979537645671	0.11512406211319841	0.05459763460063068	0.04024021033901815	0.04813504191867515	105.92964597367188	68.86673498269785	69.79391169531468	65.41191388747352	9.889708247293855	17.075619916529952
8.619559743005887	0.01	0.01	0.01	0.007	0.01	0.9269979537645855	0.11512406211319841	0.0545976346014362	0.04024021926154174	0.04813504191818435	106.26501074269022	68.90095215718176	70.06695840886582	65.43839709325248	9.92473377769834	16.67932782093351
8.732570301065111	0.01	0.01	0.01	0.007	0.01	0.9269979537645978	0.11512406211319841	0.05459763460219426	0.04024022774813644	0.04813504191771896	106.58538458029604	68.92462824496249	70.33138742759078	65.4550890069261	9.958518305907173	16.292231469037272
8.845581228854586	0.01	0.01	0.01	0.007	0.01	0.926997953764606	0.11512406211319841	0.05459763460290735	0.040240235814027615	0.04813504191727766	106.89113372539124	68.93806596549699	70.58740131477249	65.46227127610717	9.991091301076116	15.914117684988469
8.958592496437658	0.01	0.01	0.01	0.007	0.01	0.9269979537646115	0.11512406211319841	0.05459763460357802	0.040240243473725505	0.048135041916858544	107.18261595278994	68.94156068695483	70.83519799227656	65.46021870758216	10.02248155558733	15.5447781534415
9.071604081361901	0.01	0.01	0.01	0.007	0.01	0.926997953764615	0.11512406211319841	0.05459763460420858	0.04024025074107447	0.04813504191646069	107.46018072045662	68.93540058987624	71.07497080968041	65.44919942026436	10.052717195748476	15.184009361344502
9.184615968659198	0.01	0.01	0.01	0.007	0.01	0.9269979537646174	0.11512406211319841	0.054597634604801056	0.04024025762929067	0.04813504191608279	107.72416935796238	68.91986683237167	71.3069086478326	65.42947499887401	10.081825696877354	14.831612489052272
9.297628120907763	0.01	0.01	0.01	0.007	0.01	0.926997953764619	0.11512406211319841	0.05459763460535752	0.0402402641510135	0.04813504191572367	107.97491518611558	68.89523371940199	71.53119596172503	65.40130065280727	10.109833890779928	14.487393393946048
9.410640515654618	0.01	0.01	0.01	0.007	0.01	0.9269979537646201	0.11512406211319841	0.05459763460587969	0.040240270318318824	0.04813504191538221	108.21274379079927	68.86176885980844	71.74801295991799	65.36492536046619	10.136767990330501	14.15116238577593
9.523653137931193	0.01	0.01	0.01	0.007	0.01	0.9269979537646208	0.11512406211319841	0.05459763460636932	0.04024027614275337	0.0481350419150577	108.43797317984387	68.81973332043803	71.95753568494655	65.32059201299265	10.162653601495215	13.822734149321498
9.636665957799712	0.01	0.01	0.01	0.007	0.01	0.9269979537646214	0.11512406211319841	0.05459763460682763	0.04024028163537599	0.04813504191474904	108.65091391378527	68.76938178760876	72.15993606823774	65.26853756551532	10.187515732248224	13.501927708096114
9.749678967775951	0.01	0.01	0.01	0.007	0.01	0.9269979537646217	0.11512406211319841	0.05459763460725651	0.04024028680676323	0.048135041914455355	108.85186935031216	68.71096270168782	72.35538209288555	65.2089931606174	10.211378814745473	13.188566217375495
9.862692145406491	0.01	0.01	0.01	0.007	0.01	0.9269979537646219	0.11512406211319841	0.05459763460765718	0.0402402916670563	0.04813504191417603	109.04113573967581	68.64471841881182	72.5440378178538	65.142184280513	10.234266710378154	12.88247697449373
9.97570546075323	0.01	0.01	0.01	0.007	0.01	0.926997953764622	0.11512406211319841	0.05459763460803082	0.04024029622597919	0.048135041913910215	109.21900240789792	68.5708853539475	72.72606348457157	65.06833087978524	10.256202724983632	12.583491299516911
10.088718906331746	0.01	0.01	0.01	0.007	0.01	0.9269979537646221	0.11512406211319841	0.054597634608378805	0.040240300492844695	0.04813504191365718	109.38575196329668	68.48969410044263	72.90161565283033	64.98764749523845	10.277209627424682	12.291444363823379
10.201732482142186	0.01	0.01	0.01	0.007	0.01	0.9269979537646222	0.11512406211319841	0.05459763460870202	0.040240304476582736	0.048135041913416526	109.54166042218873	68.40136957144011	73.07084725855638	64.90034337815288	10.297309658616449	12.006175143662215
10.31474617321548	0.01	0.01	0.01	0.007	0.01	0.9269979537646222	0.11512406211319841	0.05459763460900167	0.040240308185772795	0.04813504191318743	109.68699733079062	68.30613115072127	73.23390766428568	64.80662263563845	10.316524539779492	11.727526388375399
10.427759979551748	0.01	0.01	0.01	0.007	0.01	0.9269979537646222	0.11512406211319841	0.05459763460927857	0.040240311628644755	0.048135041912969315	109.82202595621081	68.20419279973673	73.39094278635136	64.70668432884938	10.334875489756966	11.455344458199235
10.54077387121262	0.01	0.01	0.01	0.007	0.01	0.9269979537646222	0.11512406211319841	0.054597634609533874	0.04024031481312192	0.0481350419127619	109.94700337818843	68.0957632249474	73.5420951124526	64.60072263069607	10.352383229368364	11.189479348311647
10.653787840713534	0.01	0.01	0.01	0.007	0.01	0.9269979537646222	0.11512406211319841	0.054597634609768256	0.040240317746806566	0.04813504191256434	110.06218069603018	67.98104595594506	73.68750385392501	64.48892689615707	10.369068001486866	10.929784479037485
10.766801873085285	0.01	0.01	0.01	0.007	0.01	0.9269979537646222	0.11512406211319841	0.054597634609982584	0.04024032043701279	0.048135041912376504	110.16780313150092	67.86023949340544	73.82730498040509	64.37148180127943	10.384949577284308	10.676116687740684
10.879815968327911	0.01	0.01	0.01	0.007	0.01	0.9269979537646222	0.11512406211319841	0.054597634610177505	0.04024032289076696	0.048135041912197724	110.26411018635235	67.73353740394741	73.96163132274145	64.24856743042734	10.400047270327091	10.428336099388503
10.992830118956809	0.01	0.01	0.01	0.007	0.01	0.9269979537646222	0.11512406211319841	0.05459763461035386	0.040240325114834635	0.048135041912027624	110.35133575288847	67.60112845907638	74.09061261753784	64.12035940655605	10.414379943953884	10.186306100902065
11.10584431000273	0.01	0.01	0.01	0.007	0.01	0.9269979537646222	0.11512406211319841	0.05459763461051237	0.040240327115732576	0.04813504191186601	110.42970824702749	67.46319675033163	74.21437558047744	63.98702899833594	10.427966021948448	9.949893263986528
11.218858548950331	0.01	0.01	0.01	0.007	0.01	0.9269979537646222	0.11512406211319841	0.05459763461065328	0.04024032889972352	0.04813504191171241	110.49945075547559	67.3199217629689	74.3330440086359	63.84874318738065	10.44082350226392	9.718967209378299
11.331872828314989	0.01	0.01	0.01	0.007	0.01	0.9269979537646222	0.11512406211319841	0.054597634610777615	0.04024033047284921	0.048135041911566395	110.56078113245117	67.17147852880433	74.4467388069366	63.705664812108544	10.45296996234621	9.493400614215746
11.444887133127427	0.01	0.01	0.01	0.007	0.01	0.9269979537646222	0.11512406211319841	0.054597634610885716	0.04024033184093661	0.048135041911427597	110.61391212976007	67.01803772487165	74.55557806520636	63.557952659193546	10.464422570055127	9.273069123896326
11.557901455903009	0.01	0.01	0.01	0.007	0.01	0.9269979537646222	0.11512406211319841	0.054597634610978205	0.04024033300959865	0.048135041911296	110.65905152323495	66.8597657567599	74.65967713833076	63.405761540443336	10.475198094752296	9.057851253727083
11.67091578915709	0.01	0.01	0.01	0.007	0.01	0.9269979537646222	0.11512406211319841	0.05459763461105532	0.04024033398424867	0.04813504191117117	110.69640222346047	66.69682486857236	74.75914870184475	63.24924239543477	10.48531291568941	8.847628337481833
11.783930132889674	0.01	0.01	0.01	0.007	0.01	0.9269979537646222	0.11512406211319841	0.054597634611118	0.04024033477010417	0.04813504191105258	110.72616239044393	66.52937322999227	74.8541028202164	63.088542372195214	10.494783031663394	8.642284448595266
11.896944487100761	0.01	0.01	0.01	0.007	0.01	0.9269979537646222	0.11512406211319841	0.05459763461116622	0.040240335372200245	0.04813504191094034	110.74852554028547	66.35756504239684	74.94464700025327	62.92380492625941	10.503624069084815	8.44170635100071
12.009958851790351	0.01	0.01	0.01	0.007	0.01	0.9269979537646222	0.11512406211319841	0.054597634611200554	0.040240335795397146	0.0481350419108341	110.76368065307219	66.18155063273164	75.03088625046587	62.755169908010494	10.511851290622177	8.245783436687534
12.122973219473801	0.01	0.01	0.01	0.007	0.01	0.9269979537646222	0.11512406211319841	0.054597634611221475	0.04024033604439282	0.04813504191073366	110.77181227795805	66.00147655725272	75.11292313375723	62.58277365952342	10.519479603159894	8.05440767723385
12.235987575181818	0.01	0.01	0.01	0.007	0.01	0.9269979537646222	0.11512406211319841	0.0545976346112293	0.04024033612372965	0.048135041910638686	110.77310063834415	65.81748569234698	75.19085782540499	62.406749099059994	10.526523566237113	7.86747356277509
12.349001918914405	0.01	0.01	0.01	0.007	0.01	0.9269979537646222	0.11512406211319841	0.054597634611224306	0.04024033603778785	0.048135041910548924	110.76772173277718	65.62971728545484	75.26478818392997	62.22722576748663	10.532997401511688	7.684878006602313
12.462016250671562	0.01	0.01	0.01	0.007	0.01	0.9269979537646222	0.11512406211319841	0.054597634611206806	0.04024033579080084	0.04813504191046435	110.75584743069713	65.43830706353366	75.3348097934365	62.0443299298365	10.538914999500081	7.506520314569789
12.575030577937934	0.01	0.01	0.01	0.007	0.01	0.9269979537646222	0.11512406211319841	0.05459763461117711	0.04024033538685682	0.048135041910384715	110.73764556697412	65.24338730346697	75.40101602066437	61.8581846405034	10.544289927602959	7.332302118162125
12.688044893228877	0.01	0.01	0.01	0.007	0.01	0.9269979537646222	0.11512406211319841	0.054597634611135606	0.04024033482991855	0.048135041910309866	110.7132800390577	65.04508695217731	75.46349805328664	61.668909855949295	10.549135436529937	7.162127354991813
12.801059196544394	0.01	0.01	0.01	0.007	0.01	0.9269979537646222	0.11512406211319841	0.05459763461108251	0.040240334123814725	0.048135041910239616	110.68291089593113	64.84353166804603	75.52234496405234	61.476622472288966	10.553464468790109	6.995902180530889
12.914073487884485	0.01	0.01	0.01	0.007	0.01	0.9269979537646222	0.11512406211319841	0.05459763461101821	0.04024033327224993	0.04813504191017378	110.64669442810512	64.63884391119707	75.57764375522113	61.28143640961148	10.557289665446243	6.833534928309917
13.027087759764514	0.01	0.01	0.01	0.007	0.01	0.9269979537646222	0.11512406211319841	0.05459763461094272	0.040240332278814364	0.048135041910112183	110.60478325792349	64.43114303326195	75.62947940330173	61.08346269581276	10.560623372908092	6.674936069747467
13.140101997215213	0.01	0.01	0.01	0.007	0.01	0.9269979537646222	0.11512406211319841	0.0545976346108563	0.04024033114698859	0.04813504191005482	110.5573264266926	64.22054535246029	75.67793490710072	60.88280953644827	10.56347764992484	6.520018163567469
13.253116215205857	0.01	0.01	0.01	0.007	0.01	0.9269979537646222	0.11512406211319841	0.054597634610759366	0.04024032988012484	0.04813504191000145	110.5044694613062	64.0071641557317	75.72309134901779	60.67958231516133	10.565864275121486	6.368695756924101
13.366130398767186	0.01	0.01	0.01	0.007	0.01	0.9269979537646222	0.11512406211319841	0.0545976346106519	0.040240328481488036	0.04813504190995188	110.4463544807508	63.791109881002185	75.76502791413986	60.47388376576408	10.567794752005344	6.220885420391499
13.479144547899212	0.01	0.01	0.01	0.007	0.01	0.9269979537646222	0.11512406211319841	0.05459763461053436	0.040240326954232755	0.048135041909906084	110.38312025637072	63.572490102358906	75.80382195300874	60.265813956575506	10.569280316437293	6.076505640643035
13.5921586775712	0.01	0.01	0.01	0.007	0.01	0.9269979537646222	0.11512406211319841	0.05459763461040664	0.04024032530140634	0.04813504190986407	110.3149022861034	63.351409595774285	75.83954902225113	60.05547035158498	10.570331942556559	5.935476777796631
13.705172787783154	0.01	0.01	0.01	0.007	0.01	0.9269979537646222	0.11512406211319841	0.05459763461026898	0.04024032352597176	0.04813504190982545	110.24183288716769	63.12797046295677	75.87228291608494	59.84294792692246	10.570960348471436	5.7977210597118605
13.818186863565824	0.01	0.01	0.01	0.007	0.01	0.9269979537646222	0.11512406211319841	0.05459763461012168	0.040240321630811204	0.04813504190979023	110.16404127342722	62.90227219729058	75.90209570910153	59.62833923220207	10.571176002480694	5.663162536905779
13.931200904919224	0.01	0.01	0.01	0.007	0.01	0.9269979537646222	0.11512406211319841	0.05459763460996484	0.04024031961871035	0.048135041909758314	110.08165360835466	62.67441168743524	75.92905780473012	59.411734392647	10.570989129034517	5.531727004203319
14.044214911843364	0.01	0.01	0.01	0.007	0.01	0.9269979537646222	0.11512406211319841	0.05459763460979844	0.04024031749237143	0.04813504190972957	109.9947930844487	62.444483307822715	75.95323796921019	59.19322119390875	10.570409714232037	5.403341978713255
14.157228884338252	0.01	0.01	0.01	0.007	0.01	0.9269979537646222	0.11512406211319841	0.05459763460962289	0.04024031525441568	0.04813504190970411	109.90357999230082	62.212578978598096	75.9747033695945	58.972885137839754	10.569447511355166	5.277936659853919
14.270242837373132	0.01	0.01	0.01	0.007	0.01	0.9269979537646222	0.11512406211319841	0.054597634609438186	0.04024031290737748	0.04813504190968148	109.8081317751408	61.978788193071765	75.99351961318972	58.750809467436206	10.568112046072788	5.155441874271465
14.38325675597878	0.01	0.01	0.01	0.007	0.01	0.9269979537646222	0.11512406211319841	0.05459763460924427	0.040240310453735294	0.04813504190966195	109.7085631324113	61.74319816768917	76.00975077618037	58.52707530818551	10.566412622229057	5.035790086549777
14.496270632670592	0.01	0.01	0.01	0.007	0.01	0.9269979537646222	0.11512406211319841	0.0545976346090416	0.0402403078958906	0.048135041909645335	109.60498605456867	61.505893821337885	76.02345944655737	58.30176164730095	10.564358326738773	4.918915319984969
14.609284474933194	0.01	0.01	0.01	0.007	0.01	0.9269979537646222	0.11512406211319841	0.05459763460883007	0.04024030523616608	0.04813504190963137	109.49750987729166	61.26695781336363	76.03470675849151	58.07494536880276	10.561958034329782	4.8047531136970045
14.722298282766594	0.01	0.01	0.01	0.007	0.01	0.9269979537646222	0.11512406211319841	0.05459763460860987	0.04024030247682135	0.048135041909620147	109.38624136282543	61.02647064370127	76.04355242299326	57.84670134758574	10.559220412814335	4.693240510755936
14.835312056170807	0.01	0.01	0.01	0.007	0.01	0.9269979537646222	0.11512406211319841	0.05459763460838086	0.04024029962005208	0.04813504190961169	109.27128475351047	60.784510689341005	76.05005476208102	57.61710248305023	10.556153927795007	4.584316015443677
14.94832579514584	0.01	0.01	0.01	0.007	0.01	0.9269979537646222	0.11512406211319841	0.05459763460814344	0.04024029666799096	0.0481350419096056	109.15274183037805	60.541154255122095	76.05427074102336	57.386219746364645	10.552766847359656	4.477919559339275
15.061339499691703	0.01	0.01	0.01	0.007	0.01	0.9269979537646222	0.11512406211319841	0.05459763460789759	0.04024029362271029	0.04813504190960212	109.03071197038521	60.29647562333862	76.056255999833	57.15412222662279	10.549067246667414	4.373992468191355
15.174353169808409	0.01	0.01	0.01	0.007	0.01	0.9269979537646222	0.11512406211319841	0.05459763460764318	0.04024029048622432	0.048135041909601065	108.90529220232116	60.05054710218485	76.05606488402965	56.920877175921525	10.545063012428221	4.2724774295594585
15.287366805495967	0.01	0.01	0.01	0.007	0.01	0.9269979537646222	0.11512406211319841	0.05459763460738058	0.04024028726049085	0.04813504190960248	108.77657726141571	59.803439073067146	76.05375047468898	56.68655005338393	10.54076184727839	4.173318461206443
15.400380406754387	0.01	0.01	0.01	0.007	0.01	0.9269979537646222	0.11512406211319841	0.054597634607109785	0.04024028394741331	0.0481350419096061	108.64465964268003	59.55522003680891	76.04936461779403	56.45120456815249	10.536171274054615	4.076460880224499
15.51339396609909	0.01	0.01	0.01	0.007	0.01	0.9269979537646222	0.11512406211319841	0.054597634606830675	0.040240280548847415	0.04813504190961217	108.50962966205273	59.30595667531539	76.04295795339554	56.2149027370562	10.531298640300657	3.981851279070226
15.626407483530091	0.01	0.01	0.01	0.007	0.01	0.9269979537646222	0.11512406211319841	0.05459763460654352	0.040240277066593055	0.048135041909620334	108.37157548979745	59.05571386274703	76.03457994302332	55.9777048944273	10.526151121735385	3.8894374832911125
15.739420966531991	0.01	0.01	0.01	0.007	0.01	0.9269979537646222	0.11512406211319841	0.05459763460624828	0.04024027350239644	0.048135041909630645	108.23058319919879	58.80455470822094	76.0242788963804	55.73966973183991	10.520735726143887	3.7991685234871047
15.852434422589385	0.01	0.01	0.01	0.007	0.01	0.9269979537646222	0.11512406211319841	0.05459763460594493	0.04024026985795614	0.04813504190964312	108.08673682380879	58.55254061428448	76.01210199831773	55.500854352810016	10.51505929756747	3.710994613660828
15.965447844217694	0.01	0.01	0.01	0.007	0.01	0.9269979537646222	0.11512406211319841	0.05459763460563359	0.04024026613493417	0.04813504190965761	107.9401184245321	58.29973135153537	75.99809533693913	55.261314342798144	10.509128520910743	3.6248671350060624
16.0	0.01	0.01	0.01	0.007	0.01	0.9269979537646222	0.11512406211319841	0.05459763460553687	0.04024027216402508	0.04813504190966247	107.89475107467742	58.222288943172146	75.99345471476579	55.18794225759226	10.507265511300327	3.598936107871952
