0.0	0.01	0.01	0.01	0.007	0.01	0.0	0.0	0.0	0.0	0.0	0.0	0.0	0.0	0.0	0.0	100.0
0.003467144092617317	0.01	0.01	0.01	0.007	0.01	0.011450341052548774	0.0034148901057574304	0.00400232495691993	0.004130372775961191	0.005008153695011195	0.0006869965594110074	0.0011242190051315318	0.002301047104013036	0.0037840214765158323	0.0004707760482957386	99.92716573154512
0.0055285067690021015	0.01	0.01	0.01	0.007	0.01	0.01818851924797422	0.005398777584883077	0.006247329610571209	0.006385012720622481	0.00784196977116119	0.0017413804821932166	0.0028406652570704006	0.00576539368915663	0.009415911848656562	0.0011820934047017588	99.88388785011145
0.008649173609564987	0.01	0.01	0.01	0.007	0.01	0.028291735368201638	0.008337870530348302	0.009466313287634717	0.009537259047201875	0.01193875822042613	0.00424241889049576	0.006887760033539516	0.013804210480738805	0.022316522569944344	0.002839414799925301	99.81840576122988
0.011514621177428925	0.01	0.01	0.01	0.007	0.01	0.037466162095190825	0.010969917609220493	0.012241862349483688	0.012176747429450557	0.015505819522977575	0.007487191151625185	0.012103272020977034	0.023982060574398008	0.038420519142229284	0.004947291122624738	99.75831683811072
0.014846980184407844	0.01	0.01	0.01	0.007	0.01	0.04801350208131672	0.013952618339198357	0.015266428354976228	0.014967330230020117	0.01943384571249629	0.012386702162666467	0.01992359661841609	0.0389661363332094	0.06179068448864383	0.008065355728683919	99.6884821950614
0.01823475207199024	0.01	0.01	0.01	0.007	0.01	0.0586033162974492	0.016900959507775874	0.018131779350243214	0.0175255557169871	0.023200032618470513	0.018591268214588827	0.029752930101538927	0.05743696218323796	0.090169692495181	0.011928824560375079	99.6175364038372
0.021885007482120418	0.01	0.01	0.01	0.007	0.01	0.06986555080988135	0.019985691929654915	0.020999264345347737	0.01999916152908477	0.027020234840770443	0.02663610430178378	0.04239834849146004	0.08072834183651299	0.12541580415506995	0.01682725262807859	99.54115026337126
0.025673206994138557	0.01	0.01	0.01	0.007	0.01	0.08139313494369346	0.023089037054580017	0.023751540867016637	0.02228862021559922	0.030744354342719722	0.03645224867760386	0.05770212228275716	0.10833745576718515	0.16655662069854554	0.02266791243338885	99.46193940464849
0.029657913032219083	0.01	0.01	0.01	0.007	0.01	0.0933450201704111	0.02624905992522946	0.02641972255650151	0.024425416465407454	0.03441946503316979	0.0483631261373082	0.07611461629704798	0.14085720030334395	0.21427207412571625	0.029590780735558722	99.37868763613676
0.03380342770605249	0.01	0.01	0.01	0.007	0.01	0.10559301986249668	0.0294268149519396	0.028968465191791193	0.026387065688626272	0.03800162755432533	0.06244961763526868	0.09769943652191557	0.17816125386795256	0.2681686947944885	0.03758597696066531	99.29215007852633
0.03812803506414904	0.01	0.01	0.01	0.007	0.01	0.11817085899388721	0.032626594938725786	0.03140108368954561	0.028183448870444636	0.04149626500033688	0.07895282194864627	0.1227586693414788	0.22052416841672287	0.32844297801489186	0.0467310359315228	99.20195427199688
0.04262400951698121	0.01	0.01	0.01	0.007	0.01	0.13103477882852302	0.03583281090687096	0.03370641027346082	0.02981403985416144	0.044879393217343175	0.09803004841108133	0.15145629412418438	0.2679623309487825	0.3949220093314571	0.05704901820481048	99.10827122828184
0.04730013588106491	0.01	0.01	0.01	0.007	0.01	0.14418831559195364	0.03904213050477525	0.035883989713228405	0.03128679921555514	0.04812359219227133	0.11990686432413314	0.1840495270918629	0.3206310547333096	0.46763623706252544	0.06859054475506957	99.01092820071415
0.05215994919144707	0.01	0.01	0.01	0.007	0.01	0.157618730823897	0.042247248235772306	0.03793150815557547	0.03260858939267465	0.05116595655103967	0.14479648112528817	0.2207654977441023	0.3786165108268343	0.5465251043529509	0.08138187332242598	98.90986267310882
0.05720511972004626	0.01	0.01	0.01	0.007	0.01	0.17130741770781746	0.04543972934844521	0.03984718397894979	0.033786886833261434	0.05389899385825579	0.17290749413377993	0.2618133631595392	0.4419615963639149	0.631479443515968	0.09541815704889783	98.80505156282304
0.06238984767725194	0.01	0.01	0.01	0.007	0.01	0.18511017922610948	0.048583250730656925	0.041615357520961495	0.03482147471566288	0.05615992325337924	0.20415389743757226	0.30696779931513823	0.5100501147543156	0.7215372026083418	0.11051163245996964	98.69745692491756
0.06769910884130718	0.01	0.01	0.01	0.007	0.01	0.19897183972640178	0.0516641897564917	0.04323709400106079	0.03572299698398889	0.05782215616293068	0.2385707438330561	0.35618281080601516	0.5825766459822589	0.8161978980309396	0.1264996909955992	98.58739936619777
0.0732402903066591	0.01	0.01	0.01	0.007	0.01	0.21315058061593933	0.0547372044829956	0.04474745151568092	0.03651932366116592	0.05885043853672127	0.2770405921807207	0.4106050482474052	0.6609577597799192	0.9171990129372873	0.14355812248473973	98.47266513079055
0.07904603310405628	0.01	0.01	0.01	0.007	0.01	0.22769669902074446	0.05780787331048223	0.04615222358998439	0.03722012131689742	0.05925998293421868	0.3200720311728993	0.47080853907370473	0.7456823670421411	1.02502852152147	0.16162526459550325	98.3525961963844
0.08505093633907987	0.01	0.01	0.01	0.007	0.01	0.242415600773433	0.06083096834540236	0.047435749640541106	0.0378246099431612	0.059151280274967064	0.3674379914679391	0.5363256807885348	0.835773528282692	1.1383310306196133	0.1803305692869702	98.22856243112719
0.09126325417121393	0.01	0.01	0.01	0.007	0.01	0.25730151228912423	0.06380285665656164	0.04860376956620477	0.038342912469782255	0.058673986385670895	0.4194175106612002	0.6073941773288754	0.9312756588932399	1.2570886329673527	0.1995557326959416	98.10040904730224
0.0977356847216545	0.01	0.01	0.01	0.007	0.01	0.2724498457789274	0.0667393688468135	0.04966898157901397	0.03878728943156587	0.05795931155442589	0.4767054228938184	0.6847957244743447	1.0329350998716185	1.3821552394596381	0.21935192271118992	97.96706765875935
0.10453134734110334	0.01	0.01	0.01	0.007	0.01	0.287967818158683	0.0696562886212116	0.05064199896151906	0.039167840557661635	0.05710431965181552	0.5401949429121845	0.7695337137566424	1.141713664566504	1.5146246920668778	0.23982435364168161	97.82726226470669
0.11169500735212531	0.01	0.01	0.01	0.007	0.01	0.30390776436599415	0.0725569873779461	0.051527928977947494	0.03949161348070742	0.05617959478127512	0.6107157357890316	0.8624729599814093	1.258316297502768	1.655256840238623	0.2610369465822434	97.68010216055721
0.11925500283293809	0.01	0.01	0.01	0.007	0.01	0.32027616288004274	0.07543556576658757	0.05232902346211431	0.039764196386757766	0.05523637804799563	0.6890106057095305	0.9643139905434295	1.3831873425661956	1.804493292917396	0.28301682353226576	97.52504037499969
0.1272309574285198	0.01	0.01	0.01	0.007	0.01	0.33705436664359334	0.07828169626010378	0.05304706165648198	0.03999080249306118	0.05431098237971442	0.7757796268261659	1.0756563937501233	1.5166156860598818	1.9625987019480262	0.3057769771627745	97.36171375475784
0.13564360159983413	0.01	0.01	0.01	0.007	0.01	0.3542210463674308	0.0810850239781382	0.05368477474447347	0.040176722327552414	0.0534277249797458	0.8717707188374476	1.1971166120131251	1.6588914612906438	2.12985336354075	0.329343362529382	97.18974126792251
0.1445175789876765	0.01	0.01	0.01	0.007	0.01	0.3717574045205371	0.08383608552990154	0.05424590717482233	0.0403272221859688	0.0526020021723564	0.9778148570383882	1.3293678489684122	1.8103552815330146	2.306610797460912	0.35376035596328276	97.00866733274192
0.15388227179428884	0.01	0.01	0.01	0.007	0.01	0.38964758529527993	0.08652631760085044	0.05473499698032282	0.04044737647181102	0.05184282708785974	1.094844837216059	1.4731562175556683	1.9714154702081939	2.493315637467285	0.37909061214775336	96.81794617041689
0.1637713594824034	0.01	0.01	0.01	0.007	0.01	0.40787644635499626	0.08914767369690886	0.055157110836157465	0.040541929387942766	0.05115476102473639	1.2238996729448488	1.6292976725445438	2.142542949392677	2.6904951922549643	0.40541186748665436	96.61695222157235
0.17422265312326377	0.01	0.01	0.01	0.007	0.01	0.42642798345048455	0.09169241302173234	0.0555176630698449	0.04061521534304852	0.05053922939311494	1.366130974772854	1.7986769766193307	2.324269752541027	2.898755494212381	0.43281499544250596	96.40498503921567
0.18527787913319554	0.01	0.01	0.01	0.007	0.01	0.445283758325743	0.09415295141274471	0.05582227566844524	0.040671115589209154	0.04999542630120218	1.5228074220999102	1.9822440206598577	2.517185917280921	3.1187755831541217	0.46140227013339175	96.18127534104795
0.19698263167140917	0.01	0.01	0.01	0.007	0.01	0.4644217315833687	0.09652182389797458	0.05607667158557327	0.040713042062503785	0.04952092934253522	1.6953201720613305	2.181011128923149	2.721938780672491	3.3513045430668833	0.49128630017917363	95.94498779361072
0.20938631874277341	0.01	0.01	0.01	0.007	0.01	0.483815177447515	0.09879170328494002	0.056286579921386165	0.0407439393511216	0.04911213552903422	1.8851868839435377	2.3960487642084094	2.939231801228267	3.5971578843436776	0.5225890704508102	95.6952241168599
0.22254219828720279	0.01	0.01	0.01	0.007	0.01	0.5034318520273502	0.10095548821434616	0.05645764486033304	0.04076630073439383	0.0487645806797555	2.0940556147107783	2.6284813806152587	3.1698246497148563	3.857215221768395	0.555441271579546	95.43102459391612
0.23650748524289397	0.01	0.01	0.01	0.007	0.01	0.5232333734923922	0.1030064423695683	0.05659532799497744	0.04078219483344819	0.04847318960324557	2.323708333918007	2.879483365048944	3.4145342229216795	4.132418863250749	0.5899818114163053	95.15136842140159
0.25134358761926995	0.01	0.01	0.01	0.007	0.01	0.5431748850554297	0.10493837823585606	0.0567047999706599	0.04079330054355185	0.04823248518488	2.5760650358182713	3.1502763731214483	3.67423748276949	4.423774417897051	0.6263576141849455	94.8551717994309
0.2671162824577816	0.01	0.01	0.01	0.007	0.01	0.5632047333336659	0.10674584478915454	0.05679082516510665	0.04080094801398978	0.04803677644275045	2.8531852562854505	3.4421248698315163	3.949872615973388	4.732349655186441	0.6647232209819832	94.54128760985101
0.28389515011867494	0.01	0.01	0.01	0.007	0.01	0.5832634375875005	0.10842425530372796	0.05685765710697193	0.04080616361358709	0.047880335462571574	3.157253881860839	3.7563170423268923	4.242426464644585	5.0592583782405764	0.7052385604380312	94.20852019088989
0.3017516214249351	0.01	0.01	0.01	0.007	0.01	0.6032816710232151	0.10996996087406727	0.056908973975511305	0.04080971691105557	0.04775755747282534	3.4905359076145346	4.094118061046851	4.552897192301403	5.405617270952916	0.7480634335689726	93.85566759669048
0.32075617806436735	0.01	0.01	0.01	0.007	0.01	0.6231785454832859	0.11138039202401039	0.056947875993443704	0.0408121673890632	0.04766309178583714	3.855305487445043	4.4567052949268735	4.88224228259675	5.772487129740701	0.7933501366982535	93.48157993742342
0.3409768911587736	0.01	0.01	0.01	0.007	0.01	0.6428626711279506	0.11265439406198781	0.05697693918601333	0.04081390844589134	0.04759194239039986	4.253790473466289	4.845128510116516	5.231350385308297	6.160841189112617	0.8412394584863495	93.08519039480083
0.3624805034448737	0.01	0.01	0.01	0.007	0.01	0.6622362831569775	0.11379264229699687	0.05699829407626286	0.04081520670453157	0.04753955325171009	4.688163034380962	5.260321319908123	5.601057535730635	6.5715828722037015	0.8918627651347987	92.6654959791487
0.3853348391836303	0.01	0.01	0.01	0.007	0.01	0.6812001079837358	0.11479789440907033	0.0570136987450293	0.040816235649837454	0.04750188386159909	5.160560504887189	5.703142383236774	5.992185779207019	7.005588141610122	0.9453471372762908	92.22151307614237
0.40961067460963996	0.01	0.01	0.01	0.007	0.01	0.6996569228924697	0.11567497536257221	0.05702459427311382	0.040817103262603203	0.04747546248603904	5.673100935897542	6.1744095849736285	6.405571484506941	7.463736095311102	1.0018191400890346	91.75224479149972
0.4353827256658432	0.01	0.01	0.01	0.007	0.01	0.7175138531346288	0.11643056998290548	0.05703214560581067	0.04081787364721823	0.04745740352159602	6.227883674510596	6.674918867973999	6.84207753076841	7.946921562922909	1.0614064920398565	91.25666653843153
0.46273024470444435	0.01	0.01	0.01	0.007	0.01	0.7346841229943778	0.11707291626841336	0.05703727500826583	0.04081858301346048	0.04744538764610654	6.826982890888361	7.205456069712408	7.302597964813407	8.45605938392133	1.124238819785061	90.73372003087545
0.4917377485682074	0.01	0.01	0.01	0.007	0.01	0.751088709412898	0.11761145162908651	0.05704069369660857	0.0408192507874043	0.047437612404723974	7.472444607088301	7.766811160574812	7.788064004379659	8.992090206062919	1.1904486887816565	90.18230559207782
0.522495693545505	0.01	0.01	0.01	0.007	0.01	0.7666577413144862	0.11805643003761879	0.05704293403796861	0.040819886865450586	0.047432723916115214	8.166283280305674	8.359790621520471	8.299448173224675	9.555984177059765	1.2601724360073339	89.60127645155038
0.5551006374266567	0.01	0.01	0.01	0.007	0.01	0.7813314646576193	0.1184185315505211	0.05704438215974215	0.04082049605496608	0.04742973982154528	8.910467140118685	8.985218533400873	8.837758991953182	10.148734117105345	1.3335497369508595	88.98944369049129
0.5896542516340175	0.01	0.01	0.01	0.007	0.01	0.7950607110783808	0.11870848961698384	0.05704530936841735	0.04082108061241401	0.047427972020626756	9.706876663345714	9.643914153294306	9.404016221309611	10.771327196667745	1.4107205143382022	88.34560328602743
0.6262608249075804	0.01	0.01	0.01	0.007	0.01	0.8078070875298552	0.11893676190040403	0.057045900529774644	0.0408216415910697	0.04742695555518829	10.557226861792984	10.33664012389335	9.999201916244713	11.424690097406028	1.491818522802869	87.6685907542586
0.6650233207637181	0.01	0.01	0.01	0.007	0.01	0.8195432243425972	0.11911326046522588	0.05704627806814356	0.04082217950323309	0.04742638760611469	11.46295502603396	11.064024439284985	10.624189905340762	12.109610844581113	1.5769619564192323	86.95736054016017
0.7060387311027453	0.01	0.01	0.01	0.007	0.01	0.8302534003240315	0.11924714579530901	0.05704652104073234	0.04082269462679238	0.047426078280332976	12.425093476100843	11.826472473722431	11.27966735112619	12.826652635957698	1.6662429389289246	86.21107472616063
0.7493941714843445	0.01	0.01	0.01	0.007	0.01	0.8399346476757239	0.11934668029577679	0.05704667946097116	0.04082318715345272	0.04742591305469995	13.444165256863808	12.62409760550497	11.966072521101909	13.576086294482904	1.759719187820766	85.42917364539267
0.7951654697487345	0.01	0.01	0.01	0.007	0.01	0.8485980775684832	0.1194191338241365	0.05704678451330351	0.04082365728182388	0.047425825568999054	14.520148215011826	13.456702196207738	12.683575988496903	14.357870957811505	1.857411563655121	84.61139734797817
0.8434195773928576	0.01	0.01	0.01	0.007	0.01	0.856269847323592	0.11947073626368894	0.057046855505413004	0.040824105295583814	0.04742577888866372	15.652540600013978	14.323829597027084	13.432123489166692	15.171702286390305	1.9593099872213058	83.75773696378761
0.8942204992504178	0.01	0.01	0.01	0.007	0.01	0.8629910629661044	0.11950667590831734	0.05704690440609401	0.04082453162574169	0.04742575324270902	16.84051842816725	15.224875670352178	14.211531381551238	16.017117376039923	2.0653864886391338	82.86832599127757
0.9476371910807982	0.01	0.01	0.01	0.007	0.01	0.8688162746469783	0.11953114414319213	0.057046938703447306	0.0408249368848421	0.04742573841085553	18.08314149231141	16.159226194248987	15.021606547085334	16.89362484113689	2.175611550893314	81.9433033517892
1.0037513566437797	0.01	0.01	0.01	0.007	0.01	0.8738107333013054	0.11954742242770816	0.057046963155842886	0.040825321866243595	0.047425729248054355	19.37955156842873	17.12638006766321	15.862256495795323	17.80082238585142	2.2899690874677177	80.98268710421003
1.062664007396014	0.01	0.01	0.01	0.007	0.01	0.8780469871611606	0.1195580007099125	0.05704698084610694	0.04082568751593044	0.047425723194869276	20.72912998182349	18.126038062569876	16.73357197689063	18.738482636207042	2.40846764868026	79.9862789956224
1.1245004588209107	0.01	0.01	0.01	0.007	0.01	0.8816014216345408	0.1195647115490525	0.05704699381264113	0.040826034889379	0.04742571896502664	22.131603521200404	19.158152983669964	17.635878000991607	19.706603034368424	2.5311473049929964	78.95360457492816
1.1894142737478965	0.01	0.01	0.01	0.007	0.01	0.8845511859812121	0.11956886445094846	0.057047003429634646	0.040826365106370305	0.04742571588673778	23.587109292207984	20.222951752219814	18.569761894346136	20.70542936130004	2.6580833845561376	77.88387908259486
1.2575906516079447	0.01	0.01	0.01	0.007	0.01	0.8869717063839078	0.11957136872380343	0.05704701063971629	0.040826679310671715	0.04742571358535662	25.09622974914023	21.32093880374763	19.536086234533638	21.73546148461479	2.7893881350414196	76.77599017188018
1.3292499463154952	0.01	0.01	0.01	0.007	0.01	0.8889348299025296	0.11957283825708095	0.05704701609938933	0.04082697863839804	0.04742571183455824	26.660013103086772	22.452891934194895	20.53599632891091	22.797451670324875	2.9252116232978014	75.62848638494515
1.4046515288945953	0.01	0.01	0.01	0.007	0.01	0.8905075352795947	0.11957367600888318	0.05704702027201973	0.04082726419423067	0.04742571048692285	28.279983041670786	23.619852808518875	21.57092433682797	23.892397516324365	3.065742156144719	74.4395689093631
1.4840983718493106	0.01	0.01	0.01	0.007	0.01	0.891751124001783	0.11957413903373923	0.05704702348858087	0.04082753703469391	0.04742570944071526	29.958144349566616	24.823115996649992	22.64259377550066	25.02153317066047	3.211206726401986	73.20708221750333
1.5679421192575087	0.01	0.01	0.01	0.007	0.01	0.892720788754019	0.11957438654101996	0.05704702598806295	0.04082779815516427	0.04742570862297727	31.696976934811143	26.06421015641048	23.753019198742866	26.18631291362627	3.3618707713077773	71.92850943601391
1.6565880937908075	0.01	0.01	0.01	0.007	0.01	0.8934654740851655	0.11957451413017454	0.05704702794477617	0.04082804847715396	0.04742570798012415	33.49940467788874	27.34486085701705	24.904492040162737	27.38837731409015	3.518036016345588	70.6009826925936
1.7504974827096957	0.01	0.01	0.01	0.007	0.01	0.8940279510135416	0.1195745773431285	0.05704702948702402	0.040828288827336114	0.04742570747221303	35.36868349823549	28.66689523544034	26.099516759994852	28.629464648330494	3.6800315415195697	69.22134978775404
1.8501780438913338	0.01	0.01	0.01	0.007	0.01	0.8944450431552258	0.11957460732297315	0.057047030709982814	0.04082851988860842	0.04742570706919283	37.30804959538315	30.03197760141256	27.3405949126647	29.91116347199861	3.848184216477701	67.78641600683653
1.9561319561354051	0.01	0.01	0.01	0.007	0.01	0.8947479424269877	0.11957462086958705	0.05704703168455088	0.040828742062524216	0.047425706748369156	39.31957796844779	31.440796987627326	28.6295027714782	31.234150258606327	4.022720608706283	66.29377368097656
2.0686437554774204	0.01	0.01	0.01	0.007	0.01	0.8949625431544485	0.11957462666822326	0.05704703246311193	0.040828955052803206	0.047425706492761496	41.40027152034082	32.89035273933727	29.96478417750878	32.5956396408178	4.203427735312047	64.7447117366397
2.1870238890263685	0.01	0.01	0.01	0.007	0.01	0.8951097499197956	0.11957462900288995	0.057047033082462464	0.04082915672856081	0.04742570629030243	43.52917294463661	34.36513502063374	31.333436668780067	33.98109552075495	4.388530156953322	63.153916085133325
2.3080534270339648	0.01	0.01	0.01	0.007	0.01	0.895206290775664	0.11957462988271296	0.057047033566164314	0.0408293419918078	0.0474257061331411	45.64319113787063	35.820907220219425	32.69520614971359	35.34897835930416	4.572573697373011	61.5679184458811
2.4270441863322034	0.01	0.01	0.01	0.007	0.01	0.8952670668581527	0.11957463019977987	0.057047033935880086	0.040829507324604546	0.047425706013884385	47.661410278417954	37.202246400921425	33.99798018038285	36.64720045737327	4.748517933721997	60.04747165650099
2.5423038678631884	0.01	0.01	0.01	0.007	0.01	0.8953051604562487	0.11957463031497002	0.05704703422000862	0.04082965559703164	0.04742570592287908	49.5608048116732	38.49433245657988	35.226659656922955	37.86180071434576	4.914336331093978	58.61050986267624
2.6549125799556372	0.01	0.01	0.01	0.007	0.01	0.8953295336873144	0.11957463035834738	0.057047034444376844	0.040829790908334294	0.04742570585149691	51.36497857314455	39.71416516404033	36.39624585431674	39.008726326143346	5.072066550245622	57.23981413478356
2.766532933901815	0.01	0.01	0.01	0.007	0.01	0.895345466029319	0.11957463037519062	0.05704703462681904	0.0408299157689214	0.04742570579385268	53.10422891016556	40.8828507661217	37.5262014336381	40.10779949903995	5.224341880802972	55.912786084605
2.878361706629541	0.01	0.01	0.01	0.007	0.01	0.8953560094178485	0.11957463038182746	0.057047034778438976	0.040830031765294005	0.047425705746291125	54.798862924430416	42.014354250596526	38.62963406831262	41.172140756753485	5.372932856319424	54.61413132596713
2.9909178504584375	0.01	0.01	0.01	0.007	0.01	0.8953630072082996	0.11957463038444525	0.057047034906131264	0.04083013997868373	0.04742570570653286	56.45727770272212	43.1144286043436	39.71198009646635	42.2071546093071	5.518573084506099	53.33748619336031
3.1041867601419346	0.01	0.01	0.01	0.007	0.01	0.8953676385421853	0.11957463038547148	0.05704703501446447	0.040830241118877224	0.047425705673057955	58.079480244690956	44.183175327811306	40.77322689308767	43.21293112239677	5.661261678671025	52.082881741164165
3.217899022423894	0.01	0.01	0.01	0.007	0.01	0.8953706896629835	0.11957463038587085	0.05704703510680334	0.040830335712635925	0.04742570564474317	59.662018823792685	45.21844632539128	41.81108715437198	44.18744235071943	5.800692380978145	50.85304994983796
3.3317628296884663	0.01	0.01	0.01	0.007	0.01	0.895372692283077	0.11957463038602538	0.05704703518584853	0.040830424250583176	0.04742570562068898	61.20157799458818	46.218254620970754	42.82333646568957	45.12880969303156	5.936568512137104	49.6506769135289
3.445589083585264	0.01	0.01	0.01	0.007	0.01	0.8953740042216494	0.11957463038608511	0.057047035253851644	0.04083050722949589	0.047425705600150504	62.6966170567988	47.18182851291096	43.80889417933958	46.03629681286481	6.068747917013683	48.47711543429023
3.5593130231800796	0.01	0.01	0.01	0.007	0.01	0.8953748634136591	0.11957463038610817	0.05704703531269086	0.040830585129811484	0.047425705582510864	64.14742369945225	48.109605886400935	44.767873035940184	46.91030563596543	6.197249003571261	47.332310362024046
3.672955546845895	0.01	0.01	0.01	0.007	0.01	0.895375426397287	0.11957463038611703	0.05704703536390954	0.04083065838769698	0.04742570556726718	65.55539872495851	49.00273768898254	45.701120315269904	47.751909890010914	6.322188652769562	46.215330990185635
3.7865701128682074	0.01	0.01	0.01	0.007	0.01	0.8953757955420025	0.11957463038612048	0.057047035408756476	0.04083072738577506	0.04742570555401432	66.9222695875384	49.862566185992875	46.609704808427495	48.56236420066104	6.443713178236061	45.12497595867361
3.9002037067580217	0.01	0.01	0.01	0.007	0.01	0.8953760376934001	0.11957463038612182	0.057047035448236035	0.04083079245816935	0.04742570554242818	68.24958742879842	50.690302797034704	47.494584685157776	49.34280060330515	6.561953809063678	44.06016941514797
4.013880185970949	0.01	0.01	0.01	0.007	0.01	0.8953761965553497	0.1195746303861224	0.05704703548315735	0.040830853900038454	0.04742570553224887	69.53855708129946	51.486926988927884	48.35649251276626	50.09413304255033	6.677011398886635	43.020101226867205
4.127601284510746	0.01	0.01	0.01	0.007	0.01	0.8953763007604365	0.11957463038612264	0.057047035514179174	0.040830911976061965	0.04742570552326573	70.79009042600369	52.25322748155907	49.195968043277624	50.817095960259486	6.788960929495204	42.00419064844393
4.2413561445140795	0.01	0.01	0.01	0.007	0.01	0.8953763690969219	0.11957463038612266	0.057047035541844295	0.04083096692617947	0.04742570551530552	72.00494459954598	52.989893473474034	50.013448567136244	51.51233014371617	6.897863662882882	41.011979608192306
4.355131246614677	0.01	0.01	0.01	0.007	0.01	0.8953764139012966	0.1195746303861227	0.05704703556660549	0.040831018968839214	0.04742570550822481	73.1838436736248	53.6975915667649	50.80934966712333	52.1804552206568	7.003777948365144	40.04303595919295
4.468916570144467	0.01	0.01	0.01	0.007	0.01	0.8953764432727086	0.1195746303861227	0.05704703558884384	0.04083106830281909	0.047425705501903524	74.32754331701005	54.37700474372287	51.58410882099206	52.82210645050379	7.106765027585236	39.09690046558766
4.582707367873145	0.01	0.01	0.01	0.007	0.01	0.8953764625256986	0.1195746303861227	0.05704703560888142	0.04083111510867992	0.047425705496240415	75.43684203655344	55.02883766053274	52.338193528021485	53.437939767695134	7.206890092854774	38.173076315587394
4.696503052197346	0.01	0.01	0.01	0.007	0.01	0.8953764751457441	0.1195746303861227	0.05704703562699235	0.04083115955040448	0.047425705491150265	76.51256283990412	55.6538042874356	53.072089433810675	54.02862015412259	7.304220685045095	37.27104301518543
4.810304957398223	0.01	0.01	0.01	0.007	0.01	0.895376483417922	0.1195746303861227	0.05704703564340988	0.04083120177727628	0.04742570548656034	77.55552724317691	56.252611782731925	53.78628298621058	54.59480642866285	7.39882437666556	36.390277271678045
4.924114500907268	0.01	0.01	0.01	0.007	0.01	0.8953764888400919	0.1195746303861227	0.057047035658333405	0.04083124192573512	0.04742570548240947	78.56653693556007	56.82594967831392	54.48124899810551	55.13714102832633	7.49076711927567	35.530268195887565
5.0379322561523665	0.01	0.01	0.01	0.007	0.01	0.8953764923940788	0.1195746303861227	0.05704703567193421	0.04083128012099249	0.04742570547864489	79.54636634634872	57.374485896395434	55.157445463420046	55.65624622985352	7.580112560772138	34.69052379476675
5.151757816624726	0.01	0.01	0.01	0.007	0.01	0.8953764947234787	0.1195746303861227	0.05704703568435964	0.04083131647832851	0.04742570547522151	80.49576317336462	57.89886748933176	55.81531376665102	56.15272483248429	7.6669220796169855	33.87057087784971
5.265590195206385	0.01	0.01	0.01	0.007	0.01	0.8953764962501891	0.1195746303861227	0.05704703569573716	0.0408313511040784	0.047425705472100656	81.41545328234648	58.39972376380521	56.45528193064767	56.62716309956467	7.751255219587325	33.069951167282674
5.379428314135466	0.01	0.01	0.01	0.007	0.01	0.8953764972507763	0.1195746303861227	0.0570470357061778	0.04083138409642016	0.047425705469248625	82.30614559692256	58.877669210688076	57.07776792776948	57.08013352267017	7.83317012992029	32.28821725209426
5.493271238753945	0.01	0.01	0.01	0.007	0.01	0.8953764979065305	0.1195746303861227	0.057047035715777863	0.04083141554609627	0.04742570546663645	83.16853429460669	59.33330481184757	57.683181174752406	57.51219605359359	7.912723763640014	31.524930750481968
5.6071183358951515	0.01	0.01	0.01	0.007	0.01	0.8953764983362823	0.1195746303861227	0.05704703572462228	0.04083144553705167	0.04742570546423866	84.00330010810843	59.76721878973781	58.271923431454276	57.9238988108657	7.98997199620404	30.779661188494394
5.720969198534679	0.01	0.01	0.01	0.007	0.01	0.8953764986179169	0.1195746303861227	0.05704703573278517	0.04083147414706531	0.04742570546203328	84.81110977932755	60.17998636188553	58.84438841012933	58.31577784331284	8.0649695743938	30.051986496139772
5.83482358550019	0.01	0.01	0.01	0.007	0.01	0.8953764988024813	0.1195746303861227	0.057047035740332035	0.04083150144831612	0.04742570546000082	85.59261573753852	60.572169642939805	59.4009615310875	58.68835703258902	8.137770084901781	29.34149333091723
5.948681270678885	0.01	0.01	0.01	0.007	0.01	0.8953764989234305	0.1195746303861227	0.0570470357473203	0.04083152750792707	0.04742570545812421	86.34845527911409	60.94431733136026	59.94201931001533	59.042147789937076	8.208425875293974	28.647777886045176
6.062542050561471	0.01	0.01	0.01	0.007	0.01	0.8953764990026903	0.1195746303861227	0.05704703575380133	0.04083155238840512	0.047425705456388294	87.07925094894563	61.29696503089676	60.46792958877214	59.377649354970096	8.276988085815226	27.97044563549217
6.176405668834852	0.01	0.01	0.01	0.007	0.01	0.8953764990546296	0.1195746303861227	0.057047035759820564	0.04083157614806827	0.04742570545477991	87.78561039972233	61.630635322314085	60.97905138936393	59.69534885683231	8.343506632114599	27.30911156559043
6.290271861626107	0.01	0.01	0.01	0.007	0.01	0.8953764990886653	0.1195746303861227	0.0570470357654182	0.04083159884138521	0.04742570545328736	88.46812704958347	61.94583822648347	61.475735339845514	59.99572174755464	8.408030262642365	26.663399673021352
6.404140387669127	0.01	0.01	0.01	0.007	0.01	0.8953764991109685	0.1195746303861227	0.05704703577063042	0.0408316205192836	0.04742570545190001	89.12738058752836	62.243071576768074	61.9583239971395	60.27923214978894	8.470606602342341	26.032942588630483
6.5180110358494545	0.01	0.01	0.01	0.007	0.01	0.8953764991255834	0.1195746303861227	0.057047035775489405	0.04083164122943389	0.04742570545060867	89.76393731101459	62.52282130308624	62.4271520517703	60.54633312082886	8.531282180840288	25.417381350495518
6.631883617666048	0.01	0.01	0.01	0.007	0.01	0.8953764991351602	0.1195746303861227	0.057047035780024055	0.04083166101651168	0.04742570544940485	90.3783503693712	62.78556167061232	62.88254646460929	60.797466873524634	8.590102451778844	24.816365264873813
6.745757959692006	0.01	0.01	0.01	0.007	0.01	0.8953764991414355	0.1195746303861227	0.05704703578426048	0.0408316799224356	0.04742570544828151	90.97116001073772	63.03175552047872	63.3248266058539	61.0330649991452	8.647111812457895	24.229551764699593
6.859633918659893	0.01	0.01	0.01	0.007	0.01	0.8953764991455477	0.1195746303861227	0.05704703578822197	0.04083169798657308	0.04742570544723142	91.54289394337825	63.26185455604281	63.754304479914246	61.25354873397406	8.702353634526926	23.656606153586424
6.973511381463966	0.01	0.01	0.01	0.007	0.01	0.8953764991482422	0.1195746303861227	0.05704703579192952	0.04083171524593296	0.04742570544624898	92.09406760332236	63.476299584239094	64.17128488261359	61.459329183210805	8.755870285865988	23.097201437384424
7.087390219910136	0.01	0.01	0.01	0.007	0.01	0.8953764991500078	0.1195746303861227	0.057047035795402525	0.0408317317353613	0.04742570544532864	92.6251842100979	63.67552067641054	64.5760653971156	61.65080746757528	8.807703131807987	22.551018373203277
7.201270320883938	0.01	0.01	0.01	0.007	0.01	0.8953764991511647	0.1195746303861227	0.05704703579865798	0.040831747487687614	0.04742570544446547	93.13673519621909	63.85993747698319	64.96893667142952	61.82837501173334	8.857892572548295	22.01774514203961
7.315151586351525	0.01	0.01	0.01	0.007	0.01	0.8953764991519227	0.1195746303861227	0.05704703580171159	0.040831762533870775	0.0474257054436551	93.62920047122158	64.02995943975516	65.35018257374493	61.99241376364478	8.906478064757502	21.497077182245263
7.429033925818327	0.01	0.01	0.01	0.007	0.01	0.8953764991524195	0.1195746303861227	0.05704703580457772	0.04083177690313498	0.04742570544289366	94.10304864944777	64.18598604940013	65.72008032041519	62.14329639979997	8.953498139682734	20.988717059719647
7.54291723370277	0.01	0.01	0.01	0.007	0.01	0.895376499152745	0.1195746303861227	0.05704703580726931	0.04083179062310299	0.047425705442177384	94.55873722040482	64.32840702549929	66.07890055831692	62.28138651354218	8.998990415482027	20.492374401740527
7.65680143458992	0.01	0.01	0.01	0.007	0.01	0.8953764991529581	0.1195746303861227	0.05704703580979815	0.040831803719885394	0.04742570544150306	94.99671299011723	64.45760261014618	66.42690766083236	62.40703888452874	9.042991636635497	20.00776553517955
7.770686468147845	0.01	0.01	0.01	0.007	0.01	0.8953764991530979	0.1195746303861227	0.05704703581217516	0.040831816218189695	0.04742570544086765	95.41741225651515	64.57394376094264	66.76435981886834	62.52059965708541	9.085537687201612	19.534613403766144
7.884572266500912	0.01	0.01	0.01	0.007	0.01	0.8953764991531895	0.1195746303861227	0.057047035814410126	0.040831828141425754	0.04742570544026841	95.82126096765703	64.67779234350932	67.09150911616743	62.622406517891434	9.126663602167797	19.0726475094428
7.998458754229709	0.01	0.01	0.01	0.007	0.01	0.8953764991532495	0.1195746303861227	0.05704703581651216	0.04083183951179171	0.04742570543970292	96.20867496969969	64.76950135084448	67.4086016755561	62.712788899805425	9.166403587786501	18.621603755445246
8.112345878540966	0.01	0.01	0.01	0.007	0.01	0.8953764991532889	0.1195746303861227	0.05704703581848958	0.04083185035033868	0.04742570543916877	96.58006034508952	64.84941513693194	67.71587788173356	62.79206820024873	9.204791051406238	18.18122417795286
8.226233586640552	0.01	0.01	0.01	0.007	0.01	0.8953764991533145	0.1195746303861227	0.05704703582034991	0.040831860677054785	0.04742570543866399	96.93581355893447	64.91786959801634	68.01357244970015	62.86055794851125	9.241858611861538	17.751256894790867
8.340121833276104	0.01	0.01	0.01	0.007	0.01	0.8953764991533314	0.1195746303861227	0.057047035822100425	0.04083187051092928	0.04742570543818663	97.2763217072908	64.97519237686372	68.30191457686517	62.91856399582903	9.27763812034226	17.331455934955628
8.454010588279811	0.01	0.01	0.01	0.007	0.01	0.8953764991533425	0.1195746303861227	0.05704703582374744	0.04083187987001057	0.04742570543773486	97.60196275431451	65.02170305807142	68.58112808844695	62.96638469709519	9.312160680335019	16.921581075388453
8.567899791313	0.01	0.01	0.01	0.007	0.01	0.8953764991533497	0.1195746303861227	0.05704703582529685	0.04083188877148757	0.04742570543730717	97.91310561796925	65.05771334065811	68.85143145325982	63.004311069372726	9.345456651532544	16.521397867908476
8.681789419749508	0.01	0.01	0.01	0.007	0.01	0.8953764991533544	0.1195746303861227	0.05704703582675428	0.04083189723170788	0.04742570543690195	98.21011057280172	65.08352725137304	69.11303807305131	63.032626992807636	9.377555687507549	16.130677263085797
8.79567942079227	0.01	0.01	0.01	0.007	0.01	0.8953764991533575	0.1195746303861227	0.05704703582812492	0.040831905266262576	0.04742570543651779	98.49332926813499	65.09944130434904	69.36615624133732	63.05160935628293	9.408486732551372	15.74919572012711
8.909569771814452	0.01	0.01	0.01	0.007	0.01	0.8953764991533595	0.1195746303861227	0.05704703582941321	0.04083191289000032	0.04742570543615368	98.7631050868978	65.1057446935481	69.61098940073316	63.061528238526996	9.438278055193186	15.376734872510106
9.023460450189015	0.01	0.01	0.01	0.007	0.01	0.8953764991533608	0.1195746303861227	0.057047035830623885	0.04083192011708605	0.0474257054358081	99.0197732583799	65.10271945669568	69.84773618631986	63.06264705923908	9.466957255371565	15.013081510686817
9.137351425746008	0.01	0.01	0.01	0.007	0.01	0.8953764991533616	0.1195746303861227	0.0570470358317607	0.040831926961044845	0.047425705435480275	99.26366103493856	65.09064064709625	70.07659052415268	63.05522273849516	9.494551278415097	14.65802748366897
9.25124267585799	0.01	0.01	0.01	0.007	0.01	0.8953764991533624	0.1195746303861227	0.05704703583282745	0.040831933434789636	0.04742570543516906	99.49508791382445	65.06977649985454	70.2977417733082	63.03950585172621	9.521086434235674	14.311369532128056
9.365134170354606	0.01	0.01	0.01	0.007	0.01	0.8953764991533628	0.1195746303861227	0.057047035833827836	0.04083193955066521	0.047425705434873434	99.71436578823497	65.0403885961224	70.51137480362523	63.01574078184084	9.546588408701616	13.972909219518465
9.479025886608081	0.01	0.01	0.01	0.007	0.01	0.895376499153363	0.1195746303861227	0.057047035834765	0.040831945320471054	0.04742570543459264	99.92179915705664	65.0027320191827	70.71767013053572	62.984165864755106	9.571082281830666	13.642452772953398
9.59291780953329	0.01	0.01	0.01	0.007	0.01	0.8953764991533631	0.1195746303861227	0.05704703583564213	0.04083195075549121	0.04742570543432589	100.1176852958397	64.95705550682877	70.91680401570336	62.94501353095478	9.59459254179088	13.319810975297347
9.706809924045027	0.01	0.01	0.01	0.007	0.01	0.8953764991533633	0.1195746303861227	0.05704703583646165	0.040831955866526465	0.04742570543407233	100.30231441208426	64.90360160411613	71.10894855291014	62.89851044720165	9.617143097125755	13.004799080290462
9.820702199972414	0.01	0.01	0.01	0.007	0.01	0.8953764991533634	0.1195746303861227	0.05704703583722656	0.04083196066392873	0.04742570543383135	100.47596978994116	64.84260682000084	71.29427174236253	62.84487766170548	9.638757287638972	12.69723674724132
9.934594622230065	0.01	0.01	0.01	0.007	0.01	0.8953764991533634	0.1195746303861227	0.05704703583793916	0.0408319651576085	0.04742570543360222	100.63892800203156	64.77430175762936	71.4729376375973	62.784330726048545	9.659457903720567	12.396947854596014
10.048487183275352	0.01	0.01	0.01	0.007	0.01	0.8953764991533634	0.1195746303861227	0.05704703583860179	0.040831969357061654	0.04742570543338429	100.7914590517162	64.69891125579373	71.64510642365146	62.71707982638604	9.679267197500446	12.103760423357302
10.162379868022795	0.01	0.01	0.01	0.007	0.01	0.8953764991533634	0.1195746303861227	0.05704703583921651	0.0408319732714	0.047425705433177166	100.93382650703259	64.61665453584719	71.81093448504929	62.643329919597946	9.698206892853426	11.817506558546965
10.27627266138687	0.01	0.01	0.01	0.007	0.01	0.8953764991533634	0.1195746303861227	0.05704703583978542	0.04083197690936596	0.04742570543298033	101.06628766433977	64.52774533245946	71.97057450774905	62.56328085501877	9.716298199301987	11.538022332642779
10.390165570910517	0.01	0.01	0.01	0.007	0.01	0.8953764991533634	0.1195746303861227	0.057047035840310546	0.040831980279339056	0.04742570543279307	101.18909371997779	64.43239200540825	72.12417559640957	62.477127478817145	9.733561827512437	11.265147638323624
10.504058573965324	0.01	0.01	0.01	0.007	0.01	0.8953764991533634	0.1195746303861227	0.057047035840793445	0.04083198338938346	0.04742570543261504	101.30248985532035	64.33079771024639	72.27188328675332	62.38505979143977	9.750017992918304	10.998726225367005
10.61795164792283	0.01	0.01	0.01	0.007	0.01	0.8953764991533634	0.1195746303861227	0.05704703584123581	0.040831986247247785	0.047425705432445835	101.4067154169442	64.2231605024855	72.41383967349347	62.287263045175244	9.765686432418383	10.738605534698639
10.73184477769738	0.01	0.01	0.01	0.007	0.01	0.8953764991533634	0.1195746303861227	0.05704703584163919	0.04083198886037559	0.047425705432285005	101.50200406044338	64.10967345200736	72.55018350038561	62.183917850632106	9.78058641663244	10.484636594667547
10.845737970831857	0.01	0.01	0.01	0.007	0.01	0.8953764991533634	0.1195746303861227	0.05704703584200512	0.04083199123591145	0.04742570543213214	101.58858389303066	63.99052474430003	72.6810502547044	62.07520027106009	9.794736762509281	10.236673905505903
10.959631219783436	0.01	0.01	0.01	0.007	0.01	0.8953764991533634	0.1195746303861227	0.057047035842334906	0.04083199338073678	0.04742570543198693	101.66667757225885	63.865897833790015	72.80657219881331	61.96128196414548	9.808155839064725	9.994575441155947
11.073524509466429	0.01	0.01	0.01	0.007	0.01	0.8953764991533634	0.1195746303861227	0.057047035842629844	0.040831995301478484	0.04742570543184899	101.73650244462641	63.73597155263741	72.92687845730833	61.84233028332724	9.820861579227206	9.75820254860341
11.187417832337992	0.01	0.01	0.01	0.007	0.01	0.8953764991533634	0.1195746303861227	0.057047035842891176	0.040831997004511726	0.04742570543171803	101.79827068138447	63.600920205364446	73.04209510758326	61.718508366012415	9.832871491898628	9.527419836497952
11.301311195940997	0.01	0.01	0.01	0.007	0.01	0.8953764991533634	0.1195746303861227	0.057047035843119966	0.04083199849596755	0.047425705431593766	101.85218940170279	63.46091366624203	73.15234525748839	61.58997522416958	9.84420267249437	9.302095084808325
11.415204592732593	0.01	0.01	0.01	0.007	0.01	0.8953764991533634	0.1195746303861227	0.05704703584331737	0.040831999781761635	0.04742570543147586	101.89846077606842	63.31611752112175	73.25774908538878	61.45688587571678	9.854871809577995	9.082099230249506
11.529098000084195	0.01	0.01	0.01	0.007	0.01	0.8953764991533634	0.1195746303861227	0.057047035843484264	0.04083200086760397	0.04742570543136407	101.93728214824635	63.166693174118286	73.35842391226547	61.319391443760914	9.864895194881058	8.867306288855563
11.64299142553867	0.01	0.01	0.01	0.007	0.01	0.8953764991533634	0.1195746303861227	0.057047035843621835	0.040832001758982585	0.047425705431258125	101.96884616521528	63.012797889498316	73.45448430922703	61.17763919610466	9.874288736674075	8.657593198207339
11.75688486909602	0.01	0.01	0.01	0.007	0.01	0.8953764991533634	0.1195746303861227	0.05704703584373072	0.04083200246119416	0.04742570543115782	101.99334087209117	62.854584937552985	73.54604212752331	61.031772680333695	9.8830679652641	8.452839820668457
11.870778315670515	0.01	0.01	0.01	0.007	0.01	0.8953764991533634	0.1195746303861227	0.057047035843811954	0.04083200297935773	0.04742570543106305	102.01094982242208	62.692203703307676	73.63320655858459	60.88193182484055	9.891248041601683	8.252928885983048
11.984671765262158	0.01	0.01	0.01	0.007	0.01	0.8953764991533634	0.1195746303861227	0.057047035843866195	0.04083200331840506	0.047425705430973256	102.0218521908756	62.52579973861221	73.71608422086364	60.728252987572674	9.898843768311167	8.0577458698989
12.098565202785217	0.01	0.01	0.01	0.007	0.01	0.8953764991533634	0.1195746303861227	0.0570470358438943	0.04083200348310605	0.047425705430888636	102.02622287220827	62.35551489688409	73.7947791978211	60.57086908100207	9.905869596018105	7.867178981611394
12.212458635782557	0.01	0.01	0.01	0.007	0.01	0.8953764991533634	0.1195746303861227	0.057047035843896934	0.04083200347805362	0.0474257054308088	102.0242325850547	62.18148736697435	73.86939312435453	60.40990960393329	9.912339634070037	7.6811190358809815
12.32635206425418	0.01	0.01	0.01	0.007	0.01	0.8953764991533634	0.1195746303861227	0.05704703584387478	0.04083200330768846	0.04742570543073343	102.016047967541	62.00385180452996	73.94002522287346	60.24550076335343	9.918267656595841	7.499459442500311
12.440245480657223	0.01	0.01	0.01	0.007	0.01	0.8953764991533634	0.1195746303861227	0.057047035843828385	0.04083200297630645	0.04742570543066261	102.00183167595638	61.822739418667474	74.00677236156197	60.07776555504657	9.923667110604908	7.322096143754842
12.554138892534548	0.01	0.01	0.01	0.007	0.01	0.8953764991533634	0.1195746303861227	0.057047035843758476	0.04083200248805066	0.047425705430596016	101.98174247641477	61.6382780195126	74.06972912333703	59.9068238079262	9.928551124805768	7.148927519435246
12.668032292343293	0.01	0.01	0.01	0.007	0.01	0.8953764991533634	0.1195746303861227	0.05704703584366555	0.04083200184693568	0.04742570543053361	101.95593534067393	61.450592147602094	74.12898784241874	59.73279230417421	9.932932515721042	6.979854375627845
12.7819256725406	0.01	0.01	0.01	0.007	0.01	0.8953764991533634	0.1195746303861227	0.057047035843550295	0.040832001056844154	0.04742570543047523	101.92456153525515	61.25980313001615	74.18463866686969	59.55578483153705	9.936823795868593	6.814779863595762
12.895819018040761	0.01	0.01	0.01	0.007	0.01	0.8953764991533634	0.1195746303861227	0.05704703584341281	0.04083200012153678	0.04742570543042064	101.88776871173155	61.066029170847095	74.2367696069291	59.375912267426	9.940237180737503	6.653609434898593
13.009712343929493	0.01	0.01	0.01	0.007	0.01	0.8953764991533634	0.1195746303861227	0.05704703584325396	0.040831999044634346	0.04742570543036982	101.84570097926748	60.86938536225043	74.28546660215335	59.193282589277146	9.943184596857273	6.496250734541476
13.123605650206802	0.01	0.01	0.01	0.007	0.01	0.8953764991533634	0.1195746303861227	0.05704703584307403	0.040831997829650295	0.04742570543032265	101.79849900115713	60.669983834460716	74.33081354887335	59.0080010138907	9.945677687145041	6.342613613387838
13.237498936872688	0.01	0.01	0.01	0.007	0.01	0.8953764991533634	0.1195746303861227	0.05704703584287339	0.04083199647998606	0.04742570543027879	101.74630007272847	60.46793380293834	74.3728923559507	58.82017004132943	9.947727818149522	6.192610054384816
13.351392188841455	0.01	0.01	0.01	0.007	0.01	0.8953764991533634	0.1195746303861227	0.05704703584265266	0.040831994998944694	0.04742570543023836	101.68923820897936	60.26334166613008	74.41178298684326	58.629889545833905	9.949346086402738	6.046154141305342
13.465285406113113	0.01	0.01	0.01	0.007	0.01	0.8953764991533634	0.1195746303861227	0.0570470358424121	0.04083199338971692	0.04742570543020109	101.62744420855859	60.05631102071291	74.44756351661036	58.437256790011375	9.950543325340986	5.903161969820215
13.579178603773364	0.01	0.01	0.01	0.007	0.01	0.8953764991533634	0.1195746303861227	0.05704703584215193	0.040831991655384293	0.04742570543016707	101.56104572662396	59.84694272713086	74.48031017464044	58.242366485722904	9.951330111254965	5.763551601749837
13.693071766736525	0.01	0.01	0.01	0.007	0.01	0.8953764991533634	0.1195746303861227	0.05704703584187259	0.0408319897989517	0.04742570543013616	101.49016737519275	59.63533505825076	74.51009737521166	58.045310932394024	9.951716769037931	5.627243073809262
13.806964910088288	0.01	0.01	0.01	0.007	0.01	0.8953764991533634	0.1195746303861227	0.057047035841574514	0.040831987823313286	0.04742570543010825	101.4149307604814	59.42158365249267	74.53699777758308	57.84617997332898	9.951713378546934	5.49415827779244
13.920858018742976	0.01	0.01	0.01	0.007	0.01	0.8953764991533634	0.1195746303861227	0.05704703584125779	0.04083198573129341	0.04742570543008304	101.3354545911863	59.205781688417936	74.5610823118984	57.6450611582135	9.951329780195511	5.364220988076151
14.0347510927006	0.01	0.01	0.01	0.007	0.01	0.8953764991533634	0.1195746303861227	0.05704703584092286	0.04083198352562203	0.047425705430060645	101.2518547190919	58.98801986149456	74.58242023153437	57.44203972139695	9.950575580742425	5.237356764008154
14.148644131961168	0.01	0.01	0.01	0.007	0.01	0.8953764991533634	0.1195746303861227	0.05704703584056999	0.04083198120894649	0.047425705430041015	101.16424421562408	58.76838647154561	74.60107914872047	57.23719866324909	9.949460158743856	5.113492925529844
14.262537136524692	0.01	0.01	0.01	0.007	0.01	0.8953764991533634	0.1195746303861227	0.057047035840199316	0.04083197878383596	0.047425705430024015	101.07273343771374	58.54696748089767	74.6171250733581	57.030618804240014	9.94799266995228	4.992558511535989
14.376430106391183	0.01	0.01	0.01	0.007	0.01	0.8953764991533634	0.1195746303861227	0.05704703583981125	0.04083197625278275	0.04742570543000953	100.97743009210215	58.32384657114511	74.63062245092156	56.822378837734014	9.946182052587664	4.874484239219324
14.490323041560652	0.01	0.01	0.01	0.007	0.01	0.8953764991533634	0.1195746303861227	0.0570470358394058	0.04083197361820616	0.04742570542999746	100.8784392981253	58.099105198563045	74.6416341994627	56.61255538152776	9.944037032483987	4.759202464376699
14.604215934490282	0.01	0.01	0.01	0.007	0.01	0.8953764991533634	0.1195746303861227	0.05704703583898322	0.040831970882459226	0.04742570542998792	100.77586365592263	57.872822663236335	74.65022174525042	56.40122304220696	9.941566128288265	4.646647150019457
14.718108792722914	0.01	0.01	0.01	0.007	0.01	0.8953764991533634	0.1195746303861227	0.05704703583854385	0.04083196804781716	0.04742570542998075	100.66980328601174	57.64507611694777	74.65644505982422	56.18845442231423	9.93877765588529	4.536753806090458
14.832001623801379	0.01	0.01	0.01	0.007	0.01	0.8953764991533634	0.1195746303861227	0.05704703583808789	0.04083196511648968	0.04742570542997579	100.56035590016316	57.41594064422035	74.66036269251971	55.974320195818905	9.935679733410392	4.429459468304794
14.945894420182862	0.01	0.01	0.01	0.007	0.01	0.8953764991533634	0.1195746303861227	0.057047035837615265	0.04083196209063226	0.04742570542997305	100.44761687366184	57.18548934329488	74.66203180405829	55.758889183586966	9.932280286401282	4.3247026757490294
15.059787174324558	0.01	0.01	0.01	0.007	0.01	0.8953764991533634	0.1195746303861227	0.05704703583712644	0.04083195897233885	0.047425705429972466	100.33167928759303	56.95379334533058	74.66150820063608	55.542228371133355	9.928587052052844	4.2224234206182105
15.173679886226484	0.01	0.01	0.01	0.007	0.01	0.8953764991533634	0.1195746303861227	0.057047035836621414	0.040831955763639634	0.047425705429974076	100.21263397517995	56.720921846849905	74.65884636569574	55.32440293871978	9.924607583397226	4.122563107336812
15.287572563431466	0.01	0.01	0.01	0.007	0.01	0.8953764991533634	0.1195746303861227	0.05704703583610024	0.040831952466502786	0.047425705429977726	100.09056957383753	56.48694215614727	74.65409949050583	55.10547630450193	9.920349253560442	4.025064519798461
15.401465213482323	0.01	0.01	0.01	0.007	0.01	0.8953764991533634	0.1195746303861227	0.057047035835563094	0.040831949082841136	0.04742570542998344	99.96557258443124	56.25191975424684	74.64731950456797	54.88551018130373	9.915819260232174	3.929871795572267
15.515357828836255	0.01	0.01	0.01	0.007	0.01	0.8953764991533634	0.1195746303861227	0.057047035835010265	0.040831945614523704	0.04742570542999109	99.83772743906697	56.01591837087105	74.63855710677362	54.66456464747965	9.91102463047188	3.8369304060288303
15.629250409493272	0.01	0.01	0.01	0.007	0.01	0.8953764991533634	0.1195746303861227	0.05704703583444169	0.04083194206336311	0.04742570543000067	99.70711652614744	55.77899998145063	74.62786179351417	54.44269814388161	9.905972223903754	3.746187105808496
15.743142947910583	0.01	0.01	0.01	0.007	0.01	0.8953764991533634	0.1195746303861227	0.0570470358338576	0.040831938431126806	0.047425705430012004	99.57382025552047	55.541224880861705	74.61528188826	54.21996754264214	9.900668737304157	3.657589914648248
15.857035444088202	0.01	0.01	0.01	0.007	0.01	0.8953764991533634	0.1195746303861227	0.05704703583325798	0.04083193471952953	0.04742570543002526	99.43791708826586	55.302651693519486	74.60086456789789	53.9964281563732	9.89512070779236	3.5710880755912355
15.970927898026147	0.01	0.01	0.01	0.007	0.01	0.8953764991533634	0.1195746303861227	0.05704703583264301	0.04083193093023879	0.04742570543004035	99.29948359106248	55.06333742947742	74.58465589035626	53.77213379044855	9.88933451690978	3.486632032135744
16.0	0.01	0.01	0.01	0.007	0.01	0.8953764991533634	0.1195746303861227	0.057047035832483585	0.040831936415744945	0.04742570543004446	99.26375081231565	55.00213822110101	74.58023692389605	53.71476594412494	9.887820136044134	3.4653957414025744
