0.0	0.01	0.01	0.01	0.007	0.01	0.0	0.0	0.0	0.0	0.0	0.0	0.0	0.0	0.0	0.0	100.0
0.0034518711211785832	0.01	0.01	0.01	0.007	0.01	0.012187411470160512	0.0033977926337657393	0.003705088063994016	0.003910831502422838	0.004150231190716592	0.0007316651473182635	0.001099771710341965	0.002309345098942989	0.0038499914359401617	0.00045549341249323684	99.9358783133572
0.00546894191389301	0.01	0.01	0.01	0.007	0.01	0.019241138559414325	0.005335496854531367	0.0057400259920523935	0.006004189820131039	0.006470924099069795	0.0018313575008244679	0.002742925259734995	0.005708427707618774	0.009455295533951765	0.0011307884986821795	99.89842839900865
0.008538176889310816	0.01	0.01	0.01	0.007	0.01	0.029879189836392255	0.008218058437639777	0.00866381611949582	0.00894156776667258	0.009862482845246765	0.00444445596701805	0.006620879384539325	0.013595379275131911	0.022304019429084627	0.002710704556677204	99.84147041658996
0.011340741578186996	0.01	0.01	0.01	0.007	0.01	0.03949361505647948	0.010782299887563542	0.011162081735371778	0.011383396010667072	0.01282041576652631	0.007810161433170964	0.011577941098888503	0.02348943699299343	0.038209822841347704	0.004711204179637561	99.78948959062079
0.014601839655189996	0.01	0.01	0.01	0.007	0.01	0.050562971791869284	0.013686707288404251	0.013876721767485256	0.013962701161394694	0.016107135938664596	0.012888596144750013	0.01899855501191129	0.038016599771617435	0.061251536469897706	0.007677520272617342	99.72903814048371
0.017910200320383485	0.01	0.01	0.01	0.007	0.01	0.06166435634160239	0.016548355938397135	0.01643366684410454	0.01631870900932051	0.019284388587293564	0.01930104833858243	0.02828932716813061	0.05583554087068611	0.08912066840694025	0.01135544399630925	99.66774799758029
0.021473715416339155	0.01	0.01	0.01	0.007	0.01	0.07347895816390643	0.019537932773511537	0.018982118497134277	0.018592741501770586	0.02254595112199702	0.02760796957031106	0.040219174160643745	0.07823832659937212	0.1236666245553156	0.016033372151456796	99.60177304163729
0.025168369530916453	0.01	0.01	0.01	0.007	0.01	0.08557370027819351	0.022539065357955315	0.021416325471061287	0.020692415872691328	0.025769615059850835	0.0377308773470932	0.054623311817613644	0.10470399190661071	0.1638966281633702	0.021629775120153807	99.53341628849967
0.02905310237283369	0.01	0.01	0.01	0.007	0.01	0.09812307916035576	0.025590000767351292	0.023765735310007932	0.022648470039870243	0.029005475093642197	0.050006926754595754	0.07192480341300983	0.13579265456105358	0.21048120596791833	0.028294135041281976	99.46159338321306
0.033092499103387796	0.01	0.01	0.01	0.007	0.01	0.11099234289818999	0.02865254631689692	0.025999482768820453	0.0244406568616377	0.03222300495020526	0.06451736327442772	0.09217357377527476	0.17135889867268375	0.2630181570301359	0.03603231274545656	99.38696593651287
0.037304946862039286	0.01	0.01	0.01	0.007	0.01	0.12422048170266381	0.031731208146915706	0.028121580990252578	0.02607890611977706	0.03543609177677179	0.08151291298779609	0.11564881643238285	0.2116506591630976	0.3216975526730673	0.044940322232837504	99.30920103256616
0.04168260557045178	0.01	0.01	0.01	0.007	0.01	0.13776226877269473	0.03481068763673007	0.030122944531748963	0.027563203602411327	0.03863134680515873	0.10115531418049875	0.14249543482958663	0.2566624036714846	0.38633950528871286	0.05506401442217506	99.22845068472996
0.0462336123245412	0.01	0.01	0.01	0.007	0.01	0.15162197650171727	0.03788747171762407	0.032003924827598076	0.028901264746230847	0.04179153939991616	0.12367601192401469	0.1729438951069472	0.3065191798545351	0.456960900068581	0.06648001438258878	99.14457236717514
0.0509605085180378	0.01	0.01	0.01	0.007	0.01	0.16578544713536175	0.040953987499322865	0.033763193805560365	0.030099702377720236	0.04486424570600063	0.14929079835219394	0.2071915695660733	0.3612741711700948	0.5334824272544583	0.07924362476136904	99.05752734647203
0.05586998394179117	0.01	0.01	0.01	0.007	0.01	0.18024994132095587	0.04400533404469943	0.035401943076269586	0.031166947673307233	0.04775285885236142	0.17824620876091476	0.2454649036627185	0.421012821389957	0.6158788458312549	0.09339896703601067	98.96720106504989
0.06093217931404778	0.01	0.01	0.01	0.007	0.01	0.19490631894378252	0.04701511293595598	0.036911639917746895	0.03210544175153273	0.05029393905061481	0.2105595335632336	0.28767944338793133	0.4853374177912758	0.703479203889874	0.10883610462754716	98.87415123436513
0.06609721620341454	0.01	0.01	0.01	0.007	0.01	0.20959512052196702	0.04994947705567975	0.03828390832285122	0.03291874570156877	0.05231472245824441	0.2460463018701969	0.33349301299165907	0.5535027152866973	0.7951879685644551	0.1253034628919233	98.77930121064315
0.07142833150997545	0.01	0.01	0.01	0.007	0.01	0.22448022605641854	0.052840057353036686	0.03954192114186828	0.033628711728259604	0.05373803674046846	0.28528239551612544	0.38354147963992374	0.626233634692381	0.8919113077920993	0.1428517778343552	98.68149677012003
0.07701267587444521	0.01	0.01	0.01	0.007	0.01	0.23977730105701006	0.05572446738977136	0.0407068303158377	0.034253523945566626	0.0545514391769588	0.329159714204876	0.4388234859524506	0.704695585491857	0.9950986778189821	0.161598583118531	98.57915044548542
0.0828722258981544	0.01	0.01	0.01	0.007	0.01	0.2555099259023932	0.05860085001306591	0.041780936270061464	0.03479972285384878	0.05480290417504067	0.3781832959633258	0.49980592118403744	0.7892149606226327	1.105062113959531	0.18143598362231642	98.47187444680732
0.08894247172195714	0.01	0.01	0.01	0.007	0.01	0.27147145073961026	0.06142668432622702	0.042753373566038644	0.035267492791499905	0.054605889531599436	0.4321133444028256	0.5660176426508443	0.8788291353502391	1.220462374728641	0.20196760418441817	98.36086416306523
0.09523165397639621	0.01	0.01	0.01	0.007	0.01	0.2876547431728106	0.06419785291484739	0.0436295981065771	0.03566541541315482	0.054097170510001846	0.4912770823582659	0.6376893303978142	0.9735796839106976	1.34130006794523	0.22307239202189919	98.2459820506863
0.1018065823448719	0.01	0.01	0.01	0.007	0.01	0.3041966233410777	0.0669338435411218	0.04442175401786677	0.03600426836503955	0.05338611230152233	0.5566127523863164	0.7157599740476966	1.0744105266826471	1.4687226474136788	0.2448575917213324	98.12602378098568
0.10872199026983911	0.01	0.01	0.01	0.007	0.01	0.321189109293081	0.06964395895937156	0.0451371916459571	0.03629171284273233	0.05255310752632071	0.6290684100126818	0.8011227077997507	1.1821260406488334	1.6036769802013318	0.2674094369774955	98.00001156826433
0.11602038097205085	0.01	0.01	0.01	0.007	0.01	0.3386820042339873	0.07232897666816646	0.04578028541015368	0.03653360009653412	0.05165686436842087	0.7095712922688578	0.8945879034279728	1.2973609709177258	1.7468852163100308	0.29078732589919143	97.86719617301836
0.12372868406462988	0.01	0.01	0.01	0.007	0.01	0.3566784275471461	0.07498173823202822	0.0463536323439361	0.036734767124189674	0.05074093493780862	0.7989569038084343	0.996803892392799	1.4205056074354345	1.8987654032937313	0.3150118747774534	97.7271166750826
0.13187040681559062	0.01	0.01	0.01	0.007	0.01	0.37516666873907756	0.07759297972887665	0.04685999332819339	0.0368998709262579	0.049836582090542786	0.8980767846030349	1.1083854195944467	1.5518850305534426	2.0596637826586575	0.34010364866312115	97.57937855853919
0.14047003488601592	0.01	0.01	0.01	0.007	0.01	0.3941308192934262	0.08015322164084535	0.047302737623297425	0.03703349585122045	0.04896556225648744	1.0078450115458795	1.229963930743478	1.6918275108576257	2.229941371247135	0.3660953018326626	97.42357391107338
0.14955656337764348	0.01	0.01	0.01	0.007	0.01	0.41355792468990693	0.08265383266656644	0.047685909533307924	0.037140097759299724	0.04814237702295869	1.1292875824170931	1.362236270426426	1.8407231955403778	2.410044800847589	0.393040167444494	97.25921808620208
0.15916336694591512	0.01	0.01	0.01	0.007	0.01	0.43343625739168284	0.08508676394930641	0.048014007829595716	0.037223873886568205	0.04737631725215459	1.2635519982759145	1.5059659137404424	1.999024310655251	2.600504310875991	0.4210096069163435	97.08575313120832
0.16932840488989698	0.01	0.01	0.01	0.007	0.01	0.4537542765624231	0.0874444239145737	0.04829182361017016	0.03728868159229509	0.046672903412669456	1.4119211560898652	1.6619878657812976	2.167250052973612	2.801937420138828	0.4500918381561245	96.90254529161598
0.18009379709992498	0.01	0.01	0.01	0.007	0.01	0.4744983041772166	0.08971945492405545	0.04852429380356002	0.037337986632962464	0.04603493275891776	1.5758178017896358	1.8312026896184554	2.345980436147876	3.0150393342109942	0.4803893362708214	96.70889401228148
0.19150564802338005	0.01	0.01	0.01	0.007	0.01	0.49565085305605666	0.09190466320148237	0.048716397604178556	0.037374841980944276	0.04546317610324329	1.756810691044351	2.014572250221482	2.5358536241148277	3.2405776409335765	0.5120173146021834	96.50403656362516
0.20361362117878534	0.01	0.01	0.01	0.007	0.01	0.517188648201912	0.09399298221518002	0.04887306780582459	0.03740188510236449	0.04495686270429618	1.9566148550547147	2.2131096437210322	2.7375587227714515	3.4793815814214852	0.5451017444020066	96.28715726318
0.21647049158188772	0.01	0.01	0.01	0.007	0.01	0.5390808883236853	0.09597752831661564	0.04899911375774263	0.037421350052050634	0.0445140108006797	2.177088470860958	2.4278667363511923	2.9518279135146934	3.732330525804059	0.57977748864867	96.0573971693864
0.23013158529227476	0.01	0.01	0.01	0.007	0.01	0.561287658974072	0.09785172613755944	0.04909914351040975	0.03743509001998841	0.044131665334311274	2.420224220692979	2.659918016580034	3.17942650829005	4.00033996478503	0.6161862202558384	95.81386585289013
0.24465431587565517	0.01	0.01	0.01	0.007	0.01	0.5837589196611604	0.09960952206072546	0.04917747918548804	0.0374446078608043	0.04380607830196613	2.6881382184348808	2.910344603852389	3.4211444305593717	4.28434922568282	0.6544746223777206	95.55565147350806
0.26009783786729074	0.01	0.01	0.01	0.007	0.01	0.6064340821802158	0.10124565368136551	0.04923806449830676	0.037451092270826575	0.043532866149320094	2.9830570467193924	3.180219450438851	3.677789366381302	4.585311322636924	0.6947928491539366	95.28182882204969
0.27652242271938476	0.01	0.01	0.01	0.007	0.01	0.6292416160386385	0.1027559053392579	0.049284377713925964	0.03745545774617289	0.04330717024760759	3.3072953245505685	3.470587428065862	3.950174892351344	4.9041772915595825	0.73729218659741	94.99147231588451
0.2939880018142149	0.01	0.01	0.01	0.007	0.01	0.6520981540433602	0.10413730882266277	0.049319377176867525	0.037458386671022983	0.04312382679346042	3.663210997084095	3.7824305360770976	4.23909441189304	5.241864507219512	0.782120536063792	94.68368359326115
0.31255269474344655	0.01	0.01	0.01	0.007	0.01	0.6749085460743321	0.10538837406962756	0.04934550324347639	0.03746037167636311	0.04297752992643714	4.053152289000785	4.116632908465118	4.5452947856982195	5.59922530350241	0.8294179170071801	94.35761896751251
0.3322736841957777	0.01	0.01	0.01	0.007	0.01	0.6975694696165557	0.10650942482968379	0.04936473332892462	0.037461755977570455	0.04286298124221462	4.479448625642307	4.473989643608786	4.869488760288528	5.977061236825248	0.8793179563726775	94.01247537521182
0.35321082739468995	0.01	0.01	0.01	0.007	0.01	0.7199756483326556	0.10750286741700898	0.04937866019345249	0.03746276963063155	0.04277504430213052	4.94446492533875	4.855268845142667	5.2124118885071855	6.376188994327142	0.9319561231837795	93.64742902451205
0.3754304560434071	0.01	0.01	0.01	0.007	0.01	0.7420247249473496	0.10837317461371568	0.049388564518032335	0.037463560542216126	0.04270890505743475	5.450671528661427	5.261280647184424	5.574881155628601	6.797507700101105	0.987478166938685	93.26157232834291
0.39900732461337246	0.01	0.01	0.01	0.007	0.01	0.7636189530272878	0.10912660431205046	0.04939547079654707	0.03746421971691428	0.0426602081098369	6.000680960432181	5.6929136783677174	5.957821774736988	7.242028703094011	1.0460437746275095	92.85388471564984
0.42402502645010864	0.01	0.01	0.01	0.007	0.01	0.7846650463276217	0.10977081937494504	0.04940018881402736	0.03746480066575757	0.0426251429846199	6.597250573195209	6.151142654985649	6.3622678853637495	7.710874829489685	1.1078264345581221	92.42323114083467
0.45057571509970196	0.01	0.01	0.01	0.007	0.01	0.8050736647408251	0.11031451307242687	0.04940334651072261	0.03746533341780385	0.042600478089581346	7.2432651817853655	6.637021663579006	6.789351237560655	8.205265646696292	1.173011668322881	91.96837328780111
0.4787597620361855	0.01	0.01	0.01	0.007	0.01	0.8247593280159119	0.11076707192134563	0.0494054188920193	0.037465834032455236	0.04258355237474746	7.941712905606403	7.151674699030106	7.240288282553591	8.726500863547697	1.2417951799522604	91.48798239248181
0.5086853279202183	0.01	0.01	0.01	0.007	0.01	0.8436407582861236	0.11113826909811161	0.04940675514894921	0.03746631068430584	0.04257223719003343	8.695653671916975	7.696283203210092	7.716365353843199	9.275941461785541	1.314380822223742	90.98065405159316
0.5404674874556159	0.01	0.01	0.01	0.007	0.01	0.8616414549339849	0.11143798146766427	0.04940760423168049	0.037466767332392535	0.04256487898570693	9.508171383297212	8.272064249833866	8.218916344119997	9.85498208392948	1.3909774827445984	90.44493101943085
0.5742262944557937	0.01	0.01	0.01	0.007	0.01	0.8786903239182497	0.11167593042358122	0.0494081381553885	0.03746720579974422	0.04256023153224863	10.382293601514144	8.880228764675216	8.749283631120544	10.465004114741944	1.4717934452746764	89.87934390561568
0.6100831425921691	0.01	0.01	0.01	0.007	0.01	0.8947223765214193	0.11186145288344118	0.04940847218246129	0.03746762687413193	0.04255738471517187	11.320861313198868	9.521909394740337	9.308753136807901	11.107299253295006	1.5570268110488903	89.28247957721467
0.6481550999495772	0.01	0.01	0.01	0.007	0.01	0.9096797624392273	0.1120033098036192	0.049408681348922553	0.037468030848980156	0.042555695502913465	12.326340483638923	10.198054495387566	9.898460172058472	11.782960238563225	1.646851452534197	88.65308095235068
0.6885477329735619	0.01	0.01	0.01	0.007	0.01	0.9235135773604193	0.11210953621243112	0.04940881326477623	0.03746841777489631	0.04255472517217311	13.400591650539473	10.90930040955834	10.519276178631111	12.492750976092566	1.7414000305012243	87.99016752957604
0.7313483389911868	0.01	0.01	0.01	0.007	0.01	0.9361868332473864	0.11218733209812763	0.0494088975131274	0.037468787587604364	0.04255418531405651	14.544654891023301	11.655858516988355	11.17170765595026	13.236992402129477	1.840748836115996	87.29314335325748
0.7766227097175847	0.01	0.01	0.01	0.007	0.01	0.9476784688510994	0.11224299042546629	0.0494089522125441	0.0374691402033492	0.04255389370301909	15.75864270354963	12.437471729544981	11.855854889150176	14.015518408771268	1.944911707215037	86.56184153412991
0.8244180306154649	0.01	0.01	0.01	0.007	0.01	0.9579873735723008	0.11228185996314792	0.049408988388714124	0.03746947561360969	0.04255373994797735	17.041818351811962	13.253481114111333	12.571466765468177	14.82774214214203	2.053848538911835	85.79646632032723
0.8747717228716689	0.01	0.01	0.01	0.007	0.01	0.9671347886748393	0.11230834575801926	0.04940901276587046	0.03746979396791703	0.0425536600443133	18.39285512271229	14.102990930471684	13.318082925114139	15.672820861868043	2.1674870472600705	84.99744167745341
0.9277230095900413	0.01	0.01	0.01	0.007	0.01	0.9751639024115287	0.11232595255621569	0.04940902948663827	0.03747009561983099	0.04255361848561654	19.81018166123293	14.985069014019643	14.09520944342074	16.549856515281533	2.2857495888474246	84.16522353722942
0.9833233950454191	0.01	0.01	0.01	0.007	0.01	0.9821367229514496	0.11233737071077285	0.04940904114417393	0.03747038112602728	0.04255359639045947	21.292298157061882	15.898914321312082	14.902468783895957	17.458064097715763	2.4085760170511348	83.30013894299198
1.0416441541788817	0.01	0.01	0.01	0.007	0.01	0.9881293378034143	0.11234459366589683	0.04940904939274344	0.03747065121028373	0.042553584089400805	22.838001570130185	16.84396099221947	15.739696646897462	18.396877127076166	2.5359384170879538	82.40228144248262
1.1027810134506375	0.01	0.01	0.01	0.007	0.01	0.9932268199545893	0.1123490493179625	0.04940905530831351	0.037470906712639696	0.042553576774989145	24.44651907904982	17.81992546284562	16.606990566466546	19.36599646623969	2.667848469464039	81.47145767991111
1.166857020457528	0.01	0.01	0.01	0.007	0.01	0.9975186163898049	0.11235172816254198	0.049409059603550985	0.03747114853919203	0.04255357209678009	26.117574842358987	18.82681620869221	17.504726720903335	20.365401710627662	2.804359956480592	80.50716767892946
1.2340247196142344	0.01	0.01	0.01	0.007	0.01	1.0010947914398314	0.11235329657583543	0.049409062758271616	0.037471377620671244	0.04255356890264355	27.85142009127702	19.864925961374894	18.433562046153867	21.39534469372701	2.9455690172123967	79.50860056354519
1.304468316180369	0.01	0.01	0.01	0.007	0.01	1.0040431723105983	0.11235418978597028	0.04940906510026056	0.03747159488150456	0.04255356661126432	29.64884509728158	20.93481752997783	19.39443141112105	22.4563360905865	3.0916136374928973	78.47463524959818
1.3784063017341308	0.01	0.01	0.01	0.007	0.01	1.0064473046383218	0.11235468385851148	0.04940906685640538	0.037471801218446475	0.042553564911766595	31.511185293357713	22.03730975975566	20.388545817937715	23.54913159219047	3.2426732812080314	77.40383965564321
1.4560947609832529	0.01	0.01	0.01	0.007	0.01	1.0083850753866581	0.11235494882325342	0.04940906818566098	0.037471997486555164	0.042553563624096985	33.440326197943136	23.173465287652878	21.41739343876987	24.67471931561715	3.3989689359057826	76.29446639885587
1.5378314286621195	0.01	0.01	0.01	0.007	0.01	1.0099278629881885	0.11235508629180067	0.04940906920065202	0.03747218449008596	0.04255356263492463	35.43870696996726	24.344578874503053	22.482742827994542	25.834307266034152	3.560763468576759	75.14444557309795
1.623960202852631	0.01	0.01	0.01	0.007	0.01	1.0111400916895126	0.11235515511253971	0.049409069982028236	0.03747236297541396	0.04255356186781241	37.50931291141736	25.552159631866257	23.58664271808443	27.029304255028613	3.728361438015221	73.95138051381483
1.7148752001928882	0.01	0.01	0.01	0.007	0.01	1.012079091767929	0.11235518825795515	0.049409070588122356	0.03747253362220919	0.04255356126866054	39.65563306365389	26.797892517206787	24.731405359978645	28.26127983404436	3.902106380892378	72.71256054442932
1.8110207235214066	0.01	0.01	0.01	0.007	0.01	1.0127951806389632	0.11235520356107505	0.04940907106151429	0.037472697024107694	0.04255356079801028	41.881499752439964	28.083530866572502	25.919528697597528	29.531855658757124	4.082368789000939	71.42503917227617
1.9128742731203228	0.01	0.01	0.01	0.007	0.01	1.0133318904389093	0.11235521030622074	0.04940907143352191	0.037472853634576406	0.042553560426583474	44.19053415953175	29.410563227746522	27.153409133866298	30.842373872795868	4.269502317809375	70.08593925317079
2.020862036285535	0.01	0.01	0.01	0.007	0.01	1.013726252639512	0.11235521313063793	0.049409071727238026	0.037473003597865207	0.042553560132529526	46.584151896660714	30.779065806322865	28.434282066766	32.19276317244798	4.463683013173304	68.69360002394048
2.1349941718988448	0.01	0.01	0.01	0.007	0.01	1.0140089805183616	0.11235521424735873	0.04940907195939527	0.03747314620114263	0.042553559899845064	49.05384718645736	32.183346414040464	29.758082002437064	33.57724876255071	4.664282271541018	67.25209299577028
2.253547753576322	0.01	0.01	0.01	0.007	0.01	1.014204508362922	0.11235521466102717	0.04940907214110107	0.03747327856295044	0.04255355971788948	51.554889000029284	33.59727123297539	31.10125558765256	34.96993145605345	4.867720368278167	65.78676359097925
2.3714971127902436	0.01	0.01	0.01	0.007	0.01	1.0143330849554415	0.11235521480482798	0.04940907227950372	0.037473396422532	0.0425535595797937	53.97935009986993	34.95979027543102	32.406011766948126	36.31065749322935	5.065241838612343	64.36058740890263
2.484800952089119	0.01	0.01	0.01	0.007	0.01	1.014415435875322	0.11235521485408764	0.04940907238352818	0.03747350100022153	0.04255355947641891	56.249547726864826	36.228100953446855	33.6303627741792	37.55744066461905	5.250499206763774	63.019705680706885
2.593916788257568	0.01	0.01	0.01	0.007	0.01	1.0144691410364415	0.11235521487168579	0.04940907246356695	0.03747359662697234	0.042553559397085675	58.382477764841155	37.412833921569565	34.78314557330084	38.720915881622815	5.424842442300696	61.754799230594834
2.701069551299954	0.01	0.01	0.01	0.007	0.01	1.0145052507674372	0.11235521487828393	0.04940907252747657	0.037473685155712484	0.04255355933390603	60.42709423018162	38.54198729642577	35.89057416454593	39.82871268457628	5.592245228895003	60.53736002120255
2.8081459287444694	0.01	0.01	0.01	0.007	0.01	1.0145300505509158	0.11235521488082743	0.04940907258007777	0.03747376734565313	0.0425535592820857	62.42179063607981	39.63715523237674	36.97333356024141	40.90208276726922	5.755838582318632	59.34476383534
2.9161055772421314	0.01	0.01	0.01	0.007	0.01	1.0145472130776987	0.11235521488181381	0.04940907262416285	0.03747384393738798	0.042553559238837	64.38486539789837	40.70850560751307	38.04133713650196	41.95101304757919	5.917121224973301	58.166114502500115
3.0250943553383403	0.01	0.01	0.01	0.007	0.01	1.0145590658683745	0.11235521488219359	0.0494090726614315	0.037473915512067656	0.04255355920244741	66.31866857098682	41.757340139431605	39.09587739605555	42.976782719154535	6.076288016343717	56.999973143573776
3.13478880036039	0.01	0.01	0.01	0.007	0.01	1.0145672018217806	0.11235521488233823	0.049409072693058234	0.037473982473632726	0.042553559171721975	68.21729896102715	42.78049413955852	40.13374094603844	43.97630476173168	6.232853850614303	55.849887267398906
3.244755654782422	0.01	0.01	0.01	0.007	0.01	1.0145727545467276	0.11235521488239285	0.049409072719974224	0.03747404517976721	0.042553559145709775	70.07360256551108	43.77421813853365	41.15099309227626	44.94593677253003	6.386225972341136	54.72023667976471
3.3546786069824344	0.01	0.01	0.01	0.007	0.01	1.0145765316964825	0.1123552148824134	0.049409072742971724	0.03747410400250179	0.042553559123602536	71.8830628806866	44.73626827368299	42.145106941362485	45.88352185733845	6.536025093997175	53.61387239981638
3.464426809481331	0.01	0.01	0.01	0.007	0.01	1.0145790989252368	0.11235521488242113	0.049409072762727546	0.03747415930239602	0.04255355910471265	73.64461265715448	45.66629029185769	43.11542774052839	46.78875443716769	6.682154769151265	52.531582976505454
3.5740138947008937	0.01	0.01	0.01	0.007	0.01	1.0145808450443563	0.11235521488242405	0.049409072779806454	0.0374742113928431	0.04255355908846932	75.35960433361952	46.565219952804256	44.06262753942525	47.66258673903925	6.824718552232842	51.472682448775316
3.6835190615111735	0.01	0.01	0.01	0.007	0.01	1.014582034053101	0.11235521488242514	0.049409072794666394	0.0374742605344459	0.042553559074411454	77.03032963614675	47.43446988867231	44.987902202183854	48.50643178129434	6.963898661449079	50.435894338884935
3.7930214754401166	0.01	0.01	0.01	0.007	0.01	1.0145828444136316	0.11235521488242557	0.04940907280767283	0.037474306949085115	0.04255355906217202	78.65893340802027	48.275351749324656	45.89237507648246	49.32160014880898	7.09986610996477	49.42001500567927
3.902567719490869	0.01	0.01	0.01	0.007	0.01	1.0145833969072378	0.11235521488242572	0.04940907281911682	0.03747435083459124	0.04255355905145972	80.24695470252587	49.0888437092791	46.776840595330995	50.10907540569355	7.232742214916242	48.42420311431503
4.012168536414071	0.01	0.01	0.01	0.007	0.01	1.0145837735628538	0.11235521488242577	0.0494090728292319	0.03747439237299995	0.04255355904204029	81.79534725242551	49.875612146074026	47.64177141902444	50.869537085441905	7.362599812056555	47.44797564764443
4.1218116755538485	0.01	0.01	0.01	0.007	0.01	1.0145840302704698	0.11235521488242578	0.0494090728382089	0.0374744317333096	0.04255355903372364	83.30472186347417	50.63614490826075	48.48744992613164	51.60349131882209	7.489483126985193	46.49106321722497
4.2314777029778075	0.01	0.01	0.01	0.007	0.01	1.0145842051767988	0.1123552148824258	0.049409072846205944	0.037474469071342685	0.04255355902635243	84.77559700092183	51.37088308700277	49.31410646434988	52.311398992288886	7.613428589335842	45.55325568502702
4.341150967626934	0.01	0.01	0.01	0.007	0.01	1.014584324324768	0.11235521488242581	0.049409072853355385	0.03747450452890255	0.04255355901979489	86.20855187178759	52.08029847370062	50.12200500413368	52.99375055174898	7.734477688481044	44.63430537590634
4.450823748537532	0.01	0.01	0.01	0.007	0.01	1.0145844054828321	0.11235521488242581	0.04940907285976911	0.037474538233638034	0.042553559013940756	87.60427103406029	52.76491396367543	50.911468968064035	53.65108531575909	7.852680821852372	43.73389707293085
4.560495130546444	0.01	0.01	0.01	0.007	0.01	1.0145844607636525	0.11235521488242581	0.0494090728655419	0.03747457030012082	0.0425535590086965	88.96351679653202	53.42528767771868	51.682866567547165	54.28397579626458	7.968095068773321	42.85166385489899
4.670167786543964	0.01	0.01	0.01	0.007	0.01	1.0145844984191237	0.11235521488242581	0.04940907287075403	0.03747460083169293	0.04255355900398344	90.28707971730886	54.061987212261755	52.43658340744358	54.8930027048272	8.080780069034473	41.98721777229729
4.779844868995264	0.01	0.01	0.01	0.007	0.01	1.0145845240692786	0.11235521488242581	0.049409072875473976	0.03747462992246059	0.04255355899973462	91.5757371600092	54.67556902509289	53.17299917386117	55.4787351090736	8.190794528238989	41.14017631121878
4.889528274071232	0.01	0.01	0.01	0.007	0.01	1.0145845415416288	0.11235521488242581	0.049409072879760055	0.03747465765889369	0.042553558995892936	92.83023344906007	55.26656913260671	53.89247624776833	56.04172158198227	8.29819451824811	40.31017553072261
4.99921829273242	0.01	0.01	0.01	0.007	0.01	1.0145845534431917	0.11235521488242581	0.04940907288366251	0.0374746841208802	0.04255355899240986	94.05127843926566	55.835502960965584	54.59535868177653	56.582490162245094	8.403033330978962	39.49687143118463
5.108914097132938	0.01	0.01	0.01	0.007	0.01	1.0145845615498883	0.11235521488242581	0.049409072887224494	0.037474709382353213	0.04255355898924369	95.23955549890741	56.38286959508309	55.281976587889694	57.10155249653181	8.505362139537851	38.69993506988783
5.218614459699819	0.01	0.01	0.01	0.007	0.01	1.014584567071566	0.11235521488242581	0.04940907289048319	0.03747473351169129	0.04255355898635834	96.39573090679932	56.90915645130809	55.952651433539735	57.59940833901117	8.605230791786605	37.91904653751678
5.328318312564424	0.01	0.01	0.01	0.007	0.01	1.0145845708324315	0.11235521488242581	0.04940907289347114	0.03747475657206054	0.04255355898372279	97.52046030268649	57.41484234923257	56.60769973431809	58.076548485463405	8.702688361761284	37.153890702380124
5.438024965585308	0.01	0.01	0.01	0.007	0.01	1.0145845733939471	0.11235521488242581	0.04940907289621654	0.03747477862180436	0.04255355898130975	98.61439080856734	57.90039846578068	57.24743429622836	58.53345567532926	8.797783334238016	36.40415575061378
5.547734113664666	0.01	0.01	0.01	0.007	0.01	1.0145845751385676	0.11235521488242581	0.049409072898744064	0.03747479971485998	0.04255355897909581	99.67816079093315	58.36628818934491	57.87216410057604	58.970604448249915	8.890563586812574	35.66953329602047
5.657445655134214	0.01	0.01	0.01	0.007	0.01	1.0145845763267982	0.11235521488242581	0.04940907290107558	0.03747481990121191	0.042553558977060355	100.71239788481446	58.81296623449916	58.48219315923441	59.38846031133709	8.98107621934221	34.949719708550354
5.767159524650175	0.01	0.01	0.01	0.007	0.01	1.0145845771360742	0.11235521488242581	0.04940907290323006	0.03747483922730693	0.042553558975185375	101.71771746181902	59.24087801679613	59.077819603244755	59.7874791638072	9.069367418910904	34.244417193860336
5.8768756568646525	0.01	0.01	0.01	0.007	0.01	1.0145845776872484	0.11235521488242581	0.04940907290522438	0.03747485773638045	0.04255355897345473	102.69472251444668	59.650459679212865	59.65933558987621	60.16810733939698	9.155482446769451	33.55333392286901
5.98659392102725	0.01	0.01	0.01	0.007	0.01	1.014584578062634	0.11235521488242581	0.04940907290707331	0.037474875468765066	0.04255355897185456	103.64400334510148	60.04213805070501	60.2270270873388	60.53078158860024	9.239465607350583	32.876184312421074
6.0963141282471875	0.01	0.01	0.01	0.007	0.01	1.0145845783182934	0.11235521488242581	0.04940907290879028	0.03747489246213881	0.04255355897037248	104.56613794816411	60.41633090497618	60.78117406766808	60.875929341884174	9.321360277867441	32.21268882500019
6.206036082357257	0.01	0.01	0.01	0.007	0.01	1.014584578492411	0.11235521488242581	0.049409072910386924	0.0374749087517262	0.042553558968997617	105.46169272247825	60.77344734385218	61.32205090197453	61.20396908574186	9.4012089677009	31.562573522728737
6.315759608981646	0.01	0.01	0.01	0.007	0.01	1.0145845786109933	0.11235521488242581	0.0494090729118738	0.03747492437048619	0.04255355896772013	106.33122293307005	61.11388806219339	61.8499266119705	61.5153106258323	9.479053356329327	30.92556978706363
6.425484562804877	0.01	0.01	0.01	0.007	0.01	1.0145845786917531	0.11235521488242581	0.049409072913260146	0.03747493934928905	0.042553558966531305	107.17527296270534	61.4380455207254	62.365064997995475	61.810355263691775	9.55493431291967	30.30141418381654
6.535210820306899	0.01	0.01	0.01	0.007	0.01	1.0145845787467538	0.11235521488242581	0.0494090729145545	0.037474953717083946	0.04255355896542328	107.99437644409402	61.74630407073217	62.86772469507793	62.089495929082005	9.628891905291592	29.689848414597552
6.64493828703156	0.01	0.01	0.01	0.007	0.01	1.0145845787842112	0.11235521488242581	0.049409072915764136	0.03747496750104297	0.04255355896438929	108.78905650320438	62.03904012088154	63.35815929693062	62.35311735053746	9.700965418885271	29.090619185876328
6.754666875786778	0.01	0.01	0.01	0.007	0.01	1.014584578809721	0.11235521488242581	0.04940907291689617	0.03747498072670679	0.04255355896342307	109.55982578943299	62.31662222444281	63.83661734876114	62.60159615393484	9.771193356440294	28.503478238046874
6.864396513912213	0.01	0.01	0.01	0.007	0.01	1.0145845788270937	0.11235521488242581	0.04940907291795667	0.03747499341810312	0.04255355896251899	110.30718672613551	62.57941124987889	64.30334247498898	62.83530103663217	9.839613457534538	27.92818221070335
6.974127121478259	0.01	0.01	0.01	0.007	0.01	1.0145845788389252	0.11235521488242581	0.049409072918950685	0.037475005597869544	0.04255355896167202	111.03163155958313	62.82776047907406	64.7585733815912	63.054592876849846	9.906262699729538	27.364492662046427
7.083858618553243	0.01	0.01	0.01	0.007	0.01	1.0145845788469825	0.11235521488242581	0.04940907291988385	0.03747501728735139	0.042553558960877716	111.73364261430866	63.062015779977266	65.20254398637749	63.259824909648124	9.971177318500175	26.812175931536387
7.193590932470947	0.01	0.01	0.01	0.007	0.01	1.0145845788524697	0.11235521488242581	0.049409072920760404	0.037475028506690725	0.0425535589601319	112.41369253534612	63.282515770470994	65.63548354276782	63.45134289403663	10.034392826161572	26.271003009085543
7.3033239978309625	0.01	0.01	0.01	0.007	0.01	1.0145845788562067	0.11235521488242581	0.04940907292158441	0.03747503927491112	0.042553558959430755	113.07224447518941	63.489591960721214	66.05761672982693	63.629485260397644	10.095944025826638	25.74074944519302
7.413057763766425	0.01	0.01	0.01	0.007	0.01	1.0145845788587518	0.11235521488242581	0.04940907292235944	0.037475049609991214	0.0425535589587711	113.70975231889156	63.68356890535193	66.4691637675735	63.79458326572921	10.155865029025307	25.22119522865329
7.522792172142053	0.01	0.01	0.01	0.007	0.01	1.014584578860485	0.11235521488242581	0.0494090729230894	0.037475059528947384	0.04255355895814981	114.32666073699083	63.864764301713905	66.87034042168017	63.946961102540406	10.214189257204275	24.712124803483544
7.632527179356581	0.01	0.01	0.01	0.007	0.01	1.014584578861665	0.11235521488242581	0.04940907292377701	0.03747506904788737	0.042553558957564054	114.92340549253801	64.03348916523804	67.26135817217092	64.08693607325142	10.270949467106874	24.213326878910507
7.742262734540506	0.01	0.01	0.01	0.007	0.01	1.0145845788624688	0.11235521488242581	0.04940907292442524	0.03747507818208234	0.04255355895701133	115.50041349534486	64.1900479275513	67.64242421893317	64.2148186987243	10.326177752394464	23.72459444543602
7.851998808626289	0.01	0.01	0.01	0.007	0.01	1.014584578863016	0.11235521488242581	0.049409072925036546	0.037475086946005744	0.042553558956489344	116.05810313038604	64.33473861080675	68.01374166731614	64.33091288958828	10.379905571397147	23.24572456084411
7.96173535801079	0.01	0.01	0.01	0.007	0.01	1.0145845788633887	0.11235521488242581	0.04940907292561352	0.037475095353404174	0.04255355895599591	116.59688423694853	64.46785290492598	68.37550948398295	64.43551603748585	10.432163741541904	22.776518430137678
8.071472346357941	0.01	0.01	0.01	0.007	0.01	1.0145845788636425	0.11235521488242581	0.04940907292615828	0.03747510341733258	0.04255355895552921	117.11715839271153	64.58967632682209	68.72792265434079	64.52891917300532	10.482982462991036	22.316781226835825
8.18120975186655	0.01	0.01	0.01	0.007	0.01	1.0145845788638153	0.11235521488242581	0.049409072926672806	0.03747511115019336	0.042553558955087376	117.61931910694531	64.70048834956035	69.07117228227001	64.61140709731247	10.53239133385147	21.86632198629904
8.290947545467503	0.01	0.01	0.01	0.007	0.01	1.0145845788639332	0.11235521488242581	0.04940907292715889	0.03747511856378843	0.04255355895466865	118.10375187777856	64.80056249993955	69.40544559752374	64.68325848962333	10.580419352078279	21.42495361978278
8.400685669020618	0.01	0.01	0.01	0.007	0.01	1.0145845788640138	0.11235521488242581	0.049409072927618265	0.037475125669368704	0.042553558954271764	118.57083426740095	64.89016646644383	69.73092597228573	64.74474602484005	10.627094918785263	20.992492919193857
8.510424107991462	0.01	0.01	0.01	0.007	0.01	1.0145845788640684	0.11235521488242581	0.049409072928052716	0.03747513247762795	0.04255355895389513	119.02093637401616	64.96956228054263	70.0477932153107	64.79613654024685	10.67244588133273	20.56876019216792
8.620162840577752	0.01	0.01	0.01	0.007	0.01	1.0145845788641057	0.11235521488242581	0.04940907292846343	0.037475138998762536	0.04255355895353769	119.45442075507053	65.03900638287341	70.35622348810433	64.83769111878817	10.716499522092453	20.153579395684115
8.729901866780276	0.01	0.01	0.01	0.007	0.01	1.014584578864131	0.11235521488242581	0.04940907292885182	0.037475145242484895	0.042553558953198165	119.87164269238596	65.09874975528034	70.65638945910533	64.86966521762174	10.759282581351222	19.746777953713586
8.83964113572547	0.01	0.01	0.01	0.007	0.01	1.0145845788641483	0.11235521488242581	0.04940907292921916	0.03747515121809236	0.04255355895287544	120.27295006406898	65.14903799314853	70.94846017639591	64.8923087626552	10.800821240058518	19.3481869552312
8.94938064741387	0.01	0.01	0.01	0.007	0.01	1.01458457886416	0.11235521488242581	0.04940907292956664	0.037475156934434734	0.04255355895256853	120.65868387657677	65.19011147042336	71.23260141606681	64.90586629154993	10.841141170351845	18.95764070707789
9.05912038004264	0.01	0.01	0.01	0.007	0.01	1.0145845788641679	0.11235521488242581	0.04940907292989517	0.0374751623999792	0.04255355895227657	121.02917813073019	65.22220540747331	71.50897555208374	64.91057704362811	10.880267517863645	18.574976934812423
9.168860311808814	0.01	0.01	0.01	0.007	0.01	1.0145845788641734	0.11235521488242581	0.04940907293020601	0.03747516762282083	0.04255355895199852	121.38476004558815	65.24554998911009	71.77774168397481	64.90667507593922	10.91822492076716	18.200036633920185
9.27860043544494	0.01	0.01	0.01	0.007	0.01	1.0145845788641772	0.11235521488242581	0.04940907293049997	0.037475172610693844	0.042553558951733836	121.7257502392378	65.26037046906909	72.0390557368403	64.89438936766001	10.955037524788702	17.832663955855423
9.388340736415703	0.01	0.01	0.01	0.007	0.01	1.0145845788641796	0.11235521488242581	0.049409072930777745	0.037475177371004385	0.04255355895148165	122.05246278976108	65.26688726508995	72.2930704713765	64.87394392404047	10.990728985497423	17.472706219222044
9.498081200185718	0.01	0.01	0.01	0.007	0.01	1.0145845788641812	0.11235521488242581	0.049409072931040424	0.03747518191084385	0.04255355895124111	122.36520539161637	65.26531606042886	72.53993556579559	64.84555787945477	11.025322480755737	17.12001382089936
9.607821804951694	0.01	0.01	0.01	0.007	0.01	1.0145845788641823	0.11235521488242581	0.04940907293128838	0.037475186237010204	0.04255355895101189	122.66427946497905	65.25586790182926	72.7797976622553	64.8094456004181	11.058840718157018	16.774440196696517
9.717562543445961	0.01	0.01	0.01	0.007	0.01	1.014584578864183	0.11235521488242581	0.04940907293152265	0.03747519035601057	0.042553558950793095	122.94998034168864	65.23874929300399	73.01280047556595	64.76581677698161	11.09130595114664	16.435841691723827
9.827303401132966	0.01	0.01	0.01	0.007	0.01	1.0145845788641834	0.11235521488242581	0.04940907293174371	0.03747519427408946	0.042553558950584484	123.2225973271807	65.21416228843856	73.23908480400799	64.71487652500615	11.122739981426697	16.104077570680843
9.937044378012837	0.01	0.01	0.01	0.007	0.01	1.0145845788641839	0.11235521488242581	0.04940907293195232	0.03747519799722921	0.042553558950385324	123.48241387632596	65.18230458017693	73.45878863300213	64.6568254707892	11.153164174300382	15.77900989330732
10.04678546681783	0.01	0.01	0.01	0.007	0.01	1.014584578864184	0.11235521488242581	0.04940907293214897	0.03747520153117596	0.042553558950195025	123.72970765597381	65.14336959109389	73.67204714638528	64.59185985261624	11.182599461143727	15.460503524163615
10.156526645744426	0.01	0.01	0.01	0.007	0.01	1.0145845788641843	0.11235521488242581	0.04940907293233402	0.0374752048814562	0.04255355895001345	123.96475065042038	65.09754656831183	73.8789927712418	64.52017161878402	11.211066346588916	15.148426094798348
10.266267907524815	0.01	0.01	0.01	0.007	0.01	1.0145845788641845	0.11235521488242581	0.049409072932508076	0.03747520805337088	0.04255355894983991	124.18780934087881	65.0450206587959	74.07975528937361	64.44194849918784	11.238584924842364	14.842647864474078
10.37600925215906	0.01	0.01	0.01	0.007	0.01	1.0145845788641845	0.11235521488242581	0.04940907293267183	0.037475211052010585	0.04255355894967411	124.3991447956393	64.98597299323912	74.27446187439945	64.35737409382934	11.265174885678299	14.543041690163749
10.485750665111437	0.01	0.01	0.01	0.007	0.01	1.0145845788641845	0.11235521488242581	0.04940907293282544	0.03747521388227856	0.04255355894951557	124.59901273727479	64.92058078015862	74.46323710573492	64.2666279747572	11.290855517318327	14.249483033490092
10.595492139114096	0.01	0.01	0.01	0.007	0.01	1.0145845788641845	0.11235521488242581	0.04940907293296937	0.03747521654888713	0.042553558949364134	124.78766369387687	64.84901737610345	74.64620306004697	64.16988575388216	11.315645719891206	13.961849848482629
10.70523368870287	0.01	0.01	0.01	0.007	0.01	1.0145845788641845	0.11235521488242581	0.049409072933104	0.037475219056357874	0.042553558949219326	124.96534312329484	64.7714523521616	74.82347938315941	64.06731914889102	11.339564016109868	13.680022495941023
10.814975299342002	0.01	0.01	0.01	0.007	0.01	1.0145845788641845	0.11235521488242581	0.04940907293322987	0.03747522140906083	0.04255355894908084	125.13229143070625	64.68805160587296	74.99518325596601	63.9590961093963	11.362628547640284	13.403883826095143
10.924716949227806	0.01	0.01	0.01	0.007	0.01	1.0145845788641845	0.11235521488242581	0.04940907293334714	0.0374752236112093	0.042553558948948494	125.2887441138661	64.59897742676995	75.16142948302196	63.845380879898094	11.384857088116872	13.133319069213078
11.034458645628204	0.01	0.01	0.01	0.007	0.01	1.0145845788641845	0.11235521488242581	0.04940907293345623	0.03747522566684523	0.042553558948821874	125.43493191198723	64.50438854037016	75.32233059435922	63.726334038127426	11.406267057752661	12.868215699328042
11.144200374007395	0.01	0.01	0.01	0.007	0.01	1.0145845788641845	0.11235521488242581	0.04940907293355735	0.03747522757987714	0.04255355894870076	125.57108082841505	64.40444022153456	75.47799681428083	63.60211262228555	11.426875520144236	12.608463513889928
11.253942141633301	0.01	0.01	0.01	0.007	0.01	1.0145845788641845	0.11235521488242581	0.04940907293365089	0.03747522935406053	0.042553558948584924	125.69741228383762	64.29928432849422	75.62853617118725	63.472870157728245	11.44669919789148	12.35395448259681
11.36368394123802	0.01	0.01	0.01	0.007	0.01	1.0145845788641845	0.11235521488242581	0.049409072933737	0.037475230993026194	0.04255355894847427	125.81414316270136	64.18906940519143	75.77405449010777	63.33875676969948	11.465754472606383	12.104582789412245
11.473425758285732	0.01	0.01	0.01	0.007	0.01	1.0145845788641845	0.11235521488242581	0.04940907293381597	0.037475232500281265	0.04255355894836833	125.92148591764416	64.07394074554678	75.91465544921046	63.19991924818388	11.484057393434002	11.860244769173494
11.583167607312271	0.01	0.01	0.01	0.007	0.01	1.0145845788641845	0.11235521488242581	0.049409072933887986	0.03747523387919352	0.04255355894826721	126.01964869286896	63.954040421795085	76.05044066866799	63.05650107064721	11.50162368967185	11.620838784453968
11.69290947378181	0.01	0.01	0.01	0.007	0.01	1.0145845788641845	0.11235521488242581	0.049409072933953434	0.03747523513303188	0.04255355894817045	126.10883535490213	63.829507411424345	76.18150967844169	62.908642543712425	11.518468767624903	11.386265312800207
11.802651357694353	0.01	0.01	0.01	0.007	0.01	1.0145845788641845	0.11235521488242581	0.04940907293401248	0.03747523626494473	0.04255355894807787	126.18924562051141	63.70047761571984	76.30796001526099	62.756480814424044	11.534607724250494	11.15642680859651
11.912393259049901	0.01	0.01	0.01	0.007	0.01	1.0145845788641845	0.11235521488242581	0.04940907293406514	0.03747523727797368	0.04255355894798952	126.26107512606333	63.56708393802335	76.42988724429584	62.600149953742516	11.5500553509798	10.931227695197427
12.022135170580537	0.01	0.01	0.01	0.007	0.01	1.0145845788641845	0.11235521488242581	0.04940907293411187	0.03747523817506272	0.04255355894790492	126.32451550608809	63.42945635502968	76.54738499131892	62.439781031377116	11.564826138929915	10.71057433964896
12.13187709228626	0.01	0.01	0.01	0.007	0.01	1.0145845788641845	0.11235521488242581	0.04940907293415267	0.03747523895905315	0.04255355894782424	126.37975448357385	63.28772195986887	76.6605449978281	62.27550215782191	11.578934286990064	10.494374983941636
12.241619016899152	0.01	0.01	0.01	0.007	0.01	1.0145845788641845	0.11235521488242581	0.049409072934187726	0.037475239632697326	0.04255355894774725	126.42697594068507	63.14200503983249	76.76945714365576	62.10743856704219	11.592393705781241	10.28253973611798
12.351360944419213	0.01	0.01	0.01	0.007	0.01	1.0145845788641845	0.11235521488242581	0.04940907293421725	0.0374752401986531	0.042553558947673605	126.46636000363291	62.992427115907205	76.87420949937379	61.93571265492736	11.605218025323817	10.074980504271723
12.461102882114362	0.01	0.01	0.01	0.007	0.01	1.0145845788641845	0.11235521488242581	0.04940907293424131	0.03747524065948737	0.04255355894760346	126.49808311608399	62.83910699862822	76.97488836158514	61.760444037073704	11.617420600510314	9.8716109613459
12.570844808180839	0.01	0.01	0.01	0.007	0.01	1.0145845788641845	0.11235521488242581	0.0494090729342602	0.03747524101770258	0.04255355894753654	126.52231810440463	62.68216089544613	77.07157825619402	61.58174966520867	11.62901451273683	9.67234657589825
12.680586729886564	0.01	0.01	0.01	0.007	0.01	1.0145845788641845	0.11235521488242581	0.049409072934273976	0.037475241275703855	0.04255355894747263	126.5392342674041	62.521702384305904	77.16436202693619	61.399743790923324	11.640012581821862	9.47710446921252
12.790328647231537	0.01	0.01	0.01	0.007	0.01	1.0145845788641845	0.11235521488242581	0.04940907293428262	0.037475241435824376	0.04255355894741191	126.54899743609522	62.35784251754039	77.2533208358791	61.21453807860994	11.650427367211565	9.285803448870455
12.90007058201952	0.01	0.01	0.01	0.007	0.01	1.0145845788641845	0.11235521488242581	0.04940907293428652	0.037475241500310466	0.04255355894735388	126.55177004599405	62.190689830951825	77.33853422059866	61.02624161060696	11.660271175948454	9.098363924518356
13.00981250517883	0.01	0.01	0.01	0.007	0.01	1.0145845788641845	0.11235521488242581	0.04940907293428564	0.037475241471370414	0.04255355894729885	126.547711203992	62.020350506113296	77.42008007089511	60.834961065170155	11.669556061289846	8.914707998899145
13.119554409441552	0.01	0.01	0.01	0.007	0.01	1.0145845788641845	0.11235521488242581	0.04940907293428013	0.03747524135113096	0.04255355894724641	126.53697676195078	61.84692831227076	77.49803472009523	60.640800645867174	11.678293834624782	8.734759308816814
13.229296302075603	0.01	0.01	0.01	0.007	0.01	1.0145845788641845	0.11235521488242581	0.04940907293427005	0.03747524114164511	0.04255355894719655	126.51971937716651	61.670524664433444	77.57247296838685	60.443862142815696	11.686496069320395	8.558443008704938
13.339038183080987	0.01	0.01	0.01	0.007	0.01	1.0145845788641845	0.11235521488242581	0.04940907293425546	0.03747524084490741	0.04255355894714931	126.4960885780093	61.49123870582051	77.64346809791033	60.244245020842115	11.69417410372679	8.385685775862104
13.448780059725621	0.01	0.01	0.01	0.007	0.01	1.0145845788641845	0.11235521488242581	0.049409072934236485	0.03747524046284816	0.04255355894710446	126.4662308249857	61.30916733203608	77.71109191318341	60.04204644245998	11.701339047000506	8.21641575657551
13.558521924741587	0.01	0.01	0.01	0.007	0.01	1.0145845788641845	0.11235521488242581	0.049409072934213275	0.03747523999734916	0.04255355894706195	126.43028957849279	61.124405273696446	77.77541475748181	59.83736135599208	11.708001782302302	8.050562569981112
13.668263778128889	0.01	0.01	0.01	0.007	0.01	1.0145845788641845	0.11235521488242581	0.0494090729341858	0.03747523945023132	0.04255355894702173	126.38840535465464	60.93704510628879	77.83650555613826	59.63028250285243	11.714172972847448	7.888057244591025
13.778005619887526	0.01	0.01	0.01	0.007	0.01	1.0145845788641845	0.11235521488242581	0.04940907293415436	0.037475238823262494	0.04255355894698365	126.34071578620834	60.74717730660684	77.89443184045045	59.42090047675836	11.719863065831568	7.728832201168837
13.887747450017502	0.01	0.01	0.01	0.007	0.01	1.0145845788641845	0.11235521488242581	0.049409072934118684	0.03747523811815895	0.04255355894694781	126.28735568083248	60.55489029649731	77.94925977582427	59.20930376886836	11.725082296792348	7.572821224625623
13.997489261250903	0.01	0.01	0.01	0.007	0.01	1.0145845788641845	0.11235521488242581	0.049409072934079194	0.037475237336591284	0.04255355894691413	126.22845708237905	60.36027049867968	78.00105418601774	58.99557882622033	11.729840693583103	7.419959446504029
14.107231046319825	0.01	0.01	0.01	0.007	0.01	1.0145845788641845	0.11235521488242581	0.04940907293403569	0.03747523648018287	0.04255355894688238	126.16414932420497	60.16340236634796	78.04987858426911	58.77981008135022	11.734148080978466	7.270183307167577
14.21697281976009	0.01	0.01	0.01	0.007	0.01	1.0145845788641845	0.11235521488242581	0.049409072933988316	0.03747523555049631	0.04255355894685255	126.09455906961225	59.964368384488594	78.09579520856715	58.5620799512151	11.738014085495811	7.123430500544435
14.32671457430379	0.01	0.01	0.01	0.007	0.01	1.0145845788641845	0.11235521488242581	0.04940907293393729	0.03747523454906395	0.04255355894682467	126.01981039117405	59.76324918840606	78.1388650281958	58.34246896449925	11.741448137704788	6.979640007733549
14.436456309950929	0.01	0.01	0.01	0.007	0.01	1.0145845788641845	0.11235521488242581	0.04940907293388234	0.03747523347737036	0.04255355894679853	125.9400248067216	59.56012355118068	78.17914778227582	58.12105574529296	11.74445947733652	6.838752031747565
14.54619802670151	0.01	0.01	0.01	0.007	0.01	1.0145845788641845	0.11235521488242581	0.04940907293382382	0.03747523233685848	0.04255355894677426	125.85532133503615	59.35506843529607	78.21670200133654	57.89791706719165	11.747057156842999	6.700707982665467
14.655939731823443	0.01	0.01	0.01	0.007	0.01	1.0145845788641845	0.11235521488242581	0.04940907293376168	0.03747523112892681	0.042553558946751675	125.76581654033339	59.14815901675065	78.25158503393891	57.67312787741569	11.749250045310701	6.565450444399714
14.765681425316727	0.01	0.01	0.01	0.007	0.01	1.0145845788641845	0.11235521488242581	0.04940907293369588	0.03747522985493957	0.0425535589467309	125.67162459305902	58.93946874933859	78.283853065623	57.44676136464522	11.751046831823944	6.4329231690923745
14.875423092645558	0.01	0.01	0.01	0.007	0.01	1.0145845788641845	0.11235521488242581	0.04940907293362659	0.03747522851623298	0.0425535589467117	125.57285732669595	58.729069415585236	78.31356114132385	57.21888901217091	11.7524560291472	6.303071061322208
14.985164748345746	0.01	0.01	0.01	0.007	0.01	1.0145845788641845	0.11235521488242581	0.04940907293355365	0.037475227114088655	0.042553558946694055	125.46962424635709	58.51703107883917	78.34076320028306	56.9895805441359	11.753485977865594	6.175840103423686
15.09490637788149	0.01	0.01	0.01	0.007	0.01	1.0145845788641845	0.11235521488242581	0.04940907293347742	0.03747522564977195	0.04255355894667808	125.36203262768635	58.303422229601	78.36551208278107	56.758904082203344	11.754144849121053	6.051177401844334
15.204647988520694	0.01	0.01	0.01	0.007	0.01	1.0145845788641845	0.11235521488242581	0.04940907293339764	0.03747522412450049	0.042553558946663586	125.25018751540776	58.08830972166244	78.38785956519872	56.52692607471197	11.754440648567785	5.929031105722114
15.31438956572757	0.01	0.01	0.01	0.007	0.01	1.0145845788641845	0.11235521488242581	0.04940907293331452	0.03747522253947322	0.042553558946650465	125.13419181076293	57.871758890417425	78.40785637174424	56.29371142280156	11.754381219452073	5.809350434890815
15.424131124037917	0.01	0.01	0.01	0.007	0.01	1.0145845788641845	0.11235521488242581	0.049409072933227965	0.03747522089583919	0.04255355894663887	125.01414626281607	57.653833485686306	78.42555220557985	56.059323406460166	11.75397424596936	5.692085602535912
15.533872663451737	0.01	0.01	0.01	0.007	0.01	1.0145845788641845	0.11235521488242581	0.049409072933138176	0.037475219194725816	0.04255355894662862	124.89014955615369	57.43459578942161	78.44099576083808	55.82382380990325	11.75322725638466	5.577187842855977
15.643614183969033	0.01	0.01	0.01	0.007	0.01	1.0145845788641845	0.11235521488242581	0.04940907293304496	0.03747521743723165	0.04255355894661986	124.76229833843618	57.21410661877258	78.4542347460484	55.58727292335326	11.752147626243096	5.464609374437855
15.753355692857701	0.01	0.01	0.01	0.007	0.01	1.0145845788641845	0.11235521488242581	0.049409072932948515	0.03747521562442141	0.04255355894661238	124.6306872527959	56.99242534218221	78.46531590469941	55.34972955903276	11.750742581350162	5.354303373154554
15.863097182849849	0.01	0.01	0.01	0.007	0.01	1.0145845788641845	0.11235521488242581	0.04940907293284887	0.037475213757342016	0.042553558946606194	124.49540900427749	56.769609953586354	78.47428503246877	55.11125112943987	11.749019201062733	5.246223974680371
15.972838639409705	0.01	0.01	0.01	0.007	0.01	1.0145845788641845	0.11235521488242581	0.04940907293274588	0.0374752118370182	0.04255355894660126	124.35655439251202	56.54571708785382	78.48118699810016	54.871893662535975	11.746984421313346	5.140326247012278
16.0	0.01	0.01	0.01	0.007	0.01	1.0145845788641845	0.11235521488242581	0.04940907293271987	0.0374752176748256	0.04255355894660025	124.32164562852749	56.49014295739693	78.48258123132624	54.812522550137956	11.74643352163195	5.1144479111837615
